9.997999634312214612e-01
9.997708064093789870e-01
9.997384597046020671e-01
9.997027190289622389e-01
9.996633822169261885e-01
9.996202505145863615e-01
9.995731298200167814e-01
9.995218318641058142e-01
9.994661753247110481e-01
9.994059868703183414e-01
9.993411021323849175e-01
9.992713666080632606e-01
9.991966364969483427e-01
9.991167794768198718e-01
9.990316754240670116e-01
9.989412170846292405e-01
9.988453107009427345e-01
9.987438765996506929e-01
9.986368497438323777e-01
9.985241802523460164e-01
9.984058338876812266e-01
9.982817925125719860e-01
9.981520545146130852e-01
9.980166351973099870e-01
9.978755671354124779e-01
9.977289004920535387e-01
9.975767032951360358e-01
9.974190616705667090e-01
9.972560800303054140e-01
9.970878812137403679e-01
9.969146065815817082e-01
9.967364160622425029e-01
9.965534881515002441e-01
9.963660198670633017e-01
9.961742266604548535e-01
9.959783422893239146e-01
9.957786186538624129e-01
9.955753256013925023e-01
9.953687507033672777e-01
9.951591990089441175e-01
9.949469927789446055e-01
9.947324712033570604e-01
9.945159901045940165e-01
9.942979216274635546e-01
9.940786539152899337e-01
9.938585907698466171e-01
9.936381512907894731e-01
9.934177694881640708e-01
9.931978938593682971e-01
9.929789869197606089e-01
9.927615246739935895e-01
9.925459960132041459e-01
9.923329020214901597e-01
9.921227551737098471e-01
9.919160784056343383e-01
9.917134040369001147e-01
9.915152725270928169e-01
9.913222310456508701e-01
9.911348318371111521e-01
9.909536303645115618e-01
9.907791832154637657e-01
9.906120457574895122e-01
9.904527695315988867e-01
9.903018993757334298e-01
9.901599702725455421e-01
9.900275039189889714e-01
9.899050050183266780e-01
9.897929572983920066e-01
9.896918192632705447e-01
9.896020196889936393e-01
9.895239528773596138e-01
9.894579736856274899e-01
9.894043923535478235e-01
9.893634691529754610e-01
9.893354088890977671e-01
9.893203552860252437e-01
9.893183852930069744e-01
9.893295033507170100e-01
9.893536356597436576e-01
9.893906244954222551e-01
9.894402226143191870e-01
9.895020877978404350e-01
9.895757775774757237e-01
9.896607441840284958e-01
9.897563297597820053e-01
9.898617618679587116e-01
9.899761493281392655e-01
9.900984783996651384e-01
9.902276093276751734e-01
9.903622732585626309e-01
9.905010695235499929e-01
9.906424632810628683e-01
9.907847835009000459e-01
9.909262212661145153e-01
9.910648283622480736e-01
9.911985161183063386e-01
9.913250544597267400e-01
9.914420711307088130e-01
9.915470510416529715e-01
9.916373356971308617e-01
9.917101226607348829e-01
9.917624650152989663e-01
9.917912707802644112e-01
9.917933022523274245e-01
9.917651752408647159e-01
9.917033581759384653e-01
9.916041710738795478e-01
9.914637843535052397e-01
9.912782175049290601e-01
9.910433376226714941e-01
9.907548578253858595e-01
9.904083355959891755e-01
9.899991710883497831e-01
9.895226054599016718e-01
9.889737193036072238e-01
9.883474312674640494e-01
9.876384969651115231e-01
9.868415082968032825e-01
9.859508933157880017e-01
9.849609167905968299e-01
9.838656816284337969e-01
9.826591313382997406e-01
9.813350537241021243e-01
9.798870860072687039e-01
9.783087215847270368e-01
9.765933186310528091e-01
9.747341107526736881e-01
9.727242198969177078e-01
9.705566717091784756e-01
9.682244135174319366e-01
9.657203351048014861e-01
9.630372924079717567e-01
9.601681342522438989e-01
9.571057322032495707e-01
9.538430135812023813e-01
9.503729976465293827e-01
9.466888349262726488e-01
9.427838496092775245e-01
9.386515848954024577e-01
9.342858511402676314e-01
9.296807765929057110e-01
9.248308604795616450e-01
9.197310281432914403e-01
9.143766879064212372e-01
9.087637892818588581e-01
9.028888821202244452e-01
8.967491762433487112e-01
8.903426010814452507e-01
8.836678648018125859e-01
8.767245123918682159e-01
8.695129821392750813e-01
8.620346599374942853e-01
8.542919308368415177e-01
8.462882272595512179e-01
8.380280733028837581e-01
8.295171245672575688e-01
8.207622029669594532e-01
8.117713260091889982e-01
8.025537300629086435e-01
7.931198871818583296e-01
7.834815150956240259e-01
7.736515800380778796e-01
7.636442921429529296e-01
7.534750932006157864e-01
7.431606366371064087e-01
7.327187596448490048e-01
7.221684474627492190e-01
7.115297898703789592e-01
7.008239300252967485e-01
6.900730058331883132e-01
6.793000840965011111e-01
6.685290877379348462e-01
6.577847164401038338e-01
6.470923610818578586e-01
6.364780123852407101e-01
6.259681642153747116e-01
6.155897119993298805e-01
6.053698467500767677e-01
5.953359451989175266e-01
5.855154565552611601e-01
5.759357864272625083e-01
5.666241784514284285e-01
5.576075941945747294e-01
5.489125919078708948e-01
5.405652047304019270e-01
5.325908189585967234e-01
5.250140530177490605e-01
5.178586377920448847e-01
5.111472989892593688e-01
5.049016422345511401e-01
4.991420416035152741e-01
4.938875323166010967e-01
4.891557083240651860e-01
4.849626255116056273e-01
4.813227112508094985e-01
4.782486810046524539e-01
4.757514626759484777e-01
4.738401293554985738e-01
4.725218410866171004e-01
4.718017962138691956e-01
4.716831928266571605e-01
4.721672007433047602e-01
4.732529444093466209e-01
4.749374970056915446e-01
4.772158859792858809e-01
4.800811101217974386e-01
4.835241682318540679e-01
4.875340993043857374e-01
4.920980340977305634e-01
4.972012578361612034e-01
5.028272837132166106e-01
5.089579367704420987e-01
5.155734476374891351e-01
5.226525555336689610e-01
5.301726198486523822e-01
5.381097395416336582e-01
5.464388795247483444e-01
5.551340031284776044e-01
5.641682096850829664e-01
5.735138762116964717e-01
5.831428021284441598e-01
5.930263559099449022e-01
6.031356225417020545e-01
6.134415506372425941e-01
6.239150980682348635e-01
6.345273749690458764e-01
6.452497829997492218e-01
6.560541497879057715e-01
6.669128575194953612e-01
6.777989647129822881e-01
6.886863202870672218e-01
6.995496691213284324e-01
7.103647484084877339e-01
7.211083742059440915e-01
7.317585177107254202e-01
7.422943709042020277e-01
7.526964013386037156e-01
7.629463959644149362e-01
7.730274940238111014e-01
7.829242091582636620e-01
7.926224409961195594e-01
8.021094765964071893e-01
8.113739822265226831e-01
8.204059860422783235e-01
8.291968523177470907e-01
8.377392479384149215e-01
8.460271019236962342e-01
8.540555587834328666e-01
8.618209265375953443e-01
8.693206202391903226e-01
8.765531018379304484e-01
8.835178172072770675e-01
8.902151311310646520e-01
8.966462610092624796e-01
9.028132099968932955e-01
9.087187002372114630e-01
9.143661067915012097e-01
9.197593928048868328e-01
9.249030463819201131e-01
9.298020195789519216e-01
9.344616698538042998e-01
9.388877042483529944e-01
9.430861265174095287e-01
9.470631873587355143e-01
9.508253378448837667e-01
9.543791861084223171e-01
9.577314572883379729e-01
9.608889567072375071e-01
9.638585362164063808e-01
9.666470636187156629e-01
9.692613950575552639e-01
9.717083502430562403e-01
9.739946903744115536e-01
9.761270986086351131e-01
9.781121629210771662e-01
9.799563612009299929e-01
9.816660484252764940e-01
9.832474457574900129e-01
9.847066314195243031e-01
9.860495331924755691e-01
9.872819224054177889e-01
9.884094092786602781e-01
9.894374394940600448e-01
9.903712918717075819e-01
9.912160770391081899e-01
9.919767369858554229e-01
9.926580454037102763e-01
9.932646087189481721e-01
9.938008677307929029e-01
9.942710997766904812e-01
9.946794213520362415e-01
9.950297911186692934e-01
9.953260132428999318e-01
9.955717410099166331e-01
9.957704806669988029e-01
9.959255954529356858e-01
9.960403097753002255e-01
9.961177135006894501e-01
9.961607663256846212e-01
9.961723021981137016e-01
9.961550337593013671e-01
9.961115567784647462e-01
9.960443545504352736e-01
9.959558022276497891e-01
9.958481710570654677e-01
9.957236324925473614e-01
9.955842621535480053e-01
9.954320436017325413e-01
9.952688719087321445e-01
9.950965569905289021e-01
9.949168266871041277e-01
9.947313295698999580e-01
9.945416374642753743e-01
9.943492476793307500e-01
9.941555849430940839e-01
9.939620030468828693e-01
9.937697862084958755e-01
9.935801501695280535e-01
9.933942430473455820e-01
9.932131459669375495e-01
9.930378735018186021e-01
9.928693739562913789e-01
9.927085295236063311e-01
9.925561563558521483e-01
9.924130045817736168e-01
9.922797583081872652e-01
9.921570356393247803e-01
9.920453887463800413e-01
9.919453040168932922e-01
9.918572023105081126e-01
9.917814393442313525e-01
9.917183062267502791e-01
9.916680301577520673e-01
9.916307753046516016e-01
9.916066438657777926e-01
9.915956773259435586e-01
9.915978579074807842e-01
9.916131102172763834e-01
9.916413030880716351e-01
9.916822516102723473e-01
9.917357193487017497e-01
9.918014207370671187e-01
9.918790236413551620e-01
9.919681520818738329e-01
9.920683891021948586e-01
9.921792797718039791e-01
9.923003343078485861e-01
9.924310313000033190e-01
9.925708210211908744e-01
9.927191288057524154e-01
9.928753584757036288e-01
9.930388957949911610e-01
9.932091119312225214e-01
9.933853669042026491e-01
9.935670130007857592e-01
9.937533981360401336e-01
9.939438691414904659e-01
9.941377749622212212e-01
9.943344697458422754e-01
9.945333158076774538e-01
9.947336864579936488e-01
9.949349686785797786e-01
9.951365656374868696e-01
9.953378990322022668e-01
9.955384112529586105e-01
9.957375673592414600e-01
9.959348568638860533e-01
9.961297953204345523e-01
9.963219257107009952e-01
9.965108196307618238e-01
9.966960782748854886e-01
9.968773332182455649e-01
9.970542470006358293e-01
9.972265135148163928e-01
9.973938582045648316e-01
9.975560380789524340e-01
9.977128415507940939e-01
9.978640881085749648e-01
9.980096278324112058e-01
9.981493407656811812e-01
9.982831361548332172e-01
9.984109515704723270e-01
9.985327519231118609e-01
9.986485283869159790e-01
9.987582972443252993e-01
9.988620986636732590e-01
9.989599954207686316e-01
9.990520715740113245e-01
9.991384311009879893e-01
9.992191965027683587e-01
9.992945073804099243e-01
9.993645189866080525e-01
9.994294007541358882e-01
9.994893348018176749e-01
9.995445144183905395e-01
9.995951425247856514e-01
9.996414301161472560e-01
9.996835946862799860e-01
9.997218586391172224e-01
9.997564476941089850e-01
9.997875892949911192e-01
