9.997993323439329227e-01
9.997700853936019039e-01
9.997376396696017187e-01
9.997017904984373260e-01
9.996623353766143083e-01
9.996190752659938061e-01
9.995718158395566766e-01
9.995203686668113763e-01
9.994645523316086910e-01
9.994041934784868575e-01
9.993391277867007538e-01
9.992692008736301368e-01
9.991942691312349911e-01
9.991142005005780868e-01
9.990288751901624797e-01
9.989381863439986686e-01
9.988420406649731742e-01
9.987403589983702146e-01
9.986330768793906243e-01
9.985201450473585316e-01
9.984015299281008282e-01
9.982772140848451548e-01
9.981471966369704907e-01
9.980114936451408569e-01
9.978701384607742142e-01
9.977231820374836690e-01
9.975706932020528273e-01
9.974127588826816604e-01
9.972494842926086234e-01
9.970809930677655419e-01
9.969074273578035772e-01
9.967289478705912975e-01
9.965457338710962398e-01
9.963579831363624795e-01
9.961659118690453507e-01
9.959697545726167167e-01
9.957697638918656668e-01
9.955662104226479237e-01
9.953593824949522606e-01
9.951495859332158966e-01
9.949371437974176002e-01
9.947223961077883425e-01
9.945056995550037859e-01
9.942874271964686761e-01
9.940679681377888599e-01
9.938477271967849358e-01
9.936271245454803003e-01
9.934065953234432200e-01
9.931865892137471397e-01
9.929675699707042336e-01
9.927500148864986107e-01
9.925344141819741894e-01
9.923212703051913497e-01
9.921110971200277628e-01
9.919044189661129218e-01
9.917017695708161273e-01
9.915036907938692412e-01
9.913107311855308135e-01
9.911234443399767891e-01
9.909423870268290191e-01
9.907681170853632757e-01
9.906011910679480836e-01
9.904421616215907109e-01
9.902915745990683583e-01
9.901499658939477699e-01
9.900178579968054171e-01
9.898957562731169890e-01
9.897841449665860658e-01
9.896834829350853457e-01
9.895941991299265217e-01
9.895166878328163218e-01
9.894513036686189977e-01
9.893983564158914668e-01
9.893581056410599706e-01
9.893307551859917837e-01
9.893164475424974791e-01
9.893152581508550814e-01
9.893271896626190109e-01
9.893521662106182779e-01
9.893900277309608526e-01
9.894405243828953145e-01
9.895033111123699987e-01
9.895779424039701233e-01
9.896638672635148515e-01
9.897604244699642617e-01
9.898668381304401853e-01
9.899822135662362799e-01
9.901055335508280875e-01
9.902356549133181085e-01
9.903713055127211229e-01
9.905110815802836699e-01
9.906534454189283023e-01
9.907967234412029534e-01
9.909391045200469650e-01
9.910786386204896159e-01
9.912132356752541007e-01
9.913406646632850761e-01
9.914585528475392540e-01
9.915643851270143916e-01
9.916555034579478400e-01
9.917291063003516038e-01
9.917822480485112280e-01
9.918118384076826111e-01
9.918146416838916624e-01
9.917872759593895360e-01
9.917262121328747071e-01
9.916277728109926803e-01
9.914881310458295571e-01
9.913033089221011673e-01
9.910691760075027723e-01
9.907814476902372380e-01
9.904356834390943831e-01
9.900272850336407915e-01
9.895514948250766496e-01
9.890033941021147967e-01
9.883779016507511228e-01
9.876697726118905951e-01
9.868735977562739237e-01
9.859838033117240830e-01
9.849946514930429942e-01
9.839002418994999832e-01
9.826945139582621280e-01
9.813712506037766126e-01
9.799240833924698357e-01
9.783464992586051734e-01
9.766318491202398144e-01
9.747733585434759096e-01
9.727641406682570047e-01
9.705972115895805663e-01
9.682655083740434598e-01
9.657619098731329288e-01
9.630792604717505201e-01
9.602103968833487491e-01
9.571481780721262655e-01
9.538855183483727629e-01
9.504154236457578175e-01
9.467310309496101972e-01
9.428256508035650629e-01
9.386928127788679577e-01
9.343263137466362167e-01
9.297202687489816153e-01
9.248691642205945085e-01
9.197679132686570336e-01
9.144119126762987326e-01
9.087971012537241489e-01
9.029200191221750105e-01
8.967778674795610083e-01
8.903685683635044201e-01
8.836908238982568164e-01
8.767441744870847486e-01
8.695290553918865184e-01
8.620468511275624079e-01
8.542999470906148529e-01
8.462917778400533830e-01
8.380268714543932518e-01
8.295108894016525181e-01
8.207506613799835371e-01
8.117542146149411275e-01
8.025307971352729774e-01
7.930908945921721909e-01
7.834462402366263456e-01
7.736098177251131691e-01
7.635958564844661511e-01
7.534198194311959584e-01
7.430983829076291958e-01
7.326494087656043597e-01
7.220919085967454354e-01
7.114460001751596874e-01
7.007328562425390039e-01
6.899746458258996240e-01
6.791944683337263200e-01
6.684162807263742678e-01
6.576648181008711846e-01
6.469655080686693704e-01
6.363443793376351021e-01
6.258279649371001341e-01
6.154432005478789325e-01
6.052173184186384614e-01
5.951777373669002724e-01
5.853519493782891603e-01
5.757674033323922913e-01
5.664513863986262443e-01
5.574309036615476831e-01
5.487325565524869830e-01
5.403824206834757504e-01
5.324059237000746680e-01
5.248277237914631410e-01
5.176715895184146321e-01
5.109602816416591864e-01
5.047154376534676024e-01
4.989574597329967665e-01
4.937054068595845280e-01
4.889768918266339526e-01
4.847879839006793423e-01
4.811531178647145968e-01
4.780850101709370747e-01
4.755945829051746454e-01
4.736908962330262929e-01
4.723810899560585419e-01
4.716703347555547543e-01
4.715617936416653944e-01
4.720565940581531450e-01
4.731538110180854018e-01
4.748504615648615479e-01
4.771415107669769728e-01
4.800198893650756693e-01
4.834765230972851713e-01
4.875003736346394945e-01
4.920784909636363169e-01
4.971960769585620499e-01
5.028365597929489450e-01
5.089816787482683846e-01
5.156115788891952878e-01
5.227049149893283619e-01
5.302389640095417356e-01
5.381897453538964093e-01
5.465321480558131828e-01
5.552400639807646421e-01
5.642865260717735421e-01
5.736438506114153180e-01
5.832837824296427387e-01
5.931776419516148202e-01
6.032964729546708149e-01
6.136111898896940975e-01
6.240927236201063710e-01
6.347121644424590370e-01
6.454409012764986686e-01
6.562507559500795340e-01
6.671141115554032330e-01
6.780040339175368302e-01
6.888943852934519274e-01
6.997599295090387583e-01
7.105764278414732349e-01
7.213207250634798839e-01
7.319708251826475554e-01
7.425059565310991871e-01
7.529066259863450572e-01
7.631546622308695849e-01
7.732332480836681121e-01
7.831269420593749420e-01
7.928216894276662874e-01
8.023048231553512322e-01
8.115650552141797647e-01
8.205924588273951770e-01
8.293784423061303368e-01
8.379157151919749413e-01
8.461982474736695625e-01
8.542212226836329858e-01
8.619809857037805667e-01
8.694749861201231944e-01
8.767017179624707612e-01
8.836606566499772830e-01
8.903521939362981641e-01
8.967775716109883666e-01
9.029388146678288818e-01
9.088386645975322642e-01
9.144805134033104910e-01
9.198683388746626832e-01
9.250066415890648708e-01
9.299003840444968194e-01
9.345549322593670327e-01
9.389760001116559396e-01
9.431695966271387288e-01
9.471419763682893400e-01
9.508995930217054582e-01
9.544490562331466865e-01
9.577970916959573922e-01
9.609505044609087943e-01
9.639161454033803311e-01
9.667008807571645379e-01
9.693115646027675725e-01
9.717550141815253228e-01
9.740379878947202918e-01
9.761671658386699146e-01
9.781491327219378196e-01
9.799903630088746542e-01
9.816972081340946676e-01
9.832758856347763032e-01
9.847324700513849782e-01
9.860728854522031739e-01
9.873028994425745442e-01
9.884281185258159130e-01
9.894539846891016177e-01
9.903857730941912907e-01
9.912285907595466128e-01
9.919873761271411627e-01
9.926668994140819269e-01
9.932717636560126628e-01
9.938064063561571349e-01
9.942751016607258574e-01
9.946819629882234226e-01
9.950309460468630407e-01
9.953258521807141213e-01
9.955703319912778682e-01
9.957678891867574045e-01
9.959218846162580796e-01
9.960355404504085408e-01
9.961119444733639305e-01
9.961540544538053377e-01
9.961647025644044806e-01
9.961465998203401506e-01
9.961023405079628690e-01
9.960344065747581688e-01
9.959451719515605150e-01
9.958369067777324002e-01
9.957117814999655314e-01
9.955718708156886532e-01
9.954191574329585013e-01
9.952555356203067749e-01
9.950828145223868937e-01
9.949027212204558657e-01
9.947169035206957499e-01
9.945269324580409132e-01
9.943343045084060972e-01
9.941404435078280422e-01
9.939467022828449849e-01
9.937543640022444835e-01
9.935646432658844507e-01
9.933786869514575901e-01
9.931975748446424390e-01
9.930223200819185969e-01
9.928538694383242103e-01
9.926931034945182253e-01
9.925408367186678849e-01
9.923978174989083190e-01
9.922647281614843662e-01
9.921421850082507987e-01
9.920307384050942590e-01
9.919308729501706834e-01
9.918430077477694562e-01
9.917674968102573319e-01
9.917046296070615163e-01
9.916546317761580909e-01
9.916176660101276852e-01
9.915938331256312077e-01
9.915831733221922573e-01
9.915856676334751096e-01
9.916012395718386552e-01
9.916297569647901655e-01
9.916710339800317575e-01
9.917248333340357158e-01
9.917908686774492555e-01
9.918688071490634472e-01
9.919582720885513627e-01
9.920588458966531631e-01
9.921700730299657378e-01
9.922914631159852616e-01
9.924224941725887650e-01
9.925626159147667993e-01
9.927112531301932608e-01
9.928678091041837073e-01
9.930316690738207885e-01
9.932022036905355789e-01
9.933787724702752842e-01
9.935607272105508869e-01
9.937474153541534516e-01
9.939381832801112981e-01
9.941323795035043043e-01
9.943293577670000438e-01
9.945284800083700194e-01
9.947291191897337237e-01
9.949306619758055970e-01
9.951325112499441738e-01
9.953340884582976278e-01
9.955348357737771048e-01
9.957342180729711334e-01
9.959317247204445556e-01
9.961268711561506173e-01
9.963192002829516225e-01
9.965082836525089860e-01
9.966937224490862723e-01
9.968751482721225354e-01
9.970522237197900761e-01
9.972246427771486177e-01
9.973921310139298724e-01
9.975544455984235448e-01
9.977113751353527960e-01
9.978627393369737808e-01
9.980083885378899788e-01
9.981482030651537274e-01
9.982820924761076631e-01
9.984099946770332856e-01
9.985318749359741730e-01
9.986477248030667386e-01
9.987575609513048569e-01
9.988614239499039593e-01
9.989593769813254198e-01
9.990515045116352688e-01
9.991379109222671140e-01
9.992187191095484033e-01
9.992940690566406436e-01
9.993641163809700023e-01
9.994290308589250937e-01
9.994889949286812625e-01
9.995442021715998937e-01
9.995948557727994954e-01
9.996411669622515817e-01
9.996833534390960896e-01
9.997216377837383483e-01
9.997562458645655736e-01
9.997874052486593888e-01
