9.998000150152031029e-01
9.997708688466578897e-01
9.997385346477569712e-01
9.997028082761737489e-01
9.996634877094557892e-01
9.996203743320644097e-01
9.995732741735305904e-01
9.995219990871307969e-01
9.994663678619841729e-01
9.994062072648023376e-01
9.993413530105188514e-01
9.992716506635314078e-01
9.991969564732303688e-01
9.991171381488072045e-01
9.990320755790419449e-01
9.989416615029095281e-01
9.988458021364894357e-01
9.987444177609309248e-01
9.986374432752118668e-01
9.985248287162697967e-01
9.984065397478802950e-01
9.982825581185091890e-01
9.981528820873589725e-01
9.980175268170117242e-01
9.978765247304901553e-01
9.977299258302284590e-01
9.975777979763581493e-01
9.974202271218711724e-01
9.972573175025823966e-01
9.970891917803534898e-01
9.969159911387146522e-01
9.967378753307958306e-01
9.965550226803013834e-01
9.963676300370912786e-01
9.961759126897269390e-01
9.959801042380441727e-01
9.957804564293948335e-01
9.955772389626023067e-01
9.953707392638695417e-01
9.951612622388200657e-01
9.949491300045250064e-01
9.947346816047363260e-01
9.945182727106218756e-01
9.943002753080609768e-01
9.940810773710511139e-01
9.938610825190065112e-01
9.936407096537580586e-01
9.934203925699404136e-01
9.932005795302484286e-01
9.929817327948320393e-01
9.927643280919642432e-01
9.925488540151456984e-01
9.923358113300698724e-01
9.921257121734629036e-01
9.919190791247749495e-01
9.917164441311008272e-01
9.915183472655781927e-01
9.913253352998667722e-01
9.911379600721490490e-01
9.909567766333927663e-01
9.907823411563417837e-01
9.906152085937947049e-01
9.904559300751502038e-01
9.903050500328660632e-01
9.901631030533535327e-01
9.900306104498513005e-01
9.899080765579685304e-01
9.897959847578221559e-01
9.896947932300146356e-01
9.896049304561095328e-01
9.895267904777587109e-01
9.894607279322260585e-01
9.894070528857313862e-01
9.893660254897660433e-01
9.893378504892743619e-01
9.893226716152530020e-01
9.893205658977977102e-01
9.893315379387677133e-01
9.893555141859030622e-01
9.893923372522195336e-01
9.894417603256797644e-01
9.895034417143173666e-01
9.895769395710630745e-01
9.896617068404051087e-01
9.897570864656780598e-01
9.898623068912492107e-01
9.899764778882593763e-01
9.900985867260163609e-01
9.902274947038502972e-01
9.903619340504554724e-01
9.905005051897367574e-01
9.906416743642297851e-01
9.907837715995382322e-01
9.909249889861965199e-01
9.910633792491279070e-01
9.911968545696197008e-01
9.913231856206142778e-01
9.914400007731979381e-01
9.915447854305222686e-01
9.916348814450077764e-01
9.917074865755417523e-01
9.917596539434392344e-01
9.917882914491283897e-01
9.917901611157782238e-01
9.917618783313426611e-01
9.916999109666926326e-01
9.916005783545986940e-01
9.914600501222937678e-01
9.912743448791631051e-01
9.910393287707963683e-01
9.907507139211955138e-01
9.904040567963949826e-01
9.899947565351027157e-01
9.895180533052301275e-01
9.889690267592660122e-01
9.883425946762999237e-01
9.876335118939303381e-01
9.868363696491000425e-01
9.859455954627563967e-01
9.849554537187802383e-01
9.838600471023902783e-01
9.826533190767243742e-01
9.813290575879516364e-01
9.798809001985477884e-01
9.783023408547023569e-01
9.765867384967322762e-01
9.747273277204150377e-01
9.727172316919934225e-01
9.705494775100200755e-01
9.682170141931077945e-01
9.657127334540478447e-01
9.630294933978214011e-01
9.601601452539865189e-01
9.570975632231407682e-01
9.538346774830410713e-01
9.503645103629579927e-01
9.466802156554561254e-01
9.427751209934963628e-01
9.386427731780646599e-01
9.342769862979206641e-01
9.296718924390044991e-01
9.248219947370250882e-01
9.197222224832458659e-01
9.143679879509702957e-01
9.087552445692175240e-01
9.028805460310926900e-01
8.967411058879533048e-01
8.903348571472310402e-01
8.836605113622983954e-01
8.767176166776780022e-01
8.695066142728128389e-01
8.620288926331300949e-01
8.542868390688221902e-01
8.462838879001399750e-01
8.380245647334599868e-01
8.295145262652953155e-01
8.207605950719192300e-01
8.117707888704421837e-01
8.025543437728316354e-01
7.931217310972066281e-01
7.834846673502021686e-01
7.736561170495838136e-01
7.636502881166347123e-01
7.534826196321067204e-01
7.431697618164274655e-01
7.327295481631315166e-01
7.221809597227432098e-01
7.115440816012630343e-01
7.008400518017501302e-01
6.900910025981363827e-01
6.793199946864529881e-01
6.685509444094293041e-01
6.578085443955301592e-01
6.471181779928552036e-01
6.365058279120627827e-01
6.259979795210706133e-01
6.156215192583364137e-01
6.054036286519235421e-01
5.953716744491222013e-01
5.855530953771801439e-01
5.759752860705822375e-01
5.666654787150751105e-01
5.576506229739977005e-01
5.489572647788201198e-01
5.406114245833228971e-01
5.326384756995481418e-01
5.250630233531092816e-01
5.179087851151545907e-01
5.111984733874185283e-01
5.049536806343838391e-01
4.991947680715470570e-01
4.939407585300019665e-01
4.892092342238246738e-01
4.850162401470563545e-01
4.813761938204218493e-01
4.783018020935230208e-01
4.758039856855738048e-01
4.738918121163481212e-01
4.725724376389691672e-01
4.718510587374505905e-01
4.717308736950704962e-01
4.722130546751581726e-01
4.732967306846059818e-01
4.749789817131527814e-01
4.772548442593014251e-01
4.801173283675821413e-01
4.835574462127906203e-01
4.875642521758343229e-01
4.921248942637602708e-01
4.972246766343875191e-01
5.028471328943830976e-01
5.089741097494263622e-01
5.155858604969167924e-01
5.226611477661294858e-01
5.301773548284760551e-01
5.381106047222280475e-01
5.464358863623846041e-01
5.551271867381257774e-01
5.641576282382949614e-01
5.734996100905264127e-01
5.831249528529285353e-01
5.930050448597170565e-01
6.031109894948076811e-01
6.134137521511822122e-01
6.238843057296910022e-01
6.344937735396314338e-01
6.452135684854984898e-01
6.560155274601459086e-01
6.668720399142009647e-01
6.777561696347788045e-01
6.886417688427644013e-01
6.995035838062571010e-01
7.103173512670281076e-01
7.210598850855244324e-01
7.317091526262733403e-01
7.422443405276015760e-01
7.526459096251639780e-01
7.628956389257764981e-01
7.729766586541109152e-01
7.828734725178114751e-01
7.925719694543366112e-01
8.020594252333905771e-01
8.113244943903490380e-01
8.203571930570900950e-01
8.291488733357923469e-01
8.376921899275733274e-01
8.459810597806092236e-01
8.540106155612096073e-01
8.617771537761657052e-01
8.692780783857392279e-01
8.765118407444553172e-01
8.834778766921658200e-01
8.901765415916780277e-01
8.966090440727944033e-01
9.027773791972784068e-01
9.086842617065086225e-01
9.143330599549980287e-01
9.197277310701079678e-01
9.248727578127701188e-01
9.297730875473346757e-01
9.344340736622427368e-01
9.388614197183162702e-01
9.430611265392593312e-01
9.470394424003616418e-01
9.508028164172226404e-01
9.543578551870891546e-01
9.577112826915566979e-01
9.608699034310884679e-01
9.638405687291285995e-01
9.666301461163817610e-01
9.692454916838848522e-01
9.716934252764407587e-01
9.739807083854062908e-01
9.761140245912276470e-01
9.780999624009957261e-01
9.799450003241101381e-01
9.816554940293907849e-01
9.832376654291744567e-01
9.846975935396291568e-01
9.860412069713453409e-01
9.872742779098789834e-01
9.884024174520825712e-01
9.894310721705665834e-01
9.903655217853517545e-01
9.912108778286108368e-01
9.919720831953121598e-01
9.926539124795343838e-01
9.932609730032057049e-01
9.937977064510122860e-01
9.942683910321867824e-01
9.946771440967699940e-01
9.950279251406636272e-01
9.953245391402636422e-01
9.955706401635501246e-01
9.957697352101088084e-01
9.959251882375351750e-01
9.960402243359272045e-01
9.961179340156407491e-01
9.961612775761192751e-01
9.961730895254480300e-01
9.961560830213718187e-01
9.961128543049965200e-01
9.960458870984036928e-01
9.959575569371658110e-01
9.958501354084539070e-01
9.957257942653086058e-01
9.955866093879047751e-01
9.954345645634560258e-01
9.952715550579200876e-01
9.950993909549590288e-01
9.949198002407211305e-01
9.947344316169045575e-01
9.945448570291678392e-01
9.943525739031280342e-01
9.941590070857838635e-01
9.939655104960062326e-01
9.937733684935708967e-01
9.935837969818379634e-01
9.933979442644389479e-01
9.932168916810127923e-01
9.930416540510237366e-01
9.928731799578465189e-01
9.927123519075811142e-01
9.925599863983912696e-01
9.924168339365787572e-01
9.922835790351248741e-01
9.921608402291423046e-01
9.920491701406710661e-01
9.919490556226482347e-01
9.918609180088109323e-01
9.917851134929071000e-01
9.917219336570178845e-01
9.916716061651714709e-01
9.916342956348813686e-01
9.916101046958401000e-01
9.915990752418426535e-01
9.916011898791196044e-01
9.916163735716591043e-01
9.916444954817796864e-01
9.916853710021443780e-01
9.917387639735530946e-01
9.918043890811539809e-01
9.918819144201332927e-01
9.919709642204335154e-01
9.920711217185801400e-01
9.921819321632632249e-01
9.923029059399119944e-01
9.924335217981585799e-01
9.925732301648305667e-01
9.927214565239979027e-01
9.928776048446734670e-01
9.930410610360723700e-01
9.932111964099202828e-01
9.933873711291784092e-01
9.935689376227496705e-01
9.937552439462223886e-01
9.939456370694854659e-01
9.941394660730645816e-01
9.943360852362428393e-01
9.945348570013833323e-01
9.947351548003153798e-01
9.949363657301315556e-01
9.951378930672281076e-01
9.953391586098782051e-01
9.955396048410398713e-01
9.957386969044612623e-01
9.959359243884586821e-01
9.961308029130282460e-01
9.963228755172162110e-01
9.965117138449515188e-01
9.966969191288345131e-01
9.968781229727161630e-01
9.970549879352764711e-01
9.972272079182288307e-01
9.973945083642304921e-01
9.975566462710293569e-01
9.977134100298136188e-01
9.978646190970914542e-01
9.980101235106845214e-01
9.981498032615020444e-01
9.982835675336306780e-01
9.984113538258680975e-01
9.985331269681116950e-01
9.986488780459369385e-01
9.987586232462675184e-01
9.988624026362353803e-01
9.989602788861892124e-01
9.990523359463869824e-01
9.991386776852795304e-01
9.992194264955530647e-01
9.992947218723818859e-01
9.993647189667655972e-01
9.994295871155302047e-01
9.994895083486808884e-01
9.995446758744029880e-01
9.995952925422016966e-01
9.996415692854661028e-01
9.996837235461321081e-01
9.997219776860342133e-01
9.997565573918618664e-01
9.997876900832092240e-01
