9.997983771162486377e-01
9.997690566832893033e-01
9.997365410855653112e-01
9.997006275404423103e-01
9.996611156042359836e-01
9.996178084469253822e-01
9.995705140729632676e-01
9.995190464779655226e-01
9.994632267347235421e-01
9.994028840054505203e-01
9.993378564802706254e-01
9.992679922445446561e-01
9.991931500795995236e-01
9.991132002027470760e-01
9.990280249531533485e-01
9.989375194301900462e-01
9.988415920904617495e-01
9.987401653088560094e-01
9.986331759078368453e-01
9.985205756579171865e-01
9.984023317509237438e-01
9.982784272464082509e-01
9.981488614904515666e-01
9.980136505052050744e-01
9.978728273468647769e-01
9.977264424293861289e-01
9.975745638111206404e-01
9.974172774416790732e-01
9.972546873666556788e-01
9.970869158883614025e-01
9.969141036813593537e-01
9.967364098623304747e-01
9.965540120145759406e-01
9.963671061682410901e-01
9.961759067380759891e-01
9.959806464211919952e-01
9.957815760577897191e-01
9.955789644581837239e-01
9.953730981996049554e-01
9.951642813961902867e-01
9.949528354452519263e-01
9.947390987523413441e-01
9.945234264367841526e-01
9.943061900182571522e-01
9.940877770836337168e-01
9.938685909317599432e-01
9.936490501920701712e-01
9.934295884110708741e-01
9.932106535987477169e-01
9.929927077249681711e-01
9.927762261540045152e-01
9.925616970034865094e-01
9.923496204124488962e-01
9.921405077017675378e-01
9.919348804092092964e-01
9.917332691806306499e-01
9.915362124985811487e-01
9.913442552297194732e-01
9.911579469730609215e-01
9.909778401921238711e-01
9.908044881155245731e-01
9.906384423924474714e-01
9.904802504916503381e-01
9.903304528352157021e-01
9.901895796610711287e-01
9.900581476113453627e-01
9.899366560468521037e-01
9.898255830913800235e-01
9.897253814129888250e-01
9.896364737531475608e-01
9.895592482182880012e-01
9.894940533521577875e-01
9.894411930112104736e-01
9.894009210691163680e-01
9.893734359802396350e-01
9.893588752355119142e-01
9.893573097474214206e-01
9.893687382036834288e-01
9.893930814314111366e-01
9.894301768151174681e-01
9.894797728124787861e-01
9.895415236113818125e-01
9.896149839702366169e-01
9.896996042808446914e-01
9.897947258892568767e-01
9.898995767051169681e-01
9.900132671240740034e-01
9.901347862811528122e-01
9.902629986457036626e-01
9.903966409609751276e-01
9.905343195237279463e-01
9.906745077919136833e-01
9.908155443015341790e-01
9.909556308676042979e-01
9.910928310388655849e-01
9.912250687716755992e-01
9.913501272854416957e-01
9.914656480601204969e-01
9.915691299356746979e-01
9.916579282739419465e-01
9.917292541450520860e-01
9.917801735032668597e-01
9.918076063208005611e-01
9.918083256527304714e-01
9.917789566114407762e-01
9.917159752350879209e-01
9.916157072412968843e-01
9.914743266646646180e-01
9.912878543846830315e-01
9.910521565594131443e-01
9.907629429897102380e-01
9.904157654490642892e-01
9.900060160252487362e-01
9.895289255319897892e-01
9.889795620618011540e-01
9.883528297649151195e-01
9.876434679537799965e-01
9.868460506476982586e-01
9.859549866875598756e-01
9.849645205659375291e-01
9.838687341325795810e-01
9.826615493490604702e-01
9.813367322784422031e-01
9.798878985056597157e-01
9.783085201913882534e-01
9.765919349657976589e-01
9.747313568683786400e-01
9.727198895355365638e-01
9.705505418286057839e-01
9.682162460812235860e-01
9.657098791265918969e-01
9.630242862421989347e-01
9.601523081223238831e-01
9.570868109574677263e-01
9.538207196651994346e-01
9.503470542792754605e-01
9.466589694638296582e-01
9.427497970774958436e-01
9.386130916690673676e-01
9.342426787422609680e-01
9.296327055828553787e-01
9.247776943974277408e-01
9.196725974696041694e-01
9.143128539976516089e-01
9.086944482368695120e-01
9.028139685320775154e-01
8.966686667900475305e-01
8.902565179095468517e-01
8.835762786582652684e-01
8.766275454618802643e-01
8.694108105514197771e-01
8.619275159014827548e-01
8.541801043842963681e-01
8.461720675635138189e-01
8.379079895575118897e-01
8.293935864150344672e-01
8.206357404665665101e-01
8.116425291428317479e-01
8.024232477872104141e-01
7.929884260312919375e-01
7.833498373517736590e-01
7.735205014817005953e-01
7.635146794087657174e-01
7.533478607569147334e-01
7.430367434136537774e-01
7.325992053328687081e-01
7.220542685103417124e-01
7.114220551950998228e-01
7.007237364630675147e-01
6.899814733390947641e-01
6.792183507084468275e-01
6.684583043086382848e-01
6.577260411367369386e-01
6.470469536459338977e-01
6.364470281385048445e-01
6.259527477908164439e-01
6.155909907704747441e-01
6.053889239269836242e-01
5.953738925563186735e-01
5.855733067576650575e-01
5.760145249180919080e-01
5.667247348789072880e-01
5.577308333564651166e-01
5.490593042105782473e-01
5.407360961754013040e-01
5.327865006905398992e-01
5.252350304935093916e-01
5.181052996578217051e-01
5.114199057827808481e-01
5.052003150603701087e-01
4.994667509600905220e-01
4.942380872829835736e-01
4.895317463400263858e-01
4.853636030065769935e-01
4.817478953925764529e-01
4.786971428471534784e-01
4.762220719857240825e-01
4.743315513875181466e-01
4.730325355620085270e-01
4.723300187243771875e-01
4.722269988538185803e-01
4.727244524350692201e-01
4.738213202042826921e-01
4.755145041364349234e-01
4.777988758242159850e-01
4.806672963089925199e-01
4.841106473342094985e-01
4.881178739015009649e-01
4.926760379207849594e-01
4.977703826584320979e-01
5.033844076028668457e-01
5.094999532850782442e-01
5.160972955129555784e-01
5.231552484032240269e-01
5.306512755235101020e-01
5.385616083897932782e-01
5.468613715016616972e-01
5.555247130397481525e-01
5.645249402970367036e-01
5.738346588690627081e-01
5.834259145881618425e-01
5.932703371547272120e-01
6.033392843949195727e-01
6.136039860603218488e-01
6.240356860816838047e-01
6.346057821969430801e-01
6.452859618938953101e-01
6.560483336406683907e-01
6.668655524228188636e-01
6.777109386643194178e-01
6.885585896805831441e-01
6.993834828942573356e-01
7.101615701377765877e-01
7.208698624692169155e-01
7.314865050382566292e-01
7.419908416551255215e-01
7.523634688353140199e-01
7.625862792143774938e-01
7.726424943482030905e-01
7.825166870324812285e-01
7.921947933887124593e-01
8.016641150709642449e-01
8.109133120460010336e-01
8.199323864877818835e-01
8.287126584044287592e-01
8.372467336805460292e-01
8.455284652695862491e-01
8.535529083093804648e-01
8.613162699588858828e-01
8.688158547658851871e-01
8.760500063742426846e-01
8.830180463661483348e-01
8.897202110105082440e-01
8.961575866544353453e-01
9.023320444519692396e-01
9.082461750741291917e-01
9.139032239887041609e-01
9.193070278383010940e-01
9.244619523826619334e-01
9.293728324075429814e-01
9.340449139389184197e-01
9.384837990391441398e-01
9.426953934020998460e-01
9.466858569081236796e-01
9.504615572475029195e-01
9.540290266739394065e-01
9.573949219071213879e-01
9.605659871665004346e-01
9.635490202866158205e-01
9.663508418377062537e-01
9.689782671536637526e-01
9.714380811522796977e-01
9.737370158197872216e-01
9.758817302224700452e-01
9.778787929020887892e-01
9.797346665085896467e-01
9.814556945225375584e-01
9.830480899205172873e-01
9.845179256389831046e-01
9.858711266953769092e-01
9.871134638295055996e-01
9.882505485329519113e-01
9.892878293395450662e-01
9.902305892555240963e-01
9.910839442139303124e-01
9.918528424439284619e-01
9.925420646521528889e-01
9.931562249197862791e-01
9.936997722258790189e-01
9.941769925143367770e-01
9.945920112289919901e-01
9.949487962481042835e-01
9.952511611563948923e-01
9.955027687991627738e-01
9.957071350690086531e-01
9.958676328810655010e-01
9.959874962972854462e-01
9.960698247641711633e-01
9.961175874313266121e-01
9.961336275203499513e-01
9.961206667149564709e-01
9.960813095439325915e-01
9.960180477287273737e-01
9.959332644674048218e-01
9.958292386265038543e-01
9.957081488123207258e-01
9.955720772934401053e-01
9.954230137471787865e-01
9.952628588041052549e-01
9.950934273670480890e-01
9.949164516840336425e-01
9.947335841583718752e-01
9.945463998835576414e-01
9.943563988956418687e-01
9.941650081410958739e-01
9.939735831637401819e-01
9.937834095198577744e-01
9.935957039359351040e-01
9.934116152284172552e-01
9.932322250092329163e-01
9.930585482045336532e-01
9.928915334169855500e-01
9.927320631640005333e-01
9.925809540254743046e-01
9.924389567349279906e-01
9.923067562474805481e-01
9.921849718168891386e-01
9.920741571120845759e-01
9.919748004013249076e-01
9.918873248294033385e-01
9.918120888104247079e-01
9.917493865556061827e-01
9.916994487524883883e-01
9.916624434089410522e-01
9.916384768724787468e-01
9.916275950327145816e-01
9.916297847122829134e-01
9.916449752492505487e-01
9.916730402718911819e-01
9.917137996646717690e-01
9.917670217223573115e-01
9.918324254872352697e-01
9.919096832625582394e-01
9.919984232933833912e-01
9.920982326040450605e-01
9.922086599795510997e-01
9.923292190762765808e-01
9.924593916454936826e-01
9.925986308515848400e-01
9.927463646653107432e-01
9.929019993112969678e-01
9.930649227480403685e-01
9.932345081582391044e-01
9.934101174271524615e-01
9.935911045870010616e-01
9.937768192060860706e-01
9.939666097023214242e-01
9.941598265621537367e-01
9.943558254473424673e-01
9.945539701737052818e-01
9.947536355476355174e-01
9.949542100479112916e-01
9.951550983419817920e-01
9.953557236275113462e-01
9.955555297914575608e-01
9.957539833803628060e-01
9.959505753768451708e-01
9.961448227785235643e-01
9.963362699768072428e-01
9.965244899341757501e-01
9.967090851597698586e-01
9.968896884843566619e-01
9.970659636370171608e-01
9.972376056272441724e-01
9.974043409375206171e-01
9.975659275328614406e-01
9.977221546952005360e-01
9.978728426918639371e-01
9.980178422886268885e-01
9.981570341189597295e-01
9.982903279219615955e-01
9.984176616621138756e-01
9.985390005442963401e-01
9.986543359374724371e-01
9.987636842200361409e-01
9.988670855590257025e-01
9.989646026342725582e-01
9.990563193171183576e-01
9.991423393116803942e-01
9.992227847648725847e-01
9.992977948496288843e-01
9.993675243241491035e-01
9.994321420686466118e-01
9.994918296001348290e-01
9.995467795653655285e-01
9.995971942121939513e-01
9.996432838404277765e-01
9.996852652346066570e-01
9.997233600830884859e-01
9.997577933901700131e-01
9.997887918905830062e-01
