9.997977059531606425e-01
9.997682738866280339e-01
9.997356329359126104e-01
9.996995794781100564e-01
9.996599123081129079e-01
9.996164339337999527e-01
9.995689518168197063e-01
9.995172795481671590e-01
9.994612379514136169e-01
9.994006561099449959e-01
9.993353723177205161e-01
9.992652349557146207e-01
9.991901032982762887e-01
9.991098482550667681e-01
9.990243530550267925e-01
9.989335138790194080e-01
9.988372404474787913e-01
9.987354565686614727e-01
9.986281006520748571e-01
9.985151261904605668e-01
9.983965022124526856e-01
9.982722137068218426e-01
9.981422620181282790e-01
9.980066652127073112e-01
9.978654584132433669e-01
9.977186940997571085e-01
9.975664423746581910e-01
9.974087911895689329e-01
9.972458465318867482e-01
9.970777325694957227e-01
9.969045917526131451e-01
9.967265848724264909e-01
9.965438910769058856e-01
9.963567078449068193e-01
9.961652509203781092e-01
9.959697542091120459e-01
9.957704696409706013e-01
9.955676670008677398e-01
9.953616337319239893e-01
9.951526747141332674e-01
9.949411120215350124e-01
9.947272846602807084e-01
9.945115482890921621e-01
9.942942749224465970e-01
9.940758526154008790e-01
9.938566851273167302e-01
9.936371915599054860e-01
9.934178059630357494e-01
9.931989768996947188e-01
9.929811669594410528e-01
9.927648522077080484e-01
9.925505215564851547e-01
9.923386760403063445e-01
9.921298279801737952e-01
9.919245000171025284e-01
9.917232239964473006e-01
9.915265396840883261e-01
9.913349932959338862e-01
9.911491358230412052e-01
9.909695211359411671e-01
9.907967038534518656e-01
9.906312369633230031e-01
9.904736691844255869e-01
9.903245420628259410e-01
9.901843867969156721e-01
9.900537207897517344e-01
9.899330439298773543e-01
9.898228346051067827e-01
9.897235454570663116e-01
9.896355988876853749e-01
9.895593823323260985e-01
9.894952433178260121e-01
9.894434843273937075e-01
9.894043574980067035e-01
9.893780591796558221e-01
9.893647243893716192e-01
9.893644211963408264e-01
9.893771450774253573e-01
9.894028132848668999e-01
9.894412592697304776e-01
9.894922272055259871e-01
9.895553666563092765e-01
9.896302274322767989e-01
9.897162546733586641e-01
9.898127841975715713e-01
9.899190381459569421e-01
9.900341209499212702e-01
9.901570156398716849e-01
9.902865805064420268e-01
9.904215461175811530e-01
9.905605126866290355e-01
9.907019477785153905e-01
9.908441843336924792e-01
9.909854189825970661e-01
9.911237106175726508e-01
9.912569791844455525e-01
9.913830046524670925e-01
9.914994261191931724e-01
9.916037410060912771e-01
9.916933043012342575e-01
9.917653278073000900e-01
9.918168793561660257e-01
9.918448819555676366e-01
9.918461128384790104e-01
9.918172023919534785e-01
9.917546329490627421e-01
9.916547374351998290e-01
9.915136978683263269e-01
9.913275437217230479e-01
9.910921501674309075e-01
9.908032362288828887e-01
9.904563628822378174e-01
9.900469311576749476e-01
9.895701803044018030e-01
9.890211860963589174e-01
9.883948593695055518e-01
9.876859448960358945e-01
9.868890207156930661e-01
9.859984980592745307e-01
9.850086220140794602e-01
9.839134730950289676e-01
9.827069698979876700e-01
9.813828730229086084e-01
9.799347904632378370e-01
9.783561846640254078e-01
9.766403814538651140e-01
9.747805810547015559e-01
9.727698713683390341e-01
9.706012437289286421e-01
9.682676112966795978e-01
9.657618302495525331e-01
9.630767239068674934e-01
9.602051098918457095e-01
9.571398304094300702e-01
9.538737856816954519e-01
9.503999705462117253e-01
9.467115141833575276e-01
9.428017228972738195e-01
9.386641258324092130e-01
9.342925234639257726e-01
9.296810386560963035e-01
9.248241700387253017e-01
9.197168474080406053e-01
9.143544888159576001e-01
9.087330589706071882e-01
9.028491285321150750e-01
8.966999338513647055e-01
8.902834366664917898e-01
8.835983832427315443e-01
8.766443624166087023e-01
8.694218619859388486e-01
8.619323228732727049e-01
8.541781904828524841e-01
8.461629626703057738e-01
8.378912337506189134e-01
8.293687339836774974e-01
8.206023639979967976e-01
8.116002236422028560e-01
8.023716347901664880e-01
7.929271576691002688e-01
7.832786003298111144e-01
7.734390209339229161e-01
7.634227225932921357e-01
7.532452405609144641e-01
7.429233216391710748e-01
7.324748957389328741e-01
7.219190395904980795e-01
7.112759326733103515e-01
7.005668054946044832e-01
6.898138804065556684e-01
6.790403052062781164e-01
6.682700798125181807e-01
6.575279763568169233e-01
6.468394530651910834e-01
6.362305623393254006e-01
6.257278534742629628e-01
6.153582704734821274e-01
6.051490454428258836e-01
5.951275880630109150e-01
5.853213716573895109e-01
5.757578163881742483e-01
5.664641701312687072e-01
5.574673875978253257e-01
5.487940082900097938e-01
5.404700338993602138e-01
5.325208057783581417e-01
5.249708831389801045e-01
5.178439226552817853e-01
5.111625601696052623e-01
5.049482952225999854e-01
4.992213791446675764e-01
4.940007074594153780e-01
4.893037173568679510e-01
4.851462909944009860e-01
4.815426653755554565e-01
4.785053495401698775e-01
4.760450497731401054e-01
4.741706035031354460e-01
4.728889225168457777e-01
4.722049460590393988e-01
4.721216043243861016e-01
4.726397927745012995e-01
4.737583576339240432e-01
4.754740928329378447e-01
4.777817485745166071e-01
4.806740516085274972e-01
4.841417371999143793e-01
4.881735926802543979e-01
4.927565123748631759e-01
4.978755636017202502e-01
5.035140633447694469e-01
5.096536651134514484e-01
5.162744554134451880e-01
5.233550591710773858e-01
5.308727533763614170e-01
5.388035881376442848e-01
5.471225142749185366e-01
5.558035165195647220e-01
5.648197513361410405e-01
5.741436883375781175e-01
5.837472542292767574e-01
5.936019781910153448e-01
6.036791375888106437e-01
6.139499029027583044e-01
6.243854807619395597e-01
6.349572539943572069e-01
6.456369176288343503e-01
6.563966098271812877e-01
6.672090367786169818e-01
6.780475906541607589e-01
6.888864597959432068e-01
6.997007304042730524e-01
7.104664790827139864e-01
7.211608557070077197e-01
7.317621561958063126e-01
7.422498848780577640e-01
7.526048062715738896e-01
7.628089862077621630e-01
7.728458223566887497e-01
7.827000643224750753e-01
7.923578235896099331e-01
8.018065737041990548e-01
8.110351411688777601e-01
8.200336876145974951e-01
8.287936838855972654e-01
8.373078767346635587e-01
8.455702488736166478e-01
8.535759731585086385e-01
8.613213617102388753e-01
8.688038107793984999e-01
8.760217421597006338e-01
8.829745419380697902e-01
8.896624973423737925e-01
8.960867324110490806e-01
9.022491431638546278e-01
9.081523329011220724e-01
9.137995482016945115e-01
9.191946161287856132e-01
9.243418830897713878e-01
9.292461557319169341e-01
9.339126441925739153e-01
9.383469079606991947e-01
9.425548045477001313e-01
9.465424411104801372e-01
9.503161291188522153e-01
9.538823421137059277e-01
9.572476765617647931e-01
9.604188157776204493e-01
9.634024968539367517e-01
9.662054805161284232e-01
9.688345237981667024e-01
9.712963554210515271e-01
9.735976537444885892e-01
9.757450271549240606e-01
9.777449967488002214e-01
9.796039811681943599e-01
9.813282834463938897e-01
9.829240797229781279e-01
9.843974096912257998e-01
9.857541686447741647e-01
9.870001009951629989e-01
9.881407951369600706e-01
9.891816795424519526e-01
9.901280199732815923e-01
9.909849177018872357e-01
9.917573086411252126e-01
9.924499632860535048e-01
9.930674873775305889e-01
9.936143232030529848e-01
9.940947514561073728e-01
9.945128935812196369e-01
9.948727145377780356e-01
9.951780259215027291e-01
9.954324893880222014e-01
9.956396203282659174e-01
9.958027917501700577e-01
9.959252383254100227e-01
9.960100605634178983e-01
9.960602290777819112e-01
9.960785889122362180e-01
9.960678638948927688e-01
9.960306609902296326e-01
9.959694746187768288e-01
9.958866909146086854e-01
9.957845918908573291e-01
9.956653594837137078e-01
9.955310794459737433e-01
9.953837450622891048e-01
9.952252606600283658e-01
9.950574448921233328e-01
9.948820337715029716e-01
9.947006834406667553e-01
9.945149726645495791e-01
9.943264050399481802e-01
9.941364109202525112e-01
9.939463490598714479e-01
9.937575079883528284e-01
9.935711071295802999e-01
9.933882976863973591e-01
9.932101633153874731e-01
9.930377206202081197e-01
9.928719194947235316e-01
9.927136433491465795e-01
9.925637092534699280e-01
9.924228680326435681e-01
9.922918043472975791e-01
9.921711367923972125e-01
9.920614180441517105e-01
9.919631350829105632e-01
9.918767095167956294e-01
9.918024980275889080e-01
9.917407929570382086e-01
9.916918230484000896e-01
9.916557543548003562e-01
9.916326913229499551e-01
9.916226780579582289e-01
9.916256997724759437e-01
9.916416844211627390e-01
9.916705045195060020e-01
9.917119791442673415e-01
9.917658761112497778e-01
9.918319143246099312e-01
9.919097662905224100e-01
9.919990607865974974e-01
9.920993856770228270e-01
9.922102908619324646e-01
9.923312913480099029e-01
9.924618704258318935e-01
9.926014829379942173e-01
9.927495586206953604e-01
9.929055055002333763e-01
9.930687133248665699e-01
9.932385570117505669e-01
9.934144000882237924e-01
9.935955981066076914e-01
9.937815020119140641e-01
9.939714614423997840e-01
9.941648279437517166e-01
9.943609580787828861e-01
9.945592164158147952e-01
9.947589783803765240e-01
9.949596329563926700e-01
9.951605852246308004e-01
9.953612587277905766e-01
9.955610976532038858e-01
9.957595688256790645e-01
9.959561635045335315e-01
9.961503989803399683e-01
9.963418199683536924e-01
9.965299997970163970e-01
9.967145413913494068e-01
9.968950780524721278e-01
9.970712740359172210e-01
9.972428249328533223e-01
9.974094578597776373e-01
9.975709314636662661e-01
9.977270357509627763e-01
9.978775917500978254e-01
9.980224510184234621e-01
9.981614950054761293e-01
9.982946342852857535e-01
9.984218076709930889e-01
9.985429812252644144e-01
9.986581471798816612e-01
9.987673227774092055e-01
9.988705490470060067e-01
9.989678895252878110e-01
9.990594289316967469e-01
9.991452718061917260e-01
9.992255411153246891e-01
9.993003768310426693e-01
9.993699344849834576e-01
9.994343836997421349e-01
9.994939066977092113e-01
9.995486967877127427e-01
9.995989568299126216e-01
9.996448976802222441e-01
9.996867366169541747e-01
9.997246957543279855e-01
9.997590004498342342e-01
9.997898777150400207e-01
