9.997976659355143347e-01
9.997682257647211301e-01
9.997355753835058811e-01
9.996995110187225642e-01
9.996598313103720601e-01
9.996163386088323666e-01
9.995688402179833121e-01
9.995171495733852218e-01
9.994610873483211755e-01
9.994004824839988199e-01
9.993351731433461893e-01
9.992650075904901952e-01
9.991898450000638032e-01
9.991095562019198795e-01
9.990240243676175025e-01
9.989331456452521518e-01
9.988368297488894321e-01
9.987350005081443438e-01
9.986275963824400304e-01
9.985145709432956540e-01
9.983958933267590430e-01
9.982715486569018193e-01
9.981415384402267943e-01
9.980058809299539035e-01
9.978646114584915905e-01
9.977177827359863249e-01
9.975654651126740768e-01
9.974077468028125226e-01
9.972447340682440986e-01
9.970765513600714502e-01
9.969033414175036967e-01
9.967252653235937343e-01
9.965425025183051178e-01
9.963552507700712546e-01
9.961637261076998762e-01
9.959681627150835936e-01
9.957688127916765053e-01
9.955659463820222266e-01
9.953598511777651536e-01
9.951508322954830676e-01
9.949392120333402367e-01
9.947253296089516583e-01
9.945095408799558001e-01
9.942922180476350125e-01
9.940737493424971483e-01
9.938545386890790256e-01
9.936350053453860687e-01
9.934155835104021559e-01
9.931967218910385808e-01
9.929788832178313429e-01
9.927625436966960315e-01
9.925481923822101482e-01
9.923363304562726750e-01
9.921274703946745266e-01
9.919221350031619533e-01
9.917208563040349478e-01
9.915241742542382219e-01
9.913326352762819038e-01
9.911467905841820913e-01
9.909671942879129114e-01
9.907944012615802487e-01
9.906289647626164152e-01
9.904714337916978861e-01
9.903223501857535416e-01
9.901822454392931183e-01
9.900516372523110453e-01
9.899310258061588819e-01
9.898208897720226496e-01
9.897216820599595843e-01
9.896338253198579960e-01
9.895577072091702453e-01
9.894936754458412143e-01
9.894420326684932876e-01
9.894030311296063696e-01
9.893768672510899753e-01
9.893636760751993720e-01
9.893635256470826311e-01
9.893764113682211869e-01
9.894022503624738674e-01
9.894408758981937391e-01
9.894920319107729512e-01
9.895553676698458645e-01
9.896304326341179847e-01
9.897166715343130861e-01
9.898134197210315399e-01
9.899198988094218832e-01
9.900352126466054337e-01
9.901583436209141498e-01
9.902881493244374278e-01
9.904233595723743733e-01
9.905625737745437087e-01
9.907042586464137601e-01
9.908467462394513481e-01
9.909882322637352248e-01
9.911267746698503300e-01
9.912602924522618819e-01
9.913865646328058334e-01
9.915032293806902430e-01
9.916077832245318024e-01
9.916975803124261635e-01
9.917698316778275069e-01
9.918216044720137292e-01
9.918498211280418753e-01
9.918512584262497711e-01
9.918225464374375022e-01
9.917601673267699702e-01
9.916604540091074060e-01
9.915195886548509030e-01
9.913336010544382404e-01
9.910983668593658091e-01
9.908096057280268987e-01
9.904628794157993577e-01
9.900535898606903640e-01
9.895769773284749382e-01
9.890281186946237035e-01
9.884019259543436187e-01
9.876931450666306400e-01
9.868963552531538896e-01
9.860059688877910178e-01
9.850162321273552291e-01
9.839212264480652337e-01
9.827148712651141427e-01
9.813909278237645806e-01
9.799430045591681626e-01
9.783645641280335203e-01
9.766489323178512150e-01
9.747893090381750669e-01
9.727787815931207005e-01
9.706103404245377542e-01
9.682768975011386559e-01
9.657713075102317690e-01
9.630863919857562960e-01
9.602149664792969386e-01
9.571498708499961428e-01
9.538840027152004630e-01
9.504103540667115935e-01
9.467220510181659776e-01
9.428123966077973650e-01
9.386749165381862436e-01
9.343034076909941810e-01
9.296919892106608740e-01
9.248351559070352446e-01
9.197278336834360246e-01
9.143654366541588141e-01
9.087439255745017874e-01
9.028598671674932241e-01
8.967104938952478177e-01
8.902937636898410334e-01
8.836084191293972490e-01
8.766540455203477578e-01
8.694311273271760898e-01
8.619411023769993907e-01
8.541864132586374225e-01
8.461705553348598530e-01
8.378981207927145292e-01
8.293748381705039474e-01
8.206076068212763142e-01
8.116045258016177932e-01
8.023749167109055502e-01
7.929293400496510991e-01
7.832796047155292651e-01
7.734387703114339319e-01
7.634211420004308746e-01
7.532422577066960612e-01
7.429188675282163423e-01
7.324689052948238910e-01
7.219114522727145822e-01
7.112666930826654355e-01
7.005558639624451800e-01
6.898011935633899805e-01
6.790258365259256301e-01
6.682538001283250262e-01
6.575098643469204918e-01
6.468194957042581184e-01
6.362087553145888696e-01
6.257042015640841282e-01
6.153327878870166190e-01
6.051217561197095307e-01
5.950985259322797427e-01
5.852905808551169820e-01
5.757253514335203270e-01
5.664300960608033009e-01
5.574317800580658178e-01
5.487569535881066107e-01
5.404316290117324728e-01
5.324811583168224116e-01
5.249301112734775510e-01
5.178021549917397603e-01
5.111199355806919087e-01
5.049049626282278158e-01
4.991774972380508268e-01
4.939564443733469590e-01
4.892592502637232998e-01
4.851018056322591310e-01
4.814983554918387254e-01
4.784614162434634999e-01
4.760017007834352887e-01
4.741280522907617145e-01
4.728473873209233513e-01
4.721646487774270318e-01
4.720827692689284483e-01
4.726026452878708817e-01
4.737231225675271329e-01
4.754409928891367709e-01
4.777510025207585276e-01
4.806458723756787954e-01
4.841163298821096195e-01
4.881511524585688822e-01
4.927372223920311045e-01
4.978595928196107856e-01
5.035015644202642804e-01
5.096447723314780909e-01
5.162692827180650479e-01
5.233536983365126849e-01
5.308752723596386058e-01
5.388100296529667599e-01
5.471328946270908045e-01
5.558178247296842178e-01
5.648379485876033890e-01
5.741657077642197127e-01
5.837730010605358677e-01
5.936313302614346643e-01
6.037119462113866852e-01
6.139859940977285824e-01
6.244246568249338658e-01
6.349992953805733142e-01
6.456815851233306258e-01
6.564436469656305118e-01
6.672581724781336820e-01
6.780985420101581784e-01
6.889389349984953448e-01
6.997544317261467084e-01
7.105211058910709809e-01
7.212161074517190462e-01
7.318177353292625309e-01
7.423054996641782477e-01
7.526601734453124415e-01
7.628638334506002705e-01
7.728998905582784573e-01
7.827531096035869052e-01
7.924096190667048178e-01
8.018569109811876094e-01
8.110838315467905346e-01
8.200805630149080594e-01
8.288385974877160445e-01
8.373507033325703341e-01
8.456108849607062439e-01
8.536143367534105852e-01
8.613573919396297907e-01
8.688374672366295792e-01
8.760530040604018742e-01
8.830034070957611947e-01
8.896889809885197842e-01
8.961108658849284980e-01
9.022709724981136103e-01
9.081719173289328761e-01
9.138169586110800324e-01
9.192099334889249906e-01
9.243551968729868396e-01
9.292575623536087903e-01
9.339222454896403125e-01
9.383548097270159039e-01
9.425611151430627332e-01
9.465472701571022718e-01
9.503195862971022256e-01
9.538845360663034123e-01
9.572487139132095368e-01
9.604188002732159113e-01
9.634015286204558048e-01
9.662036554439858982e-01
9.688319330429374654e-01
9.712930850203363997e-01
9.735937843445073847e-01
9.757406338398145751e-01
9.777401489644391708e-01
9.795987427314383211e-01
9.813227126299621794e-01
9.829182294057700053e-01
9.843913275636658744e-01
9.857478974588154141e-01
9.869936788488167245e-01
9.881342557836674256e-01
9.891750527162224138e-01
9.901213317212943510e-01
9.909781907171378856e-01
9.917505625886856579e-01
9.924432151175532901e-01
9.930607516295422155e-01
9.936076122761261509e-01
9.940880758722274724e-01
9.945062622184268619e-01
9.948661348415530625e-01
9.951715040932854750e-01
9.954260305518598528e-01
9.956332286770848139e-01
9.957964706735288329e-01
9.959189905208151172e-01
9.960038881333906913e-01
9.960541336148582836e-01
9.960725715739826569e-01
9.960619254708492631e-01
9.960248019624626803e-01
9.959636952174641955e-01
9.958809911697968920e-01
9.957789716812541769e-01
9.956598185831047054e-01
9.955256175676059360e-01
9.953783619013437667e-01
9.952199559341160517e-01
9.950522183795824649e-01
9.948768853471638973e-01
9.946956131086590602e-01
9.945099805876762566e-01
9.943214915651263919e-01
9.941315765995230036e-01
9.939415946665025592e-01
9.937528345276132047e-01
9.935665158438209410e-01
9.933837900541626631e-01
9.932057410443784207e-01
9.930333856340272103e-01
9.928676739134570939e-01
9.927094894639721945e-01
9.925596494956147042e-01
9.924189049371638927e-01
9.922879405122971841e-01
9.921673748344388422e-01
9.920577605507571173e-01
9.919595845631612452e-01
9.918732683511575221e-01
9.917991684181614032e-01
9.917375768794857160e-01
9.916887222068397900e-01
9.916527701409011408e-01
9.916298247804332666e-01
9.916199298535822715e-01
9.916230701744268572e-01
9.916391732855789343e-01
9.916681112856182700e-01
9.917097028383672352e-01
9.917637153593998889e-01
9.918298673737062643e-01
9.919078310370135210e-01
9.919972348118821781e-01
9.920976662882967645e-01
9.922086751370525759e-01
9.923297761828008268e-01
9.924604525821880685e-01
9.926001590911324168e-01
9.927483254039907168e-01
9.929043595462226923e-01
9.930676513012208773e-01
9.932375756512842324e-01
9.934134962123155610e-01
9.935947686417350155e-01
9.937807439993278091e-01
9.939707720412769287e-01
9.941642044284386692e-01
9.943603978309696334e-01
9.945587169126491878e-01
9.947585371796321407e-01
9.949592476798396756e-01
9.951602535407350070e-01
9.953609783347797668e-01
9.955608662634105599e-01
9.957593841519014610e-01
9.959560232489669263e-01
9.961503008264357417e-01
9.963417615757665935e-01
9.965299787996280134e-01
9.967145553981970885e-01
9.968951246512960385e-01
9.970713507989436009e-01
9.972429294243836395e-01
9.974095876451279929e-01
9.975710841190125189e-01
9.977272088736787170e-01
9.978777829692228041e-01
9.980226580049632590e-01
9.981617154823034799e-01
9.982948660364809879e-01
9.984220485505268528e-01
9.985432291649802838e-01
9.986584001967823143e-01
9.987675789802803461e-01
9.988708066424332177e-01
9.989681468231237371e-01
9.990596843500341162e-01
9.991455238758787383e-01
9.992257884840377580e-01
9.993006182669041948e-01
9.993701688796806648e-01
9.994346100710761460e-01
9.994941241914790941e-01
9.995489046788198495e-01
9.995991545225619834e-01
9.996450847070991186e-01
9.996869126372619485e-01
9.997248605505981711e-01
9.997591539234480518e-01
9.997900198804420269e-01
