9.997975723363168310e-01
9.997681114908164579e-01
9.997354366097619405e-01
9.996993433854285405e-01
9.996596298840043637e-01
9.996160978465052915e-01
9.995685539368980299e-01
9.995168109266111545e-01
9.994606888082143703e-01
9.994000158344866769e-01
9.993346294821819908e-01
9.992643773424032538e-01
9.991891179415093305e-01
9.991087214978721098e-01
9.990230706205547317e-01
9.989320609561704867e-01
9.988356017898584183e-01
9.987336166055991171e-01
9.986260436101019877e-01
9.985128362233424149e-01
9.983939635376304356e-01
9.982694107459458843e-01
9.981391795392661193e-01
9.980032884717852104e-01
9.978617732923324990e-01
9.977146872399416111e-01
9.975621013014114302e-01
9.974041044288060043e-01
9.972408037151523352e-01
9.970723245270624036e-01
9.968988105935960853e-01
9.967204240513639624e-01
9.965373454465757952e-01
9.963497736954627371e-01
9.961579260051670603e-01
9.959620377577825812e-01
9.957623623606927099e-01
9.955591710666563676e-01
9.953527527672020314e-01
9.951434137627753751e-01
9.949314775127202637e-01
9.947172843675490261e-01
9.945011912850509894e-01
9.942835715306211908e-01
9.940648143607623277e-01
9.938453246870556645e-01
9.936255227160504244e-01
9.934058435585276792e-01
9.931867367995268481e-01
9.929686660184351421e-01
9.927521082464197955e-01
9.925375533465982114e-01
9.923255033006783687e-01
9.921164713844271565e-01
9.919109812133121151e-01
9.917095656390595426e-01
9.915127654777267097e-01
9.913211280502154388e-01
9.911352055169699860e-01
9.909555529898831372e-01
9.907827264061581651e-01
9.906172801509933734e-01
9.904597644184155447e-01
9.903107223023321914e-01
9.901706866128460183e-01
9.900401764160149387e-01
9.899196932985174779e-01
9.898097173620559186e-01
9.897107029557798974e-01
9.896230741585307911e-01
9.895472200262829254e-01
9.894834896237874045e-01
9.894321868630839845e-01
9.893935651752078231e-01
9.893678220450283778e-01
9.893550934426238452e-01
9.893554481878256146e-01
9.893688822874133759e-01
9.893953132867647771e-01
9.894345746793918872e-01
9.894864104185863152e-01
9.895504695751852209e-01
9.896263011841714974e-01
9.897133493203492671e-01
9.898109484396783175e-01
9.899183190180518288e-01
9.900345635134616407e-01
9.901586626707670202e-01
9.902894721808864764e-01
9.904257196983978773e-01
9.905660022135464038e-01
9.907087837667876151e-01
9.908523934865199889e-01
9.909950239238297653e-01
9.911347296521115791e-01
9.912694260945100755e-01
9.913968885383972474e-01
9.915147512936334229e-01
9.916205069502026515e-01
9.917115056909686643e-01
9.917849546167226693e-01
9.918379170433377912e-01
9.918673117346255008e-01
9.918699120393184021e-01
9.918423449064064368e-01
9.917810897597421071e-01
9.916824772203586269e-01
9.915426876732489347e-01
9.913577496844399040e-01
9.911235382840318797e-01
9.908357731414940694e-01
9.904900166709171838e-01
9.900816721161468381e-01
9.896059816787525776e-01
9.890580247655993418e-01
9.884327164472935801e-01
9.877248062338502832e-01
9.869288772893449746e-01
9.860393462227901029e-01
9.850504636076474752e-01
9.839563153967867404e-01
9.827508254128508591e-01
9.814277591053036653e-01
9.799807287743845796e-01
9.784032004681860739e-01
9.766885027616296622e-01
9.748298376247644947e-01
9.728202935822474196e-01
9.706528613558251806e-01
9.683204521670581988e-01
9.658159188584218846e-01
9.631320799674586430e-01
9.602617468611107654e-01
9.571977540060937484e-01
9.539329924166155550e-01
9.504604462833851075e-01
9.467732327481828136e-01
9.428646447468045366e-01
9.387281968004317356e-01
9.343576735919165710e-01
9.297471811195738844e-01
9.248912001773037517e-01
9.197846418666830726e-01
9.144229048045353636e-01
9.088019336488837308e-01
9.029182785276319567e-01
8.967691549183239852e-01
8.903525034944784755e-01
8.836670494248751728e-01
8.767123605873916592e-01
8.694889041391841156e-01
8.619981008707707781e-01
8.542423767635072274e-01
8.462252111685456546e-01
8.379511810311014441e-01
8.294260005970396366e-01
8.206565560596277287e-01
8.116509346328388830e-01
8.024184475736556577e-01
7.929696467190971987e-01
7.833163341536016899e-01
7.734715646781809006e-01
7.634496408134872070e-01
7.532661001334394202e-01
7.429376947931005670e-01
7.324823631827599435e-01
7.219191937082116706e-01
7.112683807637716349e-01
7.005511730283227045e-01
6.897898142745857442e-01
6.790074769369807139e-01
6.682281887332603976e-01
6.574767526792484329e-01
6.467786608744579002e-01
6.361600024693421229e-01
6.256473662529848934e-01
6.152677383238863706e-01
6.050483953270262560e-01
5.950167937585584266e-01
5.852004558563619341e-01
5.756268526110372985e-01
5.663232844487608997e-01
5.573167601551561878e-01
5.486338746284518120e-01
5.403006860707684211e-01
5.323425932481775646e-01
5.247842134728083474e-01
5.176492619829544672e-01
5.109604334189772334e-01
5.047392861126527297e-01
4.990061299242891657e-01
4.937799183741733433e-01
4.890781458214966682e-01
4.849167504436593390e-01
4.813100237608696208e-01
4.782705274343982405e-01
4.758090180412071213e-01
4.739343804926627879e-01
4.726535707207262238e-01
4.719715682015434011e-01
4.718913388243987095e-01
4.724138085441191848e-01
4.735378481782677174e-01
4.752602696277550276e-01
4.775758337120019625e-01
4.804772697186090458e-01
4.839553066737283249e-01
4.879987162441563608e-01
4.925943670864357804e-01
4.977272903630434175e-01
5.033807560518175350e-01
5.095363595828767966e-01
5.161741182482179058e-01
5.232725767435085773e-01
5.308089211200334168e-01
5.387591003479653695e-01
5.470979546208165623e-01
5.557993494658109990e-01
5.648363146668844426e-01
5.741811869568318460e-01
5.838057553937837652e-01
5.936814083055823588e-01
6.037792806646715693e-01
6.140704007466507575e-01
6.245258349284869004e-01
6.351168294980715778e-01
6.458149483757988918e-01
6.565922056913118254e-01
6.674211922144003273e-01
6.782751947078458077e-01
6.891283073511047519e-01
6.999555344760819420e-01
7.107328839585733693e-01
7.214374507196873454e-01
7.320474899088874610e-01
7.425424794622725866e-01
7.529031718542275042e-01
7.631116349854708547e-01
7.731512822736650303e-01
7.830068921319687236e-01
7.926646171342830449e-01
8.021119832715437603e-01
8.113378797996544378e-01
8.203325402651105991e-01
8.290875153678705090e-01
8.375956383817351192e-01
8.458509838998248265e-01
8.538488207063898994e-01
8.615855595962066404e-01
8.690586969694591435e-01
8.762667550238812941e-01
8.832092193478330300e-01
8.898864746889485478e-01
8.962997396342463619e-01
9.024510008904969016e-01
9.083429477996841639e-01
9.139789076651249067e-01
9.193627824007785110e-01
9.244989869510524816e-01
9.293923898624454338e-01
9.340482563230774193e-01
9.384721939227576026e-01
9.426701013258318440e-01
9.466481199925507184e-01
9.504125890328014581e-01
9.539700032292933729e-01
9.573269742259931103e-01
9.604901948419327651e-01
9.634664064404303563e-01
9.662623692591055802e-01
9.688848355865619100e-01
9.713405256568262702e-01
9.736361061221516788e-01
9.757781709580579665e-01
9.777732246509918124e-01
9.796276675181839755e-01
9.813477830106474009e-01
9.829397268533219822e-01
9.844095178806923085e-01
9.857630304314127789e-01
9.870059881712696104e-01
9.881439592199479094e-01
9.891823524633871489e-01
9.901264149398789627e-01
9.909812301944249668e-01
9.917517175021964837e-01
9.924426318682152415e-01
9.930585647166049190e-01
9.936039451889500107e-01
9.940830419774198123e-01
9.944999656243411756e-01
9.948586712257732056e-01
9.951629614822702363e-01
9.954164900453162934e-01
9.956227651127744771e-01
9.957851532310046938e-01
9.959068832649875525e-01
9.959910505007754100e-01
9.960406208468624012e-01
9.960584351026322558e-01
9.960472132629781816e-01
9.960095588286095314e-01
9.959479630916091564e-01
9.958648093656781164e-01
9.957623771303902860e-01
9.956428460588951923e-01
9.955082998990240073e-01
9.953607301788534034e-01
9.952020397095675541e-01
9.950340458610132943e-01
9.948584835886782329e-01
9.946770081949039000e-01
9.944911978118817775e-01
9.943025555992370812e-01
9.941125116546200013e-01
9.939224246414976038e-01
9.937335831440761158e-01
9.935472067647815875e-01
9.933644469847980885e-01
9.931863878126441225e-01
9.930140462495240516e-01
9.928483726031199774e-01
9.926902506835353357e-01
9.925404979162303354e-01
9.923998654070272929e-01
9.922690379936522920e-01
9.921486343168925970e-01
9.920392069424103232e-01
9.919412425616507267e-01
9.918551622972880955e-01
9.917813221353649622e-01
9.917200135028598762e-01
9.916714640059719477e-01
9.916358383410444066e-01
9.916132393868569705e-01
9.916037094840418620e-01
9.916072319046684846e-01
9.916237325126007196e-01
9.916530816130411097e-01
9.916950959877204319e-01
9.917495411104121361e-01
9.918161335358188779e-01
9.918945434533357197e-01
9.919843973957175320e-01
9.920852810912309527e-01
9.921967424464580576e-01
9.923182946455409992e-01
9.924494193503362593e-01
9.925895699847302467e-01
9.927381750852819486e-01
9.928946416994623991e-01
9.930583588120882599e-01
9.932287007801345879e-01
9.934050307559743054e-01
9.935867040792478733e-01
9.937730716179868917e-01
9.939634830402982457e-01
9.941572899988049272e-01
9.943538492111108074e-01
9.945525254207469024e-01
9.947526942243425374e-01
9.949537447520802047e-01
9.951550821898363930e-01
9.953561301327373823e-01
9.955563327611758329e-01
9.957551568316289625e-01
9.959520934759139577e-01
9.961466598038064557e-01
9.963384003052688787e-01
9.965268880498874271e-01
9.967117256825198668e-01
9.968925462156115191e-01
9.970690136201504350e-01
9.972408232187852661e-01
9.974077018862024246e-01
9.975694080634386340e-01
9.977257315943252047e-01
9.978764933937089854e-01
9.980215449583951237e-01
9.981607677328716566e-01
9.982940723427459195e-01
9.984213977093971959e-01
9.985427100595895000e-01
9.986580018436616024e-01
9.987672905754054753e-01
9.988706176058648190e-01
9.989680468420696346e-01
9.990596634202203452e-01
9.991455723411354350e-01
9.992258970739854584e-01
9.993007781325704553e-01
9.993703716268024229e-01
9.994348477907571970e-01
9.994943894877819091e-01
9.995491906928014592e-01
9.995994549522084771e-01
9.996453938225946523e-01
9.996872252910454781e-01
9.997251721817187464e-01
9.997594605558266512e-01
9.997903181147851370e-01
