9.997975444519978661e-01
9.997680773499045825e-01
9.997353949432958853e-01
9.996992927054914047e-01
9.996595684559416162e-01
9.996160236598833349e-01
9.995684646756274327e-01
9.995167039387498065e-01
9.994605610760536329e-01
9.993998639456043165e-01
9.993344496022090739e-01
9.992641651903011457e-01
9.991888687681799164e-01
9.991084300689220266e-01
9.990227312040127483e-01
9.989316673158982196e-01
9.988351471853145203e-01
9.987330937985056112e-01
9.986254448784284143e-01
9.985121533828684726e-01
9.983931879711795965e-01
9.982685334402046085e-01
9.981381911289234354e-01
9.980021792905500178e-01
9.978605334302239616e-01
9.977133066060978051e-01
9.975605696915365028e-01
9.974024115962795145e-01
9.972389394447536137e-01
9.970702787102241338e-01
9.968965733041007526e-01
9.967179856204141375e-01
9.965346965362273934e-01
9.963469053694850031e-01
9.961548297964908372e-01
9.959587057318097791e-01
9.957587871738659002e-01
9.955553460198116600e-01
9.953486718533613997e-01
9.951390717091574967e-01
9.949268698168708402e-01
9.947124073276016887e-01
9.944960420242319188e-01
9.942781480162042884e-01
9.940591154177632616e-01
9.938393500070311637e-01
9.936192728614372527e-01
9.933993199630239967e-01
9.931799417650792883e-01
9.929616027094584352e-01
9.927447806819311715e-01
9.925299663910064352e-01
9.923176626540125556e-01
9.921083835728293776e-01
9.919026535806372280e-01
9.917010063404292364e-01
9.915039834758557769e-01
9.913121331152722204e-01
9.911260082306361241e-01
9.909461647541477625e-01
9.907731594572064537e-01
9.906075475783430173e-01
9.904498801892136495e-01
9.903007012904639916e-01
9.901605446322310211e-01
9.900299302571929916e-01
9.899093607673699058e-01
9.897993173192777272e-01
9.897002553555366289e-01
9.896126000846018345e-01
9.895367417239359087e-01
9.894730305256295155e-01
9.894217716072202240e-01
9.893832196141808533e-01
9.893575732442213555e-01
9.893449696670609805e-01
9.893454788765901897e-01
9.893590980152001668e-01
9.893857457123755861e-01
9.894252564812533457e-01
9.894773752175946013e-01
9.895417518453640815e-01
9.896179361517490891e-01
9.897053728519169535e-01
9.898033969201003313e-01
9.899112292187522977e-01
9.900279724516426461e-01
9.901526074600269789e-01
9.902839898736324198e-01
9.904208471204026809e-01
9.905617757910084586e-01
9.907052393463305906e-01
9.908495661487281003e-01
9.909929477911656459e-01
9.911334376923970346e-01
9.912689499215675548e-01
9.913972582119268129e-01
9.915159951209169265e-01
9.916226512927558412e-01
9.917145747797653232e-01
9.917889703800629730e-01
9.918428989517877881e-01
9.918732766676801038e-01
9.918768741785154441e-01
9.918503156595142034e-01
9.917900777203466633e-01
9.916924881666799863e-01
9.915537246093272250e-01
9.913698129259569392e-01
9.911366255899961564e-01
9.908498798918488060e-01
9.905051360888607048e-01
9.900977955326281110e-01
9.896230988352636704e-01
9.890761241500741763e-01
9.884517856566897853e-01
9.877448323558726262e-01
9.869498472948111667e-01
9.860612473593791671e-01
9.850732837852278490e-01
9.839800435542345181e-01
9.827754518562357156e-01
9.814532758075668051e-01
9.800071296271438692e-01
9.784304814770823366e-01
9.767166621776439683e-01
9.748588760051748459e-01
9.728502137763089808e-01
9.706836684118130831e-01
9.683521531589599496e-01
9.658485226322441886e-01
9.631655968087764474e-01
9.602961880870705125e-01
9.572331314865382135e-01
9.539693180302797337e-01
9.504977313161757646e-01
9.468114872413835315e-01
9.429038768036188678e-01
9.387684118595958083e-01
9.343988736771968728e-01
9.297893640738388310e-01
9.249343588895654333e-01
9.198287635000979012e-01
9.144679700328790517e-01
9.088479159085406378e-01
9.029651432917044085e-01
8.968168589991269979e-01
8.904009943804651606e-01
8.837162646579577174e-01
8.767622271866891692e-01
8.695393380774214531e-01
8.620490066098422943e-01
8.542936468560754504e-01
8.462767259328949354e-01
8.380028083067763145e-01
8.294775955889867047e-01
8.207079612785961320e-01
8.117019799396142377e-01
8.024689503342840036e-01
7.930194120775773126e-01
7.833651554275821161e-01
7.735192238820156607e-01
7.634959093116017170e-01
7.533107394253825140e-01
7.429804574299775366e-01
7.325229938129851348e-01
7.219574302487941075e-01
7.113039556916580519e-01
7.005838147847821551e-01
6.898192487742272894e-01
6.790334291718023163e-01
6.682503844611620281e-01
6.574949201857023251e-01
6.467925327954915371e-01
6.361693176637003289e-01
6.256518717111987371e-01
6.152671911020222151e-01
6.050425644930543800e-01
5.950054623395769626e-01
5.851834227752430451e-01
5.756039346015244806e-01
5.662943179384923864e-01
5.572816031066019082e-01
5.485924083282880392e-01
5.402528168587519275e-01
5.322882541771382092e-01
5.247233658919067123e-01
5.175818970368619709e-01
5.108865734560659178e-01
5.046589859956058799e-01
4.989194782367332159e-01
4.936870385169036535e-01
4.889791969915805447e-01
4.848119284891388991e-01
4.811995619028497373e-01
4.781546968470314907e-01
4.756881282784284348e-01
4.738087797485627251e-01
4.725236459081599838e-01
4.718377448311633637e-01
4.717540806637540163e-01
4.722736170341022000e-01
4.733952615820654630e-01
4.751158618858614124e-01
4.774302129759575575e-01
4.803310765361865631e-01
4.838092117994763353e-01
4.878534180516697072e-01
4.924505885626647705e-01
4.975857756703534474e-01
5.032422666504092756e-01
5.094016699145222926e-01
5.160440109918589258e-01
5.231478376639181471e-01
5.306903335421148116e-01
5.386474393010411976e-01
5.469939807089927442e-01
5.557038025317673213e-01
5.647499073267991943e-01
5.741045980931438475e-01
5.837396236997469678e-01
5.936263259807030845e-01
6.037357873628872440e-01
6.140389778793040598e-01
6.245069004216876607e-01
6.351107330989065325e-01
6.458219675942000748e-01
6.566125424543681754e-01
6.674549702978487264e-01
6.783224579957044531e-01
6.891890189593816718e-01
7.000295767606106168e-01
7.108200594107885184e-01
7.215374837380037487e-01
7.321600294177201818e-01
7.426671023360508217e-01
7.530393870903413500e-01
7.632588885582588523e-01
7.733089625914970622e-01
7.831743360113936347e-01
7.928411161991468781e-01
8.022967906809828076e-01
8.115302172068881159e-01
8.205316049089075303e-01
8.292924872003138992e-01
8.378056871393076976e-01
8.460652760296683006e-01
8.540665260656995494e-01
8.618058578498443145e-01
8.692807836188511939e-01
8.764898470088650084e-01
8.834325601721619847e-01
8.901093390294689822e-01
8.965214374031533762e-01
9.026708807294081538e-01
9.085603999934031005e-01
9.141933664717710739e-01
9.195737278033269124e-01
9.247059458431476919e-01
9.295949366885585263e-01
9.342460131995584671e-01
9.386648302720569381e-01
9.428573330610637848e-01
9.468297082936033560e-01
9.505883387583502486e-01
9.541397610113265815e-01
9.574906262948319480e-01
9.606476646302285483e-01
9.636176520143018287e-01
9.664073806234881880e-01
9.690236319100373752e-01
9.714731524587750799e-01
9.737626324620944906e-01
9.758986866636281121e-01
9.778878376171945552e-01
9.797365011065514162e-01
9.814509735726812956e-01
9.830374213983225085e-01
9.845018719037805788e-01
9.858502059133555928e-01
9.870881517576660658e-01
9.882212805835211000e-01
9.892550028495759040e-01
9.901945658927140403e-01
9.910450524568245045e-01
9.918113800823684656e-01
9.924983012618281419e-01
9.931104042727975090e-01
9.936521146070947941e-01
9.941276969208329151e-01
9.945412574368192038e-01
9.948967467369110862e-01
9.951979628879390471e-01
9.954485548504025116e-01
9.956520261242601810e-01
9.958117385906383179e-01
9.959309165120961982e-01
9.960126506571516103e-01
9.960599025170479015e-01
9.960755085842818435e-01
9.960621846632619070e-01
9.960225301837642986e-01
9.959590324877605205e-01
9.958740710598907864e-01
9.957699216715751867e-01
9.956487604086913246e-01
9.955126675531043023e-01
9.953636312892821802e-01
9.952035512088890368e-01
9.950342415886933578e-01
9.948574344203851005e-01
9.946747821749135632e-01
9.944878602886588759e-01
9.942981693639867391e-01
9.941071370823461040e-01
9.939161198338578584e-01
9.937264040730919845e-01
9.935392074162625597e-01
9.933556795001702300e-01
9.931769026277390555e-01
9.930038922287913739e-01
9.928375971676721701e-01
9.926788999314203332e-01
9.925286167333580156e-01
9.923874975672468679e-01
9.922562262465923766e-01
9.921354204623349382e-01
9.920256318901644610e-01
9.919273463761367760e-01
9.918409842263095078e-01
9.917669006228611028e-01
9.917053861857642039e-01
9.916566676956563020e-01
9.916209089902030538e-01
9.915982120430527624e-01
9.915886182315039044e-01
9.915921097962780983e-01
9.916086114943114538e-01
9.916379924432502380e-01
9.916800681543105345e-01
9.917346027483203708e-01
9.918013113480351750e-01
9.918798626381901684e-01
9.919698815831694549e-01
9.920709522906248079e-01
9.921826210078668051e-01
9.923043992363771437e-01
9.924357669484000777e-01
9.925761758882865049e-01
9.927250529401525636e-01
9.928818035425034383e-01
9.930458151298254821e-01
9.932164605807859425e-01
9.933931016526216240e-01
9.935750923815550584e-01
9.937617824296198776e-01
9.939525203590937608e-01
9.941466568167646178e-01
9.943435476114637073e-01
9.945425566696142194e-01
9.947430588549309727e-01
9.949444426398065255e-01
9.951461126173116734e-01
9.953474918440833319e-01
9.955480240056794328e-01
9.957471753972347850e-01
9.959444367134790976e-01
9.961393246433835058e-01
9.963313832659275171e-01
9.965201852447220787e-01
9.967053328205299767e-01
9.968864586020859120e-01
9.970632261570482324e-01
9.972353304064067725e-01
9.974024978272021391e-01
9.975644864699603209e-01
9.977210857987733883e-01
9.978721163634072244e-01
9.980174293141528263e-01
9.981569057712831317e-01
9.982904560618943712e-01
9.984180188375263443e-01
9.985395600862425614e-01
9.986550720527611613e-01
9.987645720797551085e-01
9.988681013825868593e-01
9.989657237685432012e-01
9.990575243101430525e-01
9.991436079803950321e-01
9.992240982560826046e-01
9.992991356933856872e-01
9.993688764785378931e-01
9.994334909549057455e-01
9.994931621269920186e-01
9.995480841415034234e-01
9.995984607458596738e-01
9.996445037253831600e-01
9.996864313218740694e-01
9.997244666382708589e-01
9.997588360364989546e-01
9.997897675382647620e-01
