9.997974656235563140e-01
9.997679859614508890e-01
9.997352892955237991e-01
9.996991709006136650e-01
9.996594283761179867e-01
9.996158629435605292e-01
9.995682806917928209e-01
9.995164937591746179e-01
9.994603214456847518e-01
9.993995912513552460e-01
9.993341398405028997e-01
9.992638139338204661e-01
9.991884711323826274e-01
9.991079806789816553e-01
9.990222241629311828e-01
9.989310961746146189e-01
9.988345049156921451e-01
9.987323727701137299e-01
9.986246368400447659e-01
9.985112494496108937e-01
9.983921786181251257e-01
9.982674085032798850e-01
9.981369398137399651e-01
9.980007901897318678e-01
9.978589945496154634e-01
9.977116054000724210e-01
9.975586931074418295e-01
9.974003461278647675e-01
9.972366711942382000e-01
9.970677934584830648e-01
9.968938565882742298e-01
9.967150228180976512e-01
9.965314729552728901e-01
9.963434063423400877e-01
9.961510407779332610e-01
9.959546123988912703e-01
9.957543755268670749e-01
9.955506024830275136e-01
9.953435833745776229e-01
9.951336258567463622e-01
9.949210548735195614e-01
9.947062123797862920e-01
9.944894570466651373e-01
9.942711639506019994e-01
9.940517242453996705e-01
9.938315448146780584e-01
9.936110479004032214e-01
9.933906707011336268e-01
9.931708649315463822e-01
9.929520963327232996e-01
9.927348441206419460e-01
9.925196003584325632e-01
9.923068692362845278e-01
9.920971662415031256e-01
9.918910172001833558e-01
9.916889571713419782e-01
9.914915291741679404e-01
9.912992827293415354e-01
9.911127721961308090e-01
9.909325548881998680e-01
9.907591889527199713e-01
9.905932309994227580e-01
9.904352334686253867e-01
9.902857417299396614e-01
9.901452909062887775e-01
9.900144024209563964e-01
9.898935802686446017e-01
9.897833070148801538e-01
9.896840395315826822e-01
9.895962044801608348e-01
9.895201935571482643e-01
9.894563585210990331e-01
9.894050060232232324e-01
9.893663922680194789e-01
9.893407175338746473e-01
9.893281205871924389e-01
9.893286730269335028e-01
9.893423735993895907e-01
9.893691425253977600e-01
9.894088158838736380e-01
9.894611400963397863e-01
9.895257665569099359e-01
9.896022464508532623e-01
9.896900258023336727e-01
9.897884407882001634e-01
9.898967133498316473e-01
9.900139471291307114e-01
9.901391237479808538e-01
9.902710994430413693e-01
9.904086020599128792e-01
9.905502284027322135e-01
9.906944419274295033e-01
9.908395707594800372e-01
9.909838060102503787e-01
9.911252003601915828e-01
9.912616668723415181e-01
9.913909779959871882e-01
9.915107647179848271e-01
9.916185158181620718e-01
9.917115771854368989e-01
9.917871511527194262e-01
9.918422958112680377e-01
9.918739242688509039e-01
9.918788038207458913e-01
9.918535550082046015e-01
9.917946505454432460e-01
9.916984141034514977e-01
9.915610189468978541e-01
9.913784864291459442e-01
9.911466843598962795e-01
9.908613252702519469e-01
9.905179646111154090e-01
9.901119989327822335e-01
9.896386641064188749e-01
9.890930336617748120e-01
9.884700173299146853e-01
9.877643598948283588e-01
9.869706404732774274e-01
9.860832723578762948e-01
9.850965035738112885e-01
9.840044183143145107e-01
9.828009394335227578e-01
9.814798321871011089e-01
9.800347094204104881e-01
9.784590384104935312e-01
9.767461495712016495e-01
9.748892472299376388e-01
9.728814226793928155e-01
9.707156696980553390e-01
9.683849027190647440e-01
9.658819778081966234e-01
9.631997165885289869e-01
9.603309332219389649e-01
9.572684645263543901e-01
9.540052032730790277e-01
9.505341346710058925e-01
9.468483760046315645e-01
9.429412193510284812e-01
9.388061772578143449e-01
9.344370312202098239e-01
9.298278827509762756e-01
9.249732067928623236e-01
9.198679071796500573e-01
9.145073738094383620e-01
9.088875411529637738e-01
9.030049476810089182e-01
8.968567957588664541e-01
8.904410115229420830e-01
8.837563042254976686e-01
8.768022245088512578e-01
8.695792210506608777e-01
8.620886950078198163e-01
8.543330516785360151e-01
8.463157488008664631e-01
8.380413409117395407e-01
8.295155192036606229e-01
8.207451463370397660e-01
8.117382856944270753e-01
8.025042245987747958e-01
7.930534910608058041e-01
7.833978636701137699e-01
7.735503743000458066e-01
7.635253033567287462e-01
7.533381673667514100e-01
7.430056987647414291e-01
7.325458178100248130e-01
7.219775966294406100e-01
7.113212154497778883e-01
7.005979111470405085e-01
6.898299182997107426e-01
6.790404029884749004e-01
6.682533896349331926e-01
6.574936812162132105e-01
6.467867732311775031e-01
6.361587618272426248e-01
6.256362465252330862e-01
6.152462280038961673e-01
6.050160014265704156e-01
5.949730458110145115e-01
5.851449099605139370e-01
5.755590954910765333e-01
5.662429375065209936e-01
5.572234834912380697e-01
5.485273710096794098e-01
5.401807048223329355e-01
5.322089340498427079e-01
5.246367300396581612e-01
5.174878656122661180e-01
5.107850963859037474e-01
5.045500448983999409e-01
4.988030882613120331e-01
4.935632500935218658e-01
4.888480974876849849e-01
4.846736437622863880e-01
4.810542577435225065e-01
4.780025803041009214e-01
4.755294488597515690e-01
4.736438304885739470e-01
4.723527642933680326e-01
4.716613135730500783e-01
4.715725283068166185e-01
4.720874183845800154e-01
4.732049379403895362e-01
4.749219810630866956e-01
4.772333890715227955e-01
4.801319694514388781e-01
4.836085264586681420e-01
4.876519032998397618e-01
4.922490357080766543e-01
4.973850166383365634e-01
5.030431717156429450e-01
5.092051449803194352e-01
5.158509943879208137e-01
5.229592964385559872e-01
5.305072592310920987e-01
5.384708431629701142e-01
5.468248884265640708e-01
5.555432483888598227e-01
5.645989278834229186e-01
5.739642253929653215e-01
5.836108780582356381e-01
5.935102084152944490e-01
6.036332717395525016e-01
6.139510028620778215e-01
6.244343613225544765e-01
6.350544737345947821e-01
6.457827722634413847e-01
6.565911281537896160e-01
6.674519792965789566e-01
6.783384508878897989e-01
6.892244683100376967e-01
7.000848614536507863e-01
7.108954597988047519e-01
7.216331776816506949e-01
7.322760892887161255e-01
7.428034930421876236e-01
7.531959651639613673e-01
7.634354023318294935e-01
7.735050534656893184e-01
7.833895408028934693e-01
7.930748705377572705e-01
8.025484334088069938e-01
8.117989957168938453e-01
8.208166813462556277e-01
8.295929454377541923e-01
8.381205404278575521e-01
8.463934752178550180e-01
8.544069682748767214e-01
8.621573954895287439e-01
8.696422336245877016e-01
8.768600001857401738e-01
8.838101905296097405e-01
8.904932129972877863e-01
8.969103228244987847e-01
9.030635555337471754e-01
9.089556604608086676e-01
9.145900350092823761e-01
9.199706601642030357e-01
9.251020377304965958e-01
9.299891296958107123e-01
9.346373000514168750e-01
9.390522593406823715e-01
9.432400121431930851e-01
9.472068076448834084e-01
9.509590933912616117e-01
9.545034722725297405e-01
9.578466627464840011e-01
9.609954622676892821e-01
9.639567138595903639e-01
9.667372757397998395e-01
9.693439938875441086e-01
9.717836774257826438e-01
9.740630766784108552e-01
9.761888637547253555e-01
9.781676155084551016e-01
9.800057987166205242e-01
9.817097573237780761e-01
9.832857015993566874e-01
9.847396990593830779e-01
9.860776670085402706e-01
9.873053665639169862e-01
9.884283980277346338e-01
9.894521974826018251e-01
9.903820344893280447e-01
9.912230107739421481e-01
9.919800597972714407e-01
9.926579471072106697e-01
9.932612713806486804e-01
9.937944660688848852e-01
9.942618015672395337e-01
9.946673878363774257e-01
9.950151774095420398e-01
9.953089687263461105e-01
9.955524097398453787e-01
9.957490017492337531e-01
9.959021034154952323e-01
9.960149349216443904e-01
9.960905822426988632e-01
9.961320014932237843e-01
9.961420233221900400e-01
9.961233573260510621e-01
9.960785964514967672e-01
9.960102213594388409e-01
9.959206047216191404e-01
9.958120154210221564e-01
9.956866226272326204e-01
9.955464997182131848e-01
9.953936280208599552e-01
9.952299003442612868e-01
9.950571242819161721e-01
9.948770252622981536e-01
9.946912493310364756e-01
9.945013656525552026e-01
9.943088687241273815e-01
9.941151803007950427e-01
9.939216510352939515e-01
9.937295618427925969e-01
9.935401250057107614e-01
9.933544850389334213e-01
9.931737193402149222e-01
9.929988386543341372e-01
9.928307873825191754e-01
9.926704437707373208e-01
9.925186200116277169e-01
9.923760622951419696e-01
9.922434508424098354e-01
9.921213999560318797e-01
9.920104581180274606e-01
9.919111081641494021e-01
9.918237675603490677e-01
9.917487888039747679e-01
9.916864599689341198e-01
9.916370054106760090e-01
9.916005866435442240e-01
9.915773033999113473e-01
9.915671948775638400e-01
9.915702411791198490e-01
9.915863649448161121e-01
9.916154331777905506e-01
9.916572592589770752e-01
9.917116051468788385e-01
9.917781837557462232e-01
9.918566615040217416e-01
9.919466610232777759e-01
9.920477640162638222e-01
9.921595142510822862e-01
9.922814206769433598e-01
9.924129606454507035e-01
9.925535832199756658e-01
9.927027125544428676e-01
9.928597513218351267e-01
9.930240841719669698e-01
9.931950811976271165e-01
9.933721013880630890e-01
9.935544960489900435e-01
9.937416121688346093e-01
9.939327957117493062e-01
9.941273948190062493e-01
9.943247629016515043e-01
9.945242616087154319e-01
9.947252636567728290e-01
9.949271555081771190e-01
9.951293398868201745e-01
9.953312381217502836e-01
9.955322923104116262e-01
9.957319672946396416e-01
9.959297524438571747e-01
9.961251632411957102e-01
9.963177426695211114e-01
9.965070623956024942e-01
9.966927237519447313e-01
9.968743585171275789e-01
9.970516294968585491e-01
9.972242309093600765e-01
9.973918885801603684e-01
9.975543599528120531e-01
9.977114339235069185e-01
9.978629305089301571e-01
9.980087003579658500e-01
9.981486241189695408e-01
9.982826116752069323e-01
9.984106012616649206e-01
9.985325584767322793e-01
9.986484752021779210e-01
9.987583684444143461e-01
9.988622791092197639e-01
9.989602707209344068e-01
9.990524280956973868e-01
9.991388559766312127e-01
9.992196776371100597e-01
9.992950334565012804e-01
9.993650794711638197e-01
9.994299859021712473e-01
9.994899356603255125e-01
9.995451228286359457e-01
9.995957511226430947e-01
9.996420323297837696e-01
9.996841847304217543e-01
9.997224315051194132e-01
9.997569991350989671e-01
9.997881158054676698e-01
