9.997970574379017039e-01
9.997675274892086072e-01
9.997347771792750581e-01
9.996986019995397488e-01
9.996587998424542043e-01
9.996151723015326285e-01
9.995675259174742200e-01
9.995156733595756959e-01
9.994594345353040588e-01
9.993986376243975123e-01
9.993331200369992562e-01
9.992627292979767706e-01
9.991873238616315600e-01
9.991067738624134220e-01
9.990209618080281295e-01
9.989297832215031647e-01
9.988331472384401888e-01
9.987309771649365286e-01
9.986232110006202367e-01
9.985098019300330252e-01
9.983907187843380493e-01
9.982659464741104882e-01
9.981354863928859622e-01
9.979993567902514240e-01
9.978575931126001386e-01
9.977102483092611385e-01
9.975573931015558893e-01
9.973991162124057341e-01
9.972355245544007873e-01
9.970667433747034680e-01
9.968929163557537221e-01
9.967142056714398679e-01
9.965307919991411856e-01
9.963428744888001010e-01
9.961506706908990205e-01
9.959544164458505877e-01
9.957543657378281621e-01
9.955507905164158178e-01
9.953439804896199172e-01
9.951342428917097083e-01
9.949219022290417547e-01
9.947073000064230452e-01
9.944907944357054275e-01
9.942727601271581506e-01
9.940535877627625361e-01
9.938336837489356590e-01
9.936134698443609414e-01
9.933933827566253649e-01
9.931738736993052097e-01
9.929554078990664445e-01
9.927384640403277283e-01
9.925235336331533764e-01
9.923111202883709847e-01
9.921017388825258410e-01
9.918959145942455313e-01
9.916941817929556535e-01
9.914970827606972570e-01
9.913051662280746301e-01
9.911189857061070141e-01
9.909390975969719628e-01
9.907660590682688673e-01
9.906004256774668670e-01
9.904427487355850213e-01
9.902935724018212538e-01
9.901534305037560380e-01
9.900228430808555302e-01
9.899023126522495941e-01
9.897923202131317932e-01
9.896933209676062049e-01
9.896057398093798252e-01
9.895299665653514154e-01
9.894663510208864254e-01
9.894151977493450545e-01
9.893767607722350199e-01
9.893512380801032791e-01
9.893387660478916157e-01
9.893394137818338763e-01
9.893531774379207278e-01
9.893799745543583324e-01
9.894196384421125590e-01
9.894719126784169427e-01
9.895364457478751374e-01
9.896127858744045991e-01
9.897003760846795339e-01
9.897985495399288514e-01
9.899065251679836086e-01
9.900234036214518030e-01
9.901481635810090998e-01
9.902796584152412374e-01
9.904166132005182144e-01
9.905576220963031586e-01
9.907011460633834421e-01
9.908455109050333665e-01
9.909889056043368338e-01
9.911293809250226738e-01
9.912648482383806803e-01
9.913930785352510489e-01
9.915117015797945133e-01
9.916182051607878023e-01
9.917099343965369851e-01
9.917840910511122043e-01
9.918377328224188272e-01
9.918677725665407952e-01
9.918709774277297830e-01
9.918439678492845246e-01
9.917832164472814016e-01
9.916850467366233879e-01
9.915456317071190684e-01
9.913609922562724996e-01
9.911269954951521521e-01
9.908393529541283939e-01
9.904936187264533620e-01
9.900851875996182772e-01
9.896092932371810535e-01
9.890610064872775720e-01
9.884352339082572714e-01
9.877267166166822099e-01
9.869300295781118226e-01
9.860395814763703859e-01
9.850496153120185117e-01
9.839542098950790905e-01
9.827472824102009286e-01
9.814225922438413185e-01
9.799737462721423986e-01
9.783942058144020626e-01
9.766772954598879064e-01
9.748162139747537092e-01
9.728040474906325397e-01
9.706337851668619399e-01
9.682983375041198659e-01
9.657905574685271555e-01
9.631032645621504518e-01
9.602292719485518990e-01
9.571614167109449012e-01
9.538925932860323753e-01
9.504157900792080671e-01
9.467241292269849007e-01
9.428109094308012583e-01
9.386696517432528974e-01
9.342941481438122864e-01
9.296785126967319624e-01
9.248172350395651442e-01
9.197052359070716498e-01
9.143379243527021139e-01
9.087112562888814971e-01
9.028217939284745031e-01
8.966667656736633241e-01
8.902441259655829997e-01
8.835526145790379982e-01
8.765918148220739337e-01
8.693622100807050224e-01
8.618652381352884806e-01
8.541033426674518036e-01
8.460800213755903521e-01
8.377998701231980094e-01
8.292686225579435355e-01
8.204931846606591250e-01
8.114816637122670429e-01
8.022433912029672820e-01
7.927889392514171352e-01
7.831301301515719571e-01
7.732800387206036907e-01
7.632529871819077050e-01
7.530645323815488013e-01
7.427314452033701997e-01
7.322716821160155654e-01
7.217043488530003881e-01
7.110496562933223963e-01
7.003288686737383362e-01
6.895642443236240648e-01
6.787789691684227300e-01
6.679970832974664319e-01
6.572434009360279550e-01
6.465434241998562204e-01
6.359232510433505681e-01
6.254094778404479804e-01
6.150290970610093888e-01
6.048093905258062897e-01
5.947778187411530970e-01
5.849619068308122838e-01
5.753891275989067022e-01
5.660867822740880406e-01
5.570818795027301373e-01
5.484010131777959929e-01
5.400702397105013874e-01
5.321149553736370663e-01
5.245597743681272851e-01
5.174284082872715462e-01
5.107435476752244519e-01
5.045267463965316113e-01
4.987983095506607345e-01
4.935771856782037448e-01
4.888808640124724381e-01
4.847252775304402572e-01
4.811247125492984500e-01
4.780917255985307479e-01
4.756370682717845355e-01
4.737696207275735594e-01
4.724963344630727091e-01
4.718221849311314831e-01
4.717501345077397268e-01
4.722811062462518583e-01
4.734139687767202620e-01
4.751455326247455702e-01
4.774705581355429551e-01
4.803817750967041000e-01
4.838699140585274172e-01
4.879237492550901889e-01
4.925301529334069617e-01
4.976741608031227670e-01
5.033390482260788890e-01
5.095064166745353340e-01
5.161562898995197823e-01
5.232672191673095607e-01
5.308163968430326118e-01
5.387797775263414302e-01
5.471322058756169504e-01
5.558475501948969555e-01
5.648988408022426189e-01
5.742584121504150652e-01
5.838980476311985690e-01
5.937891259643782726e-01
6.039027680520718810e-01
6.142099831696301582e-01
6.246818133663917250e-01
6.352894749639141914e-01
6.460044960662296720e-01
6.567988490366156729e-01
6.676450769481896419e-01
6.785164130811688343e-01
6.893868926172478373e-01
7.002314557703882558e-01
7.110260416922322690e-01
7.217476725978548835e-01
7.323745276720203812e-01
7.428860064355936599e-01
7.532627813742470702e-01
7.634868397550095276e-01
7.735415146783548579e-01
7.834115055323070953e-01
7.930828881284828213e-01
8.025431149061234004e-01
8.117810056873949742e-01
8.207867295540067776e-01
8.295517784903505554e-01
8.380689335009346985e-01
8.463322239592521168e-01
8.543368809810258924e-01
8.620792856369738910e-01
8.695569128290894234e-01
8.767682716504495710e-01
8.837128430325207340e-01
8.903910154568452917e-01
8.968040194710492630e-01
9.029538617036518833e-01
9.088432590196762195e-01
9.144755734010612258e-01
9.198547480739260873e-01
9.249852453403966113e-01
9.298719865074036584e-01
9.345202942400321344e-01
9.389358376038425824e-01
9.431245800002173718e-01
9.470927301420939415e-01
9.508466961651864668e-01
9.543930429224651846e-01
9.577384524676421096e-01
9.608896876968401335e-01
9.638535590865230374e-01
9.666368944399916785e-01
9.692465115340398452e-01
9.716891935413630721e-01
9.739716670925727682e-01
9.761005828337208090e-01
9.780824983305564935e-01
9.799238631688153012e-01
9.816310061001705112e-01
9.832101240855992685e-01
9.846672730913977878e-01
9.860083604975703464e-01
9.872391389834980213e-01
9.883652017614453777e-01
9.893919790343934650e-01
9.903247355607980307e-01
9.911685692150772331e-01
9.919284104389142209e-01
9.926090224847902155e-01
9.932150023595636146e-01
9.937507823823454878e-01
9.942206322774012062e-01
9.946286617292583454e-01
9.949788233335816745e-01
9.952749158835647592e-01
9.955205879374986466e-01
9.957193416186611579e-01
9.958745366036257929e-01
9.959893942593887051e-01
9.960670018932947789e-01
9.961103170825484909e-01
9.961221720521420409e-01
9.961052780713707255e-01
9.960622298398407182e-01
9.959955098341566337e-01
9.959074925864970229e-01
9.958004488662376419e-01
9.956765497358889272e-01
9.955378704530689626e-01
9.953863941912033386e-01
9.952240155532751098e-01
9.950525438553112778e-01
9.948737061594210562e-01
9.946891500400710795e-01
9.945004460718048778e-01
9.943090900316692293e-01
9.941165048150339967e-01
9.939240420690967914e-01
9.937329835539523426e-01
9.935445422464870280e-01
9.933598632073323831e-01
9.931800242355336428e-01
9.930060363393051759e-01
9.928388440541685567e-01
9.926793256418274813e-01
9.925282932043039130e-01
9.923864927481540477e-01
9.922546042330336880e-01
9.921332416375873153e-01
9.920229530736581758e-01
9.919242209773138086e-01
9.918374624022467945e-01
9.917630294379016220e-01
9.917012097713147067e-01
9.916522274082598676e-01
9.916162435659719998e-01
9.915933577465637638e-01
9.915836089973073531e-01
9.915869773612718818e-01
9.916033855193827629e-01
9.916327006228008445e-01
9.916747363125637538e-01
9.917292549216573105e-01
9.917959698530276480e-01
9.918745481254721552e-01
9.919646130778069226e-01
9.920657472201861449e-01
9.921774952199258202e-01
9.922993670076774020e-01
9.924308409883364490e-01
9.925713673396846515e-01
9.927203713805247132e-01
9.928772569890077504e-01
9.930414100510449593e-01
9.932122019181666150e-01
9.933889928539837433e-01
9.935711354485261548e-01
9.937579779801736235e-01
9.939488677056402821e-01
9.941431540594786176e-01
9.943401917457911354e-01
9.945393437062131081e-01
9.947399839497156337e-01
9.949415002313078960e-01
9.951432965682576182e-01
9.953447955839629380e-01
9.955454406710729787e-01
9.957446979668693743e-01
9.959420581352763646e-01
9.961370379511916839e-01
9.963291816841199910e-01
9.965180622793905485e-01
9.967032823365433725e-01
9.968844748858111116e-01
9.970613039650000342e-01
9.972334650004880396e-01
9.974006849975041167e-01
9.975627225463011838e-01
9.977193676522652099e-01
9.978704413993666478e-01
9.980157954576123203e-01
9.981553114462493603e-01
9.982889001653404426e-01
9.984165007089339516e-01
9.985380794733308418e-01
9.986536290738861066e-01
9.987631671833391289e-01
9.988667353038572783e-01
9.989643974838310347e-01
9.990562389890109696e-01
9.991423649359317816e-01
9.992228988938042233e-01
9.992979814593166976e-01
9.993677688071865850e-01
9.994324312179886372e-01
9.994921515838842696e-01
9.995471238924789059e-01
9.995975516892287027e-01
9.996436465196256727e-01
9.996856263537958753e-01
9.997237139980834630e-01
9.997581355005408232e-01
9.997891185598501984e-01
