9.997982386079283801e-01
9.997688794529464573e-01
9.997363170826086831e-01
9.997003475604562261e-01
9.996607692143989476e-01
9.996173839210736878e-01
9.995699983386144849e-01
9.995184250774979962e-01
9.994624838027129643e-01
9.994020022638938627e-01
9.993368172530945337e-01
9.992667754924058343e-01
9.991917344555514280e-01
9.991115631288904897e-01
9.990261427179145670e-01
9.989353673054078842e-01
9.988391444670159380e-01
9.987373958491614356e-01
9.986300577131628220e-01
9.985170814481852952e-01
9.983984340543954339e-01
9.982740985964987379e-01
9.981440746268036568e-01
9.980083785761200144e-01
9.978670441102186484e-01
9.977201224492489029e-01
9.975676826474444425e-01
9.974098118306120586e-01
9.972466153892787233e-01
9.970782171259194859e-01
9.969047593553650444e-01
9.967264029582576512e-01
9.965433273882222664e-01
9.963557306342283315e-01
9.961638291403639434e-01
9.959678576859087862e-01
9.957680692291186464e-01
9.955647347184904961e-01
9.953581428754278981e-01
9.951485999521345605e-01
9.949364294682170318e-01
9.947219719288502571e-01
9.945055845264462180e-01
9.942876408265790555e-01
9.940685304374639042e-01
9.938486586606043449e-01
9.936284461183345629e-01
9.934083283519671292e-01
9.931887553821463488e-01
9.929701912208975800e-01
9.927531133228100213e-01
9.925380119608842033e-01
9.923253895108907763e-01
9.921157596266890755e-01
9.919096462879246623e-01
9.917075827008950961e-01
9.915101100332079920e-01
9.913177759631517372e-01
9.911311330254836127e-01
9.909507367365834041e-01
9.907771434836021296e-01
9.906109081643120762e-01
9.904525815667754030e-01
9.903027074806525221e-01
9.901618195348923512e-01
9.900304377596558236e-01
9.899090648735603404e-01
9.897981823006778423e-01
9.896982459251506548e-01
9.896096815947892367e-01
9.895328803885908853e-01
9.894681936667454325e-01
9.894159279253595951e-01
9.893763394818075874e-01
9.893496290202300480e-01
9.893359360301897665e-01
9.893353331747248847e-01
9.893478206268948583e-01
9.893733204162377115e-01
9.894116708281817107e-01
9.894626209002331807e-01
9.895258250585550197e-01
9.896008379372481789e-01
9.896871094201925567e-01
9.897839799416848772e-01
9.898906760773794611e-01
9.900063064513001665e-01
9.901298579781206977e-01
9.902601924527059118e-01
9.903960434913318123e-01
9.905360138213081811e-01
9.906785729081992731e-01
9.908220549027279000e-01
9.909646568829990620e-01
9.911044373620844228e-01
9.912393150264312558e-01
9.913670676671072490e-01
9.914853312636263682e-01
9.915915991790443806e-01
9.916832214251449784e-01
9.917574039578146428e-01
9.918112079650627244e-01
9.918415491134994211e-01
9.918451967233780087e-01
9.918187728474542331e-01
9.917587512348791101e-01
9.916614561680766604e-01
9.915230611680625472e-01
9.913395875719424044e-01
9.911069029954149290e-01
9.908207197030499680e-01
9.904765929199473851e-01
9.900699191301570723e-01
9.895959344199654062e-01
9.890497129378079677e-01
9.884261655570757421e-01
9.877200388433001743e-01
9.869259144429088915e-01
9.860382090266399668e-01
9.850511749363791703e-01
9.839589016991985293e-01
9.827553185861691576e-01
9.814341984055316992e-01
9.799891627294410323e-01
9.784136887601714294e-01
9.767011180448497143e-01
9.748446672470112428e-01
9.728374411781958164e-01
9.706724482831839973e-01
9.683426187582192535e-01
9.658408254626987821e-01
9.631599077615232707e-01
9.602926984078415940e-01
9.572320535446952050e-01
9.539708858695078453e-01
9.505022009679622297e-01
9.468191367840907979e-01
9.429150061518892789e-01
9.387833422709631614e-01
9.344179469651322512e-01
9.298129415190208302e-01
9.249628198439254767e-01
9.198625036811339806e-01
9.145073995088188745e-01
9.088934567781522533e-01
9.030172270658485267e-01
8.968759236944972013e-01
8.904674813393321786e-01
8.837906151110909159e-01
8.768448785799476397e-01
8.696307201857561564e-01
8.621495374656196198e-01
8.544037285216683486e-01
8.463967401503973420e-01
8.381331120604047502e-01
8.296185166182339366e-01
8.208597935824128999e-01
8.118649793137795445e-01
8.026433299856025050e-01
7.932053383595497609e-01
7.835627437426537778e-01
7.737285347953530845e-01
7.637169449205136740e-01
7.535434400269485078e-01
7.432246985271324657e-01
7.327785834962412537e-01
7.222241069869630437e-01
7.115813865604450061e-01
7.008715941570091701e-01
6.901168974898529429e-01
6.793403941999682782e-01
6.685660390603939129e-01
6.578185645623112476e-01
6.471233952544156454e-01
6.365065562406420074e-01
6.259945762702634475e-01
6.156143858792599843e-01
6.053932110636051078e-01
5.953584629845842802e-01
5.855376242244916263e-01
5.759581321288312905e-01
5.666472597892372454e-01
5.576319952402953861e-01
5.489389194635412306e-01
5.405940838131695347e-01
5.326228875001925989e-01
5.250499557943715256e-01
5.178990196254600331e-01
5.111927972862244651e-01
5.049528789581402277e-01
4.991996147955088947e-01
4.939520073137307898e-01
4.892276088314507776e-01
4.850424247132915090e-01
4.814108231489200307e-01
4.783454521847814167e-01
4.758571646964366852e-01
4.739549519520597221e-01
4.726458863713458580e-01
4.719350740293620783e-01
4.718256173922910079e-01
4.723185887024381469e-01
4.734130143542787383e-01
4.751058705227516610e-01
4.773920902205315286e-01
4.802645818737870664e-01
4.837142594169216991e-01
4.877300838169646990e-01
4.922991158485242602e-01
4.974065798511784209e-01
5.030359381136000341e-01
5.091689754430088755e-01
5.157858933953205494e-01
5.228654135609389630e-01
5.303848892240599078e-01
5.383204246400163928e-01
5.466470011062370959e-01
5.553386089383427482e-01
5.643683844046066822e-01
5.737087506202271925e-01
5.833315613585672299e-01
5.932082467007278037e-01
6.033099594185231673e-01
6.136077209701870094e-01
6.240725659838963768e-01
6.346756841122738191e-01
6.453885581621011669e-01
6.561830974379314618e-01
6.670317652863146929e-01
6.779076998887585415e-01
6.887848274258338011e-01
6.996379668212139302e-01
7.104429253717052806e-01
7.211765846760589405e-01
7.318169763897984792e-01
7.423433474535504617e-01
7.527362145662679360e-01
7.629774078001450022e-01
7.730501033786545406e-01
7.829388457608046359e-01
7.926295592913008559e-01
8.021095497857995138e-01
8.113674965211216117e-01
8.203934351905255440e-01
8.291787324627339917e-01
8.377160528492473279e-01
8.459993186369679785e-01
8.540236636818266946e-01
8.617853818839199542e-01
8.692818711758205641e-01
8.765115738537194723e-01
8.834739140666776347e-01
8.901692332534740792e-01
8.965987242805731894e-01
9.027643649899158573e-01
9.086688518130886516e-01
9.143155340504574013e-01
9.197083493516843289e-01
9.248517608692248260e-01
9.297506964904398430e-01
9.344104904882689633e-01
9.388368278662746480e-01
9.430356916123884270e-01
9.470133130178367553e-01
9.507761251642186107e-01
9.543307196331373143e-01
9.576838064494898051e-01
9.608421772317108367e-01
9.638126714899419856e-01
9.666021459861510179e-01
9.692174470483941873e-01
9.716653857143560113e-01
9.739527155665896885e-01
9.760861131130420532e-01
9.780721605609827840e-01
9.799173308298596563e-01
9.816279746483851376e-01
9.832103095828599315e-01
9.846704108469482852e-01
9.860142037474721732e-01
9.872474576259862022e-01
9.883757811616941114e-01
9.894046189074851005e-01
9.903392489373761265e-01
9.911847814903514964e-01
9.919461585024524908e-01
9.926281539259348419e-01
9.932353747413629197e-01
9.937722625756162387e-01
9.942430958458836621e-01
9.946519923567708199e-01
9.950029122845268637e-01
9.952996614890312621e-01
9.955458951004115820e-01
9.957451213328892825e-01
9.959007054835237183e-01
9.960158740778612962e-01
9.960937191280113678e-01
9.961372024713385231e-01
9.961491601598040369e-01
9.961323068710772333e-01
9.960892403129936179e-01
9.960224455929325149e-01
9.959342995234209406e-01
9.958270748349601353e-01
9.957029442669468322e-01
9.955639845078233519e-01
9.954121799564202844e-01
9.952494262779904011e-01
9.950775337307530277e-01
9.948982302418936108e-01
9.947131642158715259e-01
9.945239070624788402e-01
9.943319554372357372e-01
9.941387331922322268e-01
9.939455930412322004e-01
9.937538179485451151e-01
9.935646222566306696e-01
9.933791525724592342e-01
9.931984884371214406e-01
9.930236428069503241e-01
9.928555623773771543e-01
9.926951277828338638e-01
9.925431537072243460e-01
9.924003889398183009e-01
9.922675164109364676e-01
9.921451532405618501e-01
9.920338508311329351e-01
9.919340950333644935e-01
9.918463064111241456e-01
9.917708406282987887e-01
9.917079889773292578e-01
9.916579790657962246e-01
9.916209756741938275e-01
9.915970817949081306e-01
9.915863398594846334e-01
9.915887331585439002e-01
9.916041874562042668e-01
9.916325727985804139e-01
9.916737055138181711e-01
9.917273503991699268e-01
9.917932230887663847e-01
9.918709925939672711e-01
9.919602840064457583e-01
9.920606813524703860e-01
9.921717305851853741e-01
9.922929427000847236e-01
9.924237969573497242e-01
9.925637441933227167e-01
9.927122102021695982e-01
9.928685991677894673e-01
9.930322971253107145e-01
9.932026754310987471e-01
9.933790942201183860e-01
9.935609058297408813e-01
9.937474581696517095e-01
9.939380980183694092e-01
9.941321742279843887e-01
9.943290408200130548e-01
9.945280599566878044e-01
9.947286047735043324e-01
9.949300620603763745e-01
9.951318347802676767e-01
9.953333444156453602e-01
9.955340331345202687e-01
9.957333657691991302e-01
9.959308316021824314e-01
9.961259459549108852e-01
9.963182515763235880e-01
9.965073198294482903e-01
9.966927516755381689e-01
9.968741784565967601e-01
9.970512624785156097e-01
9.972236973984754949e-01
9.973912084217272378e-01
9.975535523143396199e-01
9.977105172399611810e-01
9.978619224300276924e-01
9.980076176981246272e-01
9.981474828103211738e-01
9.982814267241667538e-01
9.984093867096482944e-01
9.985313273656710731e-01
9.986472395455407991e-01
9.987571392044549690e-01
9.988610661811643254e-01
9.989590829247726456e-01
9.990512731761582721e-01
9.991377406118039373e-01
9.992186074560196474e-01
9.992940130657654851e-01
9.993641124906534889e-01
9.994290750093803855e-01
9.994890826429312369e-01
9.995443286445117037e-01
9.995950159663828938e-01
9.996413557046158749e-01
9.996835655242435337e-01
9.997218680692769865e-01
9.997564893644741435e-01
9.997876572184204447e-01
