9.997979661725119316e-01
9.997685758283522128e-01
9.997359804246971349e-01
9.996999761429983256e-01
9.996603614574174346e-01
9.996169384177874262e-01
9.995695138803282198e-01
9.995179006758405649e-01
9.994619187087038226e-01
9.994013959834161520e-01
9.993361695584683790e-01
9.992660864298750223e-01
9.991910043486252890e-01
9.991107925776079313e-01
9.990253325942161089e-01
9.989345187449094610e-01
9.988382588575726029e-01
9.987364748166827066e-01
9.986291031051991451e-01
9.985160953158404018e-01
9.983974186331331380e-01
9.982730562864099433e-01
9.981430079728749183e-01
9.980072902490089159e-01
9.978659368879888580e-01
9.977189992004560359e-01
9.975665463158950308e-01
9.974086654220457593e-01
9.972454619601446302e-01
9.970770597743446872e-01
9.969036012143384085e-01
9.967252471909814338e-01
9.965421771855224042e-01
9.963545892138521154e-01
9.961626997479469114e-01
9.959667435973490468e-01
9.957669737540639776e-01
9.955636612046203648e-01
9.953570947131983315e-01
9.951475805796508034e-01
9.949354423759052546e-01
9.947210206636126761e-01
9.945046726950099725e-01
9.942867720977777157e-01
9.940677085432281235e-01
9.938478873954736947e-01
9.936277293373488861e-01
9.934076699668321631e-01
9.931881593556080023e-01
9.929696615592943365e-01
9.927526540668004662e-01
9.925376271743707735e-01
9.923250832681737021e-01
9.921155359978950372e-01
9.919095093227493498e-01
9.917075364106959778e-01
9.915101583714637234e-01
9.913179228042839908e-01
9.911313821420095760e-01
9.909510917745339986e-01
9.907776079361101385e-01
9.906114853432390621e-01
9.904532745722214315e-01
9.903035191681699434e-01
9.901627524802205649e-01
9.900314942208002789e-01
9.899102467500715541e-01
9.897994910900365095e-01
9.896996826762446409e-01
9.896112468585728239e-01
9.895345741661445427e-01
9.894700153551031496e-01
9.894178762616402389e-01
9.893784124863600482e-01
9.893518239396815739e-01
9.893382492814597473e-01
9.893377602912213353e-01
9.893503562082466285e-01
9.893759580830144840e-01
9.894144031831146879e-01
9.894654394974656819e-01
9.895287203824132405e-01
9.896037993919292175e-01
9.896901253316132685e-01
9.897870375725212888e-01
9.898937616560472552e-01
9.900094052152960122e-01
9.901329542317458543e-01
9.902632696387598799e-01
9.903990842758796376e-01
9.905390001901244190e-01
9.906814862729766968e-01
9.908248762146403266e-01
9.909673667507378214e-01
9.911070161710825444e-01
9.912417430556618170e-01
9.913693251996209543e-01
9.914873986869008338e-01
9.915934570712626739e-01
9.916848506237180283e-01
9.917587856068158514e-01
9.918123235387352743e-01
9.918423804136335953e-01
9.918457258490936956e-01
9.918189821367529024e-01
9.917586231782040684e-01
9.916609732950110168e-01
9.915222059091599593e-01
9.913383420984922534e-01
9.911052490406568882e-01
9.908186383689487897e-01
9.904740644740909206e-01
9.900669227976429676e-01
9.895924481752879087e-01
9.890457133017449554e-01
9.884216274034253180e-01
9.877149352200416121e-01
9.869202164119854626e-01
9.860318855261068771e-01
9.850441926681670068e-01
9.839512250452282505e-01
9.827469095550530609e-01
9.814250166116359475e-01
9.799791654056796419e-01
9.784028308055728873e-01
9.766893521076893681e-01
9.748319438441375162e-01
9.728237088510871544e-01
9.706576537912436908e-01
9.683267073098197342e-01
9.658237409845079613e-01
9.631415932066421659e-01
9.602730961032324153e-01
9.572111055782506206e-01
9.539485345168785546e-01
9.504783891589096978e-01
9.467938086076531645e-01
9.428881073990438288e-01
9.387548210127515391e-01
9.343877541634035833e-01
9.297810316660803931e-01
9.249291516264773749e-01
9.198270406630174589e-01
9.144701108262095479e-01
9.088543178401412570e-01
9.029762202526834258e-01
8.968330390452688983e-01
8.904227172205504415e-01
8.837439788574127375e-01
8.767963870982983243e-01
8.695804005142256932e-01
8.620974272787929049e-01
8.543498765744650392e-01
8.463412066530248135e-01
8.380759689776671184e-01
8.295598478871620829e-01
8.207996952429961190e-01
8.118035595484595079e-01
8.025807090641470243e-01
7.931416484869393546e-01
7.834981288086915185e-01
7.736631500258381866e-01
7.636509564309941211e-01
7.534770242812688368e-01
7.431580417042189524e-01
7.327118807697671210e-01
7.221575617237121492e-01
7.115152094442918074e-01
7.008060022464154271e-01
6.900521132176202777e-01
6.792766443246154306e-01
6.685035535789287664e-01
6.577575755942908220e-01
6.470641359069956300e-01
6.364492594638209155e-01
6.259394737106817042e-01
6.155617067397909370e-01
6.053431809745418724e-01
5.953113028906171778e-01
5.854935492898885041e-01
5.759173506614370108e-01
5.666099721821594715e-01
5.575983929286005836e-01
5.489091838920417965e-01
5.405683854105728381e-01
5.326013846546002739e-01
5.250327938254468751e-01
5.178863297495727158e-01
5.111846955725531938e-01
5.049494652760235791e-01
4.992009717562552185e-01
4.939581992134557398e-01
4.892386806052435588e-01
4.850584009148282139e-01
4.814317069734846966e-01
4.783712245571556387e-01
4.758877834481766156e-01
4.739903511150276305e-01
4.726859756158563464e-01
4.719797382757586757e-01
4.718747166241150648e-01
4.723719580075252944e-01
4.734704642171263522e-01
4.751671873873845042e-01
4.774570373380027100e-01
4.803329004425090920e-01
4.837856700174427704e-01
4.878042881358451988e-01
4.923757986788271923e-01
4.974854113500675190e-01
5.031165762908642591e-01
5.092510688482534409e-01
5.158690839662763983e-01
5.229493395910154163e-01
5.304691884040511063e-01
5.384047371268416704e-01
5.467309725707705237e-01
5.554218935448199668e-01
5.644506476756669944e-01
5.737896721443418446e-01
5.834108373002608872e-01
5.932855920784741999e-01
6.033851101203737688e-01
6.136804354828466757e-01
6.241426268169516511e-01
6.347428989054271220e-01
6.454527604693881537e-01
6.562441471888761368e-01
6.670895489296340131e-01
6.779621302294834839e-01
6.888358431714516339e-01
6.996855318565848858e-01
7.104870277860300121e-01
7.212172355680217528e-01
7.318542084791874736e-01
7.423772135291606400e-01
7.527667858007537349e-01
7.630047719627275349e-01
7.730743629762656388e-01
7.829601161373959117e-01
7.926479667137361629e-01
8.021252295430351120e-01
8.113805910613052230e-01
8.204040923183277823e-01
8.291871036166498232e-01
8.377222914759097083e-01
8.460035786767132748e-01
8.540260981769193238e-01
8.617861417180355810e-01
8.692811039506500581e-01
8.765094229059499087e-01
8.834705176261505866e-01
8.901647237410735825e-01
8.965932277423558361e-01
9.027580006622133446e-01
9.086617318117623521e-01
9.143077631762049906e-01
9.197000250022582257e-01
9.248429730486324996e-01
9.297415279046319370e-01
9.344010167164802372e-01
9.388271175970334115e-01
9.430258069332544402e-01
9.470033097481354023e-01
9.507660532204058601e-01
9.543206234169324675e-01
9.576737252495511887e-01
9.608321456303736685e-01
9.638027197673924018e-01
9.665923005153368441e-01
9.692077306749782295e-01
9.716558181170564801e-01
9.739433135943182940e-01
9.760768910963080192e-01
9.780631305960550970e-01
9.799085030351434300e-01
9.816193573933434946e-01
9.832019096905795230e-01
9.846622337720807305e-01
9.860062537317747511e-01
9.872397378340297402e-01
9.883682937994943130e-01
9.893973653268639534e-01
9.903322297287726617e-01
9.911779965666096537e-01
9.919396071758225242e-01
9.926218349801707586e-01
9.932292865004038740e-01
9.937664029699241341e-01
9.942374624771016522e-01
9.946465825609837053e-01
9.949977231940650979e-01
9.952946900924698470e-01
9.955411383001941950e-01
9.957405759998501082e-01
9.958963685074918581e-01
9.960117424135126463e-01
9.960897898351709356e-01
9.961334727490321894e-01
9.961456273734934364e-01
9.961289685726841814e-01
9.960860942535075813e-01
9.960194897275965742e-01
9.959315320096820967e-01
9.958244940235525533e-01
9.957005486866296051e-01
9.955617728444194903e-01
9.954101510268933417e-01
9.952475790003505463e-01
9.950758670906014736e-01
9.948967432564103097e-01
9.947118558960168500e-01
9.945227763741383287e-01
9.943310012619877014e-01
9.941379542883690412e-01
9.939449880056314690e-01
9.937533851799571494e-01
9.935643599209408316e-01
9.933790585704781462e-01
9.931985603754639458e-01
9.930238779725677478e-01
9.928559577163007521e-01
9.926956798836672480e-01
9.925438587898722798e-01
9.924012428498635296e-01
9.922685146199622386e-01
9.921462908525785496e-01
9.920351225950942986e-01
9.919354953615735493e-01
9.918478294031313203e-01
9.917724800997063106e-01
9.917097384927434645e-01
9.916598319750290491e-01
9.916229251507157061e-01
9.915991208755071673e-01
9.915884614840863032e-01
9.915909302092050792e-01
9.916064527943981854e-01
9.916348993000307921e-01
9.916760861003174332e-01
9.917297780670033536e-01
9.917956909335603477e-01
9.918734938319603289e-01
9.919628119923499243e-01
9.920632295942225509e-01
9.921742927559894509e-01
9.922955126482103649e-01
9.924263687141751111e-01
9.925663119801030332e-01
9.927147684359717283e-01
9.928711424669719454e-01
9.930348203148492425e-01
9.932051735479738852e-01
9.933815625188914256e-01
9.935633397883650852e-01
9.937498534954923857e-01
9.939404506543488838e-01
9.941344803587249812e-01
9.943312968778255101e-01
9.945302626272410906e-01
9.947307510010174880e-01
9.949321490521878530e-01
9.951338600106590659e-01
9.953353056288292144e-01
9.955359283467294373e-01
9.957351932698463859e-01
9.959325899540867333e-01
9.961276339936070423e-01
9.963198684084859647e-01
9.965088648304664121e-01
9.966942244862803113e-01
9.968755789793890543e-01
9.970525908723485431e-01
9.972249540734322570e-01
9.973923940326040460e-01
9.975546677534090634e-01
9.977115636288091949e-01
9.978629011103791191e-01
9.980085302215666587e-01
9.981483309268313064e-01
9.982822123693645411e-01
9.984101119907078381e-01
9.985319945458612789e-01
9.986478510274000575e-01
9.987576975116514433e-01
9.988615739391446535e-01
9.989595428403574839e-01
9.990516880162956248e-01
9.991381131817422823e-01
9.992189405772073929e-01
9.992943095538180387e-01
9.993643751337532022e-01
9.994293065474840754e-01
9.994892857481544324e-01
9.995445059030402257e-01
9.995951698622262960e-01
9.996414886054723059e-01
9.996836796696850769e-01
9.997219655613992506e-01
9.997565721610837119e-01
9.997877271287591849e-01
