9.997970579951649395e-01
9.997675312710221363e-01
9.997347851315574463e-01
9.996986152147322446e-01
9.996588195661655352e-01
9.996151999370048724e-01
9.995675630275437928e-01
9.995157216658534516e-01
9.994594959143715540e-01
9.993987141008945363e-01
9.993332137735709830e-01
9.992628425821443727e-01
9.991874590897479314e-01
9.991069335209624702e-01
9.990211484526124730e-01
9.989299994539420080e-01
9.988333956824629878e-01
9.987312604409990247e-01
9.986235317003963052e-01
9.985101625911397827e-01
9.983911218658331199e-01
9.982663943332670264e-01
9.981359812636968476e-01
9.979999007640462105e-01
9.978581881210798477e-01
9.977108961101704976e-01
9.975580952671199153e-01
9.973998741205710727e-01
9.972363393828332923e-01
9.970676160974141222e-01
9.968938477421548372e-01
9.967151962875735460e-01
9.965318422107740659e-01
9.963439844660458844e-01
9.961518404140075056e-01
9.959556457117939576e-01
9.957556541673194817e-01
9.955521375610086876e-01
9.953453854385595490e-01
9.951357048782429882e-01
9.949234202359236168e-01
9.947088728704062133e-01
9.944924208508431063e-01
9.942744386467984308e-01
9.940553168001611262e-01
9.938354615764636302e-01
9.936152945913293566e-01
9.933952524057924061e-01
9.931757860821723849e-01
9.929573606901047622e-01
9.927404547503028143e-01
9.925255596017429349e-01
9.923131786762821038e-01
9.921038266633280811e-01
9.918980285461369562e-01
9.916963184906717466e-01
9.914992385677627862e-01
9.913073372895790936e-01
9.911211679421646492e-01
9.909412866970046530e-01
9.907682504862239670e-01
9.906026146280620948e-01
9.904449301916494752e-01
9.902957410927841764e-01
9.901555809153229637e-01
9.900249694559036806e-01
9.899044089929729395e-01
9.897943802844721972e-01
9.896953383020203887e-01
9.896077077130108757e-01
9.895318781257020913e-01
9.894681991161226042e-01
9.894169750593992951e-01
9.893784597919175194e-01
9.893528511344711340e-01
9.893402853101668226e-01
9.893408312941898153e-01
9.893544851354796332e-01
9.893811642927462513e-01
9.894207020289038645e-01
9.894728419087628346e-01
9.895372324445464995e-01
9.896134219323894365e-01
9.897008535203553059e-01
9.897988605446883525e-01
9.899066621660275178e-01
9.900233593312761649e-01
9.901479310799250477e-01
9.902792312060637592e-01
9.904159852793656960e-01
9.905567880202662545e-01
9.907001010166562871e-01
9.908442507619625861e-01
9.909874269877422259e-01
9.911276812580825935e-01
9.912629257883663891e-01
9.913909324474393658e-01
9.915093318999953498e-01
9.916156128450979157e-01
9.917071213071674274e-01
9.917810599374483616e-01
9.918344872868396500e-01
9.918643170149539223e-01
9.918673170052541010e-01
9.918401083620210779e-01
9.917791642716378142e-01
9.916808087181775422e-01
9.915412150515012790e-01
9.913564044149880683e-01
9.911222440496364472e-01
9.908344455016026009e-01
9.904885627713113649e-01
9.900799904541170982e-01
9.896039619351116867e-01
9.890555477140732243e-01
9.884296539506425283e-01
9.877210213345097856e-01
9.869242244004730047e-01
9.860336714234456679e-01
9.850436050434643320e-01
9.839481037850631440e-01
9.827410846485319373e-01
9.814163069620078783e-01
9.799673776925093005e-01
9.783877584203298783e-01
9.766707741841486046e-01
9.748096244033291891e-01
9.727973960787977825e-01
9.706270794643677702e-01
9.682915863862929795e-01
9.657837713701850069e-01
9.630964557113592672e-01
9.602224545974293868e-01
9.571546073608957483e-01
9.538858109049841438e-01
9.504090563085716425e-01
9.467174685761787778e-01
9.428043494572411198e-01
9.386632232157090527e-01
9.342878851869823587e-01
9.296724529147637472e-01
9.248114196161119072e-01
9.196997096792890458e-01
9.143327358564177221e-01
9.087064577720203040e-01
9.028174413297223033e-01
8.966629185633318011e-01
8.902408474457143006e-01
8.835499711399785738e-01
8.765898761530657168e-01
8.693610488324774455e-01
8.618649296331999388e-01
8.541039645743904174e-01
8.460816533045925070e-01
8.378025932005522813e-01
8.292725189383873818e-01
8.204983369971209362e-01
8.114881545834273791e-01
8.022513025026889455e-01
7.927983515448089324e-01
7.831411220030802811e-01
7.732926860000749469e-01
7.632673623550103592e-01
7.530807037913122004e-01
7.427494763498443398e-01
7.322916309412410563e-01
7.217262670385462542e-01
7.110735885776483522e-01
7.003548521965294871e-01
6.895923080040596842e-01
6.788091331240533322e-01
6.680293583099849997e-01
6.572777879697391246e-01
6.465799139780572524e-01
6.359618236871321661e-01
6.254501025736479702e-01
6.150717319841534358e-01
6.048539824609114879e-01
5.948243031482676191e-01
5.850102077960972480e-01
5.754391578930595497e-01
5.661384434788931941e-01
5.571350622026359778e-01
5.484555972126626822e-01
5.401260944850740930e-01
5.321719402189608594e-01
5.246177389500458199e-01
5.174871930573309298e-01
5.108029843598534958e-01
5.045866585211441491e-01
4.988585129964393516e-01
4.936374892706184569e-01
4.889410701420959793e-01
4.847851828081682912e-01
4.811841084996573148e-01
4.781503993961805365e-01
4.756948035275117004e-01
4.738261983309169922e-01
4.725515334891062791e-01
4.718757836187612575e-01
4.718019113160972777e-01
4.723308409943520747e-01
4.734614438694799698e-01
4.751905343657720771e-01
4.775128781238984210e-01
4.804212117011842365e-01
4.839062739590701545e-01
4.879568490368492162e-01
4.925598207150240215e-01
4.977002378769616042e-01
5.033613906848622976e-01
5.095248969961011509e-01
5.161707984594472443e-01
5.232776656480995214e-01
5.308227115084342973e-01
5.387819123303057012e-01
5.471301353773125875e-01
5.558412722541070661e-01
5.648883770332693288e-01
5.742438081171545861e-01
5.838793727712325854e-01
5.937664732355334429e-01
6.038762533007528965e-01
6.141797442261565099e-01
6.246480088783493700e-01
6.352522829840011598e-01
6.459641124160777625e-01
6.567554854724546587e-01
6.675989591578885829e-01
6.784677785450539123e-01
6.893359883671096311e-01
7.001785360822511128e-01
7.109713657487350957e-01
7.216915021555745380e-01
7.323171247677762175e-01
7.428276311637924678e-01
7.532036897647693685e-01
7.634272817780830556e-01
7.734817323994155336e-01
7.833517314361562178e-01
7.930233436281547421e-01
8.024840090479570254e-01
8.117225340598804850e-01
8.207290734041895464e-01
8.294951040479571214e-01
8.380133915070231421e-01
8.462779493931206209e-01
8.542839929763679230e-01
8.620278875758917714e-01
8.695070926005702416e-01
8.767201020582789939e-01
8.836663823363680725e-01
8.903463080293829712e-01
8.967610965534535961e-01
9.029127422416689530e-01
9.088039505625841175e-01
9.144380730463000928e-01
9.198190434408760607e-01
9.249513155577071544e-01
9.298398031994111745e-01
9.344898224990738633e-01
9.389070369366763202e-01
9.430974052382311568e-01
9.470671323065145142e-01
9.508226232800215394e-01
9.543704407694335590e-01
9.577172652788072948e-01
9.608698587820658776e-01
9.638350313941811409e-01
9.666196110505698158e-01
9.692304160874074537e-01
9.716742305994492401e-01
9.739577824400906803e-01
9.760877237203359202e-01
9.780706136585397559e-01
9.799129036307433482e-01
9.816209242716407157e-01
9.832008744782041454e-01
9.846588121713669706e-01
9.860006466755210086e-01
9.872321325806565628e-01
9.883588649575023588e-01
9.893862758018497905e-01
9.903196315902554892e-01
9.911640318354408841e-01
9.919244085359165686e-01
9.926055264206521400e-01
9.932119838959814206e-01
9.937482146083730372e-01
9.942184895431975811e-01
9.946269195861199286e-01
9.949774584801893695e-01
9.952739061179695090e-01
9.955199121140515528e-01
9.957189796088701250e-01
9.958744692597945036e-01
9.959896033798577575e-01
9.960674701881483406e-01
9.961110281387652865e-01
9.961231102973412410e-01
9.961064287355123614e-01
9.960635789144736130e-01
9.959970440290516480e-01
9.959091992837386664e-01
9.958023160720689271e-01
9.956785660307949648e-01
9.955400249407418967e-01
9.953886764471484572e-01
9.952264155738889118e-01
9.950550520082924733e-01
9.948763131363609347e-01
9.946918468120172774e-01
9.945032238485072007e-01
9.943119402251056060e-01
9.941194190076829695e-01
9.939270119872849474e-01
9.937360010464636462e-01
9.935475992684875690e-01
9.933629518095419275e-01
9.931831365584742333e-01
9.930091646123748728e-01
9.928419805992282354e-01
9.926824628809497453e-01
9.925314236713103089e-01
9.923896091035541156e-01
9.922576992819763797e-01
9.921363083504267655e-01
9.920259846087278177e-01
9.919272107054823984e-01
9.918404039328007071e-01
9.917659166452598152e-01
9.917040368220358948e-01
9.916549887877581515e-01
9.916189341043143424e-01
9.915959726426959442e-01
9.915861438410494832e-01
9.915894281524417764e-01
9.916057486834567447e-01
9.916349730226039494e-01
9.916769152555950928e-01
9.917313381627947955e-01
9.917979555925172663e-01
9.918764350022756249e-01
9.919664001585507540e-01
9.920674339841131228e-01
9.921790815403841446e-01
9.923008531307909719e-01
9.924322275095647239e-01
9.925726551790117203e-01
9.927215617570017692e-01
9.928783513953266526e-01
9.930424102287337407e-01
9.932131098338938813e-01
9.933898106773335623e-01
9.935718655314762504e-01
9.937586228383816778e-01
9.939494300015272454e-01
9.941436365869998903e-01
9.943405974167054406e-01
9.945396755376108011e-01
9.947402450525348883e-01
9.949416937995655408e-01
9.951434258687331669e-01
9.953448639461073277e-01
9.955454514769547236e-01
9.957446546410200217e-01
9.959419641343484342e-01
9.961368967533889007e-01
9.963289967784064727e-01
9.965178371545165836e-01
9.967030204699549589e-01
9.968841797325237453e-01
9.970609789465255668e-01
9.972331134938995367e-01
9.974003103247146562e-01
9.975623279636187668e-01
9.977189563402669714e-01
9.978700164531176808e-01
9.980153598772392165e-01
9.981548681278615831e-01
9.982884518922889860e-01
9.984160501433874124e-01
9.985376291481609101e-01
9.986531813848585903e-01
9.987627243816258327e-01
9.988662994889081492e-01
9.989639705966667504e-01
9.990558228060273382e-01
9.991419610633318626e-01
9.992225087627988334e-01
9.992976063222526184e-01
9.993674097347727825e-01
9.994320890977962391e-01
9.994918271202877236e-01
9.995468176081881984e-01
9.995972639285353178e-01
9.996433774534474459e-01
9.996853759865590439e-01
9.997234821764261481e-01
9.997579219237677783e-01
9.997889227920073729e-01
