9.997985396925150869e-01
9.997692112325479163e-01
9.997366806735523692e-01
9.997007438488220155e-01
9.996611988271482119e-01
9.996178472005952109e-01
9.995704953213815358e-01
9.995189554774108753e-01
9.994630469995531286e-01
9.994025972971561922e-01
9.993374428212947747e-01
9.992674299577870567e-01
9.991924158539501333e-01
9.991122691843705717e-01
9.990268708616460991e-01
9.989361146981572404e-01
9.988399080245343731e-01
9.987381722697061814e-01
9.986308435063619982e-01
9.985178729644638151e-01
9.983992275142112849e-01
9.982748901186948576e-01
9.981448602554540139e-01
9.980091543053406511e-01
9.978678059065128059e-01
9.977208662710665976e-01
9.975684044617427748e-01
9.974105076263153347e-01
9.972472811876411658e-01
9.970788489878900096e-01
9.969053533861453875e-01
9.967269553093197620e-01
9.965438342571201202e-01
9.963561882625894262e-01
9.961642338104845784e-01
9.959682057164025437e-01
9.957683569700764847e-01
9.955649585466075369e-01
9.953582991895321141e-01
9.951486851695259261e-01
9.949364400221841764e-01
9.947219042676813672e-01
9.945054351141974225e-01
9.942874061458049084e-01
9.940682069940545151e-01
9.938482429908142013e-01
9.936279347980390142e-01
9.934077180081303249e-01
9.931880427064488925e-01
9.929693729854429662e-01
9.927521863978068239e-01
9.925369733341984357e-01
9.923242363093583984e-01
9.921144891390983878e-01
9.919082559895946449e-01
9.917060702798103922e-01
9.915084734177047610e-01
9.913160133511920158e-01
9.911292429155955652e-01
9.909487179605854790e-01
9.907749952412617800e-01
9.906086300601093519e-01
9.904501736489478292e-01
9.903001702826772501e-01
9.901591541195227109e-01
9.900276457655522444e-01
9.899061485644563563e-01
9.897951446168867795e-01
9.896950905370562879e-01
9.896064129577831769e-01
9.895295037987154041e-01
9.894647153160944786e-01
9.894123549560884801e-01
9.893726800374061936e-01
9.893458922925546517e-01
9.893321323006124546e-01
9.893314738476771675e-01
9.893439182540508803e-01
9.893693887096108863e-01
9.894077246605035292e-01
9.894586762911528055e-01
9.895218991454345359e-01
9.895969489296427835e-01
9.896832765374892205e-01
9.897802233338227618e-01
9.898870167290895195e-01
9.900027660708593524e-01
9.901264588722140658e-01
9.902569573896016220e-01
9.903929955551814546e-01
9.905331762609598245e-01
9.906759689844261141e-01
9.908197077382050466e-01
9.909625893196647439e-01
9.911026718306903405e-01
9.912378734330797858e-01
9.913659713013895924e-01
9.914846007325960331e-01
9.915912543706982829e-01
9.916832815043419291e-01
9.917578873966673703e-01
9.918121326088213952e-01
9.918429322818470562e-01
9.918470553459187711e-01
9.918211236310503498e-01
9.917616108594203839e-01
9.916648415063010757e-01
9.915269895242213583e-01
9.913440769334498359e-01
9.911119722911718721e-01
9.908263890618792535e-01
9.904828839225420234e-01
9.900768550481027219e-01
9.896035404357377274e-01
9.890580163401411218e-01
9.884351959067098070e-01
9.877298281048118023e-01
9.869364970790694969e-01
9.860496220524868072e-01
9.850634579308971128e-01
9.839720967731572232e-01
9.827694703052154424e-01
9.814493536680910513e-01
9.800053705993151398e-01
9.784310002539459150e-01
9.767195858743495940e-01
9.748643455170880046e-01
9.728583850401294475e-01
9.706947135439686347e-01
9.683662614460120110e-01
9.658659013487899125e-01
9.631864718393604585e-01
9.603208043299462648e-01
9.572617530187605972e-01
9.540022280155707746e-01
9.505352316392923218e-01
9.468538978553202590e-01
9.429515347788794966e-01
9.388216701279372689e-01
9.344580994656439543e-01
9.298549370283328841e-01
9.250066688912871316e-01
9.199082081812310907e-01
9.145549520022938639e-01
9.089428397015163474e-01
9.030684120613355903e-01
8.969288709704155149e-01
8.905221390912756441e-01
8.838469190139781606e-01
8.769027513602907220e-01
8.696900712828298241e-01
8.622102627893428739e-01
8.544657103140305132e-01
8.464598469561828153e-01
8.381971988118156469e-01
8.296834248367721543e-01
8.209253517000945077e-01
8.119310031144024720e-01
8.027096231653940706e-01
7.932716932050849490e-01
7.836289419224760078e-01
7.737943482602640533e-01
7.637821369060423526e-01
7.536077661501027203e-01
7.432879079682066514e-01
7.328404202552467606e-01
7.222843112032104607e-01
7.116396958829878105e-01
7.009277451531099601e-01
6.901706270783972696e-01
6.793914410968779904e-01
6.686141452235869753e-01
6.578634766246757026e-01
6.471648659345323740e-01
6.365443457226639401e-01
6.260284535462937727e-01
6.156441300497552671e-01
6.054186125936155127e-01
5.953793249159280432e-01
5.855537633460904390e-01
5.759693801092612420e-01
5.666534642769325281e-01
5.576330209376463287e-01
5.489346491812125972e-01
5.405844195102816885e-01
5.326077513144851228e-01
5.250292910641227717e-01
5.178727919018228931e-01
5.111609953308441368e-01
5.049155157166451691e-01
4.991567283328640636e-01
4.939036616927950929e-01
4.891738949116263280e-01
4.849834608421507154e-01
4.813467557164755606e-01
4.782764560077769067e-01
4.757834431989841351e-01
4.738767371092120761e-01
4.725634383839381059e-01
4.718486807016534224e-01
4.717355931885958142e-01
4.722252734649020622e-01
4.733167716710936501e-01
4.750070857441246464e-01
4.772911681284131014e-01
4.801619440203360734e-01
4.836103411556706977e-01
4.876253310592720824e-01
4.921939815858717981e-01
4.973015204908933784e-01
5.029314096813981561e-01
5.090654297101949721e-01
5.156837739913731067e-01
5.227651521335067164e-01
5.302869017080611425e-01
5.382251076956188207e-01
5.465547287820958777e-01
5.552497296117240300e-01
5.642832180441115231e-01
5.736275864099782407e-01
5.832546557151138122e-01
5.931358217058677607e-01
6.032422016828971056e-01
6.135447809341784131e-01
6.240145576542157624e-01
6.346226852248683103e-01
6.453406107548331772e-01
6.561402088099962393e-01
6.669939093156893595e-01
6.778748186741748727e-01
6.887568332159288431e-01
6.996147441906050979e-01
7.104243336017797006e-01
7.211624602972275255e-01
7.318071358418077876e-01
7.423375898210646806e-01
7.527343243483202162e-01
7.629791576740583281e-01
7.730552569216231351e-01
7.829471600953722410e-01
7.926407876243938277e-01
8.021234438146996881e-01
8.113838086836594465e-01
8.204119207408163694e-01
8.291991513578129691e-01
8.377381714359807274e-01
8.460229111324810702e-01
8.540485134444042448e-01
8.618112824747746759e-01
8.693086272153012217e-01
8.765390016783691784e-01
8.835018421960412205e-01
8.901975026776789424e-01
8.966271885814544040e-01
9.027928903098442204e-01
9.086973166866780804e-01
9.143438291150252084e-01
9.197363769527046040e-01
9.248794345771025327e-01
9.297779405447569312e-01
9.344372391852419080e-01
9.388630249045369913e-01
9.430612894114067668e-01
9.470382720222912942e-01
9.508004131465652708e-01
9.543543110053235301e-01
9.577066815934576205e-01
9.608643218568981847e-01
9.638340760245223127e-01
9.666228050072551703e-01
9.692373587550705549e-01
9.716845514455790811e-01
9.739711393652578098e-01
9.761038013356464482e-01
9.780891215315081766e-01
9.799335745355294280e-01
9.816435124740979790e-01
9.832251540806049572e-01
9.846845755361283148e-01
9.860277029419087791e-01
9.872603062834119925e-01
9.883879947517375530e-01
9.894162132944913646e-01
9.903502402748555200e-01
9.911951861243739614e-01
9.919559928818713068e-01
9.926374345178992087e-01
9.932441179511382057e-01
9.937804846702406047e-01
9.942508128816404112e-01
9.946592201108209741e-01
9.950096661913291340e-01
9.953059565823604293e-01
9.955517459618805631e-01
9.957505420478869329e-01
9.959057096054062530e-01
9.960204746010968835e-01
9.960979284707823789e-01
9.961410324678757755e-01
9.961526220624757899e-01
9.961354113619987904e-01
9.960919975246770308e-01
9.960248651372780593e-01
9.959363905281635176e-01
9.958288459865471953e-01
9.957044038587284929e-01
9.955651404923921977e-01
9.954130400009394419e-01
9.952499978213832366e-01
9.950778240416952025e-01
9.948982464766277234e-01
9.947129134749542745e-01
9.945233964456504649e-01
9.943311920956752203e-01
9.941377243775121331e-01
9.939443461503265631e-01
9.937523405642629815e-01
9.935629221828630175e-01
9.933772378636416267e-01
9.931963674213407645e-01
9.930213241021716986e-01
9.928530549003456995e-01
9.926924407503210368e-01
9.925402966294394336e-01
9.923973716059972805e-01
9.922643488673353884e-01
9.921418457613175867e-01
9.920304138826916418e-01
9.919305392334030191e-01
9.918426424830839583e-01
9.917670793528016171e-01
9.917041411418388019e-01
9.916540554139163799e-01
9.916169868559547851e-01
9.915930383192872455e-01
9.915822520502435289e-01
9.915846111142530006e-01
9.916000410150835886e-01
9.916284115085256534e-01
9.916695386077238883e-01
9.917231867754239261e-01
9.917890712965786726e-01
9.918668608230322148e-01
9.919561800803158302e-01
9.920566127249532684e-01
9.921677043390576545e-01
9.922889655474417259e-01
9.924198752409748581e-01
9.925598838885533182e-01
9.927084169188442608e-01
9.928648781519847644e-01
9.930286532606894534e-01
9.931991132398051425e-01
9.933756178632479061e-01
9.935575191074889068e-01
9.937441645213005437e-01
9.939349005223045985e-01
9.941290756019447450e-01
9.943260434217728871e-01
9.945251657853493299e-01
9.947258154715492573e-01
9.949273789165880011e-01
9.951292587335963669e-01
9.953308760600539928e-01
9.955316727248143538e-01
9.957311132278218180e-01
9.959286865269391109e-01
9.961239076275844040e-01
9.963163189721417901e-01
9.965054916273808905e-01
9.966910262694165246e-01
9.968725539670748592e-01
9.970497367659122423e-01
9.972222680765622238e-01
9.973898728725405505e-01
9.975523077041087427e-01
9.977093605362395978e-01
9.978608504201049723e-01
9.980066270087707414e-01
9.981465699288774029e-01
9.982805880209502103e-01
9.984086184615766912e-01
9.985306257809520858e-01
9.986466007892031982e-01
9.987565594244300904e-01
9.988605415345683802e-01
9.989586096039879681e-01
9.990508474342754131e-01
9.991373587869646355e-01
9.992182659942022704e-01
9.992937085415712906e-01
9.993638416256959145e-01
9.994288346879363072e-01
9.994888699245908503e-01
9.995441407736544992e-01
9.995948503784013450e-01
9.996412100289153724e-01
9.996834375841400222e-01
9.997217558790102432e-01
9.997563911236331258e-01
9.997875713041399770e-01
