9.997981021545370162e-01
9.997687275414656183e-01
9.997361488189803191e-01
9.997001621102817870e-01
9.996605658165148567e-01
9.996171619003706432e-01
9.995697571177906138e-01
9.995181641874661960e-01
9.994622028914232903e-01
9.994017011033818898e-01
9.993364957446232433e-01
9.992664336696289729e-01
9.991913724856862355e-01
9.991111813119495366e-01
9.990257414841013928e-01
9.989349472108314254e-01
9.988387061879229201e-01
9.987369401749170983e-01
9.986295855382367748e-01
9.985165937634119526e-01
9.983979319377832562e-01
9.982735832038582835e-01
9.981435471824495753e-01
9.980078403638827922e-01
9.978664964649758273e-01
9.977195667491538522e-01
9.975671203069956805e-01
9.974092442946733694e-01
9.972460441281201238e-01
9.970776436313143476e-01
9.969041851377442587e-01
9.967258295448871985e-01
9.965427563223430152e-01
9.963551634750666963e-01
9.961632674639020468e-01
9.959673030862821186e-01
9.957675233204952292e-01
9.955641991372765620e-01
9.953576192826382174e-01
9.951480900357675408e-01
9.949359349454782731e-01
9.947214945480751247e-01
9.945051260685884298e-01
9.942872031061433802e-01
9.940681153027831618e-01
9.938482679933758890e-01
9.936280818323552921e-01
9.934079923910220655e-01
9.931884497170253567e-01
9.929699178455297925e-01
9.927528742495177472e-01
9.925378092147695286e-01
9.923252251233700694e-01
9.921156356281984889e-01
9.919095646998106197e-01
9.917075455265055295e-01
9.915101192481858838e-01
9.913178335049230849e-01
9.911312407819169445e-01
9.909508965337818776e-01
9.907773570727733681e-01
9.906111772076454658e-01
9.904529076222440276e-01
9.903030919856491421e-01
9.901622637886089429e-01
9.900309429041225240e-01
9.899096318732799604e-01
9.897988119208211977e-01
9.896989387083207079e-01
9.896104378364192211e-01
9.895337001111067510e-01
9.894690765926991149e-01
9.894168734498250961e-01
9.893773466444160114e-01
9.893506964773088885e-01
9.893370620275511174e-01
9.893365155217210827e-01
9.893490566724213453e-01
9.893746070274032078e-01
9.894130043723891044e-01
9.894639972314138721e-01
9.895272395082717054e-01
9.896022853113249917e-01
9.896885840014478797e-01
9.897854754992274628e-01
9.898921858827824938e-01
9.900078233017984841e-01
9.901313742267725537e-01
9.902617000452438312e-01
9.903975340091869528e-01
9.905374785300448126e-01
9.906800028103477374e-01
9.908234407937666077e-01
9.909659894090144805e-01
9.911057070774553779e-01
9.912405124497392084e-01
9.913681833333897186e-01
9.914863557710660302e-01
9.915925232282356561e-01
9.916840358492007290e-01
9.917580997417730915e-01
9.918117762533159576e-01
9.918419812042946759e-01
9.918454840498150960e-01
9.918189069448135609e-01
9.917587236945425433e-01
9.916612585787305534e-01
9.915226850452812934e-01
9.913390242776258798e-01
9.911061436488782794e-01
9.908197550858249825e-01
9.904754133765499846e-01
9.900685144671911297e-01
9.895942938059766325e-01
9.890478248062716249e-01
9.884240175148055751e-01
9.877176175864168517e-01
9.869232056823095123e-01
9.860351974246842621e-01
9.850478440562686622e-01
9.839552339682783311e-01
9.827512952741518371e-01
9.814297996184302431e-01
9.799843674198216448e-01
9.784084747541942351e-01
9.766954620864660708e-01
9.748385450596224189e-01
9.728308275440512576e-01
9.706653171407935154e-01
9.683349433180609145e-01
9.658325783415177002e-01
9.631510611355061924e-01
9.602832241849188488e-01
9.572219235561401085e-01
9.539600720808721901e-01
9.504906757091906577e-01
9.468068729984031595e-01
9.429019776627025617e-01
9.387695240657601969e-01
9.344033154947748443e-01
9.297974750105783004e-01
9.249464986246528353e-01
9.198453105108084227e-01
9.144893199172549059e-01
9.088744794043688291e-01
9.029973439950755854e-01
8.968551307889979229e-01
8.904457785588736352e-01
8.837680068188404903e-01
8.768213738295821402e-01
8.696063329856686952e-01
8.621242870162539873e-01
8.543776394222390991e-01
8.463698425715162621e-01
8.381054418794580130e-01
8.295901155147129558e-01
8.208307090908042447e-01
8.118352648320518172e-01
8.026130447377973764e-01
7.931745473114850675e-01
7.835315174702670582e-01
7.736969493057743730e-01
7.636850814265223608e-01
7.535113846760562728e-01
7.431925420871223764e-01
7.327464209995743216e-01
7.221920373370167567e-01
7.115495121030652736e-01
7.008400202213123098e-01
6.900857319025823777e-01
6.793097467779807275e-01
6.685360210859951913e-01
6.577892882461711110e-01
6.470949731906358027e-01
6.364791008582598719e-01
6.259681992849988053e-01
6.155891977487217837e-01
6.053693204484329460e-01
5.953359762171894776e-01
5.855166447861874790e-01
5.759387601352696784e-01
5.666295914832516489e-01
5.576161224905544778e-01
5.489249292668828550e-01
5.405820577981814701e-01
5.326129014295886144e-01
5.250420790639788171e-01
5.178933147582640562e-01
5.111893194208249058e-01
5.049516753322367268e-01
4.992007242265307232e-01
4.939554596804489606e-01
4.892334245622466105e-01
4.850506142886348293e-01
4.814213866274371645e-01
4.783583787639263951e-01
4.758724323201628525e-01
4.739725269788759299e-01
4.726657233167204097e-01
4.719571153964536858e-01
4.718497936044827590e-01
4.723448181500546905e-01
4.734412035662389773e-01
4.751359144717263172e-01
4.774238727675697014e-01
4.802979763553798520e-01
4.837491293742102183e-01
4.877662838633960440e-01
4.923364926688149623e-01
4.974449733211022684e-01
5.030751825269788036e-01
5.092089008294864438e-01
5.158263269100811232e-01
5.229061809256490001e-01
5.304258161969317431e-01
5.383613384921309697e-01
5.466877320810552554e-01
5.553789916717470909e-01
5.644082592837432744e-01
5.737479650608799941e-01
5.833699709826929425e-01
5.932457163980455750e-01
6.033463642786160985e-01
6.136429470743681724e-01
6.241065110489663059e-01
6.347082579812792780e-01
6.454196831400937917e-01
6.562127084735606131e-01
6.670598100027445021e-01
6.779341384698108763e-01
6.888096323654684383e-01
6.996611225463282846e-01
7.104644277498209926e-01
7.211964404207262813e-01
7.318352023774862269e-01
7.423599699664054086e-01
7.527512684754515959e-01
7.629909357044772911e-01
7.730621547130617222e-01
7.829494758885940930e-01
7.926388285935945799e-01
8.021175227605873426e-01
8.113742409033651848e-01
8.203990211036034097e-01
8.291832316102616396e-01
8.377195377550102906e-01
8.460018619393532280e-01
8.540253374877999626e-01
8.617862571862529020e-01
8.692820173359957492e-01
8.765110581517125965e-01
8.834728013176775807e-01
8.901675854905611862e-01
8.965966005014409657e-01
9.027618209649065362e-01
9.086659399511148871e-01
9.143123033188085280e-01
9.197048452452565304e-01
9.248480254243734988e-01
9.297467683384134096e-01
9.344064049430516050e-01
9.388326170416193550e-01
9.430313845628680580e-01
9.470089358988599271e-01
9.507717014061540795e-01
9.543262701249448643e-01
9.576793497275802869e-01
9.608377296701260395e-01
9.638082474883651329e-01
9.665977581527153140e-01
9.692131063747400077e-01
9.716611017408919304e-01
9.739484965364207936e-01
9.760819661135294867e-01
9.780680916523813995e-01
9.799133451609250978e-01
9.816240765592443296e-01
9.832065026957830245e-01
9.846666981459369916e-01
9.860105876477907039e-01
9.872439400348946847e-01
9.883723635317104295e-01
9.894013022834987625e-01
9.903360339988733774e-01
9.911816685899024204e-01
9.919431477014556409e-01
9.926252450284376305e-01
9.932325673265809396e-01
9.937695560295762842e-01
9.942404893924247089e-01
9.946494850879574745e-01
9.950005031903804698e-01
9.952973494863549542e-01
9.955436790603920949e-01
9.957430001070959324e-01
9.958986779278987678e-01
9.960139390742939192e-01
9.960918756031221788e-01
9.961354494121527070e-01
9.961474966260660535e-01
9.961307320040467816e-01
9.960877533406555795e-01
9.960210458316510751e-01
9.959329863761580137e-01
9.958258477862622637e-01
9.957018028749726746e-01
9.955629283937391660e-01
9.954112087915255591e-01
9.952485397689584401e-01
9.950767316033716225e-01
9.948975122236862756e-01
9.947125300179597840e-01
9.945233563610259564e-01
9.943314878547870883e-01
9.941383482792491844e-01
9.939452902580999671e-01
9.937535966483258543e-01
9.935644816688321557e-01
9.933790917880893634e-01
9.931985063953041593e-01
9.930237382833796422e-01
9.928557339748806942e-01
9.926953739243031816e-01
9.925434726311413991e-01
9.924007786985611368e-01
9.922679748719905879e-01
9.921456780906855455e-01
9.920344395834403972e-01
9.919347450371962527e-01
9.918470148644797924e-01
9.917716045925168977e-01
9.917088053936212733e-01
9.916588447731808920e-01
9.916218874283380114e-01
9.915980362873686449e-01
9.915873337368528162e-01
9.915897630410354102e-01
9.916052499552923116e-01
9.916336645333454491e-01
9.916748231257777046e-01
9.917284905654411009e-01
9.917943825335093777e-01
9.918721680981408273e-01
9.919614724159817598e-01
9.920618795850318916e-01
9.921729356357139595e-01
9.922941516453661626e-01
9.924250069598323787e-01
9.925649525044112353e-01
9.927134141651948740e-01
9.928697962208201666e-01
9.930334848039337192e-01
9.932038513712543315e-01
9.933802561610336479e-01
9.935620516169673122e-01
9.937485857581832560e-01
9.939392054757898443e-01
9.941332597375766023e-01
9.943301026837544354e-01
9.945290965980532194e-01
9.947296147400013222e-01
9.949310440257493893e-01
9.951327875463169548e-01
9.953342669136236998e-01
9.955349244260848218e-01
9.957342250469088940e-01
9.959316581895441001e-01
9.961267393059864972e-01
9.963190112749151783e-01
9.965080455878794208e-01
9.966934433330477683e-01
9.968748359773567103e-01
9.970518859492741859e-01
9.972242870258193337e-01
9.973917645289432921e-01
9.975540753378495662e-01
9.977110077252909770e-01
9.978623810272698735e-01
9.980080451568482669e-01
9.981478799738863206e-01
9.982817945234081503e-01
9.984097261559029546e-01
9.985316395431410585e-01
9.986475256030045156e-01
9.987574003463608463e-01
9.988613036581678317e-01
9.989592980238047870e-01
9.990514672101367122e-01
9.991379149091230705e-01
9.992187633499739485e-01
9.992941518840763315e-01
9.993642355452765358e-01
9.994291835867726848e-01
9.994891779949515165e-01
9.995444119801147886e-01
9.995950884442480477e-01
9.996414184268265224e-01
9.996836195311030737e-01
9.997219143353133219e-01
9.997565287956532432e-01
9.997876906505507311e-01
