9.997975842643703759e-01
9.997681448124864367e-01
9.997354964841717040e-01
9.996994355156495482e-01
9.996597604840516960e-01
9.996162735909863706e-01
9.995687818927553314e-01
9.995170984669345948e-01
9.994610435086795919e-01
9.994004453535686450e-01
9.993351414268853983e-01
9.992649791218111144e-01
9.991898166109555168e-01
9.991095235969696953e-01
9.990239820086445066e-01
9.989330866489679606e-01
9.988367458011747635e-01
9.987348817979774251e-01
9.986274315580477845e-01
9.985143470925459397e-01
9.983955959831841698e-01
9.982711618320729841e-01
9.981410446825070837e-01
9.980052614089739427e-01
9.978638460740368865e-01
9.977168502493840574e-01
9.975643432982366221e-01
9.974064126164513544e-01
9.972431638300173207e-01
9.970747209471837458e-01
9.969012264641304855e-01
9.967228414238614720e-01
9.965397454288095203e-01
9.963521366084572284e-01
9.961602315440387656e-01
9.959642651530729029e-01
9.957644905370182098e-01
9.955611787957228120e-01
9.953546188125117489e-01
9.951451170136906832e-01
9.949329971059206468e-01
9.947185997943143176e-01
9.945022824832182584e-01
9.942844189604768124e-01
9.940653990645403892e-01
9.938456283321077667e-01
9.936255276221247490e-01
9.934055327099402533e-01
9.931860938433256791e-01
9.929676752499371206e-01
9.927507545837525038e-01
9.925358222960881660e-01
9.923233809151048579e-01
9.921139442162982824e-01
9.919080362654176808e-01
9.917061903146120461e-01
9.915089475324112556e-01
9.913168555484350719e-01
9.911304667944813573e-01
9.909503366248799683e-01
9.907770212006666855e-01
9.906110751241982149e-01
9.904530488132480270e-01
9.903034856063280822e-01
9.901629185939240241e-01
9.900318671734688047e-01
9.899108333291516404e-01
9.898002976410574805e-01
9.897007150316148305e-01
9.896125102609014679e-01
9.895360731859902392e-01
9.894717538032133941e-01
9.894198570959478189e-01
9.893806377142455588e-01
9.893542945162854263e-01
9.893409650051190329e-01
9.893407196974145501e-01
9.893535564637278013e-01
9.893793948821026918e-01
9.894180706483527432e-01
9.894693300870680552e-01
9.895328248070620614e-01
9.896081065435521351e-01
9.896946222267619664e-01
9.897917093128679733e-01
9.898985914083173743e-01
9.900143742126480406e-01
9.901380417982050819e-01
9.902684532377994397e-01
9.904043395836320540e-01
9.905443011930077368e-01
9.906868053887420977e-01
9.908301844350202447e-01
9.909726338030110382e-01
9.911122106950155386e-01
9.912468327914636390e-01
9.913742771818063737e-01
9.914921794383292353e-01
9.915980327911489978e-01
9.916891873631389354e-01
9.917628494251742310e-01
9.918160806348377267e-01
9.918457972254699495e-01
9.918487691170947418e-01
9.918216189262172300e-01
9.917608208577012308e-01
9.916626994688444441e-01
9.915234283033566021e-01
9.913390284012243425e-01
9.911053666994301681e-01
9.908181543482537101e-01
9.904729449784552830e-01
9.900651329660976607e-01
9.895899517541190127e-01
9.890424723030428744e-01
9.884176017573254036e-01
9.877100824286930703e-01
9.869144912131927461e-01
9.860252395742867826e-01
9.850365742397847457e-01
9.839425787752603680e-01
9.827371762103177533e-01
9.814141329060758201e-01
9.799670638619292218e-01
9.783894396664287729e-01
9.766745953004695169e-01
9.748157410003807088e-01
9.728059753836409973e-01
9.706383010305015269e-01
9.683056427007071809e-01
9.658008683457519616e-01
9.631168130538567684e-01
9.602463060373820358e-01
9.571822007410580868e-01
9.539174081146774009e-01
9.504449330562587672e-01
9.467579139916867392e-01
9.428496655149939398e-01
9.387137239703371439e-01
9.343438958128245098e-01
9.297343085411990948e-01
9.248794639514539284e-01
9.197742934172173923e-01
9.144142148606907439e-01
9.087951910375055009e-01
9.029137887206049040e-01
8.967672383326567020e-01
8.903534935441058673e-01
8.836712903253535201e-01
8.767202049172688749e-01
8.695007101649125936e-01
8.620142296455250985e-01
8.542631890140905959e-01
8.462510639886156039e-01
8.379824244030835700e-01
8.294629737691948668e-01
8.206995838086776907e-01
8.117003234461764860e-01
8.024744817883758818e-01
7.930325846577621629e-01
7.833864042987124243e-01
7.735489619287143626e-01
7.635345228674972340e-01
7.533585840406148426e-01
7.430378537203079503e-01
7.325902234339695118e-01
7.220347320378690537e-01
7.113915220196449507e-01
7.006817881562046324e-01
6.899277187130054001e-01
6.791524294253672434e-01
6.683798905518805178e-01
6.576348473338113898e-01
6.469427342326332653e-01
6.363295833507311983e-01
6.258219274684295730e-01
6.154466981545605453e-01
6.052311194286918994e-01
5.952025974719088453e-01
5.853886069006066784e-01
5.758165741351253253e-01
5.665137584129159576e-01
5.575071310149575243e-01
5.488232532945716002e-01
5.404881541197235073e-01
5.325272073630400449e-01
5.249650100976192002e-01
5.178252621803954847e-01
5.111306479273620695e-01
5.049027206051384109e-01
4.991617904798798522e-01
4.939268171761100890e-01
4.892153071033911171e-01
4.850432167067162403e-01
4.814248622862051796e-01
4.783728371123128209e-01
4.758979365339884859e-01
4.740090917388306568e-01
4.727133127765018594e-01
4.720156413999286871e-01
4.719191142138084993e-01
4.724247365476427207e-01
4.735314673919946982e-01
4.752362156530761661e-01
4.775338478934143538e-01
4.804172076363821819e-01
4.838771462210265106e-01
4.879025651018836784e-01
4.924804693973480196e-01
4.975960324003732005e-01
5.032326706775740455e-01
5.093721292976391979e-01
5.159945766478570839e-01
5.230787082188466108e-01
5.306018586626961575e-01
5.385401213589537939e-01
5.468684746568170940e-01
5.555609139008560460e-01
5.645905882924240338e-01
5.739299415901479851e-01
5.835508556115232004e-01
5.934247954644729095e-01
6.035229554138101804e-01
6.138164042737312975e-01
6.242762292148258396e-01
6.348736768832670130e-01
6.455802907516170475e-01
6.563680436554125697e-01
6.672094645175836725e-01
6.780777583236587969e-01
6.889469184841852112e-01
6.997918308060689929e-01
7.105883683904903325e-01
7.213134768802942354e-01
7.319452495926225266e-01
7.424629921911175545e-01
7.528472766742836386e-01
7.630799845803242221e-01
7.731443394318275875e-01
7.830249285638222201e-01
7.927077145939113167e-01
8.021800369014316923e-01
8.114306035821204910e-01
8.204494744340276036e-01
8.292280356081651593e-01
8.377589666225624399e-01
8.460362004903555500e-01
8.540548777508568667e-01
8.618112952171576024e-01
8.693028502648995071e-01
8.765279814849440410e-01
8.834861065084638199e-01
8.901775577875313816e-01
8.966035170787080011e-01
9.027659493328238360e-01
9.086675366425321920e-01
9.143116128418534716e-01
9.197020992903639502e-01
9.248434423104898716e-01
9.297405526810166299e-01
9.343987475248223262e-01
9.388236948652756153e-01
9.430213610647905087e-01
9.469979613016679121e-01
9.507599131883119892e-01
9.543137935857598508e-01
9.576662986265603861e-01
9.608242069205840119e-01
9.637943458863516000e-01
9.665835611238093872e-01
9.691986887229004921e-01
9.716465303854284752e-01
9.739338312251536456e-01
9.760672601023172579e-01
9.780533923433561982e-01
9.798986946939334253e-01
9.816095123530831357e-01
9.831920579377939617e-01
9.846524022303145829e-01
9.859964665645286619e-01
9.872300167125988013e-01
9.883586581385148673e-01
9.893878324910271305e-01
9.903228152145799879e-01
9.911687141632350428e-01
9.919304691091146431e-01
9.926128520436149349e-01
9.932204681764851273e-01
9.937577575448355294e-01
9.942289971511623081e-01
9.946383035565040664e-01
9.949896358617651426e-01
9.952867990169487200e-01
9.955334474043965320e-01
9.957330886479949239e-01
9.958890876055481733e-01
9.960046705060189298e-01
9.960829291970243471e-01
9.961268254707983383e-01
9.961391954388230108e-01
9.961227539265338216e-01
9.960800988600633232e-01
9.960137156170468797e-01
9.959259813132812500e-01
9.958191689967295090e-01
9.956954517202118993e-01
9.955569064643411403e-01
9.954055178830234496e-01
9.952431818453002510e-01
9.950717087495409841e-01
9.948928265890421008e-01
9.947081837519158309e-01
9.945193515426855591e-01
9.943278264181018011e-01
9.941350319351959230e-01
9.939423204152917357e-01
9.937509743333949874e-01
9.935622074478691612e-01
9.933771656903876979e-01
9.931969278406534984e-01
9.930225060141603111e-01
9.928548459942314608e-01
9.926948274416462770e-01
9.925432640163334153e-01
9.924009034458867173e-01
9.922684275751014749e-01
9.921464524294131282e-01
9.920355283231617749e-01
9.919361400411216279e-01
9.918487071188647475e-01
9.917735842443975436e-01
9.917110618002610289e-01
9.916613665620124252e-01
9.916246625658320379e-01
9.916010521549653012e-01
9.915905772118962513e-01
9.915932205805475519e-01
9.916089076804367464e-01
9.916375083125495982e-01
9.916788386546967482e-01
9.917326634422466425e-01
9.917986983283376690e-01
9.918766124159257291e-01
9.919660309522877473e-01
9.920665381748764444e-01
9.921776802956984165e-01
9.922989686097049011e-01
9.924298827110684673e-01
9.925698737997317167e-01
9.927183680593029136e-01
9.928747700863018721e-01
9.930384663499748354e-01
9.932088286614343398e-01
9.933852176307693682e-01
9.935669860910034679e-01
9.937534824683543766e-01
9.939440540791162348e-01
9.941380503346134434e-01
9.943348258370025006e-01
9.945337433501562074e-01
9.947341766314079514e-01
9.949355131114986373e-01
9.951371564116205937e-01
9.953385286879481431e-01
9.955390727954889218e-01
9.957382542644535039e-01
9.959355630836523865e-01
9.961305152866967161e-01
9.963226543380204747e-01
9.965115523169919554e-01
9.966968108996498987e-01
9.968780621389148333e-01
9.970549690454838521e-01
9.972272259730291522e-01
9.973945588127747230e-01
9.975567250039859557e-01
9.977135133683622259e-01
9.978647437777166118e-01
9.980102666656061050e-01
9.981499623947012179e-01
9.982837404925786196e-01
9.984115387692458210e-01
9.985333223300008054e-01
9.986490824971673286e-01
9.987588356538001921e-01
9.988626220216312301e-01
9.989605043843485799e-01
9.990525667658282094e-01
9.991389130712439171e-01
9.992196656971763513e-01
9.992949641150510320e-01
9.993649634305891150e-01
9.994298329206023901e-01
9.994897545475170952e-01
9.995449214515981229e-01
9.995955364210192817e-01
9.996418103407362921e-01
9.996839606225373931e-01
9.997222096206135333e-01
9.997567830393804256e-01
9.997879083429381808e-01
