9.997970897091228437e-01
9.997675712208572429e-01
9.997348348301111631e-01
9.996986763436054302e-01
9.996588939765327364e-01
9.996152896473772254e-01
9.995676702182610951e-01
9.995158486701734013e-01
9.994596452061246250e-01
9.993988882787768757e-01
9.993334155422575193e-01
9.992630747305100147e-01
9.991877244665836599e-01
9.991072350086596110e-01
9.990214889393589370e-01
9.989303818050260242e-01
9.988338227113078283e-01
9.987317348805594408e-01
9.986240561755292955e-01
9.985107395925227891e-01
9.983917537259442421e-01
9.982670832048634590e-01
9.981367291011402632e-01
9.980007093077218894e-01
9.978590588850559939e-01
9.977118303731375981e-01
9.975590940665514106e-01
9.974009382499527954e-01
9.972374693917284150e-01
9.970688122940590814e-01
9.968951101982282959e-01
9.967165248447394932e-01
9.965332364885772787e-01
9.963454438707265437e-01
9.961533641478079737e-01
9.959572327823481563e-01
9.957573033967412890e-01
9.955538475943360721e-01
9.953471547512549034e-01
9.951375317824987521e-01
9.949253028855813419e-01
9.947108092643482946e-01
9.944944088347785760e-01
9.942764759134175012e-01
9.940574008876905676e-01
9.938375898657045848e-01
9.936174643013064856e-01
9.933974605881862319e-01
9.931780296147384446e-01
9.929596362693130507e-01
9.927427588834487615e-01
9.925278885987910416e-01
9.923155286417080223e-01
9.921061934882156041e-01
9.919004079007749386e-01
9.916987058178768910e-01
9.915016290771283547e-01
9.913097259528217409e-01
9.911235494897152609e-01
9.909436556159569864e-01
9.907706010197301350e-01
9.906049407762408388e-01
9.904472257140530811e-01
9.902979995124594481e-01
9.901577955244941220e-01
9.900271333233083837e-01
9.899065149728905055e-01
9.897964210275015384e-01
9.896973062676903687e-01
9.896095951843369987e-01
9.895336772258420677e-01
9.894699018273249713e-01
9.894185732444813475e-01
9.893799452185489951e-01
9.893542155025762952e-01
9.893415202827772204e-01
9.893419285320884660e-01
9.893554363359658987e-01
9.893819612328087487e-01
9.894213366130277798e-01
9.894733062214993158e-01
9.895375188078509021e-01
9.896135229675810940e-01
9.897007622143760841e-01
9.897985703201431784e-01
9.899061669542785769e-01
9.900226536476531836e-01
9.901470100999011370e-01
9.902780908410485639e-01
9.904146222505909591e-01
9.905551999290918008e-01
9.906982864095110752e-01
9.908422091880779714e-01
9.909851590478183647e-01
9.911251886420843205e-01
9.912602113007601412e-01
9.913880000183679098e-01
9.915061865811507502e-01
9.916122607893821383e-01
9.917035697316349818e-01
9.917773170694883511e-01
9.918305622940748467e-01
9.918602199198879310e-01
9.918630585862739935e-01
9.918357000429338655e-01
9.917746180024650249e-01
9.916761368504227736e-01
9.915364302115166062e-01
9.913515193793779323e-01
9.911172716268185079e-01
9.908293984236937746e-01
9.904834536004060164e-01
9.900748315067694483e-01
9.895987652284440328e-01
9.890503249363997718e-01
9.884244164588692483e-01
9.877157801798470693e-01
9.869189903832307209e-01
9.860284551768844219e-01
9.850384171458992366e-01
9.839429548986819984e-01
9.827359856827221352e-01
9.814112692584205933e-01
9.799624132286274270e-01
9.783828800279686932e-01
9.766659957791062885e-01
9.748049612223053106e-01
9.727928649197168376e-01
9.706226989263528893e-01
9.682873771057186607e-01
9.657797562494712107e-01
9.630926601374324436e-01
9.602189066470385725e-01
9.571513379902129026e-01
9.538828541211207268e-01
9.504064493207871056e-01
9.467152519246352371e-01
9.428025671171693656e-01
9.386619226747969780e-01
9.342871174936895340e-01
9.296722726951285320e-01
9.248118850564688298e-01
9.197008824721817355e-01
9.143346811069155144e-01
9.087092438616408696e-01
9.028211397352619016e-01
8.966676036281239215e-01
8.902465961011974960e-01
8.835568625759432360e-01
8.765979914355751523e-01
8.693704704692029051e-01
8.618757410867423641e-01
8.541162497250652796e-01
8.460954958650939162e-01
8.378180760858484621e-01
8.292897235951097734e-01
8.205173426975642670e-01
8.115090376900422342e-01
8.022741357096312420e-01
7.928232031036599459e-01
7.831680549403122749e-01
7.733217573341535367e-01
7.632986223212514520e-01
7.531141950827027198e-01
7.427852333820428310e-01
7.323296791498592473e-01
7.217666222166099210e-01
7.111162562608266402e-01
7.003998271033129441e-01
6.896395735375597802e-01
6.788586609414795081e-01
6.680811079651276518e-01
6.573317066329709135e-01
6.466359362374174413e-01
6.360198714330510539e-01
6.255100849687548203e-01
6.151335455184500089e-01
6.049175110914157827e-01
5.948894185210227281e-01
5.850767695473383379e-01
5.755070140252578348e-01
5.662074308065290218e-01
5.572050068618410457e-01
5.485263152284308719e-01
5.401973923895719842e-01
5.322436157146408497e-01
5.246895816117429501e-01
5.175589850683852688e-01
5.108745012784252637e-01
5.046576700743374833e-01
4.989287839014633352e-01
4.937067800839811671e-01
4.890091381395822445e-01
4.848517829000186241e-01
4.812489941867845733e-01
4.782133237743251275e-01
4.757555203468220029e-01
4.738844631184385703e-01
4.726071047409947656e-01
4.719284240676633324e-01
4.718513892770508367e-01
4.723769317897758002e-01
4.735039313304286734e-01
4.752292124027420739e-01
4.775475523562239255e-01
4.804517011296604023e-01
4.839324126620561106e-01
4.879784878659820802e-01
4.925768289629993690e-01
4.977125048868320523e-01
5.033688273681176106e-01
5.095274372256096695e-01
5.161684003032208645e-01
5.232703124108752935e-01
5.308104125502206561e-01
5.387647036343387041e-01
5.471080798441267934e-01
5.558144597035827861e-01
5.648569239023795152e-01
5.742078568474808797e-01
5.838390908869717233e-01
5.937220521194188638e-01
6.038279066818750263e-01
6.141277063998442642e-01
6.245925326839261160e-01
6.351936375711426663e-01
6.459025808345933983e-01
6.566913621234665710e-01
6.675325471465376470e-01
6.783993869760298612e-01
6.892659296244348921e-01
7.001071231339600631e-01
7.108989095154044646e-01
7.216183089791767813e-01
7.322434940141762105e-01
7.427538529884915031e-01
7.531300430673539825e-01
7.633540323663827731e-01
7.734091313797593070e-01
7.832800138414399704e-01
7.929527272908125646e-01
8.024146937204761354e-01
8.116547007812742187e-01
8.206628841069433244e-01
8.294307013964274944e-01
8.379508989551437415e-01
8.462174714465864334e-01
8.542256156422380897e-01
8.619716789807932988e-01
8.694531037573661747e-01
8.766683677602092883e-01
8.836169221572347521e-01
8.902991274083139617e-01
8.967161879431211347e-01
9.028700862995128196e-01
9.087635173655647103e-01
9.143998233109403850e-01
9.197829297318008690e-01
9.249172834695083001e-01
9.298077924984095022e-01
9.344597682133795047e-01
9.388788703848094386e-01
9.430710549884298022e-01
9.470425250606795409e-01
9.507996846780089051e-01
9.543490961110639992e-01
9.576974401625132360e-01
9.608514796605154284e-01
9.638180260485007533e-01
9.666039089859226330e-01
9.692159488536766787e-01
9.716609320416177420e-01
9.739455888836069386e-01
9.760765740973095239e-01
9.780604495810188981e-01
9.799036694175998763e-01
9.816125669357129713e-01
9.831933436803445003e-01
9.846520601478949697e-01
9.859946281453141337e-01
9.872268046377178363e-01
9.883541869543422953e-01
9.893822092284277891e-01
9.903161399525568509e-01
9.911610805370456578e-01
9.919219647651744687e-01
9.926035590453309299e-01
9.932104633665422844e-01
9.937471128703623258e-01
9.942177799586557896e-01
9.946265768634148241e-01
9.949774586112870578e-01
9.952742263218847807e-01
9.955205307850479857e-01
9.957198762679307924e-01
9.958756245079223302e-01
9.959909988518941271e-01
9.960690885059950705e-01
9.961128528631398860e-01
9.961251258774734829e-01
9.961086204564785218e-01
9.960659328421531677e-01
9.959995469529553391e-01
9.959118386581943261e-01
9.958050799564447386e-01
9.956814430295891638e-01
9.955430041444618405e-01
9.953917473749466227e-01
9.952295681189171628e-01
9.950582763866806513e-01
9.948795998406333441e-01
9.946951865696330719e-01
9.945066075860602428e-01
9.943153590385566121e-01
9.941228641388285547e-01
9.939304748065067585e-01
9.937394730416556632e-01
9.935510720399296503e-01
9.933664170703910834e-01
9.931865861404650664e-01
9.930125904762741040e-01
9.928453748495587039e-01
9.926858177844882780e-01
9.925347316788624141e-01
9.923928628745085634e-01
9.922608917111426230e-01
9.921394325966450545e-01
9.920290341247252064e-01
9.919301792684089847e-01
9.918432856748461424e-01
9.917687060836996027e-01
9.917067288880204723e-01
9.916575788531246660e-01
9.916214180056945882e-01
9.915983467022095876e-01
9.915884048829238795e-01
9.915915735149869459e-01
9.916077762259449813e-01
9.916368811267571859e-01
9.916787028215608979e-01
9.917330045996821664e-01
9.917995008037578941e-01
9.918778593662590515e-01
9.919677045051428221e-01
9.920686195677946850e-01
9.921801500108351490e-01
9.923018065017853440e-01
9.924330681270350230e-01
9.925733856890938123e-01
9.927221850747788290e-01
9.928788706748699067e-01
9.930428288348993604e-01
9.932134313161795625e-01
9.933900387459509984e-01
9.935720040356537108e-01
9.937586757467898879e-01
9.939494013846259524e-01
9.941435306010305561e-01
9.943404182890209775e-01
9.945394275530162753e-01
9.947399325403299963e-01
9.949413211210098584e-01
9.951429974047056870e-01
9.953443840847870927e-01
9.955449246014107523e-01
9.957440851166572404e-01
9.959413562962102784e-01
9.961362548933624383e-01
9.963283251324066558e-01
9.965171398897533228e-01
9.967023016723915996e-01
9.968834433946397455e-01
9.970602289554829634e-01
9.972323536202002403e-01
9.973995442114111931e-01
9.975615591161213214e-01
9.977181881167660471e-01
9.978692520556239343e-01
9.980146023432254765e-01
9.981541203224872927e-01
9.982877165011815324e-01
9.984153296659666887e-01
9.985369258915011148e-01
9.986524974581035830e-01
9.987620616909979043e-01
9.988656597333750442e-01
9.989633552643603087e-01
9.990552331715322198e-01
9.991413981859830207e-01
9.992219734861431668e-01
9.992970992748354542e-01
9.993669313324081704e-01
9.994316395474662773e-01
9.994914064257909292e-01
9.995464255776237428e-01
9.995969001836646495e-01
9.996430414409236409e-01
9.996850669909552733e-01
9.997231993349372514e-01
9.997576642423975368e-01
9.997886891629987893e-01
