9.997982105233743644e-01
9.997688253648633339e-01
9.997362308607198322e-01
9.997002223452525760e-01
9.996605974146707263e-01
9.996171572232285252e-01
9.995697077281615606e-01
9.995180608727324278e-01
9.994620357002734767e-01
9.994014593955191650e-01
9.993361682525748746e-01
9.992660085714343277e-01
9.991908374869362675e-01
9.991105237354030999e-01
9.990249483649290552e-01
9.989340053954297582e-01
9.988376024342149329e-01
9.987356612520971177e-01
9.986281183240314219e-01
9.985149253370981803e-01
9.983960496674311180e-01
9.982714748265237859e-01
9.981412008763358434e-01
9.980052448117926467e-01
9.978636409086836245e-01
9.977164410346310852e-01
9.975637149207072785e-01
9.974055503914218690e-01
9.972420535511471451e-01
9.970733489255585447e-01
9.968995795573135643e-01
9.967209070559098771e-01
9.965375116024363100e-01
9.963495919106860610e-01
9.961573651468209611e-01
9.959610668104006415e-01
9.957609505800885108e-01
9.955572881276768538e-01
9.953503689042016989e-01
9.951404999018164110e-01
9.949280053947339164e-01
9.947132266619214125e-01
9.944965216933219221e-01
9.942782648802025447e-01
9.940588466887889663e-01
9.938386733146815644e-01
9.936181663136899322e-01
9.933977622027254650e-01
9.931779120223143131e-01
9.929590808502043453e-01
9.927417472535159382e-01
9.925264026650003624e-01
9.923135506673020911e-01
9.921037061677400182e-01
9.918973944450991675e-01
9.916951500492980909e-01
9.914975155346232860e-01
9.913050400075092972e-01
9.911182774706011056e-01
9.909377849460507814e-01
9.907641203626477155e-01
9.905978401934080191e-01
9.904394968326217796e-01
9.902896357040056330e-01
9.901487920944914700e-01
9.900174877112476457e-01
9.898962269627425981e-01
9.897854929679905656e-01
9.896857433015536776e-01
9.895974054854048685e-01
9.895208722423666226e-01
9.894564965295394865e-01
9.894045863738828439e-01
9.893653995358862030e-01
9.893391380310017080e-01
9.893259425421178088e-01
9.893258867597192197e-01
9.893389716893652430e-01
9.893651199685682407e-01
9.894041702368999713e-01
9.894558716040415813e-01
9.895198782603690235e-01
9.895957442734345522e-01
9.896829186112791055e-01
9.897807404299001632e-01
9.898884346574209347e-01
9.900051079016950473e-01
9.901297447013717168e-01
9.902612041330645098e-01
9.903982167794614933e-01
9.905393820552395034e-01
9.906831658798055384e-01
9.908278986784285758e-01
9.909717736865112370e-01
9.911128455257961489e-01
9.912490290163745721e-01
9.913780981846038731e-01
9.914976854245182158e-01
9.916052807690762805e-01
9.916982312276271250e-01
9.917737401472437320e-01
9.918288665580332619e-01
9.918605244660839704e-01
9.918654820622849755e-01
9.918403608207754241e-01
9.917816344671657180e-01
9.916856278038863604e-01
9.915485153880142510e-01
9.913663200657006902e-01
9.911349113768747054e-01
9.908500038542591426e-01
9.905071552519227884e-01
9.901017647506459296e-01
9.896290712002875356e-01
9.890841514730929207e-01
9.884619190163982383e-01
9.877571227083282723e-01
9.869643461356397696e-01
9.860780074285474539e-01
9.850923598027978567e-01
9.840014929739937521e-01
9.827993356226881749e-01
9.814796591005244819e-01
9.800360825771069484e-01
9.784620798337915204e-01
9.767509879136617723e-01
9.748960178361525397e-01
9.728902675797437283e-01
9.707267375266365184e-01
9.683983485492266841e-01
9.658979628995225664e-01
9.632184080395751469e-01
9.603525035237316931e-01
9.572930910124691772e-01
9.540330674631142260e-01
9.505654215054000211e-01
9.468832729700495943e-01
9.429799154969271680e-01
9.388488621062686112e-01
9.344838935726130780e-01
9.298791093967788690e-01
9.250289811270637763e-01
9.199284077372653634e-01
9.145727727266103058e-01
9.089580025657404416e-01
9.030806260740482649e-01
8.969378342774361190e-01
8.905275402625364434e-01
8.838484385141875954e-01
8.769000631980966576e-01
8.696828448307436510e-01
8.621981647642870117e-01
8.544484069060711562e-01
8.464370060908199545e-01
8.381684925291510435e-01
8.296485317689854533e-01
8.208839596269446037e-01
8.118828115749718854e-01
8.026543461030252180e-01
7.932090616214616530e-01
7.835587065161124798e-01
7.737162820243232986e-01
7.636960376604395861e-01
7.535134589833223373e-01
7.431852475651719026e-01
7.327292930889768297e-01
7.221646375698699272e-01
7.115114317622750484e-01
7.007908838787020311e-01
6.900252008063110232e-01
6.792375220630250121e-01
6.684518467853901580e-01
6.576929540852050060e-01
6.469863171510894517e-01
6.363580115048690367e-01
6.258346178513568558e-01
6.154431199845763478e-01
6.052107982344521186e-01
5.951651189565363431e-01
5.853336205843553408e-01
5.757437967803669121e-01
5.664229772381674799e-01
5.573982067060194723e-01
5.486961228204290109e-01
5.403428333584906484e-01
5.323637935388577658e-01
5.247836840231187017e-01
5.176262902912946995e-01
5.109143840863095143e-01
5.046696076414416421e-01
4.989123614208768043e-01
4.936616961151760741e-01
4.889352096396967218e-01
4.847489498834802735e-01
4.811173239480142083e-01
4.780530145987268442e-01
4.755669046266135513e-01
4.736680097827051794e-01
4.723634209042431031e-01
4.716582557986455093e-01
4.715556213902023508e-01
4.720565865656169979e-01
4.731601660789933605e-01
4.748633157956042572e-01
4.771609394679549032e-01
4.800459071483336171e-01
4.835090852503760583e-01
4.875393781792041192e-01
4.921237813563477115e-01
4.972474453729159860e-01
5.028937509129461914e-01
5.090443939993953837e-01
5.156794810283178432e-01
5.227776329730471350e-01
5.303160980601686614e-01
5.382708721433526744e-01
5.466168259302829346e-01
5.553278381526327578e-01
5.643769337101379735e-01
5.737364257680102053e-01
5.833780607432597076e-01
5.932731650807757662e-01
6.033927926953641663e-01
6.137078719421704687e-01
6.241893509759939285e-01
6.348083403706514805e-01
6.455362518933027705e-01
6.563449323658956391e-01
6.672067915966783946e-01
6.780949234288092820e-01
6.889832190299314263e-01
6.998464716353174353e-01
7.106604720565508071e-01
7.214020943763272964e-01
7.320493713659574908e-01
7.425815592836868539e-01
7.529791918368435866e-01
7.632241232169147960e-01
7.732995602416964376e-01
7.831900837604764964e-01
7.928816595946798218e-01
8.023616393955768089e-01
8.116187519007841411e-01
8.206430851608161881e-01
8.294260603846330682e-01
8.379603981179968297e-01
8.462400775198242187e-01
8.542602895392326090e-01
8.620173848195935573e-01
8.695088171658496012e-01
8.767330834081588087e-01
8.836896604793964549e-01
8.903789404971710342e-01
8.968021646040338357e-01
9.029613562738318944e-01
9.088592547391843857e-01
9.144992491363794773e-01
9.198853139012135305e-01
9.250219458839579190e-01
9.299141035852632742e-01
9.345671488488009881e-01
9.389867912820539786e-01
9.431790356150397958e-01
9.471501321487995062e-01
9.509065303919719270e-01
9.544548359352512668e-01
9.578017705703648632e-01
9.609541356225863584e-01
9.639187784337466258e-01
9.667025619060845010e-01
9.693123369958407398e-01
9.717549180288835853e-01
9.740370606984303237e-01
9.761654425966029835e-01
9.781466461266231649e-01
9.799871436403767566e-01
9.816932846463641837e-01
9.832712849352200912e-01
9.847272174736028116e-01
9.860670049219525390e-01
9.872964136370817601e-01
9.884210490265471494e-01
9.894463521280787432e-01
9.903775972938773098e-01
9.912198908662589458e-01
9.919781707378749758e-01
9.926572066965513308e-01
9.932616014616509892e-01
9.937957923257444426e-01
9.942640533222556476e-01
9.946704978465625846e-01
9.950190816647054293e-01
9.953136062502843107e-01
9.955577223962027711e-01
9.957549340534943560e-01
9.959086023544576616e-01
9.960219497815976375e-01
9.960980644473697021e-01
9.961399044524111845e-01
9.961503022918359873e-01
9.961319692803340953e-01
9.960874999673717811e-01
9.960193765138910527e-01
9.959299730017552310e-01
9.958215596469840447e-01
9.956963068877954237e-01
9.955562893188109053e-01
9.954034894436717407e-01
9.952398012198847566e-01
9.950670333720459393e-01
9.948869124527190966e-01
9.947010856341301777e-01
9.945111232184008498e-01
9.943185208591638347e-01
9.941247014928974446e-01
9.939310169840116505e-01
9.937387494934064591e-01
9.935491125856978911e-01
9.933632520953875611e-01
9.931822467767650320e-01
9.930071087661377360e-01
9.928387838879789706e-01
9.926781518387097769e-01
9.925260262830400970e-01
9.923831548981236761e-01
9.922502194002518205e-01
9.921278355875119415e-01
9.920165534298678311e-01
9.919168572355931968e-01
9.918291659200494381e-01
9.917538333995673527e-01
9.916911491298131542e-01
9.916413388046048105e-01
9.916045652278058231e-01
9.915809293677424474e-01
9.915704716006176200e-01
9.915731731466808085e-01
9.915889577004413091e-01
9.916176932539888522e-01
9.916591941104676566e-01
9.917132230828960004e-01
9.917794938717884312e-01
9.918576736133787319e-01
9.919473855886205005e-01
9.920482120815412586e-01
9.921596973739418290e-01
9.922813508618765210e-01
9.924126502778604086e-01
9.925530450013589912e-01
9.927019594388915014e-01
9.928587964540569466e-01
9.930229408270392355e-01
9.931937627226901100e-01
9.933706211461561519e-01
9.935528673652217480e-01
9.937398482790574805e-01
9.939309097138856464e-01
9.941253996271399718e-01
9.943226712029661352e-01
9.945220858233242422e-01
9.947230159004493144e-01
9.949248475579639539e-01
9.951269831494652385e-01
9.953288436048990384e-01
9.955298705964716888e-01
9.957295285172292898e-01
9.959273062667560739e-01
9.961227188397276944e-01
9.963153087143213904e-01
9.965046470387454169e-01
9.966903346154387666e-01
9.968720026838113757e-01
9.970493135037570287e-01
9.972219607435813815e-01
9.973896696774223747e-01
9.975521971986901493e-01
9.977093316574806581e-01
9.978608925312832945e-01
9.980067299395557479e-01
9.981467240138340857e-01
9.982807841359194745e-01
9.984088480572848034e-01
9.985308809131350216e-01
9.986468741444856079e-01
9.987568443411934949e-01
9.988608320180698552e-01
9.989589003350622942e-01
9.990511337710622497e-01
9.991376367592521568e-01
9.992185322901584454e-01
9.992939604868437131e-01
9.993640771550842405e-01
9.994290523100719525e-01
9.994890686802860857e-01
9.995443201887885820e-01
9.995950104123940694e-01
9.996413510199788632e-01
9.996835601925964099e-01
9.997218610300072639e-01
9.997564799505808120e-01
9.997876450941305393e-01
