9.997974168660281880e-01
9.997679304146439572e-01
9.997352263037427855e-01
9.996990997875530027e-01
9.996593484500435611e-01
9.996157735031552249e-01
9.995681810326095817e-01
9.995163831806208599e-01
9.994601992584473127e-01
9.993994567851582911e-01
9.993339924520766582e-01
9.992636530149490159e-01
9.991882961178903955e-01
9.991077910545128615e-01
9.990220194723752334e-01
9.989308760270368959e-01
9.988342689916334116e-01
9.987321208271354722e-01
9.986243687174140016e-01
9.985109650720370711e-01
9.983918779984847225e-01
9.982670917442898473e-01
9.981366071085676639e-01
9.980004418215557838e-01
9.978586308901797874e-01
9.977112269073018513e-01
9.975583003222069367e-01
9.973999396700085063e-01
9.972362517579892449e-01
9.970673618073936373e-01
9.968934135498260796e-01
9.967145692781234079e-01
9.965310098523347815e-01
9.963429346622015848e-01
9.961505615482484366e-01
9.959541266842207863e-01
9.957538844241115017e-01
9.955501071173509242e-01
9.953430848958709776e-01
9.951331254366599932e-01
9.949205537030736402e-01
9.947057116675451782e-01
9.944889580174445243e-01
9.942706678446587842e-01
9.940512323180413778e-01
9.938310583362112149e-01
9.936105681563349723e-01
9.933901989925276732e-01
9.931704025754323206e-01
9.929516446624531145e-01
9.927344044860876293e-01
9.925191741259198341e-01
9.923064577881623993e-01
9.920967709752530617e-01
9.918906395269813103e-01
9.916885985139947124e-01
9.914911909643570054e-01
9.912989664041176319e-01
9.911124791936164469e-01
9.909322866424701282e-01
9.907589468878433836e-01
9.905930165226554118e-01
9.904350479627662684e-01
9.902855865448594308e-01
9.901451673496555195e-01
9.900143117481867705e-01
9.898935236721109199e-01
9.897832856124063605e-01
9.896840543542603230e-01
9.895962564595154332e-01
9.895202835116791995e-01
9.894564871422155683e-01
9.894051738605933455e-01
9.893665997143435975e-01
9.893409648090981667e-01
9.893284077221682349e-01
9.893289998465530921e-01
9.893427397052072525e-01
9.893695472777861433e-01
9.894092583837637012e-01
9.894616191666203431e-01
9.895262807235855052e-01
9.896027939240847893e-01
9.896906044575168870e-01
9.897890481472630952e-01
9.898973465629609114e-01
9.900146029571590400e-01
9.901397985456857898e-01
9.902717891436172426e-01
9.904093021608797454e-01
9.905509339535365498e-01
9.906951475189736955e-01
9.908402705157867141e-01
9.909844935824249079e-01
9.911258689227948615e-01
9.912623091222217964e-01
9.913915861535514962e-01
9.915113305308114189e-01
9.916190305667804683e-01
9.917120316910188471e-01
9.917875357863480401e-01
9.918426005043777804e-01
9.918741385243678987e-01
9.918789167244004279e-01
9.918535552394474042e-01
9.917945263873697570e-01
9.916981534511291052e-01
9.915606093135014287e-01
9.913779149493378018e-01
9.911459377899395351e-01
9.908603899844210527e-01
9.905168265940645922e-01
9.901106437676502336e-01
9.896370769585834948e-01
9.890911992583252266e-01
9.884679199350724366e-01
9.877619832817208234e-01
9.869679678926429611e-01
9.860802865044544507e-01
9.850931865513319341e-01
9.840007516001513244e-01
9.827969038442072591e-01
9.814754078459944076e-01
9.800298757289113150e-01
9.784537740242018611e-01
9.767404323824727674e-01
9.748830543582400754e-01
9.728747304708317278e-01
9.707084537353418696e-01
9.683771378431075272e-01
9.658736381523611580e-01
9.631907756264702636e-01
9.603213638297566357e-01
9.572582390596604540e-01
9.539942936594063561e-01
9.505225125178254908e-01
9.468360127230959211e-01
9.429280862954090292e-01
9.387922458804639492e-01
9.344222732417514221e-01
9.298122703452911253e-01
9.249567127863336236e-01
9.198505052639908142e-01
9.144890387673139109e-01
9.088682490954815840e-01
9.029846762960098694e-01
8.968355245687975597e-01
8.904187221509178851e-01
8.837329806679792288e-01
8.767778534131729362e-01
8.695537919954328121e-01
8.620622007840178513e-01
8.543054885688923239e-01
8.462871168549636058e-01
8.380116442140350674e-01
8.294847661315112308e-01
8.207133498056637944e-01
8.117054633856728429e-01
8.024703991705182116e-01
7.930186903338212190e-01
7.833621207893358696e-01
7.735137278672650218e-01
7.634877975319487309e-01
7.532998519356702838e-01
7.429666291700980363e-01
7.325060551448734358e-01
7.219372075907748432e-01
7.112802722513036358e-01
7.005564913903028490e-01
6.897881048031879736e-01
6.789982835746797285e-01
6.682110568759641600e-01
6.574512321386315472e-01
6.467443089814615131e-01
6.361163872994746171e-01
6.255940699530238014e-01
6.152043605189039255e-01
6.049745565862691965e-01
5.949321390986700431e-01
5.851046582605523572e-01
5.755196165432563404e-01
5.662043493424815388e-01
5.571859038571308487e-01
5.484909167786649054e-01
5.401454914007590702e-01
5.321750747809208537e-01
5.246043356083791576e-01
5.174570434552088205e-01
5.107559501094499632e-01
5.045226737086905278e-01
4.987775864090919775e-01
4.935397063368093251e-01
4.888265945749932229e-01
4.846542579389154781e-01
4.810370582832654840e-01
4.779876290685542983e-01
4.755167998873187640e-01
4.736335296151945595e-01
4.723448488070065565e-01
4.716558119040380470e-01
4.715694597562591905e-01
4.720867928931896662e-01
4.732067559003154678e-01
4.749262331755021993e-01
4.772400562529530710e-01
4.801410227919689078e-01
4.836199272353082224e-01
4.876656030483286219e-01
4.922649763563596848e-01
4.974031307047175332e-01
5.030633825742711895e-01
5.092273671961203840e-01
5.158751341224170339e-01
5.229852519271420697e-01
5.305349213313232948e-01
5.385000959722732183e-01
5.468556099665407011e-01
5.555753113520101039e-01
5.646322004367867464e-01
5.739985720318456774e-01
5.836461605018899990e-01
5.935462865353438033e-01
6.036700045108376322e-01
6.139882493249011475e-01
6.244719815446611033e-01
6.350923297609103457e-01
6.458207290415436397e-01
6.566290544232811222e-01
6.674897484310300388e-01
6.783759416787513707e-01
6.892615656829014226e-01
7.001214571084254379e-01
7.109314527667234263e-01
7.216684747935195876e-01
7.323106055503957323e-01
7.428371519149259417e-01
7.532286987488281405e-01
7.634671514591127028e-01
7.735357676916262415e-01
7.834191783175478152e-01
7.931033979891266572e-01
8.025758256493886744e-01
8.118252354798877191e-01
8.208417588593579506e-01
8.296168579830756062e-01
8.381432918568912926e-01
8.464150754306180024e-01
8.544274326723690915e-01
8.621767444085093324e-01
8.696604917633621312e-01
8.768771960292205403e-01
8.838263557813458293e-01
8.905083820255146332e-01
8.969245321285113093e-01
9.030768432361160336e-01
9.089680658301171334e-01
9.146015980172070847e-01
9.199814210799073244e-01
9.251120367544506395e-01
9.299984066343435218e-01
9.346458940325252929e-01
9.390602085708996682e-01
9.432473537046652812e-01
9.472135773312120310e-01
9.509653255801631122e-01
9.545091998329386929e-01
9.578519169773793696e-01
9.610002728656692472e-01
9.639611089120402321e-01
9.667412817404013037e-01
9.693476357708474822e-01
9.717869786176037694e-01
9.740660591589145323e-01
9.761915481312076759e-01
9.781700210950285967e-01
9.800079436182339565e-01
9.817116585222531722e-01
9.832873750393962275e-01
9.847411597327812016e-01
9.860789290351150704e-01
9.873064432679651281e-01
9.884293020090842985e-01
9.894529406816062744e-01
9.903826282453910279e-01
9.912234658773989571e-01
9.919803865346576988e-01
9.926581553001396774e-01
9.932613704186742387e-01
9.937944649368619654e-01
9.942617088677934145e-01
9.946672118081665293e-01
9.950149259420394410e-01
9.953086493718769079e-01
9.955520297236012395e-01
9.957485679779434218e-01
9.959016224853665111e-01
9.960144131261100542e-01
9.960900255804023828e-01
9.961314156765772587e-01
9.961414137867248275e-01
9.961227292406772404e-01
9.960779547296817471e-01
9.960095706712265295e-01
9.959199495063282281e-01
9.958113599004009275e-01
9.956859708187990599e-01
9.955458554484808431e-01
9.953929949381375986e-01
9.952292819307204663e-01
9.950565238646396082e-01
9.948764460230556939e-01
9.946906943145771285e-01
9.945008377732569294e-01
9.943083707709003960e-01
9.941147149401935446e-01
9.939212208128493931e-01
9.937291691826362072e-01
9.935397722086031225e-01
9.933541742788647433e-01
9.931734526597727486e-01
9.929986179590644113e-01
9.928306144345230289e-01
9.926703201817567157e-01
9.925185472358709626e-01
9.923760416220934744e-01
9.922434833898550188e-01
9.921214866635076346e-01
9.920105997408857901e-01
9.919113052683976584e-01
9.918240205184030156e-01
9.917490977914371619e-01
9.916868249624851694e-01
9.916374261871401252e-01
9.916010627801787880e-01
9.915778342759397068e-01
9.915677796769613028e-01
9.915708788946407948e-01
9.915870543832356887e-01
9.916161729663152125e-01
9.916580478527630138e-01
9.917124408375778133e-01
9.917790646809832023e-01
9.918575856576895555e-01
9.919476262665243294e-01
9.920487680890319737e-01
9.921605547840576245e-01
9.922824952037628821e-01
9.924140666150288448e-01
9.925547180088125643e-01
9.927038734787955176e-01
9.928609356496496119e-01
9.930252891344943933e-01
9.931963040006706045e-01
9.933733392228273340e-01
9.935557461025285031e-01
9.937428716341114576e-01
9.939340617973475567e-01
9.941286647585237946e-01
9.943260339628315903e-01
9.945255311023543099e-01
9.947265289454404469e-01
9.949284140147741651e-01
9.951305891029754713e-01
9.953324756160475406e-01
9.955335157364141319e-01
9.957331743986640449e-01
9.959309410724334066e-01
9.961263313481387716e-01
9.963188883225345682e-01
9.965081837823324129e-01
9.966938191854071150e-01
9.968754264404386944e-01
9.970526684872129675e-01
9.972252396812134601e-01
9.973928659875921365e-01
9.975553049910617087e-01
9.977123457296915854e-01
9.978638083619706389e-01
9.980095436777587370e-01
9.981494324648542138e-01
9.982833847437837527e-01
9.984113388840234471e-01
9.985332606151489099e-01
9.986491419463381369e-01
9.987590000072095187e-01
9.988628758221589354e-01
9.989608330292024663e-01
9.990529565528797340e-01
9.991393512391141263e-01
9.992201404581587676e-01
9.992954646800068508e-01
9.993654800250481030e-01
9.994303567914357700e-01
9.994902779597333309e-01
9.995454376750205761e-01
9.995960397068478498e-01
9.996422958882501542e-01
9.996844245364584491e-01
9.997226488599028071e-01
9.997571953584764026e-01
9.997882922266497774e-01
