9.997972671190401561e-01
9.997677603824807191e-01
9.997350341757331726e-01
9.996988837334327416e-01
9.996591066415183580e-01
9.996155041376352246e-01
9.995678823588363127e-01
9.995160535258414969e-01
9.994598370567281398e-01
9.993990606063731796e-01
9.993335610310642991e-01
9.992631852802960069e-01
9.991877912197794087e-01
9.991072483910702351e-01
9.990214387139660923e-01
9.989302571379812257e-01
9.988336122488657987e-01
9.987314268353902902e-01
9.986236384205930960e-01
9.985101997605043689e-01
9.983910793121284488e-01
9.982662616712940640e-01
9.981357479799388699e-01
9.979995563015541249e-01
9.978577219628989026e-01
9.977102978597325311e-01
9.975573547241948225e-01
9.973989813515795610e-01
9.972352847845613599e-01
9.970663904534243782e-01
9.968924422714544598e-01
9.967136026853594677e-01
9.965300526813258841e-01
9.963419917480694776e-01
9.961496377989356166e-01
9.959532270557280853e-01
9.957530138974366452e-01
9.955492706773655387e-01
9.953422875122963642e-01
9.951323720472251555e-01
9.949198491988657800e-01
9.947050608804937077e-01
9.944883657098150254e-01
9.942701387003780589e-01
9.940507709356245503e-01
9.938306692230258754e-01
9.936102557239023803e-01
9.933899675525422746e-01
9.931702563361660685e-01
9.929515877252064193e-01
9.927344408413526500e-01
9.925193076489285948e-01
9.923066922335114226e-01
9.920971099703159712e-01
9.918910865638460583e-01
9.916891569396925066e-01
9.914918639691818747e-01
9.912997570078670995e-01
9.911133902296193066e-01
9.909333207392985177e-01
9.907601064486386555e-01
9.905943037020259467e-01
9.904364646412415762e-01
9.902871343009085336e-01
9.901468474292965949e-01
9.900161250322330186e-01
9.898954706411102755e-01
9.897853663093477694e-01
9.896862683451267406e-01
9.895986027917776928e-01
9.895227606708369983e-01
9.894590930065035872e-01
9.894079056539909489e-01
9.893694539580483172e-01
9.893439372716497093e-01
9.893314933684466128e-01
9.893321927859143328e-01
9.893460331390715456e-01
9.893729334470484638e-01
9.894127285164613372e-01
9.894651634263603723e-01
9.895298881593067586e-01
9.896064524217996761e-01
9.896943006947466204e-01
9.897927675509392564e-01
9.899010732716106986e-01
9.900183197882209685e-01
9.901434869688060525e-01
9.902754292607522935e-01
9.904128726939771532e-01
9.905544122404740248e-01
9.906985095183108436e-01
9.908434908207216507e-01
9.909875454441496867e-01
9.911287242832156341e-01
9.912649386557520481e-01
9.913939593174104781e-01
9.915134156229686857e-01
9.916207947903886710e-01
9.917134412238866048e-01
9.917885558537224977e-01
9.918431954530545491e-01
9.918742718959231430e-01
9.918785513251712205e-01
9.918526532047662325e-01
9.917930492375144347e-01
9.916960621364770967e-01
9.915578642464888404e-01
9.913744760210293494e-01
9.911417643693075652e-01
9.908554408988203832e-01
9.905110600898640039e-01
9.901040174505342240e-01
9.896295477136591856e-01
9.890827231508403372e-01
9.884584520932550022e-01
9.877514777639623267e-01
9.869563775419492035e-01
9.860675627937458554e-01
9.850792794237798189e-01
9.839856093092511635e-01
9.827804727987059508e-01
9.814576324650882144e-01
9.800106983133041183e-01
9.784331346486573322e-01
9.767182688154012471e-01
9.748593020136536724e-01
9.728493223976687476e-01
9.706813206487359125e-01
9.683482082016630077e-01
9.658428382849216787e-01
9.631580299112422194e-01
9.602865949280032787e-01
9.572213682055218387e-01
9.539552410067527743e-01
9.504811975444147354e-01
9.467923546917041966e-01
9.428820047710269048e-01
9.387436613021112874e-01
9.343711075469495198e-01
9.297584476447461332e-01
9.249001600859060312e-01
9.197911532305587112e-01
9.144268225346580126e-01
9.088031091058232924e-01
9.029165591723143924e-01
8.967643840123942223e-01
8.903445198584085674e-01
8.836556872607808089e-01
8.766974493724066786e-01
8.694702685942199416e-01
8.619755610086138331e-01
8.542157480194807473e-01
8.461943046163988846e-01
8.379158036863605385e-01
8.293859558097436135e-01
8.206116439981272492e-01
8.116009528601164646e-01
8.023631917173861261e-01
7.929089112363406633e-01
7.832499131905998890e-01
7.733992530251505571e-01
7.633712349535719532e-01
7.531813993840936750e-01
7.428465025371464581e-01
7.323844881852044075e-01
7.218144515136981632e-01
7.111565951682943254e-01
7.004321776176267722e-01
6.896634540205635044e-01
6.788736098424008603e-01
6.680866875143861572e-01
6.573275064753452135e-01
6.466215769728574925e-01
6.359950080346725709e-01
6.254744100493307979e-01
6.150867924190227543e-01
6.048594567684341117e-01
5.948198862116380603e-01
5.849956311960498034e-01
5.754141924589164514e-01
5.661029016486064380e-01
5.570888001807157153e-01
5.483985169180601860e-01
5.400581452840842456e-01
5.320931204409555804e-01
5.245280971860845076e-01
5.173868292433738691e-01
5.106920506471749333e-01
5.044653599366081265e-01
4.987271078943843472e-01
4.934962895762822210e-01
4.887904413837393935e-01
4.846255439315076963e-01
4.810159314540035647e-01
4.779742084770565169e-01
4.755111744557877218e-01
4.736357570439478915e-01
4.723549546153797962e-01
4.716737886045184736e-01
4.715952661706401816e-01
4.721203536206172169e-01
4.732479609482012073e-01
4.749749377653954552e-01
4.772960808143966727e-01
4.802041531580851785e-01
4.836899150541892345e-01
4.877421664242118649e-01
4.923478007338668583e-01
4.974918700081376599e-01
5.031576606118628447e-01
5.093267793367060037e-01
5.159792492481223292e-01
5.230936146620921434e-01
5.306470545414557760e-01
5.386155035263441304e-01
5.469737797429679027e-01
5.556957184706392550e-01
5.647543106890978715e-01
5.741218454777820002e-01
5.837700551965582241e-01
5.936702623444696236e-01
6.037935269702594532e-01
6.141107934966693049e-01
6.245930358205880051e-01
6.352113995637884702e-01
6.459373403747221687e-01
6.567427572209110220e-01
6.676001196639553825e-01
6.784825881747502674e-01
6.893641266245862376e-01
7.002196061775077807e-01
7.110248999093830014e-01
7.217569675881154723e-01
7.323939301655377765e-01
7.429151336528376781e-01
7.533012021757822252e-01
7.635340801313486025e-01
7.735970634914416388e-01
7.834748204200181476e-01
7.931534014850893932e-01
8.026202398547996886e-01
8.118641419653913616e-01
8.208752692368348480e-01
8.296451114880489808e-01
8.381664527669828724e-01
8.464333303607549652e-01
8.544409877872145564e-01
8.621858225916624319e-01
8.696653297813099481e-01
8.768780417259085525e-01
8.838234653366335847e-01
8.905020173077899948e-01
8.969149581684252581e-01
9.030643258448618482e-01
9.089528693819883820e-01
9.145839834124079859e-01
9.199616438998254875e-01
9.250903456179111473e-01
9.299750417597946184e-01
9.346210860077237559e-01
9.390341773285094673e-01
9.432203076992961011e-01
9.471857129108396389e-01
9.509368265426086930e-01
9.544802371561624810e-01
9.578226487107657228e-01
9.609708441682486280e-01
9.639316522227040496e-01
9.667119170646009119e-01
9.693184710680099458e-01
9.717581102735280973e-01
9.740375725276967378e-01
9.761635181317618315e-01
9.781425128479837028e-01
9.799810131098750654e-01
9.816853532831972817e-01
9.832617348268268831e-01
9.847162172062814411e-01
9.860547104174047783e-01
9.872829689831476019e-01
9.884065872923065710e-01
9.894309961553210409e-01
9.903614604586481462e-01
9.912030778057763225e-01
9.919607780395403029e-01
9.926393235470591936e-01
9.932433102553130944e-01
9.937771692320893635e-01
9.942451688137355914e-01
9.946514171878040322e-01
9.949998653651793701e-01
9.952943104825596743e-01
9.955383993820887678e-01
9.957356324203978648e-01
9.958893674641923210e-01
9.960028240337034378e-01
9.960790875587622883e-01
9.961211137148910932e-01
9.961317328086791711e-01
9.961136541828730095e-01
9.960694706121779873e-01
9.960016626609050627e-01
9.959126029734854946e-01
9.958045604687311148e-01
9.956797044087511983e-01
9.955401083138422091e-01
9.953877536956308170e-01
9.952245335823795003e-01
9.950522558127659067e-01
9.948726460776250446e-01
9.946873506930740128e-01
9.944979390930381857e-01
9.943059060343341082e-01
9.941126735129633962e-01
9.939195923959557311e-01
9.937279437787581715e-01
9.935389400835973328e-01
9.933537259192664060e-01
9.931733787272307712e-01
9.929989092426793063e-01
9.928312618020664893e-01
9.926713145307383135e-01
9.925198794453801154e-01
9.923777025062913149e-01
9.922454636539193018e-01
9.921237768627604314e-01
9.920131902437465676e-01
9.919141862237219609e-01
9.918271818276838125e-01
9.917525290862605480e-01
9.916905155875554989e-01
9.916413651891099468e-01
9.916052389024367919e-01
9.915822359594317348e-01
9.915723950670293219e-01
9.915756958537744747e-01
9.915920605095335238e-01
9.916213556173483212e-01
9.916633941744293912e-01
9.917179377974324472e-01
9.917846991054302119e-01
9.918633442723376881e-01
9.919534957389362084e-01
9.920547350730540836e-01
9.921666059648958091e-01
9.922886173429794621e-01
9.924202465946789786e-01
9.925609428740049811e-01
9.927101304780618918e-01
9.928672122726228677e-01
9.930315731465290119e-01
9.932025834741760040e-01
9.933796025652249506e-01
9.935619820808722080e-01
9.937490693965234101e-01
9.939402108915160738e-01
9.941347551475754329e-01
9.943320560389319329e-01
9.945314756984038329e-01
9.947323873452200704e-01
9.949341779618623427e-01
9.951362508087083780e-01
9.953380277667289722e-01
9.955389514999142264e-01
9.957384874304751055e-01
9.959361255211842678e-01
9.961313818605124215e-01
9.963238000474829992e-01
9.965129523744519213e-01
9.966984408073138457e-01
9.968798977639790060e-01
9.970569866933466363e-01
9.972294024584283934e-01
9.973968715287289122e-01
9.975591519884626779e-01
9.977160333686205806e-01
9.978673363122856355e-01
9.980129120838531209e-01
9.981526419339131762e-01
9.982864363324235324e-01
9.984142340834024631e-01
9.985360013346463726e-01
9.986517304959016128e-01
9.987614390784660401e-01
9.988651684683770293e-01
9.989629826441757121e-01
9.990549668487874735e-01
9.991412262233969610e-01
9.992218844094308272e-01
9.992970821230179324e-01
9.993669757046994562e-01
9.994317356458614077e-01
9.994915450924657385e-01
9.995465983262844523e-01
9.995970992240550412e-01
9.996432596958072514e-01
9.996852981050459164e-01
9.997234376754325913e-01
9.997579048909872590e-01
9.997889278994469553e-01
