9.997971414059693140e-01
9.997676189311753836e-01
9.997348758902451227e-01
9.996987075791951005e-01
9.996589116698523236e-01
9.996152895113153969e-01
9.995676473782282301e-01
9.995157976550692602e-01
9.994595599492945848e-01
9.993987621296325230e-01
9.993332412889441851e-01
9.992628446336854209e-01
9.991874303040348959e-01
9.991068681301525922e-01
9.990210403307938636e-01
9.989298421606812584e-01
9.988331825127025887e-01
9.987309844802717551e-01
9.986231858841665421e-01
9.985097397669733255e-01
9.983906148570356187e-01
9.982657960026178889e-01
9.981352845759439152e-01
9.979990988459086498e-01
9.978572743176302717e-01
9.977098640366273141e-01
9.975569388552646410e-01
9.973985876592084132e-01
9.972349175519246156e-01
9.970660539957263424e-01
9.968921409084732232e-01
9.967133407157166003e-01
9.965298343588188112e-01
9.963418212603187829e-01
9.961495192485129158e-01
9.959531644438406328e-01
9.957530111101651205e-01
9.955493314743701916e-01
9.953424155178407506e-01
9.951325707433059664e-01
9.949201219201860846e-01
9.947054108109808501e-01
9.944887958803553252e-01
9.942706519874233706e-01
9.940513700603212932e-01
9.938313567505160373e-01
9.936110340624616510e-01
9.933908389522360105e-01
9.931712228867314307e-01
9.929526513528987852e-01
9.927356033045279249e-01
9.925205705321743510e-01
9.923080569401753204e-01
9.920985777133211059e-01
9.918926583547220677e-01
9.916908335757868009e-01
9.914936460190487688e-01
9.913016447948633791e-01
9.911153838137564120e-01
9.909354198974238415e-01
9.907623106530292212e-01
9.905966120974905031e-01
9.904388760208269193e-01
9.902896470803106421e-01
9.901494596200723919e-01
9.900188342139060182e-01
9.898982739322601532e-01
9.897882603377701205e-01
9.896892492171510680e-01
9.896016660608344395e-01
9.895259013053753216e-01
9.894623053573763372e-01
9.894111834214488477e-01
9.893727901585148699e-01
9.893473242044943383e-01
9.893349225830190274e-01
9.893356550491676504e-01
9.893495184041649626e-01
9.893764308233953253e-01
9.894162262417633968e-01
9.894686488412415271e-01
9.895333476852280485e-01
9.896098715429931802e-01
9.896976639449430735e-01
9.897960585056796434e-01
9.899042745469172067e-01
9.900214130463552697e-01
9.901464529317570706e-01
9.902782477319725940e-01
9.904155225887212310e-01
9.905568716248940309e-01
9.907007556572263729e-01
9.908455002337176465e-01
9.909892939693690783e-01
9.911301871479110126e-01
9.912660905523570376e-01
9.913947744835879261e-01
9.915138679238109098e-01
9.916208578006874275e-01
9.917130883081712867e-01
9.917877602416028671e-01
9.918419303072966153e-01
9.918725103706590440e-01
9.918762666116935911e-01
9.918498185625017616e-01
9.917896380080066798e-01
9.916920477385430255e-01
9.915532201511441102e-01
9.913691757052927045e-01
9.911357812485949159e-01
9.908487482382958289e-01
9.905036308958209412e-01
9.900958243436022155e-01
9.896205627863559062e-01
9.890729178126721477e-01
9.884477969072039683e-01
9.877399422787427330e-01
9.869439301248580376e-01
9.860541704692500353e-01
9.850649077231642403e-01
9.839702221366924961e-01
9.827640323190319771e-01
9.814400990182491347e-01
9.799920303602172034e-01
9.784132887526209021e-01
9.766971996627247243e-01
9.748369624765315100e-01
9.728256636416812153e-01
9.706562922866897036e-01
9.683217584948318191e-01
9.658149143921138657e-01
9.631285781855362105e-01
9.602555612604539714e-01
9.571886984146646959e-01
9.539208812723092290e-01
9.504450948832410262e-01
9.467544574736993512e-01
9.428422632724346997e-01
9.387020282933782322e-01
9.343275389120383467e-01
9.297129030285210538e-01
9.248526035659001554e-01
9.197415540090818631e-01
9.143751556468024955e-01
9.087493561384748508e-01
9.028607089887663584e-01
8.967064334766260414e-01
8.902844745525138048e-01
8.835935621884674074e-01
8.766332696409324665e-01
8.694040700666396670e-01
8.619073909177936699e-01
8.541456655350339044e-01
8.461223813555318607e-01
8.378421241596094582e-01
8.293106177927432876e-01
8.205347588209014331e-01
8.115226456059037030e-01
8.022836013237049091e-01
7.928281904918641487e-01
7.831682286223941025e-01
7.733167846719538607e-01
7.632881760219940581e-01
7.530979557858881179e-01
7.427628923070346278e-01
7.323009407800584736e-01
7.217312069952347420e-01
7.110739032727411146e-01
7.003502967171065796e-01
6.895826499821562372e-01
6.787941547919968954e-01
6.680088585135099954e-01
6.572515841200896602e-01
6.465478439249187081e-01
6.359237474951932034e-01
6.254059041868327284e-01
6.150213207631201051e-01
6.047972945812634116e-01
5.947613028490110754e-01
5.849408884702029798e-01
5.753635430144307117e-01
5.660565873625854616e-01
5.570470505976489184e-01
5.483615477290044726e-01
5.400261568588720085e-01
5.320662964211402279e-01
5.245066031452854105e-01
5.173708114206687636e-01
5.106816347582139315e-01
5.044606500663008086e-01
4.987281854743552678e-01
4.935032124498617279e-01
4.888032429611302021e-01
4.846442324379134359e-01
4.810404892739992277e-01
4.780045915992838790e-01
4.755473120231388240e-01
4.736775510157358315e-01
4.724022795494923210e-01
4.717264915691129490e-01
4.716531667964727337e-01
4.721832443064621909e-01
4.733156072328932318e-01
4.750470788806693268e-01
4.773724304328139656e-01
4.802844003497709346e-01
4.837737254648448726e-01
4.878291836847843399e-01
4.924376481094177027e-01
4.975841522898057923e-01
5.032519662514889358e-01
5.094226828187378153e-01
5.160763136880304192e-01
5.231913946148183392e-01
5.307450989976545408e-01
5.387133590684826112e-01
5.470709938280278184e-01
5.557918428013521872e-01
5.648489046315695594e-01
5.742144794801955499e-01
5.838603141615005265e-01
5.937577489064194136e-01
6.038778646299717279e-01
6.141916295655652780e-01
6.246700441308252749e-01
6.352842829033424898e-01
6.460058326114482830e-01
6.568066250850463916e-01
6.676591641646925090e-01
6.785366456331786145e-01
6.894130693122630937e-01
7.002633425570143899e-01
7.110633744802141720e-01
7.217901603480116890e-01
7.324218557036947796e-01
7.429378398972200648e-01
7.533187688218772049e-01
7.635466167840551099e-01
7.736047075553282859e-01
7.834777347758725696e-01
7.931517719924983112e-01
8.026142727214745642e-01
8.118540610240991828e-01
8.208613131701879562e-01
8.296275310400891279e-01
8.381455079785545825e-01
8.464092878631892525e-01
8.544141181859131740e-01
8.621563979678839029e-01
8.696336213369044721e-01
8.768443175920035415e-01
8.837879885634394306e-01
8.904650440488286467e-01
8.968767360686779044e-01
9.030250926386349519e-01
9.089128517027675880e-01
9.145433958136688357e-01
9.199206880827225374e-01
9.250492098590201717e-01
9.299339005296627381e-01
9.345800997688934464e-01
9.389934924999618904e-01
9.431800567728799711e-01
9.471460147042416455e-01
9.508977865727414880e-01
9.544419481165019592e-01
9.577851910361263599e-01
9.609342866707222264e-01
9.638960527829716352e-01
9.666773233635309603e-01
9.692849213443452960e-01
9.717256340945010784e-01
9.740061915605741083e-01
9.761332469055701289e-01
9.781133594959817712e-01
9.799529800846857874e-01
9.816584380378766683e-01
9.832359304564984859e-01
9.846915130462868815e-01
9.860310925951941696e-01
9.872604209223381222e-01
9.883850901684548829e-01
9.894105293039733295e-01
9.903420017371302730e-01
9.911846039109561968e-01
9.919432647844218520e-01
9.926227460995502572e-01
9.932276433428373075e-01
9.937623873158930587e-01
9.942312462367792758e-01
9.946383283000317377e-01
9.949875846297480120e-01
9.952828125663027992e-01
9.955276592331050445e-01
9.957256253352226860e-01
9.958800691465474753e-01
9.959942106463613998e-01
9.960711357696153678e-01
9.961138007379124470e-01
9.961250364401085244e-01
9.961075528326736039e-01
9.960639433305891188e-01
9.959966891597705763e-01
9.959081636419582217e-01
9.958006363829446927e-01
9.956762773350917861e-01
9.955371607055495398e-01
9.953852686825825913e-01
9.952224949540721122e-01
9.950506479946706895e-01
9.948714541012703139e-01
9.946865601603704921e-01
9.944975361355115062e-01
9.943058772680570812e-01
9.941130059900771254e-01
9.939202735537390199e-01
9.937289613872347660e-01
9.935402821926762051e-01
9.933553808063804169e-01
9.931753348463854270e-01
9.930011551757481625e-01
9.928337862130814928e-01
9.926741061238216757e-01
9.925229269268666110e-01
9.923809945514889819e-01
9.922489888788643686e-01
9.921275238012365882e-01
9.920171473297664244e-01
9.919183417795950364e-01
9.918315240577371128e-01
9.917570460762131779e-01
9.916951953094875760e-01
9.916461955118922589e-01
9.916102076074154725e-01
9.915873307610711951e-01
9.915776036381228620e-01
9.915810058547329664e-01
9.915974596211593051e-01
9.916268315764064090e-01
9.916689348112474045e-01
9.917235310746935761e-01
9.917903331572924808e-01
9.918690074430044357e-01
9.919591766198377902e-01
9.920604225378654162e-01
9.921722892017176276e-01
9.922942858831417245e-01
9.924258903377759511e-01
9.925665521089398480e-01
9.927156959000458247e-01
9.928727249962369106e-01
9.930370247151013574e-01
9.932079658658486965e-01
9.933849081961737548e-01
9.935672038061988953e-01
9.937542005093614739e-01
9.939452451208744543e-01
9.941396866554064182e-01
9.943368794168365721e-01
9.945361859643084834e-01
9.947369799402601132e-01
9.949386487476118424e-01
9.951405960648022075e-01
9.953422441888386540e-01
9.955430361979692444e-01
9.957424379269669279e-01
9.959399397493555739e-01
9.961350581622134825e-01
9.963273371704763903e-01
9.965163494689560642e-01
9.967016974215993086e-01
9.968830138388602435e-01
9.970599625554462664e-01
9.972322388121249714e-01
9.973995694467368001e-01
9.975617129010180273e-01
9.977184590512802043e-01
9.978696288723613028e-01
9.980150739455219133e-01
9.981546758220545268e-01
9.982883452552386849e-01
9.984160213138760787e-01
9.985376703909109031e-01
9.986532851205661698e-01
9.987628832169735960e-01
9.988665062464586741e-01
9.989642183444803480e-01
9.990561048867750982e-01
9.991422711226023434e-01
9.992228407762233644e-01
9.992979546210072339e-01
9.993677690289618498e-01
9.994324544971869839e-01
9.994921941518523090e-01
9.995471822299236697e-01
9.995976225390742487e-01
9.996437268970418399e-01
9.996857135531166394e-01
9.997238055964002834e-01
9.997582293578393120e-01
9.997892128156479208e-01
