9.997972236511204480e-01
9.997677260913516717e-01
9.997350129556431542e-01
9.996988801489880005e-01
9.996591259641334215e-01
9.996155523730272385e-01
9.995679662640983842e-01
9.995161806148440409e-01
9.994600155928722307e-01
9.993992995820444314e-01
9.993338701335001684e-01
9.992635748439665511e-01
9.991882721657825428e-01
9.991078321544285545e-01
9.990221371600788158e-01
9.989310824698098834e-01
9.988345769067004110e-01
9.987325433912496164e-01
9.986249194694445386e-01
9.985116578105397434e-01
9.983927266763125141e-01
9.982681103622973451e-01
9.981378096104008835e-01
9.980018419913910810e-01
9.978602422550905127e-01
9.977130626457092477e-01
9.975603731796066631e-01
9.974022618828817244e-01
9.972388349865094481e-01
9.970702170772451911e-01
9.968965512031588982e-01
9.967179989334016277e-01
9.965347403725893782e-01
9.963469741309860517e-01
9.961549172524167828e-01
9.959588051025106692e-01
9.957588912204142773e-01
9.955554471374926662e-01
9.953487621667089780e-01
9.951391431663145770e-01
9.949269142811665301e-01
9.947124166643960264e-01
9.944960081812840302e-01
9.942780630960434962e-01
9.940589717407986026e-01
9.938391401643990042e-01
9.936189897568593610e-01
9.933989568432202155e-01
9.931794922385455138e-01
9.929610607536745182e-01
9.927441406393044954e-01
9.925292229540755296e-01
9.923168108406362764e-01
9.921074186922650417e-01
9.919015711915631917e-01
9.916998022020953041e-01
9.915026534936477454e-01
9.913106732820483602e-01
9.911244145652416959e-01
9.909444332385239917e-01
9.907712859734963962e-01
9.906055278473422376e-01
9.904477097114309236e-01
9.902983752909373383e-01
9.901580580100954876e-01
9.900272775408233139e-01
9.899065360757238752e-01
9.897963143298618149e-01
9.896970672792104740e-01
9.896092196472451308e-01
9.895331611548311423e-01
9.894692415522848838e-01
9.894177654562679169e-01
9.893789870179543477e-01
9.893531044526358009e-01
9.893402544644961383e-01
9.893405066035908524e-01
9.893538575949607505e-01
9.893802256821341290e-01
9.894194450288745779e-01
9.894712602237371035e-01
9.895353209316880561e-01
9.896111767355928457e-01
9.896982722077454220e-01
9.897959422477785596e-01
9.899034077183226366e-01
9.900197714037746177e-01
9.901440143106873260e-01
9.902749923207884164e-01
9.904114331997692089e-01
9.905519339570052484e-01
9.906949585435784744e-01
9.908388358686336383e-01
9.909817581074766846e-01
9.911217792691157102e-01
9.912568139863385808e-01
9.913846364880257722e-01
9.915028797112920289e-01
9.916090345102551717e-01
9.917004489187318805e-01
9.917743274258916664e-01
9.918277302268022622e-01
9.918575724137541627e-01
9.918606230791815470e-01
9.918335043067827428e-01
9.917726900340207985e-01
9.916745047764824461e-01
9.915351222125456943e-01
9.913505636354543737e-01
9.911166962892198340e-01
9.908292316148030743e-01
9.904837234438190752e-01
9.900755661885860537e-01
9.895999930897506625e-01
9.890520745959465732e-01
9.884267169639445738e-01
9.877186611824029239e-01
9.869224823374500577e-01
9.860325895536387053e-01
9.850432266589502772e-01
9.839484737370490786e-01
9.827422497433822013e-01
9.814183163734270243e-01
9.799702833808188185e-01
9.783916155496769074e-01
9.766756415286350634e-01
9.748155647334211249e-01
9.728044765199258537e-01
9.706353718203131198e-01
9.683011674207180342e-01
9.657947230404598793e-01
9.631088653496054919e-01
9.602364150344120386e-01
9.571702169889941825e-01
9.539031736769554293e-01
9.504282816691592695e-01
9.467386713238296059e-01
9.428276495332797991e-01
9.386887454183269197e-01
9.343157588073561781e-01
9.297028112925890264e-01
9.248443996118721477e-01
9.197354510607332889e-01
9.143713805970512531e-01
9.087481492599507327e-01
9.028623234859917135e-01
8.967111348698975082e-01
8.902925398845230598e-01
8.836052790460787731e-01
8.766489349863684222e-01
8.694239888745707301e-01
8.619318746174611245e-01
8.541750302594539601e-01
8.461569460029719769e-01
8.378822082757829692e-01
8.293565392854338469e-01
8.205868315219152498e-01
8.115811766982496955e-01
8.023488886546621401e-01
7.929005197950408368e-01
7.832478706739731678e-01
7.734039924080265971e-01
7.633831816451989161e-01
7.532009678904808547e-01
7.428740930520207897e-01
7.324204831401479598e-01
7.218592121190903210e-01
7.112104579773398383e-01
7.004954511459708932e-01
6.897364154537746206e-01
6.789565018629075688e-01
6.681797152782760207e-01
6.574308347677648712e-01
6.467353275685774339e-01
6.361192572877196749e-01
6.256091867324856670e-01
6.152320758304505866e-01
6.050151751188684868e-01
5.949859153014770419e-01
5.851717933875374422e-01
5.756002559444697297e-01
5.662985800124680225e-01
5.572937522476133498e-01
5.486123468796799685e-01
5.402804030920590472e-01
5.323233024538830405e-01
5.247656470579814547e-01
5.176311390419969793e-01
5.109424621928171373e-01
5.047211663552740868e-01
4.989875553835307898e-01
4.937605793863826253e-01
4.890577320245126369e-01
4.848949536174269603e-01
4.812865408092360520e-01
4.782450635249106963e-01
4.757812899215604352e-01
4.739041200023993428e-01
4.726205285144979840e-01
4.719355176954854736e-01
4.718520803697165977e-01
4.723711738219461553e-01
4.734917047973018489e-01
4.752105258915110264e-01
4.775224435062125350e-01
4.804202374520124552e-01
4.838946921880149521e-01
4.879346395920167723e-01
4.925270130614610720e-01
4.976569126525339781e-01
5.033076808742440456e-01
5.094609886666262577e-01
5.160969310078795669e-01
5.231941315148371796e-01
5.307298553250352491e-01
5.386801294772491921e-01
5.470198699412303078e-01
5.557230143868632233e-01
5.647626597288433192e-01
5.741112034357820360e-01
5.837404875532226090e-01
5.936219443591935763e-01
6.037267425495123074e-01
6.140259328389567894e-01
6.244905918644370058e-01
6.350919632881983912e-01
6.458015950233636504e-01
6.565914715412155545e-01
6.674341402695830316e-01
6.783028311543777278e-01
6.891715685312611583e-01
7.000152745407847155e-01
7.108098634170569863e-01
7.215323260856330023e-01
7.321608046192608077e-01
7.426746562184651790e-01
7.530545065057159260e-01
7.632822920449370274e-01
7.733412921202591495e-01
7.832161499270157146e-01
7.928928834419939342e-01
8.023588863469572896e-01
8.116029194776983591e-01
8.206150933588683971e-01
8.293868424612815815e-01
8.379108918823627850e-01
8.461812172011666799e-01
8.541929982966385282e-01
8.619425679413511565e-01
8.694273559931610107e-01
8.766458300044742691e-01
8.835974330539650978e-01
8.902825195795437407e-01
8.967022899553831472e-01
9.028587245111783233e-01
9.087545176400171343e-01
9.143930125838056755e-01
9.197781374236631002e-01
9.249143427386423699e-01
9.298065413309993810e-01
9.344600503514208789e-01
9.388805360943914824e-01
9.430739616733142539e-01
9.470465377280382624e-01
9.508046762648318939e-01
9.543549476811041821e-01
9.577040409847060731e-01
9.608587271805997254e-01
9.638258257661013184e-01
9.666121742496406322e-01
9.692246005867963810e-01
9.716698984108913528e-01
9.739548049232489291e-01
9.760859812998222695e-01
9.780699954658134132e-01
9.799133070875728491e-01
9.816222546310212627e-01
9.832030443375884277e-01
9.846617409718141367e-01
9.860042601989280620e-01
9.872363624556368400e-01
9.883636481827692277e-01
9.893915542941799091e-01
9.903253517623138436e-01
9.911701442069846824e-01
9.919308673802260667e-01
9.926122894465008173e-01
9.932190119641082227e-01
9.937554714802894207e-01
9.942259416592751364e-01
9.946345358692797456e-01
9.949852101611442734e-01
9.952817665778580514e-01
9.955278567404054479e-01
9.957269856611704606e-01
9.958825157413305762e-01
9.959976709131885819e-01
9.960755408921196929e-01
9.961190855057266980e-01
9.961311390698827095e-01
9.961144147826835882e-01
9.960715091080143413e-01
9.960049061206406318e-01
9.959169817846346140e-01
9.958100081367707856e-01
9.956861573464843573e-01
9.955475056242860665e-01
9.953960369513570328e-01
9.952336466045375030e-01
9.950621444531665416e-01
9.948832580072629606e-01
9.946986352003305276e-01
9.945098468945476888e-01
9.943183891011400100e-01
9.941256849141628660e-01
9.939330861615621737e-01
9.937418747830206733e-01
9.935532639495414653e-01
9.933683989447710250e-01
9.931883578325537698e-01
9.930141519389993343e-01
9.928467261803159971e-01
9.926869592697671330e-01
9.925356638382936136e-01
9.923935865036475068e-01
9.922614079223200934e-01
9.921397428572311661e-01
9.920291402921462831e-01
9.919300836212622263e-01
9.918429909394529398e-01
9.917682154554656737e-01
9.917060460470084049e-01
9.916567079733225043e-01
9.916203637575730090e-01
9.915971142483066547e-01
9.915869998663731089e-01
9.915900020411083648e-01
9.916060448372354674e-01
9.916349967718347536e-01
9.916766728188194380e-01
9.917308365965904482e-01
9.917972027328694207e-01
9.918754393990830698e-01
9.919651710050517712e-01
9.920659810431103898e-01
9.921774150691462513e-01
9.922989838064094625e-01
9.924301663563626086e-01
9.925704134993460492e-01
9.927191510665001051e-01
9.928757833632650964e-01
9.930396966239301015e-01
9.932102624761720566e-01
9.933868413943347520e-01
9.935687861203639226e-01
9.937554450318188959e-01
9.939461654372021560e-01
9.941402967799353174e-01
9.943371937336089594e-01
9.945362191725887202e-01
9.947367470036008186e-01
9.949381648455030147e-01
9.951398765460177653e-01
9.953413045257322178e-01
9.955418919411405110e-01
9.957411046598997340e-01
9.959384330428114884e-01
9.961333935283305241e-01
9.963255300166619088e-01
9.965144150517724064e-01
9.966996508009131617e-01
9.968808698325636319e-01
9.970577356950600656e-01
9.972299432995725965e-01
9.973972191125275444e-01
9.975593211640230162e-01
9.977160388802152058e-01
9.978671927490306848e-01
9.980126338298266342e-01
9.981522431187297428e-01
9.982859307822755657e-01
9.984136352725880847e-01
9.985353223376448595e-01
9.986509839401108701e-01
9.987606370978017178e-01
9.988643226580256052e-01
9.989621040169055499e-01
9.990540657933321134e-01
9.991403124655322543e-01
9.992209669764612334e-01
9.992961693124573497e-01
9.993660750579752561e-01
9.994308539278686787e-01
9.994906882777651047e-01
9.995457715926485687e-01
9.995963069539446355e-01
9.996425054861868276e-01
9.996845847857451783e-01
9.997227673360307154e-01
9.997572789159472340e-01
9.997883470109794057e-01
