9.997975587051118884e-01
9.997681125790819356e-01
9.997354563811122752e-01
9.996993862191412283e-01
9.996597005411116399e-01
9.996162014204446056e-01
9.995686957882605750e-01
9.995169966020156505e-01
9.994609239438559944e-01
9.994003060454523801e-01
9.993349802391583436e-01
9.992647938379134454e-01
9.991896049482763553e-01
9.991092832222893128e-01
9.990237105545514140e-01
9.989327817309524571e-01
9.988364050350901913e-01
9.987345028175624861e-01
9.986270120322118249e-01
9.985138847421396457e-01
9.983950885970047651e-01
9.982706072818873233e-01
9.981404409369156738e-01
9.980046065459806659e-01
9.978631382922336091e-01
9.977160878777052710e-01
9.975635248042796777e-01
9.974055366134018108e-01
9.972422290822535729e-01
9.970737263746678458e-01
9.969001711457203818e-01
9.967217245996987662e-01
9.965385665019551586e-01
9.963508951459534302e-01
9.961589272775822623e-01
9.959628979794786785e-01
9.957630605186469364e-01
9.955596861610322978e-01
9.953530639568752836e-01
9.951435005006042944e-01
9.949313196686980776e-01
9.947168623383428887e-01
9.945004860888231324e-01
9.942825648864123123e-01
9.940634887521029306e-01
9.938436634098400946e-01
9.936235099110563018e-01
9.934034642292942641e-01
9.931839768166013105e-01
9.929655121112688221e-01
9.927485479844351257e-01
9.925335751111563631e-01
9.923210962498512089e-01
9.921116254126182143e-01
9.919056869078740624e-01
9.917038142361179753e-01
9.915065488194396703e-01
9.913144385456691410e-01
9.911280361088304902e-01
9.909478971287899451e-01
9.907745780346576270e-01
9.906086336985673313e-01
9.904506148088687567e-01
9.903010649744735661e-01
9.901605175550318716e-01
9.900294922147491183e-01
9.899084912009237236e-01
9.897979953516767848e-01
9.896984598408312683e-01
9.896103096714639058e-01
9.895339349332916701e-01
9.894696858427505237e-01
9.894178675883570362e-01
9.893787350076718168e-01
9.893524871258454478e-01
9.893392615892379061e-01
9.893391290308477526e-01
9.893520874071257687e-01
9.893780563480367718e-01
9.894168715638030909e-01
9.894682793524595121e-01
9.895319312520459709e-01
9.896073788798428472e-01
9.896940689984634609e-01
9.897913388448530414e-01
9.898984117533499161e-01
9.900143930980632723e-01
9.901382665730785737e-01
9.902688908216348285e-01
9.904049964176798726e-01
9.905451831953802078e-01
9.906879179145173797e-01
9.908315322425144123e-01
9.909742210273491114e-01
9.911140408300364024e-01
9.912489086808582428e-01
9.913766010202053058e-01
9.914947527828306129e-01
9.916008565835192634e-01
9.916922619626203916e-01
9.917661746515203935e-01
9.918196558208668412e-01
9.918496212780956167e-01
9.918528405854752927e-01
9.918259360753697296e-01
9.917653817456695275e-01
9.916675020252986306e-01
9.915284704073527022e-01
9.913443079557618942e-01
9.911108817004284921e-01
9.908239029456186175e-01
9.904789255270274317e-01
9.900713440644560714e-01
9.895963922694529513e-01
9.890491413805888588e-01
9.884244988131856147e-01
9.877172071251917318e-01
9.869218434162791986e-01
9.860328192928397018e-01
9.850443815470070197e-01
9.839506137126615704e-01
9.827454386750615889e-01
9.814226225227098421e-01
9.799757798397166209e-01
9.783983806436664654e-01
9.766837591773017690e-01
9.748251247617137905e-01
9.728155749138318598e-01
9.706481109215471248e-01
9.683156560557026893e-01
9.658110765794272190e-01
9.631272056920487934e-01
9.602568705173634145e-01
9.571929222147138594e-01
9.539282692566233290e-01
9.504559138791002226e-01
9.467689916707417996e-01
9.428608142249339519e-01
9.387249147363200263e-01
9.343550963788068708e-01
9.297454832581981687e-01
9.248905736885765227e-01
9.197852954982753682e-01
9.144250630291652637e-01
9.088058354525073712e-01
9.029241759862974837e-01
8.967773115633603798e-01
8.903631924669963560e-01
8.836805514222991764e-01
8.767289616069389169e-01
8.695088930258307869e-01
8.620217666802583167e-01
8.542700059542556179e-01
8.462570846398711488e-01
8.379875710287558732e-01
8.294671675106805031e-01
8.207027451402723051e-01
8.117023726615057999e-01
8.024753395151698054e-01
7.930321723973003945e-01
7.833846449859048766e-01
7.735457805084522409e-01
7.635298468826370311e-01
7.533523442267369141e-01
7.430299846022301313e-01
7.325806639188967573e-01
7.220234260000419901e-01
7.113784188713957457e-01
7.006668434004622581e-01
6.899108944725025339e-01
6.791336949440975879e-01
6.683592226647253609e-01
6.576122309006950939e-01
6.469181625340786335e-01
6.363030584422322278e-01
6.257934604916399746e-01
6.154163096038758329e-01
6.051988393723761739e-01
5.951684657274296519e-01
5.853526731642775260e-01
5.757788980665050627e-01
5.664744096746145985e-01
5.574661892685681686e-01
5.487808081533542826e-01
5.404443050584089026e-01
5.324820635847022920e-01
5.249186903570153273e-01
5.177778945624975648e-01
5.110823695790648324e-01
5.048536774173485453e-01
4.991121367164567113e-01
4.938767150454657084e-01
4.891649262680475285e-01
4.849927337258378435e-01
4.813744599860724227e-01
4.783227038800088593e-01
4.758482655301689013e-01
4.739600800264606173e-01
4.726651603637801458e-01
4.719685501973128749e-01
4.718732869070716429e-01
4.723803753911370862e-01
4.734887729287408087e-01
4.751953853708348330e-01
4.774950748284313429e-01
4.803806789389613030e-01
4.838430416993192429e-01
4.878710557622661925e-01
4.924517160013405226e-01
4.975701840591990610e-01
5.032098635060947567e-01
5.093524851494859451e-01
5.159782019531014008e-01
5.230656929445262060e-01
5.305922754149090537e-01
5.385340246431719047e-01
5.468659003105220684e-01
5.555618787097387212e-01
5.645950897981694139e-01
5.739379580944814485e-01
5.835623463777054321e-01
5.934397011139496136e-01
6.035411985123209089e-01
6.138378900979741815e-01
6.243008466877785212e-01
6.349012996636123063e-01
6.456107784604250277e-01
6.564012432213468529e-01
6.672452116204381500e-01
6.781158789150363297e-01
6.889872303635629081e-01
6.998341452303945553e-01
7.106324916957241777e-01
7.213592120940273134e-01
7.319923980179030565e-01
7.425113549429753768e-01
7.528966561520253897e-01
7.631301858604837562e-01
7.731951715686108395e-01
7.830762057859654846e-01
7.927592573890089866e-01
8.022316729809375602e-01
8.114821687223621183e-01
8.205008131906417201e-01
8.292790019033378091e-01
8.378094242063039987e-01
8.460860232787498214e-01
8.541039500457534572e-01
8.618595118131276989e-01
8.693501164504409129e-01
8.765742129458689025e-01
8.835312291421716369e-01
8.902215074374226766e-01
8.966462391983642810e-01
9.028073985897657749e-01
9.087076764713807320e-01
9.143504149565789829e-01
9.197395431650297049e-01
9.248795146374934051e-01
9.297752468153241967e-01
9.344320629221053442e-01
9.388556365211897514e-01
9.430519389619290704e-01
9.470271898699688107e-01
9.507878107839261572e-01
9.543403819926040699e-01
9.576916025840036539e-01
9.608482536799493046e-01
9.638171647981792489e-01
9.666051832571244118e-01
9.692191465170695297e-01
9.716658573345865468e-01
9.739520615946382076e-01
9.760844286760703703e-01
9.780695342008541848e-01
9.799138450148769941e-01
9.816237062478362363e-01
9.832053303013900125e-01
9.846647876177629932e-01
9.860079990851330356e-01
9.872407299410511650e-01
9.883685850406348505e-01
9.893970053621691241e-01
9.903312656289267046e-01
9.911764729324050727e-01
9.919375662487478484e-01
9.926193167468253531e-01
9.932263287932978635e-01
9.937630415669255202e-01
9.942337312013995732e-01
9.946425133829561727e-01
9.949933463359323937e-01
9.952900341360889636e-01
9.955362302978522093e-01
9.957354415874530851e-01
9.958910320191600718e-01
9.960062269962757231e-01
9.960841175622365817e-01
9.961276647299697196e-01
9.961397038596392361e-01
9.961229490561227529e-01
9.960799975581169363e-01
9.960133340908399191e-01
9.959253351540795496e-01
9.958182732170489659e-01
9.956943207913772076e-01
9.955555543537957242e-01
9.954039580908587981e-01
9.952414274395070537e-01
9.950697723995273192e-01
9.948907205970171086e-01
9.947059200817968128e-01
9.945169418462476152e-01
9.943252820581514051e-01
9.941323640056102251e-01
9.939395397578204561e-01
9.937480915511733848e-01
9.935592329156386349e-01
9.933741095614613270e-01
9.931938000507040121e-01
9.930193162819473951e-01
9.928516038194206139e-01
9.926915420999118389e-01
9.925399445519771380e-01
9.923975586622447720e-01
9.922650660230557529e-01
9.921430823943611088e-01
9.920321578108388660e-01
9.919327767627015291e-01
9.918453584757833674e-01
9.917702573133616584e-01
9.917077633188964292e-01
9.916581029155914218e-01
9.916214397754846699e-01
9.915978758677316263e-01
9.915874526929122634e-01
9.915901527075861033e-01
9.916059009409421421e-01
9.916345668032205962e-01
9.916759660835894330e-01
9.917298631332894798e-01
9.917959732280841045e-01
9.918739651023087411e-01
9.919634636451036824e-01
9.920640527476938253e-01
9.921752782888810795e-01
9.922966512442398246e-01
9.924276509029096305e-01
9.925677281743973124e-01
9.927163089665022033e-01
9.928727976144091638e-01
9.930365803402110281e-01
9.932070287216612225e-01
9.933835031488403855e-01
9.935653562476495226e-01
9.937519362496126663e-01
9.939425902883306518e-01
9.941366676040507278e-01
9.943335226391355475e-01
9.945325180086688199e-01
9.947330273319728855e-01
9.949344379123751247e-01
9.951361532541084243e-01
9.953375954067287257e-01
9.955382071288720880e-01
9.957374538645425988e-01
9.959348255264341976e-01
9.961298380820562404e-01
9.963220349396801900e-01
9.965109881323740426e-01
9.966962992996607484e-01
9.968776004676521696e-01
9.970545546298709150e-01
9.972268561323820446e-01
9.973942308683078073e-01
9.975564362882612945e-01
9.977132612346881757e-01
9.978645256094896832e-01
9.980100798855883193e-01
9.981498044742111997e-01
9.982836089605637842e-01
9.984114312211866960e-01
9.985332364365865354e-01
9.986490160126627602e-01
9.987587864240137225e-01
9.988625879913781702e-01
9.989604836042962344e-01
9.990525573986051011e-01
9.991389133966923630e-01
9.992196741166343710e-01
9.992949791545593374e-01
9.993649837429355864e-01
9.994298572861350927e-01
9.994897818736864226e-01
9.995449507712138582e-01
9.995955668892426704e-01
9.996418412308583079e-01
9.996839913206275741e-01
9.997222396191518534e-01
9.997568119300122014e-01
9.997879358085142165e-01
