9.997974735259578249e-01
9.997680152752489446e-01
9.997353458112955282e-01
9.996992612232726838e-01
9.996595599523312448e-01
9.996160440778951717e-01
9.995685205504467596e-01
9.995168023604403817e-01
9.994607096366345811e-01
9.994000706705977732e-01
9.993347228672415650e-01
9.992645136238180736e-01
9.991893011417964932e-01
9.991089551773572053e-01
9.990233577369249662e-01
9.989324037242436338e-01
9.988360015450671314e-01
9.987340736747112313e-01
9.986265571925968532e-01
9.985134042866493642e-01
9.983945827291116348e-01
9.982700763240893727e-01
9.981398853260543547e-01
9.980040268276511028e-01
9.978625351145160582e-01
9.977154619844500472e-01
9.975628770281758095e-01
9.974048678690475844e-01
9.972415403594321326e-01
9.970730187320093751e-01
9.968994457049069613e-01
9.967209825403408052e-01
9.965378090572371006e-01
9.963501235991170102e-01
9.961581429592849535e-01
9.959621022660347656e-01
9.957622548311297894e-01
9.955588719651907725e-01
9.953522427637924164e-01
9.951426738680066997e-01
9.949304892028049130e-01
9.947160296961305992e-01
9.944996529805714136e-01
9.942817330783919605e-01
9.940626600692628045e-01
9.938428397383531898e-01
9.936226932005932655e-01
9.934026564948983395e-01
9.931831801400535786e-01
9.929647286418475938e-01
9.927477799389862190e-01
9.925328247734096498e-01
9.923203659689325828e-01
9.921109176007226749e-01
9.919050040370761545e-01
9.917031588343069304e-01
9.915059234653739173e-01
9.913138458631490790e-01
9.911274787599883007e-01
9.909473778064943339e-01
9.907740994540237267e-01
9.906081985875527796e-01
9.904502258979270835e-01
9.903007249852188165e-01
9.901602291878562889e-01
9.900292581353179466e-01
9.899083140254566482e-01
9.897978776309175331e-01
9.896984040425976792e-01
9.896103181616749955e-01
9.895340099553749935e-01
9.894698294953584439e-01
9.894180818013508238e-01
9.893790215163777990e-01
9.893528474436474873e-01
9.893396969786363293e-01
9.893396404731952254e-01
9.893526755713342169e-01
9.893787215586378192e-01
9.894176137688305284e-01
9.894690980917083545e-01
9.895328256263333788e-01
9.896083475219608072e-01
9.896951100465578577e-01
9.897924499189890701e-01
9.898995899360281125e-01
9.900156349194275673e-01
9.901395680015094847e-01
9.902702472603395201e-01
9.904064027077856824e-01
9.905466336258980098e-01
9.906894062393741818e-01
9.908330517046604058e-01
9.909757643897284529e-01
9.911156004129757502e-01
9.912504764051829342e-01
9.913781684551475903e-01
9.914963111975547694e-01
9.916023970008719379e-01
9.916937752135259743e-01
9.917676514282980360e-01
9.918210867276511244e-01
9.918509968765155671e-01
9.918541514337794185e-01
9.918271727592935516e-01
9.917665348995163832e-01
9.916685623419484452e-01
9.915294286362075216e-01
9.913451548879862463e-01
9.911116081412161272e-01
9.908244996736129684e-01
9.904793832414170440e-01
9.900716533206435077e-01
9.895965434045453923e-01
9.890491244302600515e-01
9.884243034217076174e-01
9.877168224506225336e-01
9.869212580329116413e-01
9.860320210930717533e-01
9.850433576447843453e-01
9.839493503505789551e-01
9.827439211370928573e-01
9.814208350543864867e-01
9.799737055773967143e-01
9.783960015543454736e-01
9.766810560102237027e-01
9.748220770128630530e-01
9.728121608042252788e-01
9.706443073901127594e-01
9.683114387674331969e-01
9.658064199494319491e-01
9.631220829260929150e-01
9.602512536694758349e-01
9.571867822624575695e-01
9.539215761946350236e-01
9.504486368315173683e-01
9.467610990231211110e-01
9.428522737762203842e-01
9.387156938713321352e-01
9.343451622615566166e-01
9.297348030461568547e-01
9.248791147677309921e-01
9.197730257384938435e-01
9.144119510590226207e-01
9.087918509523057464e-01
9.029092899975962316e-01
8.967614968128901909e-01
8.903464237024120154e-01
8.836628057568337580e-01
8.767102188696732634e-01
8.694891361139944763e-01
8.620009819097500525e-01
8.542481834044030053e-01
8.462342184883568930e-01
8.379636598726103447e-01
8.294422146692825848e-01
8.206767589363929138e-01
8.116753666765956776e-01
8.024473328152913476e-01
7.930031897263636331e-01
7.833547169231618312e-01
7.735149435875493529e-01
7.634981436698977664e-01
7.533198233567681701e-01
7.429967007693959458e-01
7.325466778236962018e-01
7.219888042499409408e-01
7.113432338362088991e-01
7.006311730229495272e-01
6.898748220354136151e-01
6.790973087954614851e-01
6.683226159037412017e-01
6.575755010270816214e-01
6.468814110641958326e-01
6.362663904956606942e-01
6.257569843521815223e-01
6.153801362590838320e-01
6.051630820357528640e-01
5.951332393472834603e-01
5.853180939229691848e-01
5.757450828733587933e-01
5.664414756552162977e-01
5.574342532524791949e-01
5.487499861615040553e-01
5.404147117906099584e-01
5.324538119069375242e-01
5.248918907873936224e-01
5.177526547541428936e-01
5.110587937977639772e-01
5.048318660115393985e-01
4.990921855771845994e-01
4.938587150542751436e-01
4.891489627314290489e-01
4.849788857958119426e-01
4.813628000677602214e-01
4.783132970285284280e-01
4.758411688409261986e-01
4.739553420246865878e-01
4.726628204010445700e-01
4.719686378645057134e-01
4.718758214749654289e-01
4.723853652909987266e-01
4.734962152864627960e-01
4.752052656086251936e-01
4.775073663482062303e-01
4.803953429011349474e-01
4.838600269097347306e-01
4.878902986785117468e-01
4.924731408677138766e-01
4.975937031771868746e-01
5.032353776444506988e-01
5.093798840949990137e-01
5.160073651999541600e-01
5.230964905169303014e-01
5.306245688145735384e-01
5.385676679101787379e-01
5.469007411835006272e-01
5.555977598688880414e-01
5.646318501727851658e-01
5.739754342152184607e-01
5.836003737528974167e-01
5.934781156089294907e-01
6.035798377108239077e-01
6.138765946253386119e-01
6.243394614767647788e-01
6.349396751451549248e-01
6.456487716635033181e-01
6.564387187682816371e-01
6.672820426062817667e-01
6.781519476622064335e-01
6.890224290454348699e-01
6.998683763601005747e-01
7.106656684789403045e-01
7.213912586468731458e-01
7.320232494533249756e-01
7.425409573309840194e-01
7.529249663609564047e-01
7.631571712879799962e-01
7.732208097723043405e-01
7.831004840248356746e-01
7.927821720871270905e-01
8.022532291257939985e-01
8.115023792101809796e-01
8.205196981310940441e-01
8.292965878958281634e-01
8.378257435995933866e-01
8.461011134250766563e-01
8.541178525598798199e-01
8.618722718458661225e-01
8.693617819852522688e-01
8.765848341260809029e-01
8.835408576352805632e-01
8.902301958418209482e-01
8.966540404967290323e-01
9.028143656522432670e-01
9.087138616106474887e-01
9.143558695358664501e-01
9.197443172592699723e-01
9.248836567469006509e-01
9.297788036299742265e-01
9.344350791354125718e-01
9.388581546896221930e-01
9.430539994078315225e-01
9.470288306239922349e-01
9.507890675632747479e-01
9.543412882111174111e-01
9.576921893899654759e-01
9.608485500174801519e-01
9.638171974880918036e-01
9.666049770932236829e-01
9.692187243740340019e-01
9.716652402837900881e-01
9.739512690245413218e-01
9.760834784141337872e-01
9.780684426342861615e-01
9.799126272079222710e-01
9.816223760537287069e-01
9.832039004675184879e-01
9.846632698830233288e-01
9.860064042688522212e-01
9.872390680232485671e-01
9.883668652337345151e-01
9.893952361745718127e-01
9.903294549210897024e-01
9.911746279662619896e-01
9.919356937314124378e-01
9.926174228695866519e-01
9.932244192669054117e-01
9.937611216541175629e-01
9.942318057475281190e-01
9.946405868454372134e-01
9.949914228130972704e-01
9.952881173958519900e-01
9.955343238064405798e-01
9.957335485382899920e-01
9.958891553618414161e-01
9.960043694654585611e-01
9.960822817061537604e-01
9.961258529382107652e-01
9.961379183897903777e-01
9.961211920588426416e-01
9.960782711002309497e-01
9.960116401760691351e-01
9.959236757410729890e-01
9.958166502344575344e-01
9.956927361497864837e-01
9.955540099544201160e-01
9.954024558309880755e-01
9.952399692147763099e-01
9.950683601031563574e-01
9.948893561162259758e-01
9.947046052916544978e-01
9.945156786012416816e-01
9.943240721817881989e-01
9.941312092783596288e-01
9.939384419037174956e-01
9.937470522233800008e-01
9.935582536812550547e-01
9.933731918858652588e-01
9.931929452816898873e-01
9.930185256339292277e-01
9.928508783579710339e-01
9.926908827269111946e-01
9.925393519916598795e-01
9.923970334484385480e-01
9.922646084879117589e-01
9.921426926588755579e-01
9.920318357774461360e-01
9.919325221101925605e-01
9.918451706567583681e-01
9.917701355543645514e-01
9.917077066233028759e-01
9.916581100692409834e-01
9.916215093549529680e-01
9.915980062510507675e-01
9.915876420724615281e-01
9.915903991048030663e-01
9.916062022224486627e-01
9.916349206979226949e-01
9.916763702002987513e-01
9.917303149784261196e-01
9.917964702230523955e-01
9.918745046001936627e-01
9.919640429464000597e-01
9.920646691148604646e-01
9.921759289595912801e-01
9.922973334432801940e-01
9.924283618527511841e-01
9.925684651045256768e-01
9.927170691216408160e-01
9.928735782618032246e-01
9.930373787761548332e-01
9.932078422774567317e-01
9.933843291963582178e-01
9.935661922046491457e-01
9.937527795849417922e-01
9.939434385270943251e-01
9.941375183328057252e-01
9.943343735111291881e-01
9.945333667491133012e-01
9.947338717433210631e-01
9.949352758795445562e-01
9.951369827495882836e-01
9.953384144955004231e-01
9.955390139730736498e-01
9.957382467278128590e-01
9.959356027778837328e-01
9.961305981998227477e-01
9.963227765140403314e-01
9.965117098683968777e-01
9.966970000193993151e-01
9.968782791118813158e-01
9.970552102593837063e-01
9.972274879288618443e-01
9.973948381347930159e-01
9.975570184492162928e-01
9.977138178356848019e-01
9.978650563164989107e-01
9.980105844838679241e-01
9.981502828667651039e-01
9.982840611661397690e-01
9.984118573717704059e-01
9.985336367743411490e-01
9.986493908862661417e-01
9.987591362843424303e-01
9.988629133864966869e-01
9.989607851737201116e-01
9.990528358668221420e-01
9.991391695659462835e-01
9.992199088589978073e-01
9.992951934033479366e-01
9.993651784835406726e-01
9.994300335463791596e-01
9.994899407138263525e-01
9.995450932737401928e-01
9.995956941486368041e-01
9.996419543434799104e-01
9.996840913749087676e-01
9.997223276862714503e-01
9.997568890552135379e-01
9.997880030032136878e-01
