9.997971372481039287e-01
9.997676228466795267e-01
9.997348904188280150e-01
9.996987356687514481e-01
9.996589566971586516e-01
9.996153552969471168e-01
9.995677381947384310e-01
9.995159182276097676e-01
9.994597154480331369e-01
9.993989581535371869e-01
9.993334838407479381e-01
9.992631400861068380e-01
9.991877853576043300e-01
9.991072897632593541e-01
9.990215357428249288e-01
9.989304187093471787e-01
9.988338476468372473e-01
9.987317456695342655e-01
9.986240505471661866e-01
9.985107151993740660e-01
9.983917081611758393e-01
9.982670140201043152e-01
9.981366338245525327e-01
9.980005854619560246e-01
9.978589040047717296e-01
9.977116420218070658e-01
9.975588698522969144e-01
9.974006758402153006e-01
9.972371665266113183e-01
9.970684667982402383e-01
9.968947199913830159e-01
9.967160879504658455e-01
9.965327510418581225e-01
9.963449081240052241e-01
9.961527764757890369e-01
9.959565916856643053e-01
9.957566075046527798e-01
9.955530956666424069e-01
9.953463456796132203e-01
9.951366645913448661e-01
9.949243767328477261e-01
9.947098234421676288e-01
9.944933627703477219e-01
9.942753691701803342e-01
9.940562331669796636e-01
9.938363610089562261e-01
9.936161742929416896e-01
9.933961095592230839e-01
9.931766178471767015e-01
9.929581642013053377e-01
9.927412271152525891e-01
9.925262978994722207e-01
9.923138799565499601e-01
9.921044879467746380e-01
9.918986468255105438e-01
9.916968907332797123e-01
9.914997617192641277e-01
9.913078082792114998e-01
9.911215836894714526e-01
9.909416441201029935e-01
9.907685465116343737e-01
9.906028462021032599e-01
9.904450942933892277e-01
9.902958347485297796e-01
9.901556012146308650e-01
9.900249135690908364e-01
9.899042741901162845e-01
9.897941639558937021e-01
9.896950379802667008e-01
9.896073210963505229e-01
9.895314031031793300e-01
9.894676337942206468e-01
9.894163177903738671e-01
9.893777092038713583e-01
9.893520061632347096e-01
9.893393452330370152e-01
9.893397957655536423e-01
9.893533542243085899e-01
9.893799385218906561e-01
9.894193824160431028e-01
9.894714300087810166e-01
9.895357303930031323e-01
9.896118324896433505e-01
9.896991801157902779e-01
9.897971073203738479e-01
9.899048340190415018e-01
9.900214619538277860e-01
9.901459709963379430e-01
9.902772158056328822e-01
9.904139228440819176e-01
9.905546877464148636e-01
9.906979730293469233e-01
9.908421061217361769e-01
9.909852776885283987e-01
9.911255402159507844e-01
9.912608068207180434e-01
9.913888502425342031e-01
9.915073019769794493e-01
9.916136515050031353e-01
9.917052455756777407e-01
9.917792875005595477e-01
9.918328364208734982e-01
9.918628065127066407e-01
9.918659661003510486e-01
9.918389366537945229e-01
9.917781916530341579e-01
9.916800553093105819e-01
9.915407011414939520e-01
9.913561504146735093e-01
9.911222704575127773e-01
9.908347728851540914e-01
9.904892117654331418e-01
9.900809817779058220e-01
9.896053164277440750e-01
9.890572863898895450e-01
9.884317980729232511e-01
9.877235925067903155e-01
9.869272446736232496e-01
9.860371634161614329e-01
9.850475920733090529e-01
9.839526100067743641e-01
9.827461351959833058e-01
9.814219280900049469e-01
9.799735969144982572e-01
9.783946046381087891e-01
9.766782778057900849e-01
9.748178174457305945e-01
9.728063122515600014e-01
9.706367542320500919e-01
9.683020570064734267e-01
9.657950769051565354e-01
9.631086370116926920e-01
9.602355542560178092e-01
9.571686696364395397e-01
9.539008816141854030e-01
9.504251826865564023e-01
9.467346991048705140e-01
9.428227336615624399e-01
9.386828114276050128e-01
9.343087282773480107e-01
9.296946019934420047e-01
9.248349257002204116e-01
9.197246233302580620e-01
9.143591067862953947e-01
9.087343344198414163e-01
9.028468704090504282e-01
8.966939445824846366e-01
8.902735122026583792e-01
8.835843131944316475e-01
8.766259302789466412e-01
8.693988454544907540e-01
8.619044942519875629e-01
8.541453171853201631e-01
8.461248078158404295e-01
8.378475568566515763e-01
8.293192917558385169e-01
8.205469112189700542e-01
8.115385141599038565e-01
8.023034226050499429e-01
7.928521981194640578e-01
7.831966513728707557e-01
7.733498445192569237e-01
7.633260861240741546e-01
7.531409184372405141e-01
7.428110968768107947e-01
7.323545616560807048e-01
7.217904015545819618e-01
7.111388098996801466e-01
7.004210328889592940e-01
6.896593104432515720e-01
6.788768098351396496e-01
6.680975523874015387e-01
6.573463335798397367e-01
6.466486369412202118e-01
6.360305421358395384e-01
6.255186276821217417e-01
6.151398687642526397e-01
6.049215306182275098e-01
5.948910579916213415e-01
5.850759611930759219e-01
5.755036992637656557e-01
5.662015608198089911e-01
5.571965431324100715e-01
5.485152300317355234e-01
5.401836692413890528e-01
5.322272497725464291e-01
5.246705800299829026e-01
5.175373673055601031e-01
5.108502993572959783e-01
5.046309287927897014e-01
4.988995609931846653e-01
4.936751463267908813e-01
4.889751774085696612e-01
4.848155921618014785e-01
4.812106834302742886e-01
4.781730158725183699e-01
4.757133508433419866e-01
4.738405799319121980e-01
4.725616677799681087e-01
4.718816047486518173e-01
4.718033699385970614e-01
4.723279049960288356e-01
4.734540990588741449e-01
4.751787851122143413e-01
4.774967479332814513e-01
4.804007437137230996e-01
4.838815313523524564e-01
4.879279153162426885e-01
4.925267998728694030e-01
4.976632544020834770e-01
5.033205894047456663e-01
5.094804427357602084e-01
5.161228755034311666e-01
5.232264769952754691e-01
5.307684779130088515e-01
5.387248711269396750e-01
5.470705390929591072e-01
5.557793870141980452e-01
5.648244807749415175e-01
5.741781886271390967e-01
5.838123255706504366e-01
5.936982993379953388e-01
6.038072568737111734e-01
6.141102301882530590e-01
6.245782804675057420e-01
6.351826393320956221e-01
6.458948461662716856e-01
6.566868804745420451e-01
6.675312882755151112e-01
6.784013016063235035e-01
6.892709502870870697e-01
7.001151651822639099e-01
7.109098722933031578e-01
7.216320771233931675e-01
7.322599388685464561e-01
7.427728341080053198e-01
7.531514097888893922e-01
7.633776254230676406e-01
7.734347845362727902e-01
7.833075555283219860e-01
7.929819822169825727e-01
8.024454844445692014e-01
8.116868492240890687e-01
8.206962129891739455e-01
8.294650355878803172e-01
8.379860667237841731e-01
8.462533055979479801e-01
8.542619545419338767e-01
8.620083674550441666e-01
8.694899938685713980e-01
8.767053194565963548e-01
8.836538037975091298e-01
8.903358161639634005e-01
8.967525700825926815e-01
9.029060573598597372e-01
9.087989822183417665e-01
9.144346961301096366e-01
9.198171338721895518e-01
9.249507512649375318e-01
9.298404649889994156e-01
9.344915948117354931e-01
9.389098084908233943e-01
9.431010695622984441e-01
9.470715881634735878e-01
9.508277749887283914e-01
9.543761984286137645e-01
9.577235449004432022e-01
9.608765823417020346e-01
9.638421268062336011e-01
9.666270120770981134e-01
9.692380621890204218e-01
9.716820667370597020e-01
9.739657588361472218e-01
9.760957955879291381e-01
9.780787409064428672e-01
9.799210505520036252e-01
9.816290592227981948e-01
9.832089695556035513e-01
9.846668428903400105e-01
9.860085916574843345e-01
9.872399732523885474e-01
9.883665852660635798e-01
9.893938619478032104e-01
9.903270717810439550e-01
9.911713160600140737e-01
9.919315283609843048e-01
9.926124748082919558e-01
9.932187550417614919e-01
9.937548037986876359e-01
9.942248930301463838e-01
9.946331344780131589e-01
9.949834826456170900e-01
9.952797381013398503e-01
9.955255510605561797e-01
9.957244251969830096e-01
9.958797216396130247e-01
9.959946631158551611e-01
9.960723382051933639e-01
9.961157056705673973e-01
9.961275988367759293e-01
9.961107299865612497e-01
9.960676947457652863e-01
9.960009764291984924e-01
9.959129503188315358e-01
9.958058878458074803e-01
9.956819606478004570e-01
9.955432444736178610e-01
9.953917229078299567e-01
9.952292908897600876e-01
9.950577580034525305e-01
9.948788515183051295e-01
9.946942191638599162e-01
9.945054316267351036e-01
9.943139847627083805e-01
9.941213015223762106e-01
9.939287335944274604e-01
9.937375627761761976e-01
9.935490020864091720e-01
9.933641966406174806e-01
9.931842243131461245e-01
9.930100962145526067e-01
9.928427570154308990e-01
9.926830851500468844e-01
9.925318929343230900e-01
9.923899266330201696e-01
9.922578665104130335e-01
9.921363268974568994e-01
9.920258563064532353e-01
9.919269376216984790e-01
9.918399883916567683e-01
9.917653612449753853e-01
9.917033444492951988e-01
9.916541626284258726e-01
9.916179776501568011e-01
9.915948896938445722e-01
9.915849385040239605e-01
9.915881048336481207e-01
9.916043120781918851e-01
9.916334280997266548e-01
9.916752672381584643e-01
9.917295925050657601e-01
9.917961179539279692e-01
9.918745112189478741e-01
9.919643962131075021e-01
9.920653559745222783e-01
9.921769356485850011e-01
9.922986455918110238e-01
9.924299645817666882e-01
9.925703431160101120e-01
9.927192067816672516e-01
9.928759596761618234e-01
9.930399878587697904e-01
9.932106628121232239e-01
9.933873448925776284e-01
9.935693867484897135e-01
9.937561366859207768e-01
9.939469419620644564e-01
9.941411519877459968e-01
9.943381214216087116e-01
9.945372131400267435e-01
9.947378010683074478e-01
9.949392728603145830e-01
9.951410324152072384e-01
9.953425022215223184e-01
9.955431255203011087e-01
9.957423682803729914e-01
9.959397209802581807e-01
9.961347001924606426e-01
9.963268499671986689e-01
9.965157430138938954e-01
9.967009816800289634e-01
9.968821987283051911e-01
9.970590579143889798e-01
9.972312543689435538e-01
9.973985147890723768e-01
9.975605974457492087e-01
9.977172920152357349e-01
9.978684192438544986e-01
9.980138304567470753e-01
9.981534069223415573e-01
9.982870590851405934e-01
9.984147256800485204e-01
9.985363727417549962e-01
9.986519925226285954e-01
9.987616023321460590e-01
9.988652433100787542e-01
9.989629791445076012e-01
9.990548947442994265e-01
9.991410948740184761e-01
9.992217027574835653e-01
9.992968586544226373e-01
9.993667184130692327e-01
9.994314520002136604e-01
9.994912420093005068e-01
9.995462821467555603e-01
9.995967756969020845e-01
9.996429339666215164e-01
9.996849747123119911e-01
9.997231205536286636e-01
9.997575973808390248e-01
9.997886327652341087e-01
