9.997971869288840852e-01
9.997676825961033797e-01
9.997349617612851791e-01
9.996988202618641850e-01
9.996590563274218022e-01
9.996154718726295574e-01
9.995678737359954269e-01
9.995160748538390871e-01
9.994598953625958293e-01
9.993991636260520783e-01
9.993337171872525015e-01
9.992634036474525860e-01
9.991880814765188301e-01
9.991076207605553705e-01
9.990219038932686146e-01
9.989308262177107878e-01
9.988342966246531729e-01
9.987322381130432358e-01
9.986245883169073689e-01
9.985113000018072116e-01
9.983923415326529938e-01
9.982676973134279041e-01
9.981373681982720347e-01
9.980013718724647376e-01
9.978597432011808710e-01
9.977125345434921799e-01
9.975598160289391725e-01
9.974016757940961098e-01
9.972382201768678067e-01
9.970695738667511021e-01
9.968958800099293471e-01
9.967173002687964578e-01
9.965340148362937800e-01
9.963462224062229478e-01
9.961541401014519792e-01
9.959580033625915485e-01
9.957580658002592733e-01
9.955545990144235580e-01
9.953478923844909509e-01
9.951382528337440192e-01
9.949260045714168887e-01
9.947114888151105117e-01
9.944950634953755308e-01
9.942771029431441976e-01
9.940579975592787054e-01
9.938381534638600634e-01
9.936179921209921106e-01
9.933979499329086416e-01
9.931784777950938281e-01
9.929600406020289149e-01
9.927431166911458993e-01
9.925281972106648753e-01
9.923157853953008534e-01
9.921063957324260940e-01
9.919005530002185100e-01
9.916987911586826465e-01
9.915016520742285788e-01
9.913096840587680703e-01
9.911234402050290715e-01
9.909434765010075585e-01
9.907703497081197241e-01
9.906046149896672315e-01
9.904468232786172166e-01
9.902975183763881306e-01
9.901572337772501786e-01
9.900264892160727248e-01
9.899057869404095378e-01
9.897956077113092554e-01
9.896964065407258815e-01
9.896086081769922549e-01
9.895326023534853910e-01
9.894687388193474931e-01
9.894173221749136271e-01
9.893786065382810246e-01
9.893527900731872160e-01
9.893400094119445543e-01
9.893403340104911514e-01
9.893537604755237025e-01
9.893802069060209092e-01
9.894195072930731527e-01
9.894714060226581509e-01
9.895355525256982476e-01
9.896114961182935765e-01
9.896986810723951145e-01
9.897964419533482605e-01
9.899039992557575607e-01
9.900204553631157811e-01
9.901447908497661432e-01
9.902758611362604269e-01
9.904123935012785207e-01
9.905529844452780619e-01
9.906960973932237291e-01
9.908400607163808660e-01
9.909830660465035468e-01
9.911231668500075642e-01
9.912582772250830843e-01
9.913861708812747864e-01
9.915044802589233486e-01
9.916106957450484538e-01
9.917021649427296692e-01
9.917760919527688346e-01
9.918295366293178317e-01
9.918594137751175488e-01
9.918624922469456706e-01
9.918353939476916015e-01
9.917745926880942031e-01
9.916764129085313684e-01
9.915370282592826934e-01
9.913524600464006520e-01
9.911185755597150537e-01
9.908310863095945997e-01
9.904855462099378949e-01
9.900773497565009684e-01
9.896017302621171741e-01
9.890537582236184067e-01
9.884283399092801403e-01
9.877202162702632959e-01
9.869239622946284207e-01
9.860339869377783284e-01
9.850445337782780530e-01
9.839496825624777232e-01
9.827433518146974079e-01
9.814193027013861093e-01
9.799711443470356942e-01
9.783923408061643290e-01
9.766762198988255816e-01
9.748159841163940298e-01
9.728047237994497110e-01
9.706354327801771653e-01
9.683010266676796984e-01
9.657943639359988230e-01
9.631082699515509660e-01
9.602355640494057987e-01
9.571690897366831319e-01
9.539017480667614235e-01
9.504265341904644115e-01
9.467365770504277966e-01
9.428251821429816104e-01
9.386858772286446051e-01
9.343124608282386001e-01
9.296990532972001509e-01
9.248401502264008700e-01
9.197306778741787259e-01
9.143660502918303790e-01
9.087422277640238022e-01
9.028557761469824250e-01
8.967039266514174045e-01
8.902846355845792647e-01
8.835966435370770089e-01
8.766395334758176894e-01
8.694137871851836952e-01
8.619208394849148247e-01
8.541631296456753120e-01
8.461441494224266613e-01
8.378684871319096450e-01
8.293418672140655534e-01
8.205711847382959334e-01
8.115645343440641701e-01
8.023312331413816612e-01
7.928818371398087539e-01
7.832281508242495693e-01
7.733832295512484967e-01
7.633613744997931327e-01
7.531781199747080713e-01
7.428502129273040211e-01
7.323955846257566016e-01
7.218333144753175112e-01
7.111835860546166233e-01
7.004676354977132924e-01
6.897076924111477103e-01
6.789269135701241353e-01
6.681493096875318338e-01
6.573996655933950217e-01
6.467034542005671849e-01
6.360867446652339607e-01
6.255761051786210558e-01
6.151985008499407659e-01
6.049811871609505065e-01
5.949515994905589800e-01
5.851372392246360077e-01
5.755655569826423346e-01
5.662638335095594444e-01
5.572590587996358868e-01
5.485778100379591349e-01
5.402461289669606703e-01
5.322893993074759855e-01
5.247322248873917960e-01
5.175983091545028891e-01
5.109103367729816991e-01
5.046898580236121035e-01
4.989571767454458184e-01
4.937312425694235785e-01
4.890295482014664907e-01
4.848680325124097301e-01
4.812609901838375004e-01
4.782209886416266542e-01
4.757587929822204575e-01
4.738832995601027775e-01
4.726014788586737625e-01
4.719183282110639421e-01
4.718368348730448414e-01
4.723579498778478492e-01
4.734805730235878141e-01
4.752015492591328272e-01
4.775156766450707746e-01
4.804157259740503561e-01
4.838924720405931579e-01
4.879347364555571831e-01
4.925294418059257273e-01
4.976616768674084756e-01
5.033147724862782058e-01
5.094703876586748059e-01
5.161086052507616317e-01
5.232080367222544659e-01
5.307459351392946889e-01
5.386983156909472825e-01
5.470400828571674312e-01
5.557451633154961712e-01
5.647866436195292383e-01
5.741369116350947266e-01
5.837678006808135756e-01
5.936507352890936229e-01
6.037568774825343709e-01
6.140572724499818724e-01
6.245229925069604171e-01
6.351252782375096384e-01
6.458356757392618164e-01
6.566261689311024830e-01
6.674693059332006406e-01
6.783383185922765568e-01
6.892072343002766388e-01
7.000509793413260962e-01
7.108454730987729953e-01
7.215677125600120645e-01
7.321958466698277324e-01
7.427092402014461303e-01
7.530885269362443957e-01
7.633156520660712152e-01
7.733739038541805888e-01
7.832479347097600630e-01
7.929237719449021560e-01
8.023888185896741465e-01
8.116318447389977431e-01
8.206429699928167176e-01
8.294136376272583933e-01
8.379365811982465440e-01
8.462057843295638371e-01
8.542164344743801152e-01
8.619648714626402253e-01
8.694485316567052147e-01
8.766658885347283769e-01
8.836163905062327517e-01
8.903003967381717398e-01
8.967191117336535955e-01
9.028745193607681241e-01
9.087693169770889590e-01
9.144068502379295582e-01
9.197910491148673096e-01
9.249263655869844891e-01
9.298177134021359258e-01
9.344704102407740409e-01
9.388901225516611548e-01
9.430828132682866904e-01
9.470546925579061970e-01
9.508121717025678210e-01
9.543618201638294218e-01
9.577103258404708885e-01
9.608644584915375653e-01
9.638310362655400088e-01
9.666168952504468059e-01
9.692288619379904047e-01
9.716737284794020324e-01
9.739582305975720278e-01
9.760890280123094565e-01
9.780726872303402430e-01
9.799156665494205276e-01
9.816243031259455076e-01
9.832048019572486863e-01
9.846632266329758965e-01
9.860054917141405362e-01
9.872373566034080561e-01
9.883644207756007161e-01
9.893921202431842365e-01
9.903257251374883996e-01
9.911703382925656225e-01
9.919308947248633990e-01
9.926121619082866054e-01
9.932187407507325760e-01
9.937550671847975581e-01
9.942254142920410320e-01
9.946338948869034580e-01
9.949844644930178061e-01
9.952809246511326036e-01
9.955269265040453952e-01
9.957259746096873698e-01
9.958814309386830876e-01
9.959965190172007654e-01
9.960743281796355930e-01
9.961178178985785614e-01
9.961298221616212700e-01
9.961130538659007660e-01
9.960701092019904612e-01
9.960034719989687702e-01
9.959155180024248377e-01
9.958085190570047374e-01
9.956846471650870889e-01
9.955459783935023399e-01
9.953944966010536133e-01
9.952320969611110346e-01
9.950605892558022081e-01
9.948817009213651863e-01
9.946970798280254655e-01
9.945082967822338471e-01
9.943168477441366448e-01
9.941241557585664967e-01
9.939315726034763099e-01
9.937403801653607038e-01
9.935517915566438596e-01
9.933669519950519833e-01
9.931869394694690101e-01
9.930127652205540389e-01
9.928453740673730543e-01
9.926856446133960343e-01
9.925343893664033690e-01
9.923923548071479361e-01
9.922602214410669585e-01
9.921386038660215956e-01
9.920280508870485958e-01
9.919290457065790267e-01
9.918420062156315664e-01
9.917672854082719702e-01
9.917051719382794506e-01
9.916558908335910694e-01
9.916196043808248595e-01
9.915964131890810940e-01
9.915863574393519730e-01
9.915894183232621950e-01
9.916055196725108711e-01
9.916345297782779289e-01
9.916762633979475661e-01
9.917304839447432796e-01
9.917969058542119853e-01
9.918751971198835893e-01
9.919649819888332054e-01
9.920658438062707196e-01
9.921773279966600301e-01
9.922989451672589167e-01
9.924301743183996383e-01
9.925704661433495390e-01
9.927192463992629001e-01
9.928759193296164964e-01
9.930398711176672277e-01
9.932104733499337312e-01
9.933870864685014901e-01
9.935690631911020532e-01
9.937557518784134736e-01
9.939464998288296549e-01
9.941406564820249869e-01
9.943375765139310651e-01
9.945366228071826908e-01
9.947371692826341150e-01
9.949386035791208949e-01
9.951403295702145879e-01
9.953417697082513893e-01
9.955423671873832037e-01
9.957415879188085128e-01
9.959389223126792201e-01
9.961338868624801668e-01
9.963260255289420053e-01
9.965149109218129908e-01
9.967001452790984484e-01
9.968813612446828509e-01
9.970582224466127963e-01
9.972304238797132792e-01
9.973976920976462823e-01
9.975597852209662220e-01
9.977164927691580809e-01
9.978676353260150789e-01
9.980130640489770499e-01
9.981526600341581457e-01
9.982863335496765522e-01
9.984140231505209684e-01
9.985356946884824669e-01
9.986513402306304021e-01
9.987609768993749304e-01
9.988646456463607937e-01
9.989624099712827165e-01
9.990543545952704774e-01
9.991405840968256014e-01
9.992212215165247047e-01
9.992964069349336009e-01
9.993662960265636830e-01
9.994310585913586120e-01
9.994908770642737528e-01
9.995459450030909077e-01
9.995964655547862066e-01
9.996426499015574896e-01
9.996847156890170671e-01
9.997228854409859755e-01
9.997573849676812952e-01
9.997884417766974563e-01
