9.997978567698202479e-01
9.997684493526795002e-01
9.997358349305272007e-01
9.996998095763725001e-01
9.996601716649383684e-01
9.996167231574633050e-01
9.995692708341293864e-01
9.995176274637946889e-01
9.994616129043155661e-01
9.994010551301651946e-01
9.993357911871096899e-01
9.992656680762537214e-01
9.991905435717077788e-01
9.991102869774320938e-01
9.990247798294787929e-01
9.989339165499244722e-01
9.988376050583624988e-01
9.987357673460013352e-01
9.986283400163187274e-01
9.985152747949787022e-01
9.983965390104404536e-01
9.982721160454780529e-01
9.981420057587722106e-01
9.980062248748855502e-01
9.978648073403307839e-01
9.977178046430996705e-01
9.975652860929385968e-01
9.974073390598139355e-01
9.972440691683804870e-01
9.970756004468076528e-01
9.969020754289932285e-01
9.967236552099587588e-01
9.965405194550243095e-01
9.963528663641629812e-01
9.961609125936939924e-01
9.959648931381342996e-01
9.957650611755672898e-01
9.955616878802479031e-01
9.953550622063213060e-01
9.951454906464538563e-01
9.949332969688350348e-01
9.947188219353920724e-01
9.945024230031582757e-01
9.942844740095556633e-01
9.940653648409085719e-01
9.938455010818249002e-01
9.936253036412044937e-01
9.934052083486172302e-01
9.931856655126860556e-01
9.929671394310014554e-01
9.927501078390343903e-01
9.925350612836112418e-01
9.923225024048145659e-01
9.921129451087788986e-01
9.919069136128045860e-01
9.917049413435815586e-01
9.915075696691360019e-01
9.913153464454036445e-01
9.911288243591062086e-01
9.909485590498482432e-01
9.907751069960226697e-01
9.906090231511901489e-01
9.904508583200094529e-01
9.903011562655011923e-01
9.901604505423644564e-01
9.900292610541852056e-01
9.899080903356363148e-01
9.897974195641400241e-01
9.896977043089243420e-01
9.896093700289417816e-01
9.895328073347251507e-01
9.894683670329164071e-01
9.894163549759030785e-01
9.893770267426923448e-01
9.893505821807920819e-01
9.893371598423535973e-01
9.893368313510717549e-01
9.893495957391736928e-01
9.893753737961304973e-01
9.894140024723170335e-01
9.894652293815805466e-01
9.895287074464176325e-01
9.896039897280944908e-01
9.896905244815212832e-01
9.897876504709928192e-01
9.898945925780977539e-01
9.900104577272734740e-01
9.901342311478263936e-01
9.902647729839528790e-01
9.904008152566381451e-01
9.905409591735558905e-01
9.906836727755079508e-01
9.908272889008027384e-01
9.909700034425164006e-01
9.911098738680057529e-01
9.912448179655171110e-01
9.913726127793682785e-01
9.914908936930253436e-01
9.915971536184826629e-01
9.916887422506521776e-01
9.917628653469208189e-01
9.918165839945797257e-01
9.918468138323714989e-01
9.918503241968609219e-01
9.918237371696385640e-01
9.917635265074445927e-01
9.916660164441271075e-01
9.915273803608979364e-01
9.913436393296357618e-01
9.911106605430424210e-01
9.908241556553255558e-01
9.904796790678156437e-01
9.900726262055651317e-01
9.895982318435588843e-01
9.890515685546569236e-01
9.884275453657411781e-01
9.877209067236064621e-01
9.869262318877032314e-01
9.860379348826217027e-01
9.850502651587945691e-01
9.839573091248491332e-01
9.827529927288016776e-01
9.814310852773012739e-01
9.799852046917859605e-01
9.784088244071366125e-01
9.766952821216579039e-01
9.748377906065222032e-01
9.728294507778065814e-01
9.706632672247074156e-01
9.683321663733077678e-01
9.658290174464431166e-01
9.631466563569046624e-01
9.602779126437344104e-01
9.572156395300559506e-01
9.539527471462188046e-01
9.504822389244992342e-01
9.467972511317297446e-01
9.428910954645489673e-01
9.387573045890053036e-01
9.343896804625135832e-01
9.297823452321453130e-01
9.249297944594057075e-01
9.198269523784780022e-01
9.144692288528615265e-01
9.088525776548775914e-01
9.029735556541568231e-01
8.968293824654732793e-01
8.904180000737178524e-01
8.837381319249534295e-01
8.767893409479937672e-01
8.695720859513654810e-01
8.620877758264638979e-01
8.543388209797350141e-01
8.463286814153440085e-01
8.380619108954282526e-01
8.295441966180242543e-01
8.207823938732956570e-01
8.117845551667972614e-01
8.025599533340707081e-01
7.931190982135242207e-01
7.834737464937769902e-01
7.736369044066915279e-01
7.636228229972669146e-01
7.534469857652740243e-01
7.431260885397925620e-01
7.326780115153025408e-01
7.221217834453359519e-01
7.114775380556224160e-01
7.007664628018650532e-01
6.900107401567858734e-01
6.792334816659225671e-01
6.684586550613310640e-01
6.577110047664751491e-01
6.470159661641511351e-01
6.363995740326053863e-01
6.258883655835016935e-01
6.155092785598881289e-01
6.052895448736438366e-01
5.952565802810074747e-01
5.854378706126970311e-01
5.758608550927263314e-01
5.665528072979950647e-01
5.575407143297688162e-01
5.488511547884151742e-01
5.405101761643922309e-01
5.325431722811658775e-01
5.249747614489501668e-01
5.178286660111365292e-01
5.111275939869788232e-01
5.048931235334359613e-01
4.991455909647170008e-01
4.939039830788723995e-01
4.891858345453948820e-01
4.850071311053050227e-01
4.813822193245355097e-01
4.783237236220760913e-01
4.758424712657600697e-01
4.739474259907463516e-01
4.726456308487689828e-01
4.719421608405532931e-01
4.718400858201136083e-01
4.723404440887828404e-01
4.734422270198772598e-01
4.751423749728933554e-01
4.774357846703255470e-01
4.803153281216350212e-01
4.837718830887675070e-01
4.877943749968373099e-01
4.923698301030976499e-01
4.974834396478647891e-01
5.031186346232416895e-01
5.092571707099581291e-01
5.158792228497119936e-01
5.229634888406402560e-01
5.304873012672817190e-01
5.384267470040731141e-01
5.467567934636159421e-01
5.554514206981469027e-01
5.644837584056299207e-01
5.738262268414218159e-01
5.834506805934045470e-01
5.933285541438704236e-01
6.034310081162125305e-01
6.137290750896888802e-01
6.241938038620351570e-01
6.347964010484277164e-01
6.455083689268004132e-01
6.563016384742783593e-01
6.671486965876229913e-01
6.780227065419797139e-01
6.888976208163282156e-01
6.997482855001486701e-01
7.105505355926857725e-01
7.212812806124604403e-01
7.319185800486061044e-01
7.424417083052599065e-01
7.528312089135607010e-01
7.630689379105816128e-01
7.731380964085454721e-01
7.830232524987386089e-01
7.927103527505355851e-01
8.021867236749039565e-01
8.114410636219210327e-01
8.204634256716063501e-01
8.292451921555327177e-01
8.377790415121678658e-01
8.460589082310678855e-01
8.540799366794664671e-01
8.618384296294326896e-01
8.693317923147854120e-01
8.765584728448921892e-01
8.835178997880679397e-01
8.902104177115475192e-01
8.966372214291111753e-01
9.028002896627521645e-01
9.087023187727657492e-01
9.143466571528551246e-01
9.197372408248627451e-01
9.248785307031176517e-01
9.297754519326330014e-01
9.344333356399048274e-01
9.388578633711258670e-01
9.430550144313571970e-01
9.470310162805327669e-01
9.507922980888701137e-01
9.543454475058625874e-01
9.576971706539255669e-01
9.608542553201270264e-01
9.638235372872839823e-01
9.666118697189111098e-01
9.692260954908253900e-01
9.716730223452755277e-01
9.739594007308565171e-01
9.760919041827087472e-01
9.780771120920797035e-01
9.799214947117446117e-01
9.816314002435423403e-01
9.832130438559327779e-01
9.846724984826071836e-01
9.860156872574246112e-01
9.872483774460204531e-01
9.883761757400882919e-01
9.894045247864088344e-01
9.903387008290670535e-01
9.911838123498717401e-01
9.919447995987307198e-01
9.926264349126042719e-01
9.932333237286338212e-01
9.937699062040934450e-01
9.942404593628871856e-01
9.946490996953500918e-01
9.949997861450168291e-01
9.952963234226734901e-01
9.955423655942937655e-01
9.957414198952362350e-01
9.958968507282164317e-01
9.960118838069700331e-01
9.960896104111008897e-01
9.961329917203418649e-01
9.961448631983511603e-01
9.961279389973050069e-01
9.960848163550400924e-01
9.960179799565210823e-01
9.959298062311524591e-01
9.958225675571481528e-01
9.956984363440352093e-01
9.955594889646058876e-01
9.954077095084425952e-01
9.952449933306335428e-01
9.950731503715910531e-01
9.948939082269755430e-01
9.947089149506123107e-01
9.945197415778566086e-01
9.943278843619979268e-01
9.941347667218108919e-01
9.939417409040763873e-01
9.937500893705903948e-01
9.935610259246551168e-01
9.933756965971108910e-01
9.931951803164491555e-01
9.930204893913147091e-01
9.928525698366551522e-01
9.926923015768486236e-01
9.925404985603217822e-01
9.923979088204635257e-01
9.922652145171164673e-01
9.921430319916458851e-01
9.920319118666689473e-01
9.919323392190807498e-01
9.918447338521738654e-01
9.917694506895378126e-01
9.917067803101806689e-01
9.916569496410337914e-01
9.916201228197879525e-01
9.915964022379394338e-01
9.915858297710425928e-01
9.915883882004984384e-01
9.916040028287707031e-01
9.916325432876782475e-01
9.916738255373549471e-01
9.917276140515430827e-01
9.917936241830583866e-01
9.918715247014993075e-01
9.919609404935405550e-01
9.920614554144382424e-01
9.921726152776895180e-01
9.922939309681477749e-01
9.924248816623331138e-01
9.925649181382475428e-01
9.927134661557458495e-01
9.928699298874964496e-01
9.930336953798181154e-01
9.932041340222563797e-01
9.933806060046654896e-01
9.935624637408130289e-01
9.937490552380928710e-01
9.939397273937945476e-01
9.941338291994893384e-01
9.943307148363945691e-01
9.945297466460173430e-01
9.947302979618944940e-01
9.949317557897866537e-01
9.951335233252165402e-01
9.953350222987195073e-01
9.955356951406064692e-01
9.957350069583932317e-01
9.959324473213615470e-01
9.961275318479838603e-01
9.963198035931890573e-01
9.965088342337081739e-01
9.966942250510107959e-01
9.968756077126731396e-01
9.970526448543851616e-01
9.972250304662267917e-01
9.973924900883025524e-01
9.975547808222928747e-01
9.977116911669393629e-01
9.978630406868673752e-01
9.980086795254337062e-01
9.981484877734014827e-01
9.982823747061291275e-01
9.984102779025755270e-01
9.985321622597062019e-01
9.986480189158074561e-01
9.987578640957598397e-01
9.988617378904838251e-01
9.989597029815898699e-01
9.990518433207803417e-01
9.991382627718591314e-01
9.992190837214041110e-01
9.992944456623664706e-01
9.993645037532357112e-01
9.994294273540608176e-01
9.994893985396956504e-01
9.995446105902406897e-01
9.995952664588473313e-01
9.996415772178816050e-01
9.996837604858844761e-01
9.997220388397455304e-01
9.997566382189116974e-01
9.997877863311168678e-01
