9.997980586471497677e-01
9.997686743762609352e-01
9.997360844554218362e-01
9.997000848639016057e-01
9.996604738606280627e-01
9.996170532700517919e-01
9.995696297161575927e-01
9.995180157942559207e-01
9.994620311737821838e-01
9.994015036287334786e-01
9.993362699954176920e-01
9.992661770597298654e-01
9.991910823781082751e-01
9.991108550376275321e-01
9.990253763613511362e-01
9.989345405651538501e-01
9.988382553718020418e-01
9.987364425872807816e-01
9.986290386432665755e-01
9.985159951084263685e-01
9.983972791699534666e-01
9.982728740855640881e-01
9.981427796051295376e-01
9.980070123602853283e-01
9.978656062197656107e-01
9.977186126078793071e-01
9.975661007834674132e-01
9.974081580768449085e-01
9.972448900825984230e-01
9.970764208066570378e-01
9.969028927667252793e-01
9.967244670459260991e-01
9.965413233003064253e-01
9.963536597216507973e-01
9.961616929578026580e-01
9.959656579933490184e-01
9.957658079940526763e-01
9.955624141187708886e-01
9.953557653027508278e-01
9.951461680161035606e-01
9.949339460009112290e-01
9.947194399897981709e-01
9.945030074078898830e-01
9.942850220588962395e-01
9.940658737946080903e-01
9.938459681654113753e-01
9.936257260475479525e-01
9.934055832408297260e-01
9.931859900284127907e-01
9.929674106881274387e-01
9.927503229428082943e-01
9.925352173351671414e-01
9.923225965110606950e-01
9.921129743936121237e-01
9.919068752296106295e-01
9.917048324889851107e-01
9.915073875979737439e-01
9.913150884869113000e-01
9.911284879343318366e-01
9.909481416903241913e-01
9.907746063637588030e-01
9.906084370600730660e-01
9.904501847587170449e-01
9.903003934220581117e-01
9.901595968304739426e-01
9.900283151414683847e-01
9.899070511738929934e-01
9.897962864217085821e-01
9.896964768051649264e-01
9.896080481707912879e-01
9.895313915551789963e-01
9.894668582311813010e-01
9.894147545588406478e-01
9.893753366670393623e-01
9.893488049955051489e-01
9.893352987302956869e-01
9.893348901691306763e-01
9.893475790558003968e-01
9.893732869251988804e-01
9.894118515021569360e-01
9.894630211980165457e-01
9.895264497486684352e-01
9.896016910364511254e-01
9.896881941358345314e-01
9.897852986191570945e-01
9.898922301539214708e-01
9.900080964173803011e-01
9.901318833475233339e-01
9.902624517423345152e-01
9.903985342115622093e-01
9.905387324775085656e-01
9.906815150137728843e-01
9.908252150037384354e-01
9.909680285941101507e-01
9.911080134131992070e-01
9.912430873190649638e-01
9.913710273391758143e-01
9.914894687610054103e-01
9.915959043319575450e-01
9.916876835271928314e-01
9.917620118452667999e-01
9.918159500939159878e-01
9.918464136317620694e-01
9.918501715360761306e-01
9.918238456719727925e-01
9.917639096444420543e-01
9.916666876214312865e-01
9.915283530237546383e-01
9.913449270859328033e-01
9.911122773011903364e-01
9.908261157737955349e-01
9.904819975127695519e-01
9.900753187127527832e-01
9.896013150805191838e-01
9.890550602792476109e-01
9.884314645771236085e-01
9.877252738020175782e-01
9.869310687196369836e-01
9.860432649683975592e-01
9.850561136998899903e-01
9.839637030887860014e-01
9.827599608897904515e-01
9.814386582312329965e-01
9.799934148445034188e-01
9.784177059352068273e-01
9.767048709050899502e-01
9.748481241330299030e-01
9.728405680183142001e-01
9.706752084798353497e-01
9.683449730905852038e-01
9.658427320079800982e-01
9.631613218372568896e-01
9.602935725377176324e-01
9.572323374503485249e-01
9.539705264907477611e-01
9.505011425138466530e-01
9.468173208171389854e-01
9.429123717075529321e-01
9.387798260142253826e-01
9.344134833857918876e-01
9.298074631668307166e-01
9.249562576043071083e-01
9.198547870916856661e-01
9.144984571162949605e-01
9.088832165350141379e-01
9.030056167649027632e-01
8.968628714395482371e-01
8.904529160492006268e-01
8.837744670538019154e-01
8.768270799333720555e-01
8.696112056205207441e-01
8.621282447456773967e-01
8.543805991175528192e-01
8.463717198598759150e-01
8.381061516310026605e-01
8.295895723659152399e-01
8.208288280005963111e-01
8.118319616668239203e-01
8.026082368809266399e-01
7.931681542926624084e-01
7.835234616095554383e-01
7.736871563670413288e-01
7.636734812746746037e-01
7.534979119323488295e-01
7.431771367767373571e-01
7.327290291856670690e-01
7.221726117355172780e-01
7.115280126727023813e-01
7.008164147236051189e-01
6.900599964269100717e-01
6.792818662273050201e-01
6.685059896193503715e-01
6.577571096746503976e-01
6.470606613242788629e-01
6.364426798019343634e-01
6.259297036820948845e-01
6.155486729721368899e-01
6.053268227389666523e-01
5.952915727699954473e-01
5.854704137863271374e-01
5.758907907436741080e-01
5.665799837744708300e-01
5.575649873435473136e-01
5.488723882097783502e-01
5.405282428074476009e-01
5.325579546833311140e-01
5.249861526482919594e-01
5.178365703246186058e-01
5.111319277915347126e-01
5.048938160501175165e-01
4.991425850440392997e-01
4.938972359829497671e-01
4.891753187196675734e-01
4.849928349296818153e-01
4.813641478308368082e-01
4.783018991618613880e-01
4.758169341101992078e-01
4.739182348422306124e-01
4.726128632426760401e-01
4.719059134150549450e-01
4.718004744322501498e-01
4.722976037562878204e-01
4.733963116703832075e-01
4.750935569852197116e-01
4.773842541963795316e-01
4.802612921820067493e-01
4.837155644401570642e-01
4.877360107748703877e-01
4.923096702496823074e-01
4.974217451377527244e-01
5.030556755097858046e-01
5.091932240148906441e-01
5.158145703260557102e-01
5.228984146413785394e-01
5.304220895550775250e-01
5.383616795390735454e-01
5.466921472071450960e-01
5.553874654698806035e-01
5.644207546307175027e-01
5.737644234219768657e-01
5.833903129359773176e-01
5.932698423710192071e-01
6.033741554862384060e-01
6.136742666441084015e-01
6.241412053156275563e-01
6.347461579317872360e-01
6.454606059864176348e-01
6.562564593303947813e-01
6.671061836455409733e-01
6.779829211482697460e-01
6.888606036475555250e-01
6.997140571683645449e-01
7.105190974490749323e-01
7.212526157282131978e-01
7.318926543503019300e-01
7.424184718408107786e-01
7.528105972240527466e-01
7.630508734831314976e-01
7.731224901855442422e-01
7.830100054195199277e-01
7.926993573025570283e-01
8.021778654329064784e-01
8.114342227551832876e-01
8.204584784013002619e-01
8.292420121462378280e-01
8.377775011837897967e-01
8.460588799796635584e-01
8.540812939977707741e-01
8.618410481201462803e-01
8.693355505919048154e-01
8.765632533204720245e-01
8.835235893437980437e-01
8.902169082563577973e-01
8.966444103456684411e-01
9.028080801471706218e-01
9.087106200731124295e-01
9.143553847130737600e-01
9.197463163415857679e-01
9.248878821034820508e-01
9.297850132816686264e-01
9.344430469863420630e-01
9.388676705405867295e-01
9.430648687758544924e-01
9.470408743930334161e-01
9.508021214913784380e-01
9.543552023190701172e-01
9.577068272559623452e-01
9.608637880013479737e-01
9.638329239073406551e-01
9.666210913716118958e-01
9.692351361814856014e-01
9.716818686844230779e-01
9.739680416473016633e-01
9.761003306581356176e-01
9.780853169184863249e-01
9.799294722722735607e-01
9.816391463165272668e-01
9.832205554413500082e-01
9.846797736495913611e-01
9.860227250110854547e-01
9.872551776114982802e-01
9.883827388616038823e-01
9.894108520390019201e-01
9.903447939407593603e-01
9.911896735321308327e-01
9.919504314833251790e-01
9.926318404932151784e-01
9.932385063059006036e-01
9.937748693331034389e-01
9.942452068024482115e-01
9.946536353587028811e-01
9.950041140519255700e-01
9.953004476530783462e-01
9.955462902439025097e-01
9.957451490335722522e-01
9.959003883597276063e-01
9.960152338358336799e-01
9.960927766103425673e-01
9.961359777058229614e-01
9.961476724080809975e-01
9.961305746764042013e-01
9.960872815465379171e-01
9.960202774980099205e-01
9.959319387571718973e-01
9.958245375070226002e-01
9.957002459747630319e-01
9.955611403682935734e-01
9.954092046336980859e-01
9.952463340072866815e-01
9.950743383380853402e-01
9.948949451597809412e-01
9.947098024950287165e-01
9.945204813796159060e-01
9.943284780991117344e-01
9.941352161361570738e-01
9.939420478322490426e-01
9.937502557735706787e-01
9.935610539158719057e-01
9.933755884684710713e-01
9.931949385619152082e-01
9.930201167276070384e-01
9.928520692206579401e-01
9.926916762193146448e-01
9.925397519355003695e-01
9.923970446713332727e-01
9.922642368559808634e-01
9.921419450959539921e-01
9.920307202700517912e-01
9.919310476977343249e-01
9.918433474068708566e-01
9.917679745237022448e-01
9.917052198045955835e-01
9.916553103258688440e-01
9.916184103447216458e-01
9.915946223411982174e-01
9.915839882481853884e-01
9.915864908737449523e-01
9.916020555175947271e-01
9.916305517812828985e-01
9.916717955695140141e-01
9.917255512781426585e-01
9.917915341625205272e-01
9.918694128781190278e-01
9.919588121836296901e-01
9.920593157950580165e-01
9.921704693776619566e-01
9.922917836609803643e-01
9.924227376606611362e-01
9.925627819893987347e-01
9.927113422380591246e-01
9.928678224070689451e-01
9.930316083674178840e-01
9.932020713302026627e-01
9.933785713035516718e-01
9.935604605160144320e-01
9.937470867860606072e-01
9.939377968181904999e-01
9.941319394072517523e-01
9.943288685338523836e-01
9.945279463351813787e-01
9.947285459370561744e-01
9.949300541345447169e-01
9.951318739100353250e-01
9.953334267791018597e-01
9.955341549559376668e-01
9.957335233314901224e-01
9.959310212587375588e-01
9.961261641408215572e-01
9.963184948190003665e-01
9.965075847586526425e-01
9.966930350328442323e-01
9.968744771043011044e-01
9.970515734080074299e-01
9.972240177380728987e-01
9.973915354439736314e-01
9.975538834427448709e-01
9.977108500551535863e-01
9.978622546752728972e-01
9.980079472841497656e-01
9.981478078193712911e-01
9.982817454132106860e-01
9.984096975126434126e-01
9.985316288947945207e-01
9.986475305912986267e-01
9.987574187345870103e-01
9.988613333382779791e-01
9.989593370226579339e-01
9.990515136947593078e-01
9.991379671908511284e-01
9.992188198873583893e-01
9.992942112844478419e-01
9.993642965648942278e-01
9.994292451295094803e-01
9.994892391095019368e-01
9.995444718557513486e-01
9.995951464051882063e-01
9.996414739253116633e-01
9.996836721393251857e-01
9.997219637363586875e-01
9.997565747736543162e-01
9.997877330802616980e-01
