9.997971264422569337e-01
9.997676061518856461e-01
9.997348664148365538e-01
9.996987027403947401e-01
9.996589130284537772e-01
9.996152988683197904e-01
9.995676667837236629e-01
9.995158294132969745e-01
9.994596066194264550e-01
9.993988265218857192e-01
9.993333264557808793e-01
9.992629538559854030e-01
9.991875670722798475e-01
9.991070361208187478e-01
9.990212433783018930e-01
9.989300842254010826e-01
9.988334676456417371e-01
9.987313167851832318e-01
9.986235694778978766e-01
9.985101787389309980e-01
9.983911132286594770e-01
9.982663576877474076e-01
9.981359133429162922e-01
9.979997982821526836e-01
9.978580477974237084e-01
9.977107146925630055e-01
9.975578695538404039e-01
9.973996009808079322e-01
9.972360157753155097e-01
9.970672390870550794e-01
9.968934145146053361e-01
9.967147041616467584e-01
9.965312886487743826e-01
9.963433670820912580e-01
9.961511569804891719e-01
9.959548941641627184e-01
9.957548326074232570e-01
9.955512442592336919e-01
9.953444188350452082e-01
9.951346635834473764e-01
9.949223030308207427e-01
9.947076787065838310e-01
9.944911488507580666e-01
9.942730881044236080e-01
9.940538871822333089e-01
9.938339525245095674e-01
9.936137059246143988e-01
9.933935841253005439e-01
9.931740383756911816e-01
9.929555339384511514e-01
9.927385495346950917e-01
9.925235767122898567e-01
9.923111191215364668e-01
9.921016916808257369e-01
9.918958196138278893e-01
9.916940373391359698e-01
9.914968871930972538e-01
9.913049179668386168e-01
9.911186832392451240e-01
9.909387394888580225e-01
9.907656439693083295e-01
9.905999523349344749e-01
9.904422160056230995e-01
9.902929792625781991e-01
9.901527760696418046e-01
9.900221266178838020e-01
9.899015335944369998e-01
9.897914781799224127e-01
9.896924157822909462e-01
9.896047715184806970e-01
9.895289354589426045e-01
9.894652576538198741e-01
9.894140429633521139e-01
9.893755457188623259e-01
9.893499642444388842e-01
9.893374352730187615e-01
9.893380282939295833e-01
9.893517398718933986e-01
9.893784879798804832e-01
9.894181063898689343e-01
9.894703391663397518e-01
9.895348353070910763e-01
9.896111435745630347e-01
9.896987075582825977e-01
9.897968610052341187e-01
9.899048234500076315e-01
9.900216961705751162e-01
9.901464584886632281e-01
9.902779644261586744e-01
9.904149397210455508e-01
9.905559791983179485e-01
9.906995444834153508e-01
9.908439620382764046e-01
9.909874214933441783e-01
9.911279742430016970e-01
9.912635322671485838e-01
9.913918671380719250e-01
9.915106091694869672e-01
9.916172466636712368e-01
9.917091252129620615e-01
9.917834470134977431e-01
9.918372701518840540e-01
9.918675078293670566e-01
9.918709274930138653e-01
9.918441498492344133e-01
9.917836477416597241e-01
9.916857448828474419e-01
9.915466144374811552e-01
9.913622774636390300e-01
9.911286012283375690e-01
9.908412974239202420e-01
9.904959203229840581e-01
9.900878649214567284e-01
9.896123651321481196e-01
9.890644921045929072e-01
9.884391527612157446e-01
9.877310886546458724e-01
9.869348752662053803e-01
9.860449218809052008e-01
9.850554721893488574e-01
9.839606057813305995e-01
9.827542407091146570e-01
9.814301373098548442e-01
9.799819034857809585e-01
9.784030016470833813e-01
9.766867575253450617e-01
9.748263710644458069e-01
9.728149295907381200e-01
9.706454234547166049e-01
9.683107643222612637e-01
9.658038062748327546e-01
9.631173698548841644e-01
9.602442691654616835e-01
9.571773421018707761e-01
9.539094837587775988e-01
9.504336830186961294e-01
9.467430622879666746e-01
9.428309203045921461e-01
9.386907778991667728e-01
9.343164265461342266e-01
9.297019794982283036e-01
9.248419252526900447e-01
9.197311830541959887e-01
9.143651600968727422e-01
9.087398100468342399e-01
9.028516924678618993e-01
8.966980326967430859e-01
8.902767816819248115e-01
8.835866752701549975e-01
8.766272924012568080e-01
8.693991116517156836e-01
8.619035655539555307e-01
8.541430921105659380e-01
8.461211829218252545e-01
8.378424273510489684e-01
8.293125521658812893e-01
8.205384561148127975e-01
8.115282389269760088e-01
8.022912242594768539e-01
7.928379761598192133e-01
7.831803086608305486e-01
7.733312881811487127e-01
7.633052284648340624e-01
7.531176778579601327e-01
7.427853987868132668e-01
7.323263393703475232e-01
7.217595971673480548e-01
7.111053751251178445e-01
7.003849298600959283e-01
6.896205124606086256e-01
6.788353020570467855e-01
6.680533324545355756e-01
6.572994121672711687e-01
6.465990382321076257e-01
6.359783042119036001e-01
6.254638028271324313e-01
6.150825236779856597e-01
6.048617465395933479e-01
5.948289307310157259e-01
5.850116010752931528e-01
5.754372309840780630e-01
5.661331232169561911e-01
5.571262888832138049e-01
5.484433252728018182e-01
5.401102931238095373e-01
5.321525939556436269e-01
5.245948481198966507e-01
5.174607742438503966e-01
5.107730707637438972e-01
5.045533002652113908e-01
4.988217773654481935e-01
4.935974608843475275e-01
4.888978510588574133e-01
4.847388925548983263e-01
4.811348840233978796e-01
4.780983949304326019e-01
4.756401903656726216e-01
4.737691644978646588e-01
4.724922833011324652e-01
4.718145371215163308e-01
4.717389035901670136e-01
4.722663213185248621e-01
4.733956747328300629e-01
4.751237903213422209e-01
4.774454444790636742e-01
4.803533830426454099e-01
4.838383525138386654e-01
4.878891428744277503e-01
4.924926418001388528e-01
4.976338999865422830e-01
5.032962072073082771e-01
5.094611786350742300e-01
5.161088508683170373e-01
5.232177870245924289e-01
5.307651901818009055e-01
5.387270243754163079e-01
5.470781422912789349e-01
5.557924187313850739e-01
5.648428888745675724e-01
5.742018903059877832e-01
5.838412077495352959e-01
5.937322194065610681e-01
6.038460437835733163e-01
6.141536858815261901e-01
6.246261816208132922e-01
6.352347393897839201e-01
6.459508776309161870e-01
6.567465574180918475e-01
6.675943090306674099e-01
6.784673515950416789e-01
6.893397049415495026e-01
7.001862929130160396e-01
7.109830374598848923e-01
7.217069429641811418e-01
7.323361703489004171e-01
7.428501006488985592e-01
7.532293878419393796e-01
7.634560008621176230e-01
7.735132548402633423e-01
7.833858317350239631e-01
7.930597906320895341e-01
8.025225680955572205e-01
8.117629690530493436e-01
8.207711487833974084e-01
8.295385866512590134e-01
8.380580522960279222e-01
8.463235650321332404e-01
8.543303472539931498e-01
8.620747726614220730e-01
8.695543101304235023e-01
8.767674640505735972e-01
8.837137119343783098e-01
8.903934400770522339e-01
8.968078780083701407e-01
9.029590324328615747e-01
9.088496213021904913e-01
9.144830086055742990e-01
9.198631404021339053e-01
9.249944825546576599e-01
9.298819605589011550e-01
9.345309017975926835e-01
9.389469804850387735e-01
9.431361655077057371e-01
9.471046713093107527e-01
9.508589119165233861e-01
9.544054581538783388e-01
9.577509980543079671e-01
9.609023004349588337e-01
9.638661815766998986e-01
9.666494749198015768e-01
9.692590036674114673e-01
9.717015561723266748e-01
9.739838639707033563e-01
9.761125823183016692e-01
9.780942730800888940e-01
9.799353898220358738e-01
9.816422649542070333e-01
9.832210987763227994e-01
9.846779502804192674e-01
9.860187295696967169e-01
9.872491917578178899e-01
9.883749322185674258e-01
9.894013830617262029e-01
9.903338107171451021e-01
9.911773145152451558e-01
9.919368261584895485e-01
9.926171099847693746e-01
9.932227639300952315e-01
9.937582211045061786e-01
9.942277519016512466e-01
9.946354665690358976e-01
9.949853181723793405e-01
9.952811058937948152e-01
9.955264786094809581e-01
9.957249386981588124e-01
9.958798460364909344e-01
9.959944221420572452e-01
9.960717544280687230e-01
9.961148005368196667e-01
9.961263927209232927e-01
9.961092422427076931e-01
9.960659437628611723e-01
9.959989796896790981e-01
9.959107244602476428e-01
9.958034487248245137e-01
9.956793234057478292e-01
9.955404236026219600e-01
9.953887323164750667e-01
9.952261439671824528e-01
9.950544676807900890e-01
9.948754303264865095e-01
9.946906792868256408e-01
9.945017849493196227e-01
9.943102429125743047e-01
9.941174759055677601e-01
9.939248354242835592e-01
9.937336030955167265e-01
9.935449917830555533e-01
9.933601464564443262e-01
9.931801448469599336e-01
9.930059979191754316e-01
9.928386501894170824e-01
9.926789799244928325e-01
9.925277992552506978e-01
9.923858542398201754e-01
9.922538249108496800e-01
9.921323253397479336e-01
9.920219037489673708e-01
9.919230427008514095e-01
9.918361593886376726e-01
9.917616060519914845e-01
9.916996705360833220e-01
9.916505770098295036e-01
9.916144868556016068e-01
9.915914997395564034e-01
9.915816548688057841e-01
9.915849324389729436e-01
9.916012552732641483e-01
9.916304906520226892e-01
9.916724523297811844e-01
9.917269027350500421e-01
9.917935553464193310e-01
9.918720772369653549e-01
9.919620917774029101e-01
9.920631814868763332e-01
9.921748910187455639e-01
9.922967302671922285e-01
9.924281775789877136e-01
9.925686830533635430e-01
9.927176719116692638e-01
9.928745479174329036e-01
9.930386968266274872e-01
9.932094898474199685e-01
9.933862870884764273e-01
9.935684409750287216e-01
9.937552996123619753e-01
9.939462100771474518e-01
9.941405216180642102e-01
9.943375887483948405e-01
9.945367742146709045e-01
9.947374518269421761e-01
9.949390091377832146e-01
9.951408499586985590e-01
9.953423967041018505e-01
9.955430925545121212e-01
9.957424034320169204e-01
9.959398197824068655e-01
9.961348581596973784e-01
9.963270626100428906e-01
9.965160058533309995e-01
9.967012902620472348e-01
9.968825486383314782e-01
9.970594447915195335e-01
9.972316739198736624e-01
9.973989628016494136e-01
9.975610698020906941e-01
9.977177847043795511e-01
9.978689283739273774e-01
9.980143522666530265e-01
9.981539377929862233e-01
9.982875955502078513e-01
9.984152644363449847e-01
9.985369106591237554e-01
9.986525266534164169e-01
9.987621299201826508e-01
9.988657617990958082e-01
9.989634861858960324e-01
9.990553882040694722e-01
9.991415728388003403e-01
9.992221635393827572e-01
9.992973007945297192e-01
9.993671406834180315e-01
9.994318534039892121e-01
9.994916217791165458e-01
9.995466397408538928e-01
9.995971107931667099e-01
9.996432464543582030e-01
9.996852646818007448e-01
9.997233882835282470e-01
9.997578433235880802e-01
9.997888575306638215e-01
