9.997971913341163752e-01
9.997676762294243069e-01
9.997349413537406360e-01
9.996987820424316773e-01
9.996589960016539766e-01
9.996153846086823780e-01
9.995677541590464177e-01
9.995159170497111001e-01
9.994596928911669842e-01
9.993989095447661786e-01
9.993334040847484667e-01
9.992630236870265747e-01
9.991876264488284143e-01
9.991070821446844663e-01
9.990212729250077528e-01
9.989300939636839294e-01
9.988334540607475276e-01
9.987312762054790793e-01
9.986234981042257930e-01
9.985100726760607337e-01
9.983909685181463489e-01
9.982661703414814625e-01
9.981356793766489321e-01
9.979995137483185230e-01
9.978577088166228348e-01
9.977103174831414290e-01
9.975574104590909652e-01
9.973990764934129727e-01
9.972354225587575227e-01
9.970665739938305849e-01
9.968926746011828044e-01
9.967138867002134361e-01
9.965303911359090216e-01
9.963423872445832385e-01
9.961500927785941206e-01
9.959537437926420100e-01
9.957535944947535356e-01
9.955499170654013019e-01
9.953430014483516386e-01
9.951331551167506007e-01
9.949207028176245693e-01
9.947059862973630651e-01
9.944893640098734222e-01
9.942712108079408972e-01
9.940519176169120286e-01
9.938318910881764889e-01
9.936115532280814788e-01
9.933913409959338470e-01
9.931717058626782224e-01
9.929531133197651016e-01
9.927360423257014510e-01
9.925209846758985544e-01
9.923084442797623916e-01
9.920989363275916073e-01
9.918929863288178383e-01
9.916911290024963410e-01
9.914939070007718902e-01
9.913018694463305858e-01
9.911155702656030408e-01
9.909355663007015647e-01
9.907624151847235217e-01
9.905966729670935278e-01
9.904388914780022368e-01
9.902896154236697779e-01
9.901493792070718003e-01
9.900187034718626045e-01
9.898980913704723550e-01
9.897880245607294514e-01
9.896889589388194741e-01
9.896013201199644893e-01
9.895254986818454723e-01
9.894618451895158540e-01
9.894106650243260637e-01
9.893722130431642503e-01
9.893466880980543721e-01
9.893342274497577415e-01
9.893349011123611092e-01
9.893487061687937789e-01
9.893755610996093353e-01
9.894153001690492166e-01
9.894676679132071717e-01
9.895323137748902598e-01
9.896087869284198035e-01
9.896965313350634119e-01
9.897948810660336383e-01
9.899030559250685535e-01
9.900201573966460611e-01
9.901451649390395904e-01
9.902769326339150302e-01
9.904141861962525439e-01
9.905555203403331177e-01
9.906993964896371185e-01
9.908441408110350013e-01
9.909879425468733904e-01
9.911288526126676990e-01
9.912647824233032923e-01
9.913935029070289895e-01
9.915126436641863439e-01
9.916196922265829716e-01
9.917119933736819881e-01
9.917867484632915120e-01
9.918410147371443664e-01
9.918717045655558451e-01
9.918755846001743315e-01
9.918492748095806277e-01
9.917892473791025676e-01
9.916918254636087893e-01
9.915531817902081269e-01
9.913693371166880652e-01
9.911361585611725422e-01
9.908493578289049308e-01
9.905044893732681821e-01
9.900969485401838188e-01
9.896219697578853003e-01
9.890746248477036984e-01
9.884498215458847881e-01
9.877423023414209080e-01
9.869466437502384393e-01
9.860572561615394971e-01
9.850683844072907203e-01
9.839741092203365680e-01
9.827683497598891371e-01
9.814448673946506441e-01
9.799972709430013751e-01
9.784190235759606669e-01
9.767034515914974069e-01
9.748437552677600149e-01
9.728330219975843685e-01
9.706642418969547714e-01
9.683303260658467915e-01
9.658241276610807224e-01
9.631384659176044361e-01
9.602661532272630529e-01
9.572000253529543423e-01
9.539329748215338300e-01
9.504579875014006474e-01
9.467681823308677913e-01
9.428568541217123844e-01
9.387175193192280886e-01
9.343439645561627538e-01
9.297302977936215962e-01
9.248710017978170050e-01
9.197609896579509448e-01
9.143956620080018194e-01
9.087709655742571835e-01
9.028834526316192877e-01
8.967303409155463756e-01
8.903095735035652103e-01
8.836198781511941380e-01
8.766608255424415130e-01
8.694328858954354367e-01
8.619374833497469579e-01
8.541770475541945462e-01
8.461550618728177486e-01
8.378761076327462254e-01
8.293459038511366010e-01
8.205713418994151631e-01
8.115605145917474950e-01
8.023227392208226449e-01
7.928685741073187021e-01
7.832098282792784305e-01
7.733595639533088484e-01
7.633320915500824144e-01
7.531429570409577945e-01
7.428089214894184611e-01
7.323479327191029231e-01
7.217790891081324878e-01
7.111225955758775363e-01
7.003997118920208820e-01
6.896326934976897416e-01
6.788447250836289193e-01
6.680598472203174154e-01
6.573028763791761708e-01
6.465993187225773653e-01
6.359752780734846400e-01
6.254573585036843353e-01
6.150725620035029095e-01
6.048481817164572671e-01
5.948116912404668444e-01
5.849906305140343266e-01
5.754124888221481271e-01
5.661045854732966731e-01
5.570939487166612913e-01
5.484071934875038856e-01
5.400703985892273407e-01
5.321089839422921131e-01
5.245475885527398630e-01
5.174099498757325222e-01
5.107187852713579446e-01
5.044956762698553643e-01
4.987609563801660428e-01
4.935336031880067642e-01
4.888311354963309485e-01
4.846695162608120055e-01
4.810630620650159228e-01
4.780243598632432089e-01
4.755641916932678015e-01
4.736914680259348698e-01
4.724131703739054000e-01
4.717343037280417040e-01
4.716578593274436404e-01
4.721847881988969764e-01
4.733139858242589870e-01
4.750422882112741441e-01
4.773644795555660458e-01
4.802733115903122796e-01
4.837595346265300966e-01
4.878119401920957277e-01
4.924174150826140517e-01
4.975610065430338125e-01
5.032259982062174952e-01
5.093939963243574454e-01
5.160450257417691367e-01
5.231576349738142895e-01
5.307090096771388543e-01
5.386750937215010193e-01
5.470307170040016320e-01
5.557497290829349623e-01
5.648051376517155830e-01
5.741692508239732984e-01
5.838138221598918598e-01
5.937101973320761950e-01
6.038294613075188000e-01
6.141425849114570124e-01
6.246205696399211860e-01
6.352345896011347692e-01
6.459561294922343544e-01
6.567571175572195497e-01
6.676100525246883022e-01
6.784881235894677509e-01
6.893653225801237294e-01
7.002165475436609166e-01
7.110176970782626782e-01
7.217457548532619782e-01
7.323788638708901289e-01
7.428963901448462082e-01
7.532789755942983501e-01
7.635085800763991015e-01
7.735685126036386805e-01
7.834434519121671325e-01
7.931194566616399655e-01
8.025839656541734479e-01
8.118257885580222322e-01
8.208350877090584419e-01
8.296033516388752194e-01
8.381233610413775237e-01
8.463891479394416439e-01
8.543959488492693932e-01
8.621401527624129590e-01
8.696192447743249510e-01
8.768317461842498606e-01
8.837771518751134092e-01
8.904558657547507750e-01
8.968691350026081199e-01
9.030189838202733466e-01
9.089081473313307402e-01
9.145400062176368694e-01
9.199185226167446716e-01
9.250481777403999351e-01
9.299339116083112922e-01
9.345810652260961859e-01
9.389953254727293475e-01
9.431826729020289513e-01
9.471493326056469320e-01
9.509017282324028209e-01
9.544464392111604578e-01
9.577901611821401096e-01
9.609396696047494135e-01
9.639017864787210454e-01
9.666833500894103093e-01
9.692911876672768434e-01
9.717320908354886155e-01
9.740127937077902587e-01
9.761399534908125064e-01
9.781201334403195613e-01
9.799597880189995225e-01
9.816652501037943512e-01
9.832427200929604316e-01
9.846982567666423547e-01
9.860377697593477597e-01
9.872670135080411358e-01
9.883915825453818416e-01
9.894169080137391603e-01
9.903482552819100615e-01
9.911907225528633347e-01
9.919492403573028083e-01
9.926285718343639264e-01
9.932333137073209306e-01
9.937678978687852771e-01
9.942365934964741969e-01
9.946435096271959431e-01
9.949925981231437788e-01
9.952876569708342114e-01
9.955323338589371351e-01
9.957301299867259425e-01
9.958844040597789604e-01
9.959983764338113943e-01
9.960751333710151645e-01
9.961176313760071732e-01
9.961287015804397571e-01
9.961110541465745261e-01
9.960672826607721575e-01
9.959998684880561060e-01
9.959111850588642234e-01
9.958035020590050301e-01
9.956789894939045427e-01
9.955397215986627746e-01
9.953876805664032545e-01
9.952247600690357077e-01
9.950527685469314765e-01
9.948734322471698421e-01
9.946883979939142861e-01
9.944992356790396393e-01
9.943074404662300969e-01
9.941144347072291554e-01
9.939215695745681201e-01
9.937301264207234475e-01
9.935413178790556410e-01
9.933562887268844177e-01
9.931761165354785481e-01
9.930018121354691196e-01
9.928343199291070897e-01
9.926745180828429049e-01
9.925232186348620367e-01
9.923811675524900622e-01
9.922490447738266939e-01
9.921274642666544352e-01
9.920169741356985593e-01
9.919180568067991199e-01
9.918311293136394813e-01
9.917565437094661984e-01
9.916945876228885348e-01
9.916454849734588350e-01
9.916093968594276165e-01
9.915864226269077708e-01
9.915766011267413971e-01
9.915799121626625023e-01
9.915962781319094255e-01
9.916255658572354914e-01
9.916675886072772172e-01
9.917221083004194027e-01
9.917888378855936882e-01
9.918674438918331226e-01
9.919575491368221032e-01
9.920587355831308463e-01
9.921705473292772304e-01
9.922924937212480589e-01
9.924240525686500725e-01
9.925646734482967970e-01
9.927137810768239534e-01
9.928707787329040801e-01
9.930350517088643025e-01
9.932059707710299001e-01
9.933828956079504557e-01
9.935651782458243542e-01
9.937521664109150166e-01
9.939432068195204195e-01
9.941376483770806294e-01
9.943348452692353234e-01
9.945341599290193901e-01
9.947349658658589666e-01
9.949366503435449482e-01
9.951386168958823442e-01
9.953402876702045488e-01
9.955411055903863327e-01
9.957405363323780234e-01
9.959380701066284924e-01
9.961332232430633038e-01
9.963255395755750143e-01
9.965145916242625912e-01
9.966999815749681968e-01
9.968813420569946349e-01
9.970583367212682013e-01
9.972306606226354342e-01
9.973980404114276554e-01
9.975602343408891404e-01
9.977170320984981577e-01
9.978682544705788082e-01
9.980137528508632450e-01
9.981534086047521015e-01
9.982871323018975840e-01
9.984148628303308737e-01
9.985365664056341517e-01
9.986522354885898345e-01
9.987618876242858601e-01
9.988655642148486224e-01
9.989633292368137463e-01
9.990552679126996072e-01
9.991414853446946021e-01
9.992221051166065848e-01
9.992972678684785004e-01
9.993671298466804132e-01
9.994318614309775084e-01
9.994916456391746973e-01
9.995466766095559841e-01
9.995971580615378160e-01
9.996433017357762019e-01
9.996853258163855838e-01
9.997234533398776657e-01
9.997579105977875136e-01
9.997889255425669308e-01
