9.997983558507268498e-01
9.997689958967171941e-01
9.997364298281673500e-01
9.997004532000195454e-01
9.996608638166946115e-01
9.996174630244977211e-01
9.995700569529847312e-01
9.995184576947105937e-01
9.994624844163417787e-01
9.994019643975099454e-01
9.993367339968214358e-01
9.992666395469844698e-01
9.991915381829760134e-01
9.991112986084997871e-01
9.990258018066906498e-01
9.989349417011478272e-01
9.988386257730069717e-01
9.987367756390010953e-01
9.986293275944260195e-01
9.985162331237378286e-01
9.983974593802898978e-01
9.982729896355524435e-01
9.981428236971383594e-01
9.980069782941439760e-01
9.978654874277275155e-01
9.977184026845249409e-01
9.975657935104192964e-01
9.974077474423374001e-01
9.972443702961061307e-01
9.970757863089243500e-01
9.969021382356648697e-01
9.967235873989548356e-01
9.965403136937659445e-01
9.963525155480144058e-01
9.961604098414016395e-01
9.959642317853580895e-01
9.957642347674579009e-01
9.955606901640076112e-01
9.953538871246407904e-01
9.951441323326493116e-01
9.949317497444187808e-01
9.947170803107052706e-01
9.945004816815744553e-01
9.942823278956415267e-01
9.940630090528004281e-01
9.938429309679581714e-01
9.936225148014229402e-01
9.934021966595847353e-01
9.931824271574477558e-01
9.929636709324713983e-01
9.927464060971524784e-01
9.925311236158855799e-01
9.923183265899734318e-01
9.921085294332753213e-01
9.919022569199592576e-01
9.917000430852067616e-01
9.915024299595497359e-01
9.913099661178200739e-01
9.911232050244621616e-01
9.909427031581945489e-01
9.907690179006644060e-01
9.906027051757879676e-01
9.904443168288553645e-01
9.902943977371372331e-01
9.901534826466256156e-01
9.900220927326041087e-01
9.899007318849512016e-01
9.897898827223985396e-01
9.896900023433770066e-01
9.896015178245860522e-01
9.895248214819992727e-01
9.894602659126753297e-01
9.894081588394506577e-01
9.893687577843199854e-01
9.893422645999956355e-01
9.893288198927033816e-01
9.893284973725936515e-01
9.893412981710975052e-01
9.893671451669735495e-01
9.894058773645149074e-01
9.894572443682561058e-01
9.895209009983972903e-01
9.895964020899336022e-01
9.896831975160831352e-01
9.897806274730328591e-01
9.898879180583033399e-01
9.900041771692966730e-01
9.901283907419758945e-01
9.902594193423538416e-01
9.903959951157781383e-01
9.905367190911644748e-01
9.906800588296099663e-01
9.908243463994945710e-01
9.909677766534791266e-01
9.911084057769511402e-01
9.912441500726162369e-01
9.913727849422180327e-01
9.914919440238545434e-01
9.915991184420902549e-01
9.916916561280381126e-01
9.917667611677549733e-01
9.918214931396219791e-01
9.918527664047789294e-01
9.918573493190876444e-01
9.918318633404351603e-01
9.917727820113951820e-01
9.916764298043043713e-01
9.915389808236476643e-01
9.913564573692842385e-01
9.911247283734928581e-01
9.908395077350971025e-01
9.904963525850828399e-01
9.900906615301591218e-01
9.896176729336521039e-01
9.890724633069235550e-01
9.884499458990965159e-01
9.877448695881064777e-01
9.869518181917548150e-01
9.860652103332339102e-01
9.850793000111252029e-01
9.839881780387002008e-01
9.827857745309469539e-01
9.814658626295514887e-01
9.800220636654993767e-01
9.784478539654657414e-01
9.767365735112103486e-01
9.748814366603417714e-01
9.728755451317103731e-01
9.707119034491034082e-01
9.683834370227425437e-01
9.658830130293549754e-01
9.632034642284558190e-01
9.603376158252090455e-01
9.572783154591792965e-01
9.540184663638877627e-01
9.505510637048032452e-01
9.468692340637486771e-01
9.429662779961902608e-01
9.388357155450053337e-01
9.344713345505990532e-01
9.298672415531341606e-01
9.250179150386383942e-01
9.199182607373199705e-01
9.145636686400486770e-01
9.089500713581261104e-01
9.030740034127008320e-01
8.969326610040199155e-01
8.905239617777116479e-01
8.838466040760639686e-01
8.769001251373920169e-01
8.696849576866951814e-01
8.622024843464759503e-01
8.544550892883866489e-01
8.464462065448055128e-01
8.381803644049254931e-01
8.296632253328075635e-01
8.209016208652857305e-01
8.119035809756427469e-01
8.026783574244821251e-01
7.932364406618459540e-01
7.835895698938537546e-01
7.737507359822189956e-01
7.637341769050245421e-01
7.535553655709863463e-01
7.432309898459209530e-01
7.327789247178972953e-01
7.222181965952917393e-01
7.115689397983204767e-01
7.008523453683999094e-01
6.900906023797783728e-01
6.793068319934261190e-01
6.685250145435704949e-01
6.577699099921057169e-01
6.470669721254036499e-01
6.364422569019811959e-01
6.259223253885298766e-01
6.155341417466371201e-01
6.053049667540579826e-01
5.952622473634125999e-01
5.854335028187761525e-01
5.758462078676007678e-01
5.665276736225091092e-01
5.575049266453917518e-01
5.488045868451996157e-01
5.404527448009432966e-01
5.324748391425849769e-01
5.248955346442080172e-01
5.177386017054110834e-01
5.110267979174425435e-01
5.047817524290137969e-01
4.990238538419503600e-01
4.937721423775662810e-01
4.890442070598279845e-01
4.848560886597905739e-01
4.812221891367068904e-01
4.781551882937442599e-01
4.756659683400339400e-01
4.737635470155526773e-01
4.724550198911489085e-01
4.717455124031685321e-01
4.716381421212002545e-01
4.721339916790607827e-01
4.732320927243521824e-01
4.749294211615642247e-01
4.772209038789833047e-01
4.800994370616118445e-01
4.835559161019761243e-01
4.875792770291156319e-01
4.921565492841009082e-01
4.972729195789599155e-01
5.029118064856039627e-01
5.090549453129269430e-01
5.156824827442095804e-01
5.227730806239222483e-01
5.303040282034557906e-01
5.382513620798221599e-01
5.465899929905324584e-01
5.552938385624249795e-01
5.643359610528497772e-01
5.736887090693107982e-01
5.833238622092136172e-01
5.932127775258532187e-01
6.033265367011781954e-01
6.136360927911095331e-01
6.241124154062966944e-01
6.347266332007804879e-01
6.454501725638582821e-01
6.562548914467419836e-01
6.671132073055153766e-01
6.779982182052336492e-01
6.888838162061390324e-01
6.997447922411343946e-01
7.105569317925574113e-01
7.212971007845303539e-01
7.319433212229240482e-01
7.424748362363438048e-01
7.528721642963882577e-01
7.631171425215612647e-01
7.731929590943842356e-01
7.830841749432668752e-01
7.927767349574283973e-01
8.022579691126705548e-01
8.115165839862807928e-01
8.205426452293034245e-01
8.293275516425305804e-01
8.378640015678796571e-01
8.461459523586534193e-01
8.541685737301486503e-01
8.619281958161107982e-01
8.694222527668993283e-01
8.766492227224089717e-01
8.836085649775993200e-01
8.903006551319254669e-01
8.967267189772384350e-01
9.028887658332335198e-01
9.087895219867239138e-01
9.144323648325025644e-01
9.198212582508751289e-01
9.249606896917106358e-01
9.298556093685260704e-01
9.345113719001415520e-01
9.389336806730588236e-01
9.431285351360613189e-01
9.471021811805373503e-01
9.508610647064437149e-01
9.544117884252080186e-01
9.577610719075835277e-01
9.609157148467105669e-01
9.638825634744183635e-01
9.666684800420063395e-01
9.692803152551087154e-01
9.717248835354411751e-01
9.740089409698016176e-01
9.761391657981879355e-01
9.781221412877831867e-01
9.799643408373289732e-01
9.816721151565649395e-01
9.832516813674727629e-01
9.847091138776111752e-01
9.860503368804806046e-01
9.872811183433112259e-01
9.884070653486646263e-01
9.894336206626058727e-01
9.903660604087919372e-01
9.912094927345611595e-01
9.919688573619367400e-01
9.926489259233589602e-01
9.932543029888988295e-01
9.937894276986737330e-01
9.942585759211356455e-01
9.946658628647780942e-01
9.950152460775328889e-01
9.953105287745963592e-01
9.955553634415166275e-01
9.957532556649719702e-01
9.959075681486463383e-01
9.960215248758718110e-01
9.960982153841747566e-01
9.961405991195176890e-01
9.961515098398816548e-01
9.961336600389546492e-01
9.960896453612090307e-01
9.960219489797104142e-01
9.959329459078234414e-01
9.958249072157475679e-01
9.957000041227785925e-01
9.955603119365227238e-01
9.954078138111842611e-01
9.952444042986248185e-01
9.950718926682364796e-01
9.948920059748086464e-01
9.947063918574682306e-01
9.945166210573394006e-01
9.943241896466925578e-01
9.941305209678428234e-01
9.939369672857449878e-01
9.937448111639034520e-01
9.935552665786756554e-01
9.933694797921123198e-01
9.931885300079749124e-01
9.930134298393694658e-01
9.928451256194376073e-01
9.926844975886722766e-01
9.925323599936691776e-01
9.923894611324782788e-01
9.922564833812359542e-01
9.921340432355063577e-01
9.920226913978443806e-01
9.919229129406150758e-01
9.918351275702126379e-01
9.917596900156264716e-01
9.916968905609517826e-01
9.916469557380409583e-01
9.916100491921563398e-01
9.915862727302878765e-01
9.915756675588091040e-01
9.915782157143913089e-01
9.915938416895876406e-01
9.916224142522335194e-01
9.916637484557440096e-01
9.917176078354972280e-01
9.917837067847223853e-01
9.918617131016222999e-01
9.919512506978174216e-01
9.920519024565878086e-01
9.921632132277987681e-01
9.922846929448455588e-01
9.924158198474678505e-01
9.925560437929141777e-01
9.927047896367211521e-01
9.928614606633736628e-01
9.930254420463736631e-01
9.931961043168039405e-01
9.933728068193554694e-01
9.935549011350006676e-01
9.937417344500228955e-01
9.939326528519343285e-01
9.941270045338839179e-01
9.943241428904242563e-01
9.945234294889114812e-01
9.947242369023089337e-01
9.949259513906899555e-01
9.951279754202583261e-01
9.953297300101897616e-01
9.955306568990297533e-01
9.957302205237554826e-01
9.959279098059345969e-01
9.961232397406953876e-01
9.963157527854895612e-01
9.965050200469017794e-01
9.966906422650482211e-01
9.968722505964392466e-01
9.970495071975534751e-01
9.972221056127885674e-01
9.973897709719035110e-01
9.975522600035225951e-01
9.977093608727102270e-01
9.978608928519916432e-01
9.980067058364567867e-01
9.981466797146704151e-01
9.982807236079846991e-01
9.984087749914413168e-01
9.985307987097253868e-01
9.986467859015513149e-01
9.987567528454074361e-01
9.988607397387621045e-01
9.989588094216700354e-01
9.990510460542640914e-01
9.991375537559576969e-01
9.992184552124193653e-01
9.992938902546347757e-01
9.993640144127788894e-01
9.994289974463174131e-01
9.994890218508619695e-01
9.995442813419310735e-01
9.995949793159832897e-01
9.996413272899203895e-01
9.996835433216961775e-01
9.997218504166303088e-01
9.997564749264054029e-01
9.997876449503626528e-01
