9.997981593849805115e-01
9.997687862280596471e-01
9.997362080080021141e-01
9.997002206519175482e-01
9.996606223566939509e-01
9.996172148755655407e-01
9.995698047530553465e-01
9.995182044978999647e-01
9.994622336871492596e-01
9.994017199980277377e-01
9.993365001671925540e-01
9.992664208795489778e-01
9.991913395907339179e-01
9.991111252886768490e-01
9.990256592003186054e-01
9.989348354496624394e-01
9.988385616729149596e-01
9.987367595956819777e-01
9.986293655761053767e-01
9.985163311166106448e-01
9.983976233456793858e-01
9.982732254698748475e-01
9.981431371953115583e-01
9.980073751169254992e-01
9.978659730733203670e-01
9.977189824646273131e-01
9.975664725307499259e-01
9.974085305875228791e-01
9.972452622186873672e-01
9.970767914221263517e-01
9.969032607094765464e-01
9.967248311589903542e-01
9.965416824223199965e-01
9.963540126866916591e-01
9.961620385946829970e-01
9.959659951244738130e-01
9.957661354339620852e-01
9.955627306724911252e-01
9.953560697640777555e-01
9.951464591659424652e-01
9.949342226057913408e-01
9.947197008006696262e-01
9.945032511593020486e-01
9.942852474686405539e-01
9.940660795638954772e-01
9.938461529796382976e-01
9.936258885776888539e-01
9.934057221454796194e-01
9.931861039564910953e-01
9.929674982822409568e-01
9.927503828432651112e-01
9.925352481846235753e-01
9.923225969597829765e-01
9.921129431053337111e-01
9.919068108879671719e-01
9.917047338045147375e-01
9.915072533156806811e-01
9.913149173943972547e-01
9.911282788705126912e-01
9.909478935547626488e-01
9.907743181266545074e-01
9.906081077729620432e-01
9.904498135659417501e-01
9.902999795730726973e-01
9.901591396930456979e-01
9.900278142158301931e-01
9.899065061078803351e-01
9.897956970268918520e-01
9.896958430739480894e-01
9.896073702944055972e-01
9.895306699424454289e-01
9.894660935278579705e-01
9.894139476673057265e-01
9.893744887659985388e-01
9.893479175593475894e-01
9.893343735476670675e-01
9.893339293602416706e-01
9.893465850879512580e-01
9.893722626259798814e-01
9.894108000697742211e-01
9.894619462082078210e-01
9.895253551577040119e-01
9.896005811797705665e-01
9.896870737219437553e-01
9.897841727185107130e-01
9.898911041826351509e-01
9.900069761157549442e-01
9.901307747535263992e-01
9.902613611603504618e-01
9.903974681769105448e-01
9.905376977174110698e-01
9.906805184056354241e-01
9.908242635317818792e-01
9.909671293055374308e-01
9.911071733752069290e-01
9.912423135780891181e-01
9.913703268838035543e-01
9.914888484899702092e-01
9.915953710285669853e-01
9.916872438414177093e-01
9.917616722845387089e-01
9.918157170234558340e-01
9.918462932849910763e-01
9.918501700353595796e-01
9.918239690596266644e-01
9.917641639236024487e-01
9.916670788060697461e-01
9.915288871968193085e-01
9.913456104643323386e-01
9.911131163061115412e-01
9.908271171046765247e-01
9.904831682231334256e-01
9.900766662860510658e-01
9.896028475041342976e-01
9.890567861148585882e-01
9.884333930257406253e-01
9.877274147621311062e-01
9.869334328370978904e-01
9.860458636768300034e-01
9.850589592506370229e-01
9.839668085695755240e-01
9.827633402314915889e-01
9.814423262022249350e-01
9.799973870323153147e-01
9.784219987151803188e-01
9.767095013958875249e-01
9.748531101388530073e-01
9.728459279577048591e-01
9.706809613009402815e-01
9.683511381727497591e-01
9.658493290495379080e-01
9.631683707293938745e-01
9.603010932243274400e-01
9.572403497738729561e-01
9.539790500241122073e-01
9.505101963787656594e-01
9.468269234892773278e-01
9.429225408092776206e-01
9.387905780959764357e-01
9.344248336974039226e-01
9.298194254204676934e-01
9.249688437309868672e-01
9.198680069936785442e-01
9.145123184179519971e-01
9.088977243348134172e-01
9.030207733916842949e-01
8.968786762160328996e-01
8.904693650659532000e-01
8.837915529568062256e-01
8.768447917283321846e-01
8.696295284968988959e-01
8.621471599233210270e-01
8.544000837185694586e-01
8.463917468081756379e-01
8.381266895816584794e-01
8.296105856661932787e-01
8.208502766841870857e-01
8.118538014824421278e-01
8.026304193560982458e-01
7.931906268331037069e-01
7.835461676341530790e-01
7.737100354780137579e-01
7.636964694620561600e-01
7.535209418115013102e-01
7.432001378571566619e-01
7.327519281689238717e-01
7.221953328397765492e-01
7.115504779809052049e-01
7.008385445520872725e-01
6.900817097110023557e-01
6.793030809203025600e-01
6.685266231011908200e-01
6.577770791666981420e-01
6.470798843067853134e-01
6.364610744310403856e-01
6.259471892036452267e-01
6.155651701300945966e-01
6.053422541767945475e-01
5.953058634240252500e-01
5.854834912708055672e-01
5.759025857278173843e-01
5.665904303524451624e-01
5.575740233987735994e-01
5.488799557752876979e-01
5.405342884241389756e-01
5.325624297579254485e-01
5.249890138124293504e-01
5.178377797959916595e-01
5.111314537371363098e-01
5.048916329506474288e-01
4.991386740573195979e-01
4.938915853028448266e-01
4.891679239256208067e-01
4.849836993205725033e-01
4.813532827355838650e-01
4.782893242180445981e-01
4.758026775010870679e-01
4.739023334820294808e-01
4.725953628996049094e-01
4.718868687620416669e-01
4.717799490156797670e-01
4.722756698742819337e-01
4.733730501535665658e-01
4.750690568747594211e-01
4.773586123162383288e-01
4.802346126047462027e-01
4.836879578481684261e-01
4.877075937215418211e-01
4.922805643275723897e-01
4.973920760633211424e-01
5.030255721364716992e-01
5.091628172882930459e-01
5.157839921965821084e-01
5.228677969509218926e-01
5.303915629150603994e-01
5.383313722175080418e-01
5.466621840422039025e-01
5.553579668269177372e-01
5.643918354186711062e-01
5.737361921837482726e-01
5.833628710257154903e-01
5.932432832293270675e-01
6.033485640221996071e-01
6.136497187308258550e-01
6.241177674036624268e-01
6.347238867826046071e-01
6.454395485257332643e-01
6.562366526191883986e-01
6.670876549645621267e-01
6.779656881900866239e-01
6.888446748086611837e-01
6.996994319325426925e-01
7.105057668521761460e-01
7.212405628936864321e-01
7.318818550842802750e-01
7.424088952752421200e-01
7.528022064962878179e-01
7.630436264405231483e-01
7.731163401039454763e-01
7.830049017250677590e-01
7.926952462867946636e-01
8.021746909520769409e-01
8.114319269054147687e-01
8.204570021623690534e-01
8.292412959876211964e-01
8.377774856277747650e-01
8.460595061173450393e-01
8.540825039548274322e-01
8.618427854703094582e-01
8.693377607170189592e-01
8.765658837169594264e-01
8.835265898761874848e-01
8.902202313592929572e-01
8.966480111764826288e-01
9.028119166916875882e-01
9.087146532078054229e-01
9.143595782271014549e-01
9.197506369225123546e-01
9.248922992906845053e-01
9.297894993915640782e-01
9.344475770136060344e-01
9.388722220395112616e-01
9.430694217259092405e-01
9.470454110525458047e-01
9.508066262430541205e-01
9.543596615108337344e-01
9.577112290403093642e-01
9.608681221760823066e-01
9.638371817602151559e-01
9.666252655310195729e-01
9.692392204749538109e-01
9.716858580062627260e-01
9.739719318363714295e-01
9.761041183862907422e-01
9.780889995899215705e-01
9.799330479336393340e-01
9.816426135774054540e-01
9.832239134044370443e-01
9.846830218497433229e-01
9.860258633622501767e-01
9.872582063604803393e-01
9.883856585475857548e-01
9.894136634577731515e-01
9.903474981126730858e-01
9.911922716729130167e-01
9.919529249769938328e-01
9.926342308665125902e-01
9.932407952037994869e-01
9.937770584950986752e-01
9.942472980394962967e-01
9.946556305307970858e-01
9.950060150464085096e-01
9.953022563638810327e-01
9.955480085519605726e-01
9.957467787887066546e-01
9.959019313642902826e-01
9.960166918304057537e-01
9.960941512617412785e-01
9.961372705976252462e-01
9.961488850338090506e-01
9.961317084354511797e-01
9.960883377428350061e-01
9.960212573413671500e-01
9.959328433671554848e-01
9.958253679191745311e-01
9.957010031489190727e-01
9.955618251987233824e-01
9.954098179607688834e-01
9.952468766303437242e-01
9.950748110292448878e-01
9.948953486783436162e-01
9.947101376022389196e-01
9.945207488535108276e-01
9.943286787492255918e-01
9.941353508178603082e-01
9.939421174605165277e-01
9.937502613359771031e-01
9.935609964846187081e-01
9.933754692112446438e-01
9.931947587513786369e-01
9.930198777493274287e-01
9.928517725792797011e-01
9.926913235428047599e-01
9.925393449773188825e-01
9.923965853104208534e-01
9.922637270945044996e-01
9.921413870548154712e-01
9.920301161822278058e-01
9.919303998995910865e-01
9.918426583276644948e-01
9.917672466735412140e-01
9.917044557611941480e-01
9.916545127204583476e-01
9.916175818475078119e-01
9.915937656467525008e-01
9.915831060611414172e-01
9.915855858951325708e-01
9.916011304320937469e-01
9.916296092456150513e-01
9.916708382021196533e-01
9.917245816502192612e-01
9.917905547904276586e-01
9.918684262170925914e-01
9.919578206226982164e-01
9.920583216530097781e-01
9.921694748998907132e-01
9.922907910170226664e-01
9.924217489422421101e-01
9.925617992088155983e-01
9.927103673267532180e-01
9.928668572142675952e-01
9.930306546587568395e-01
9.932011307862749216e-01
9.933776455183587206e-01
9.935595509953234483e-01
9.937461949456953825e-01
9.939369239822982705e-01
9.941310868066022266e-01
9.943280373042279185e-01
9.945271375159180360e-01
9.947277604697898346e-01
9.949292928622096577e-01
9.951311375761506817e-01
9.953327160273710561e-01
9.955334703301740307e-01
9.957328652758725696e-01
9.959303901183910179e-01
9.961255601627118095e-01
9.963179181531301998e-01
9.965070354595452207e-01
9.966925130613037975e-01
9.968739823294446856e-01
9.970511056095689995e-01
9.972235766089883047e-01
9.973911205932628476e-01
9.975534943987146574e-01
9.977104862689503140e-01
9.978619155248146244e-01
9.980076320784718735e-01
9.981475158034114337e-01
9.982814757730553712e-01
9.984094493812454285e-01
9.985314013581577663e-01
9.986473226951098070e-01
9.987572294912554494e-01
9.988611617343242655e-01
9.989591820263741262e-01
9.990513742640445560e-01
9.991378422811119098e-01
9.992187084593480151e-01
9.992941123119153390e-01
9.993642090419081470e-01
9.994291680773244035e-01
9.994891715828466694e-01
9.995444129484261087e-01
9.995950952548813273e-01
9.996414297175659769e-01
9.996836341106078994e-01
9.997219311762164384e-01
9.997565470259617282e-01
9.997877095435940831e-01
