9.997977518831093757e-01
9.997683314087476569e-01
9.997357029835676201e-01
9.996996627056922158e-01
9.996600089876098716e-01
9.996165438409101434e-01
9.995690741083534947e-01
9.995174126329573472e-01
9.994613793574019800e-01
9.994008023504891147e-01
9.993355187604507917e-01
9.992653756974629875e-01
9.991902310496646455e-01
9.991099542382908538e-01
9.990244269181907111e-01
9.989335436300766924e-01
9.988372124104218930e-01
9.987353553640935244e-01
9.986279092037105842e-01
9.985148257584613996e-01
9.983960724538294418e-01
9.982716327624615582e-01
9.981415066253411794e-01
9.980057108415761880e-01
9.978642794245000669e-01
9.977172639214362260e-01
9.975647336943902488e-01
9.974067761590889036e-01
9.972434969801472482e-01
9.970750202206910551e-01
9.969014884454331371e-01
9.967230627769650964e-01
9.965399229058334862e-01
9.963522670557735106e-01
9.961603119062297784e-01
9.959642924749642079e-01
9.957644619640872996e-01
9.955610915732143740e-01
9.953544702836131242e-01
9.951449046171295665e-01
9.949327183733465141e-01
9.947182523478161897e-01
9.945018640333089799e-01
9.942839273048463822e-01
9.940648320878455735e-01
9.938449840070233687e-01
9.936248040118346170e-01
9.934047279722033608e-01
9.931852062362003242e-01
9.929667031392054311e-01
9.927496964520430289e-01
9.925346767536611381e-01
9.923221467122339545e-01
9.921126202571630692e-01
9.919066216234044830e-01
9.917046842489186664e-01
9.915073495058507325e-01
9.913151652463438879e-01
9.911286841446524942e-01
9.909484618184625226e-01
9.907750547139947406e-01
9.906090177415433073e-01
9.904509016505101959e-01
9.903012501357064679e-01
9.901605966696275241e-01
9.900294610585355093e-01
9.899083457234461036e-01
9.897977317104986739e-01
9.896980744386565387e-01
9.896097991962331530e-01
9.895332964013556776e-01
9.894689166451524631e-01
9.894169655401574559e-01
9.893776984001310115e-01
9.893513147811396902e-01
9.893379529172310338e-01
9.893376840872746270e-01
9.893505069523784723e-01
9.893763419055804365e-01
9.894150254770981423e-01
9.894663048391389992e-01
9.895298324539940626e-01
9.896051609077535227e-01
9.896917379694348815e-01
9.897889019115928555e-01
9.898958771236386900e-01
9.900117700432518042e-01
9.901355654245762583e-01
9.902661229545863808e-01
9.904021742213247048e-01
9.905423200299384723e-01
9.906850280548409327e-01
9.908286308091773797e-01
9.909713239063112633e-01
9.911111645824859373e-01
9.912460704453042171e-01
9.913738184093294770e-01
9.914920437779947138e-01
9.915982394301433578e-01
9.916897550698716701e-01
9.917637964998671229e-01
9.918174248810396332e-01
9.918475559448552969e-01
9.918509591293016570e-01
9.918242566147731365e-01
9.917639222422902634e-01
9.916662803033227114e-01
9.915275041980559090e-01
9.913436149672302244e-01
9.911104797117212817e-01
9.908238099238727559e-01
9.904791597652828905e-01
9.900719243373371503e-01
9.895973380032955236e-01
9.890504728341746876e-01
9.884262372649487149e-01
9.877193750625951063e-01
9.869244647230275280e-01
9.860359194296813845e-01
9.850479877220761349e-01
9.839547550375937757e-01
9.827501463034674645e-01
9.814279297679803227e-01
9.799817222695393903e-01
9.784049961490327574e-01
9.766910880141457252e-01
9.748332095636486061e-01
9.728244606747045164e-01
9.706578449467218039e-01
9.683262878811075280e-01
9.658226578574593546e-01
9.631397900434472970e-01
9.602705133481433952e-01
9.572076804972403652e-01
9.539442012739016707e-01
9.504730789314160821e-01
9.467874497439088266e-01
9.428806256196283764e-01
9.387461396583137718e-01
9.343777944903577382e-01
9.297697131914181012e-01
9.249163925222645410e-01
9.198127582004499425e-01
9.144542218683393564e-01
9.088367393815828255e-01
9.029568700037815532e-01
8.968118360573943404e-01
8.903995825484016802e-01
8.837188362534631469e-01
8.767691637338648203e-01
8.695510277210407590e-01
8.620658413044708368e-01
8.543160193448452455e-01
8.463050265340733569e-01
8.380374215294055240e-01
8.295188966019828580e-01
8.207563122607017814e-01
8.117577263404405219e-01
8.025324170792809131e-01
7.930908997520549342e-01
7.834449364768022450e-01
7.736075388658050223e-01
7.635929632528299926e-01
7.534166982919578981e-01
7.430954447896629400e-01
7.326470876993249615e-01
7.220906602747159120e-01
7.114463004449077532e-01
7.007351995362636199e-01
6.899795435266096177e-01
6.792024470715052331e-01
6.684278805921097799e-01
6.576805907581928512e-01
6.469860147382908711e-01
6.363701886221954096e-01
6.258596504493323387e-01
6.154813383009332117e-01
6.052624839350901897e-01
5.952305024627935204e-01
5.854128785808186963e-01
5.758370498948581773e-01
5.665302878842222167e-01
5.575195770784406868e-01
5.488314930364111000e-01
5.404920797404670907e-01
5.325267270405484865e-01
5.249600488071004545e-01
5.178157624745007848e-01
5.111165706788404206e-01
5.048840457134453619e-01
4.991385175415206099e-01
4.938989661163253331e-01
4.891829187641851817e-01
4.850063533833265383e-01
4.813836082009882444e-01
4.783272988119594560e-01
4.758482431930685097e-01
4.739553953501616235e-01
4.726557882069322147e-01
4.719544862889331061e-01
4.718545486920641130e-01
4.723570027534865767e-01
4.734608287654963332e-01
4.751629559903735034e-01
4.774582701479129776e-01
4.803396324583300014e-01
4.837979102326723790e-01
4.878220189117571381e-01
4.923989753639140821e-01
4.975139621621699204e-01
5.031504024737026848e-01
5.092900451088717695e-01
5.159130591943974498e-01
5.229981378557720939e-01
5.305226102180418124e-01
5.384625609622362141e-01
5.467929566073428393e-01
5.554877776254644184e-01
5.645201554412651035e-01
5.738625133168795411e-01
5.834867100808744933e-01
5.933641856256932634e-01
6.034661070732116883e-01
6.137635144935420506e-01
6.242274650590379226e-01
6.348291745243741513e-01
6.455401549451953436e-01
6.563323475826520204e-01
6.671782499892702223e-01
6.780510363329128598e-01
6.889246700895810260e-01
6.997740083217440787e-01
7.105748968555372080e-01
7.213042557761994988e-01
7.319401547747850234e-01
7.424618779985687755e-01
7.528499781806046176e-01
7.630863199484010373e-01
7.731541123354379597e-01
7.830379306400564454e-01
7.927237278920211683e-01
8.021988362958029084e-01
8.114519591195896719e-01
8.204731535886492511e-01
8.292538054196785247e-01
8.377865956981502826e-01
8.460654608527441445e-01
8.540855465193096796e-01
8.618431561113937267e-01
8.693356949253725485e-01
8.765616106061645540e-01
8.835203307851309251e-01
8.902121986760638261e-01
8.966384073793429721e-01
9.028009335997235763e-01
9.087024714313056695e-01
9.143463668055331617e-01
9.197365531362047264e-01
9.248774886309460985e-01
9.297740956729474426e-01
9.344317026113794222e-01
9.388559882350608898e-01
9.430529291427641736e-01
9.470287501659617746e-01
9.507898779465879802e-01
9.543428977240641098e-01
9.576945133427969825e-01
9.608515104537771467e-01
9.638207228518100855e-01
9.666090018631684488e-01
9.692231886768103433e-01
9.716700894954163337e-01
9.739564533699126558e-01
9.760889525724071314e-01
9.780741653570537153e-01
9.799185609557743426e-01
9.816284866555121669e-01
9.832101568053140950e-01
9.846696436046266099e-01
9.860128695283848499e-01
9.872456012494893463e-01
9.883734449248631204e-01
9.894018427172893704e-01
9.903360704315363749e-01
9.911812361497898127e-01
9.919422797581005646e-01
9.926239732623790557e-01
9.932309217994080841e-01
9.937675652553698002e-01
9.942381804114445165e-01
9.946468835430705147e-01
9.949976334063613814e-01
9.952942345518442924e-01
9.955403409119872871e-01
9.957394596147793875e-01
9.958949549807963875e-01
9.960100526656107123e-01
9.960878439130143036e-01
9.961312898872801691e-01
9.961432260546128070e-01
9.961263665850914606e-01
9.960833087469249669e-01
9.960165372648667192e-01
9.959284286143923470e-01
9.958212552229370740e-01
9.956971895493487157e-01
9.955583080129476459e-01
9.954065947443756501e-01
9.952439451319056163e-01
9.950721691391543056e-01
9.948929943732247594e-01
9.947080688861682507e-01
9.945189636972198155e-01
9.943271750283835253e-01
9.941341262514603594e-01
9.939411695503224120e-01
9.937495873079371655e-01
9.935605932331242895e-01
9.933753332470989239e-01
9.931948861543409279e-01
9.930202641261027807e-01
9.928524130278176818e-01
9.926922126237446298e-01
9.925404766933578760e-01
9.923979530942761418e-01
9.922653238059885306e-01
9.921432049873406545e-01
9.920321470788106000e-01
9.919326349781458774e-01
9.918450883150808917e-01
9.917698618477400752e-01
9.917072460000825318e-01
9.916574675564669983e-01
9.916206905262185956e-01
9.915970171880148509e-01
9.915864893210519782e-01
9.915890896273072963e-01
9.916047433467911620e-01
9.916333200654712243e-01
9.916746357135058920e-01
9.917284547495164304e-01
9.917944925248134425e-01
9.918724178197274588e-01
9.919618555424656314e-01
9.920623895791977898e-01
9.921735657823760324e-01
9.922948950826452341e-01
9.924258567081191140e-01
9.925659014933518876e-01
9.927144552590644322e-01
9.928709222426490566e-01
9.930346885587210126e-01
9.932051256685501262e-01
9.933815938371076681e-01
9.935634455567075030e-01
9.937500289167920942e-01
9.939406909002800328e-01
9.941347805880057509e-01
9.943316522540938118e-01
9.945306683365521261e-01
9.947312022688923339e-01
9.949326411601362441e-01
9.951343883120988831e-01
9.953358655643265163e-01
9.955365154584987497e-01
9.957358032154643990e-01
9.959332185193874309e-01
9.961282771047479390e-01
9.963205221431875591e-01
9.965095254284432880e-01
9.966948883588890862e-01
9.968762427185238195e-01
9.970532512586145479e-01
9.972256080836171543e-01
9.973930388464589125e-01
9.975553007597304234e-01
9.977121824307952913e-01
9.978635035302106937e-01
9.980091143041405211e-01
9.981488949425533219e-01
9.982827548158931252e-01
9.984106315935237230e-01
9.985324902575370976e-01
9.986483220254424031e-01
9.987581431947998301e-01
9.988619939220317878e-01
9.989599369464612355e-01
9.990520562691499462e-01
9.991384557944162914e-01
9.992192579401087960e-01
9.992946022209255874e-01
9.993646438074342830e-01
9.994295520620986029e-01
9.994895090526916270e-01
9.995447080430689413e-01
9.995953519614670935e-01
9.996416518473150159e-01
9.996838252789800316e-01
9.997220947868453722e-01
9.997566862585145486e-01
9.997878273456011211e-01
