9.997972140815378772e-01
9.997677015135183476e-01
9.997349692760973960e-01
9.996988126774041250e-01
9.996590293909684011e-01
9.996154207560774552e-01
9.995677930250740362e-01
9.995159585468360586e-01
9.994597368793050052e-01
9.993989558273937979e-01
9.993334524057079227e-01
9.992630737281381625e-01
9.991876778283981242e-01
9.991071344169768498e-01
9.990213255807253168e-01
9.989301464314678247e-01
9.988335057096845437e-01
9.987313263485714243e-01
9.986235460027553801e-01
9.985101175447516075e-01
9.983910095310110089e-01
9.982662066382178567e-01
9.981357100694461248e-01
9.979995379289183788e-01
9.978577255634879517e-01
9.977103258685804388e-01
9.975574095562025345e-01
9.973990653827233821e-01
9.972354003344410245e-01
9.970665397694229437e-01
9.968926275147186322e-01
9.967138259187402483e-01
9.965303158593522559e-01
9.963422967089587967e-01
9.961499862585846410e-01
9.959536206035707329e-01
9.957534539940064988e-01
9.955497586533597065e-01
9.953428245689083242e-01
9.951329592574919003e-01
9.949204875097605871e-01
9.947057511154951959e-01
9.944891085716835999e-01
9.942709347738857284e-01
9.940516206900000817e-01
9.938315730138987947e-01
9.936112137945587452e-01
9.933909800343329044e-01
9.931713232479417730e-01
9.929527089716860822e-01
9.927356162103656567e-01
9.925205368075057377e-01
9.923079747228276126e-01
9.920984451995198405e-01
9.918924738028360721e-01
9.916905953109197425e-01
9.914933524385782793e-01
9.913012943750114658e-01
9.911149751172569911e-01
9.909349515823377974e-01
9.907617814827410774e-01
9.905960209519054649e-01
9.904382219087752848e-01
9.902889291531542515e-01
9.901486771864976832e-01
9.900179867558814850e-01
9.898973611221284497e-01
9.897872820564393992e-01
9.896882055733462469e-01
9.896005574113637682e-01
9.895247282763620644e-01
9.894610688664010612e-01
9.894098847005384778e-01
9.893714307779065686e-01
9.893459060970879460e-01
9.893334480694181421e-01
9.893341268631868912e-01
9.893479397186615287e-01
9.893748052762505463e-01
9.894145579618128794e-01
9.894669424739154229e-01
9.895316084176276616e-01
9.896081051280913865e-01
9.896958767245630506e-01
9.897942574318701059e-01
9.899024672013196913e-01
9.900196076571381454e-01
9.901446583876860608e-01
9.902764735931952611e-01
9.904137790938649655e-01
9.905551696941177209e-01
9.906991068909265508e-01
9.908439169066636243e-01
9.909877890201411743e-01
9.911287741636237714e-01
9.912647837487783553e-01
9.913935886809001063e-01
9.915128185184066689e-01
9.916199607335424160e-01
9.917123600304851294e-01
9.917872176785416105e-01
9.918415908208043641e-01
9.918723917224225861e-01
9.918763869274375145e-01
9.918501962988598430e-01
9.917902919232483017e-01
9.916929968684304875e-01
9.915544837911500764e-01
9.913707734003164296e-01
9.911377327911764512e-01
9.908510736761421134e-01
9.905063505492259779e-01
9.900989588330708635e-01
9.896241330704292904e-01
9.890769452356202862e-01
9.884523032558916178e-01
9.877449498476155165e-01
9.869494617876398701e-01
9.860602497556042456e-01
9.850715588982633664e-01
9.839774702813749441e-01
9.827719034080123484e-01
9.814486199936889310e-01
9.800012291978759116e-01
9.784231945177801482e-01
9.767078425531215968e-01
9.748483738496441786e-01
9.728378760238701739e-01
9.706693393619183485e-01
9.683356750709416483e-01
9.658297363429225735e-01
9.631443423673365922e-01
9.602723054018167392e-01
9.572064609787721556e-01
9.539397012913731766e-01
9.504650117648640872e-01
9.467755107793388580e-01
9.428644924684030926e-01
9.387254724750733192e-01
9.343522365023405607e-01
9.297388914515246627e-01
9.248799188973662044e-01
9.197702306052213395e-01
9.144052257532218064e-01
9.087808494813480742e-01
9.028936523505499689e-01
8.967408502588964936e-01
8.903203843287981201e-01
8.836309802502380073e-01
8.766722065402617892e-01
8.694445311593330672e-01
8.619493759111430675e-01
8.541891680446480617e-01
8.461673884759738362e-01
8.378886160538181471e-01
8.293585673053949225e-01
8.205841311209880473e-01
8.115733978638355328e-01
8.023356824281990818e-01
7.928815408117386720e-01
7.832227798181480294e-01
7.733724595616939812e-01
7.633448885058442546e-01
7.531556108325374588e-01
7.428213860055039586e-01
7.323601604591563063e-01
7.217910314124926785e-01
7.111342028739291443e-01
7.004109339666878542e-01
6.896434797643231640e-01
6.788550248811766608e-01
6.680696101125174202e-01
6.573120524633939699e-01
6.466078589438175594e-01
6.359831345410580372e-01
6.254644848079893293e-01
6.150789135304125521e-01
6.048537159568605492e-01
5.948163680926268349e-01
5.849944125765760283e-01
5.754153416756595529e-01
5.661064779487681164e-01
5.570948531492103672e-01
5.484070859541158027e-01
5.400692591294847800e-01
5.321067967613566374e-01
5.245443422060669381e-01
5.174056374352237198e-01
5.107134044728083300e-01
5.044892296416522148e-01
4.987534513532267955e-01
4.935250521868936868e-01
4.888215560113345903e-01
4.846589309006019697e-01
4.810514985891433115e-01
4.780118511934517977e-01
4.755507759021623260e-01
4.736771883011491324e-01
4.723980749555128922e-01
4.717184458165737393e-01
4.716412969596071036e-01
4.721675840878833963e-01
4.732962071614890132e-01
4.750240064265266460e-01
4.773457700327282671e-01
4.802542533364674293e-01
4.837402098927557903e-01
4.877924340452085561e-01
4.923978149281148520e-01
4.975414016006566298e-01
5.032064789407602046e-01
5.093746538357779574e-01
5.160259511198659332e-01
5.231389186241046652e-01
5.306907406257311832e-01
5.386573589078218482e-01
5.470136005710776184e-01
5.557333116755939217e-01
5.647894957334214094e-01
5.741544560231113259e-01
5.837999406561455995e-01
5.936972892930474366e-01
6.038175803849993306e-01
6.141317778057699961e-01
6.246108757395278932e-01
6.352260407033156753e-01
6.459487496091174119e-01
6.567509228098141749e-01
6.676050511259197240e-01
6.784843159155569126e-01
6.893627013280532179e-01
7.002150979709504952e-01
7.110173973199138686e-01
7.217465763094877973e-01
7.323807716582171334e-01
7.428993436023254571e-01
7.532829288359272901e-01
7.635134825804343883e-01
7.735743098292537923e-01
7.834500859339024181e-01
7.931268668122491983e-01
8.025920891668223422e-01
8.118345611992708877e-01
8.208444443946929514e-01
8.296132270253651075e-01
8.381336900865512529e-01
8.463998664268388428e-01
8.544069938715366241e-01
8.621514631600352141e-01
8.696307615269038838e-01
8.768434127524585842e-01
8.837889144923171125e-01
8.904676736681176319e-01
8.968809406643029059e-01
9.030307430300286153e-01
9.089198193323185793e-01
9.145515537481164747e-01
9.199299119204226161e-01
9.250593785388272483e-01
9.299448970389304625e-01
9.345918117497664657e-01
9.390058127546870859e-01
9.431928836702927477e-01
9.471592524908558630e-01
9.509113455929951719e-01
9.544557449476552824e-01
9.577991485440937591e-01
9.609483339937249236e-01
9.639101252503403661e-01
9.666913623572681580e-01
9.692988741111836504e-01
9.717394535161844038e-01
9.740198358899486708e-01
9.761466794758210108e-01
9.781265484100017948e-01
9.799658978911310880e-01
9.816710613999624080e-01
9.832482398190346418e-01
9.847034923058590739e-01
9.860427287777712158e-01
9.872717038719533988e-01
9.883960122499657608e-01
9.894210851222723369e-01
9.903521878745676910e-01
9.911944186841472604e-01
9.919527080210692738e-01
9.926318189354097488e-01
9.932363480385125731e-01
9.937707270927645942e-01
9.942392251310543383e-01
9.946459510336598253e-01
9.949948564967683318e-01
9.952897393330883968e-01
9.955342470509251918e-01
9.957318806635685471e-01
9.958859986857390156e-01
9.959998212780701854e-01
9.960764345040894474e-01
9.961187946668634829e-01
9.961297326944077435e-01
9.961119585441893243e-01
9.960680655976840159e-01
9.960005350161394988e-01
9.959117400286346955e-01
9.958039501234243751e-01
9.956793351136113968e-01
9.955399690486228526e-01
9.953878339439280465e-01
9.952248233030717151e-01
9.950527454084828749e-01
9.948733263606789334e-01
9.946882128493972353e-01
9.944989746447546741e-01
9.943071068016412495e-01
9.941140315760284007e-01
9.939211000575225441e-01
9.937295935281269532e-01
9.935407245625849093e-01
9.933556378906815976e-01
9.931754110463104634e-01
9.930010548318403130e-01
9.928335136292318897e-01
9.926736655914079055e-01
9.925223227485329147e-01
9.923802310641365310e-01
9.922480704754573777e-01
9.921264549510663278e-01
9.920159325968566089e-01
9.919169858389765837e-01
9.918300317093557972e-01
9.917554222562762201e-01
9.916934450990884109e-01
9.916443241427951305e-01
9.916082204649101506e-01
9.915852333838544030e-01
9.915754017151995336e-01
9.915787052193772988e-01
9.915950662420229822e-01
9.916243515459163271e-01
9.916663743314861890e-01
9.917208964410150207e-01
9.917876307399708935e-01
9.918662436672690541e-01
9.919563579446767365e-01
9.920575554340125279e-01
9.921693801292458259e-01
9.922913412690842483e-01
9.924229165541762487e-01
9.925635554516950565e-01
9.927126825688608047e-01
9.928697010759415242e-01
9.930339961585198383e-01
9.932049384783337986e-01
9.933818876218478700e-01
9.935641955158791561e-01
9.937512097900832453e-01
9.939422770668848717e-01
9.941367461604614375e-01
9.943339711676182358e-01
9.945333144347701104e-01
9.947341493867170037e-01
9.949358632044121853e-01
9.951378593404393014e-01
9.953395598624000806e-01
9.955404076158546056e-01
9.957398681998406165e-01
9.959374317493371320e-01
9.961326145203360793e-01
9.963249602744704836e-01
9.965140414614295228e-01
9.966994601986965963e-01
9.968808490494879271e-01
9.970578716011450071e-01
9.972302228476636055e-01
9.973976293814864613e-01
9.975598494011533868e-01
9.977166725428325833e-01
9.978679195451328754e-01
9.980134417578541139e-01
9.981531205064275714e-01
9.982868663246678986e-01
9.984146180690628425e-01
9.985363419280997022e-01
9.986520303400602261e-01
9.987617008322620116e-01
9.988653947939148958e-01
9.989631761935958698e-01
9.990551302509053100e-01
9.991413620702047638e-01
9.992219952425791529e-01
9.992971704204209882e-01
9.993670438674359113e-01
9.994317859855662567e-01
9.994915798194270451e-01
9.995466195384692387e-01
9.995971088972896990e-01
9.996432596753289657e-01
9.996852900986215040e-01
9.997234232482122840e-01
9.997578854622182210e-01
9.997889047411274710e-01
