0.051461
0.051461
0.051461
0.051461
0.051461
0.051461
0.051461
0.051461
0.051461
0.051461
0.051461
0.051461
0.051461
0.051461
0.051461
0.051461
0.051461
0.051461
0.051461
0.051461
0.051461
0.051461
0.051461
0.055703
0.071793
0.087698
0.11279
0.14808
0.19647
0.24183
0.28702
0.33065
0.37497
0.42541
0.4563
0.4953
0.52003
0.53526
0.54053
0.53733
0.52806
0.50114
0.47539
0.42587
0.37337
0.30963
0.24087
0.16596
0.083484
0.0020052
-0.087894
-0.17726
-0.25732
-0.34423
-0.4178
-0.48704
-0.54798
-0.60224
-0.65435
-0.67205
-0.69565
-0.69638
-0.69095
-0.67567
-0.64739
-0.60687
-0.54686
-0.49956
-0.42438
-0.35887
-0.29449
-0.22803
-0.16146
-0.090399
-0.038588
-0.0017998
0.021602
0.045228
0.051461
0.051461
0.051461
0.051461
0.051461
0.051461
0.051461
0.051461
0.051461
0.051461
0.051461
0.051461
0.051461
0.051461
0.051461
0.051461
0.051461
0.051461
0.051461
0.051461
0.051461
0.051461
