9.997976011390934392e-01
9.997681377779255030e-01
9.997354585745080735e-01
9.996993587846615403e-01
9.996596359765500539e-01
9.996160913282932103e-01
9.995685308734306718e-01
9.995167666835681475e-01
9.994606179811390545e-01
9.993999121786484308e-01
9.993344858438438782e-01
9.992641855928434680e-01
9.991888689152448322e-01
9.991084049365945852e-01
9.990226751243256320e-01
9.989315739434107000e-01
9.988350094676152757e-01
9.987329039514782902e-01
9.986251943671027309e-01
9.985118329086506428e-01
9.983927874661916446e-01
9.982680420693798018e-01
9.981375973003924207e-01
9.980014706747238895e-01
9.978596969878291700e-01
9.977123286252549406e-01
9.975594358338053524e-01
9.974011069514180372e-01
9.972374485937705035e-01
9.970685857961477661e-01
9.968946621097399818e-01
9.967158396522679542e-01
9.965322991135990849e-01
9.963442397177840748e-01
9.961518791436621001e-01
9.959554534068104648e-01
9.957552167061202164e-01
9.955514412386062828e-01
9.953444169861952462e-01
9.951344514781328421e-01
9.949218695322938899e-01
9.947070129780526404e-01
9.944902403624642506e-01
9.942719266403312606e-01
9.940524628472925395e-01
9.938322557534056134e-01
9.936117274928393250e-01
9.933913151632961513e-01
9.931714703867068339e-01
9.929526588206568638e-01
9.927353596079753206e-01
9.925200647500359574e-01
9.923072783876482061e-01
9.920975159720371028e-01
9.918913033073792906e-01
9.916891754457385355e-01
9.914916754150637779e-01
9.912993527611997369e-01
9.911127618856160337e-01
9.909324601617828243e-01
9.907590058147675016e-01
9.905929555506716166e-01
9.904348619249104813e-01
9.902852704410100015e-01
9.901447163745050739e-01
9.900137213196182895e-01
9.898927894596480925e-01
9.897824035653605135e-01
9.896830207291531512e-01
9.895950678463250050e-01
9.895189368584349499e-01
9.894549797774568889e-01
9.894035035132162648e-01
9.893647645303788041e-01
9.893389633650052639e-01
9.893262390342850710e-01
9.893266633764074003e-01
9.893402353604829891e-01
9.893668754088271733e-01
9.894064197756001766e-01
9.894586150266079239e-01
9.895231126648523778e-01
9.895994639450877983e-01
9.896871149181050153e-01
9.897854017417387906e-01
9.898935462907095806e-01
9.900106520914857544e-01
9.901357006015532036e-01
9.902675478450191360e-01
9.904049214086086961e-01
9.905464177941164516e-01
9.906905001155221768e-01
9.908354961215549705e-01
9.909795965177318200e-01
9.911208535560313004e-01
9.912571798555480651e-01
9.913863474138547849e-01
9.915059867664266502e-01
9.916135862504106280e-01
9.917064913292279460e-01
9.917819039359349054e-01
9.918368817958803652e-01
9.918683376928942863e-01
9.918730386479351901e-01
9.918476049847412268e-01
9.917885092634813882e-01
9.916920750706565979e-01
9.915544756615003452e-01
9.913717324598874114e-01
9.911397134302628587e-01
9.908541313464032108e-01
9.905105419929278732e-01
9.901043423474402694e-01
9.896307688039893691e-01
9.890848955122012454e-01
9.884616329208485430e-01
9.877557266296882466e-01
9.869617566688834165e-01
9.860741373409533939e-01
9.850871177755903263e-01
9.839947833623886586e-01
9.827910582400477546e-01
9.814697090323554196e-01
9.800243500306756728e-01
9.784484500291670273e-01
9.767353410220255272e-01
9.748782289712257798e-01
9.728702068481521748e-01
9.707042701429480225e-01
9.683733350212255786e-01
9.658702592890189287e-01
9.631878663036506083e-01
9.603189719407978497e-01
9.572564146968373100e-01
9.539930889709472561e-01
9.505219815339489564e-01
9.468362111509669443e-01
9.429290712832223420e-01
9.387940757511505918e-01
9.344250071970685578e-01
9.298159681413031841e-01
9.249614343815134587e-01
9.198563104413748359e-01
9.144959867323351199e-01
9.088763980512826191e-01
9.029940829982134876e-01
8.968462438618818311e-01
8.904308064885260166e-01
8.837464796196718986e-01
8.767928131603268671e-01
8.695702548191852621e-01
8.620802045483705323e-01
8.543250662022872088e-01
8.463082958338625783e-01
8.380344460522315408e-01
8.295092058790954903e-01
8.207394355617401160e-01
8.117331958290744387e-01
8.024997711128984967e-01
7.930496862996018193e-01
7.833947166270579521e-01
7.735478903969377207e-01
7.635234842330027583e-01
7.533370106801117183e-01
7.430051980054118710e-01
7.325459621311748437e-01
7.219783706965925418e-01
7.113225993122636037e-01
7.005998801348174432e-01
6.898324429490365617e-01
6.790434490001131529e-01
6.682569178686317279e-01
6.574976477252187923e-01
6.467911293404400297e-01
6.361634542587697450e-01
6.256412175737009473e-01
6.152514157651651772e-01
6.050213400811477182e-01
5.949784659637458173e-01
5.851503390369332536e-01
5.755644581898471390e-01
5.662481563063108680e-01
5.572284792092416783e-01
5.485320634078001412e-01
5.401850132558356776e-01
5.322127781521611700e-01
5.246400304359142286e-01
5.174905446531181674e-01
5.107870788924900873e-01
5.045512589084935051e-01
4.988034657663567017e-01
4.935627277559878623e-01
4.888466173282037808e-01
4.846711538062595803e-01
4.810507126174005110e-01
4.779979417722319823e-01
4.755236862936152997e-01
4.736369212613158464e-01
4.723446940937761074e-01
4.716520766344781679e-01
4.715621275479640051e-01
4.720758654604975124e-01
4.731922532035163220e-01
4.749081934355254830e-01
4.772185358310815362e-01
4.801160959351811197e-01
4.835916856888090587e-01
4.876341555377544656e-01
4.922304479429947532e-01
4.973656620179059962e-01
5.030231289260280736e-01
5.091844975837918064e-01
5.158298301261008412e-01
5.229377065094620303e-01
5.304853375481125566e-01
5.384486856036644342e-01
5.468025920789523209e-01
5.555209108025334075e-01
5.645766463324104478e-01
5.739420961568886259e-01
5.835889957278184159e-01
5.934886652278361652e-01
6.036121569494776740e-01
6.139304021511897691e-01
6.244143562541137893e-01
6.350351412548322916e-01
6.457641842536074872e-01
6.565733510353088942e-01
6.674350736913535753e-01
6.783224713352558055e-01
6.892094630413303502e-01
7.000708722247884763e-01
7.108825217807444030e-01
7.216213194080235427e-01
7.322653326594033008e-01
7.427938533810762856e-01
7.531874513286089812e-01
7.634280168722904492e-01
7.734987928293184378e-01
7.833843955815414928e-01
7.930708257534334615e-01
8.025454688335870168e-01
8.117970862226335793e-01
8.208157972795022683e-01
8.295930530151518489e-01
8.381216021473196776e-01
8.463954502808079816e-01
8.544098130149813120e-01
8.621610638034438168e-01
8.696466774005512379e-01
8.768651697259992606e-01
8.838160349630271861e-01
8.904996806787783825e-01
8.969173617182975011e-01
9.030711135778773935e-01
9.089636859104855970e-01
9.145984767573597241e-01
9.199794680371392586e-01
9.251111627586634523e-01
9.299985243573138938e-01
9.346469184889117932e-01
9.390620575509701640e-01
9.432499481396586782e-01
9.472168415930913854e-01
9.509691877182557818e-01
9.545135917505944700e-01
9.578567745523106636e-01
9.610055360180606021e-01
9.639667216248405390e-01
9.667471920364395510e-01
9.693537956515476672e-01
9.717933439681245567e-01
9.740725896245150395e-01
9.761982069695429587e-01
9.781767750089218616e-01
9.800147625732639201e-01
9.817185155532424101e-01
9.832942460495940340e-01
9.847480232892197316e-01
9.860857661632740356e-01
9.873132372485288188e-01
9.884360381792119954e-01
9.894596062427706284e-01
9.903892120794820508e-01
9.912299583724374363e-01
9.919867794211270073e-01
9.926644414986286469e-01
9.932675438992312200e-01
9.938005205901941919e-01
9.942676423882170766e-01
9.946730195880087999e-01
9.950206049770351502e-01
9.953141971769714491e-01
9.955574442584823602e-01
9.957538475815641554e-01
9.959067658186969707e-01
9.960194191223541438e-01
9.960948934019403511e-01
9.961361446779370965e-01
9.961460034829400234e-01
9.961271792804498038e-01
9.960822648728376860e-01
9.960137407700129231e-01
9.959239794901624254e-01
9.958152497637331457e-01
9.956897206117936161e-01
9.955494652702528979e-01
9.953964649323073788e-01
9.952326122830584820e-01
9.950597148025853711e-01
9.948794978168921110e-01
9.946936072800425244e-01
9.945036122753726504e-01
9.943110072287898449e-01
9.941172138326727081e-01
9.939235826845704835e-01
9.937313946505800244e-01
9.935418619687310660e-01
9.933561291127614989e-01
9.931752734411375405e-01
9.930003056599374656e-01
9.928321701311623171e-01
9.926717450601099113e-01
9.925198425966146321e-01
9.923772088852329532e-01
9.922445240988956305e-01
9.921224024892162374e-01
9.920113924846649667e-01
9.919119768652863156e-01
9.918245730397081683e-01
9.917495334469781376e-01
9.916871461024142631e-01
9.916376353032769764e-01
9.916011625067726598e-01
9.915778273897574158e-01
9.915676690965817830e-01
9.915706676788336171e-01
9.915867457283048525e-01
9.916157702023010723e-01
9.916575544384190755e-01
9.917118603540709953e-01
9.917784008243027971e-01
9.918568422297950882e-01
9.919468071653025909e-01
9.920478772971820236e-01
9.921595963570546406e-01
9.922814732570887086e-01
9.924129853108761834e-01
9.925535815424821884e-01
9.927026860650087769e-01
9.928597015089856148e-01
9.930240124801438251e-01
9.931949890256680513e-01
9.933719900878915654e-01
9.935543669246007514e-01
9.937414664756452076e-01
9.939326346563648329e-01
9.941272195594228478e-01
9.943245745479013520e-01
9.945240612239349964e-01
9.947250522586569277e-01
9.949269340707647125e-01
9.951291093425460588e-01
9.953309993636904052e-01
9.955320461946469690e-01
9.957317146426650778e-01
9.959294940449707756e-01
9.961248998548123401e-01
9.963174750273681157e-01
9.965067912037711695e-01
9.966924496927842547e-01
9.968740822509830624e-01
9.970513516636662077e-01
9.972239521301216048e-01
9.973916094583196168e-01
9.975540810755602061e-01
9.977111558630336052e-01
9.978626538236291532e-01
9.980084255935913751e-01
9.981483518097207241e-01
9.982823423447032551e-01
9.984103354237562344e-01
9.985322966360747898e-01
9.986482178544957566e-01
9.987581160763626675e-01
9.988620321977654815e-01
9.989600297321823419e-01
9.990521934831053663e-01
9.991386281785816781e-01
9.992194570738391901e-01
9.992948205264193806e-01
9.993648745466402472e-01
9.994297893248972331e-01
9.994897477364013127e-01
9.995449438235635142e-01
9.995955812564253362e-01
9.996418717723487557e-01
9.996840335975893943e-01
9.997222898553208559e-01
9.997568669670373609e-01
9.997879930568747131e-01
