9.997994768402552745e-01
9.997702464361617469e-01
9.997378183002637586e-01
9.997019877193795701e-01
9.996625521383197821e-01
9.996193124557474219e-01
9.995720742706739603e-01
9.995206490688027801e-01
9.994648553414465786e-01
9.994045196331079461e-01
9.993394775168307209e-01
9.992695744989775752e-01
9.991946668570590440e-01
9.991146224155887934e-01
9.990293212656818911e-01
9.989386564342700447e-01
9.988425345084811502e-01
9.987408762200077339e-01
9.986336169932920059e-01
9.985207074602040489e-01
9.984021139426929592e-01
9.982778189037523342e-01
9.981478213660431864e-01
9.980121372967115656e-01
9.978707999563716236e-01
9.977238602099122167e-01
9.975713867967167525e-01
9.974134665580656200e-01
9.972502046198629122e-01
9.970817245293868147e-01
9.969081683454426024e-01
9.967296966820649029e-01
9.965464887067237987e-01
9.963587420947855877e-01
9.961666729427276490e-01
9.959705156432466788e-01
9.957705227259058267e-01
9.955669646672860029e-01
9.953601296747062177e-01
9.951503234474352588e-01
9.949378689189009028e-01
9.947231059827051913e-01
9.945063912042715337e-01
9.942880975186881853e-01
9.940686139137998589e-01
9.938483450958524035e-01
9.936277111330821254e-01
9.934071470705927442e-01
9.931871025077521065e-01
9.929680411272480134e-01
9.927504401629153596e-01
9.925347897915930417e-01
9.923215924326309612e-01
9.921113619373358450e-01
9.919046226496682772e-01
9.917019083189237971e-01
9.915037608450014694e-01
9.913107288371705295e-01
9.911233659680280805e-01
9.909422291055421939e-01
9.907678762077042345e-01
9.906008639663023141e-01
9.904417451886458057e-01
9.902910659086586742e-01
9.901493622215787882e-01
9.900171568395047528e-01
9.898949553681919422e-01
9.897832423088009923e-01
9.896824767917248300e-01
9.895930880531710327e-01
9.895154706688430446e-01
9.894499795628489691e-01
9.893969248138390071e-01
9.893565662842996877e-01
9.893291081028502409e-01
9.893146930331880862e-01
9.893133967669103246e-01
9.893252221806310143e-01
9.893500936004624435e-01
9.893878511188550773e-01
9.894382450098214710e-01
9.895009302885565683e-01
9.895754614602936261e-01
9.896612875008212740e-01
9.897577471074302524e-01
9.898640642541891577e-01
9.899793440794851795e-01
9.901025691268686701e-01
9.902325959526323551e-01
9.903681521054851222e-01
9.905078334754376934e-01
9.906501020008774416e-01
9.907932837150702499e-01
9.909355671062272108e-01
9.910750017590608252e-01
9.912094972405898208e-01
9.913368221889907739e-01
9.914546035616101927e-01
9.915603259968912564e-01
9.916513312449398709e-01
9.917248176227049239e-01
9.917778394522388519e-01
9.918073064441389475e-01
9.918099829929770683e-01
9.917824873572120836e-01
9.917212907026717872e-01
9.916227159961292781e-01
9.914829367437324459e-01
9.912979755780579882e-01
9.910637027073418981e-01
9.907758342509985772e-01
9.904299304969018669e-01
9.900213941280725516e-01
9.895454684794078304e-01
9.889972358988606826e-01
9.883716163019687917e-01
9.876633660237045254e-01
9.868670770870715536e-01
9.859771770234283528e-01
9.849879293948169412e-01
9.838934351831787328e-01
9.826876352247471136e-01
9.813643138795818954e-01
9.799171041355783096e-01
9.783394943527923271e-01
9.766248368570499272e-01
9.747663585911011674e-01
9.727571740266734990e-01
9.705903005314293619e-01
9.682586763709157829e-01
9.657551815071122592e-01
9.630726613322756480e-01
9.602039534496846773e-01
9.571419175819491088e-01
9.538794686531882894e-01
9.504096130540646836e-01
9.467254880588928945e-01
9.428204043223382680e-01
9.386878913401043301e-01
9.343217457139812998e-01
9.297160820172024609e-01
9.248653860117177494e-01
9.197645699252376961e-01
9.144090294532195573e-01
9.087947021098757849e-01
9.029181265132938394e-01
8.967765021534349623e-01
8.903677491586712289e-01
8.836905675472462862e-01
8.767444954251789602e-01
8.695299655722911192e-01
8.620483598438195560e-01
8.543020608070109878e-01
8.462945000307201537e-01
8.380302024517385373e-01
8.295148262547149542e-01
8.207551977232661056e-01
8.117593405482718127e-01
8.025364991152384997e-01
7.930971553357195614e-01
7.834530386375000433e-01
7.736171287839108679e-01
7.636036512532663467e-01
7.534280649739194535e-01
7.431070422775585271e-01
7.326584410017811244e-01
7.221012687412855513e-01
7.114556393138813384e-01
7.007427215716137692e-01
6.899846807475524813e-01
6.792046125842445825e-01
6.684264705398501594e-01
6.576749864121360645e-01
6.469755847587803643e-01
6.363542915250005594e-01
6.258376373168728080e-01
6.154525557815928583e-01
6.052262775752121904e-01
5.951862204150804025e-01
5.853598757293944077e-01
5.757746924308539960e-01
5.664579583563643661e-01
5.574366799306875730e-01
5.487374606294205259e-01
5.403863788357973208e-01
5.324088657065912944e-01
5.248295836843157591e-01
5.176723063154387017e-01
5.109598000564574694e-01
5.047137087703825742e-01
4.989544416341785693e-01
4.937010651917695947e-01
4.889712002959888393e-01
4.847809246851793041e-01
4.811446819349136650e-01
4.780751975116843688e-01
4.755834026327205866e-01
4.736783666040018659e-01
4.723672382669787950e-01
4.716551971336426785e-01
4.715454147299409371e-01
4.720390265997457258e-01
4.731351153466147874e-01
4.748307050093869552e-01
4.771207669814553354e-01
4.799982375934167544e-01
4.834540473859770815e-01
4.874771620054846322e-01
4.920546345594450921e-01
4.971716691746516092e-01
5.028116954070617206e-01
5.089564530610304338e-01
5.155860868865576041e-01
5.226792505375670306e-01
5.302132190923923849e-01
5.381640093602633179e-01
5.465065071253245588e-01
5.552146004131741641e-01
5.642613178049457057e-01
5.736189707713600372e-01
5.832592989548248674e-01
5.931536172925360173e-01
6.032729638485867518e-01
6.135882472092391016e-01
6.240703922935957326e-01
6.346904834427350428e-01
6.454199036743655249e-01
6.562304690276703489e-01
6.670945569742320336e-01
6.779852279354952049e-01
6.888763390246535057e-01
6.997426492201619386e-01
7.105599152781216787e-01
7.213049778000549805e-01
7.319558369893207628e-01
7.424917177516574540e-01
7.528931239209599724e-01
7.631418815182122728e-01
7.732211710772203261e-01
7.831155491932826340e-01
7.928109595680254973e-01
8.022947339333830197e-01
8.115555833383497619e-01
8.205835803721289734e-01
8.293701329753769835e-01
8.379079505564435149e-01
8.461910031811240573e-01
8.542144746421502788e-01
8.619747102383512605e-01
8.694691601034135742e-01
8.766963189209331375e-01
8.836556628468269503e-01
8.903475844331326661e-01
8.967733263100272634e-01
9.029349143368953223e-01
9.088350908799784911e-01
9.144772488151101664e-01
9.198653667908660569e-01
9.250039462217273245e-01
9.298979504140723051e-01
9.345527461613891695e-01
9.389740480803451250e-01
9.431678658973550178e-01
9.471404548370312426e-01
9.508982692101211054e-01
9.544479192498033226e-01
9.577961312018965501e-01
9.609497106368253272e-01
9.639155089190855064e-01
9.667003927433506227e-01
9.693112166249724382e-01
9.717547982161093278e-01
9.740378963066073092e-01
9.761671913605699524e-01
9.781492684347626865e-01
9.799906023230636753e-01
9.816975447715985403e-01
9.832763136114796021e-01
9.847329836597982222e-01
9.860734792442998886e-01
9.873035682127044854e-01
9.884288572936696937e-01
9.894547886827516070e-01
9.903866377332717352e-01
9.912295116386733440e-01
9.919883489996986770e-01
9.926679201765291616e-01
9.932728283328771113e-01
9.938075110858929362e-01
9.942762426826208255e-01
9.946831366305352029e-01
9.950321487163568124e-01
9.953270803537637157e-01
9.955715822066699694e-01
9.957691580403172926e-01
9.959231687573825154e-01
9.960368365805606361e-01
9.961132493465427729e-01
9.961553648789637228e-01
9.961660154097399245e-01
9.961479120193393877e-01
9.961036490670324151e-01
9.960357085822246770e-01
9.959464645877833533e-01
9.958381873260289119e-01
9.957130473580156904e-01
9.955731195070599560e-01
9.954203866183763960e-01
9.952567431082880445e-01
9.950839982788626248e-01
9.949038793770317302e-01
9.947180343812292991e-01
9.945280345032659897e-01
9.943353763983926452e-01
9.941414840821387600e-01
9.939477105583284233e-01
9.937553391684891269e-01
9.935655846784440248e-01
9.933795941230414428e-01
9.931984474345414426e-01
9.930231578840015283e-01
9.928546723679910757e-01
9.926938715750315279e-01
9.925415700672944874e-01
9.923985163133007825e-01
9.922653927067029977e-01
9.921428156047824576e-01
9.920313354181652388e-01
9.919314367805761590e-01
9.918435388243629358e-01
9.917679955841574024e-01
9.917050965475560087e-01
9.916550673682035244e-01
9.916180707532810112e-01
9.915942075341986905e-01
9.915835179263392529e-01
9.915859829810264037e-01
9.916015262304905820e-01
9.916300155244687220e-01
9.916712650551564590e-01
9.917250375654812489e-01
9.917910467340423919e-01
9.918689597284946480e-01
9.919583999176309064e-01
9.920589497308832660e-01
9.921701536524413223e-01
9.922915213356691133e-01
9.924225308220321340e-01
9.925626318473660392e-01
9.927112492170807601e-01
9.928677862308568081e-01
9.930316281366072806e-01
9.932021455929872511e-01
9.933786981195689147e-01
9.935606375139620638e-01
9.937473112156551824e-01
9.939380655971323808e-01
9.941322491638735492e-01
9.943292156460882270e-01
9.945283269664344505e-01
9.947289560694663191e-01
9.949304896000799037e-01
9.951323304197614572e-01
9.953338999509308005e-01
9.955346403411199363e-01
9.957340164401051741e-01
9.959315175844433154e-01
9.961266591851480889e-01
9.963189841155086768e-01
9.965080638973156102e-01
9.966934996850383977e-01
9.968749230488110902e-01
9.970519965584354605e-01
9.972244141720013610e-01
9.973919014341450229e-01
9.975542154904001313e-01
9.977111449255021691e-01
9.978625094348629876e-01
9.980081593396743500e-01
9.981479749571902094e-01
9.982818658386174437e-01
9.984097698876581717e-01
9.985316523730616289e-01
9.986475048485075057e-01
9.987573439927504015e-01
9.988612103822008814e-01
9.989591672070269324e-01
9.990512989404766175e-01
9.991377099695367692e-01
9.992185231933309320e-01
9.992938785939591284e-01
9.993639317829144941e-01
9.994288525249040989e-01
9.994888232399885553e-01
9.995440374845286913e-01
9.995946984115733347e-01
9.996410172120612225e-01
9.996832115395400953e-01
9.997215039229554456e-01
9.997561201743263570e-01
9.997872878006449637e-01
