9.997987141595733318e-01
9.997693868037319520e-01
9.997368537803529298e-01
9.997009102931417868e-01
9.996613537658215476e-01
9.996179851397265503e-01
9.995706101209368422e-01
9.995190403661862177e-01
9.994630946003284500e-01
9.994025996615319984e-01
9.993373914734269281e-01
9.992673159459811716e-01
9.991922298088757870e-01
9.991120013824948964e-01
9.990265112923911728e-01
9.989356531332371780e-01
9.988393340879370141e-01
9.987374755068376686e-01
9.986300134509698001e-01
9.985168992020825307e-01
9.983980997410283331e-01
9.982735981949062420e-01
9.981433942523604275e-01
9.980075045456214822e-01
9.978659629973029022e-01
9.977188211296423859e-01
9.975661483338084112e-01
9.974080320970546421e-01
9.972445781858696456e-01
9.970759107838123025e-01
9.969021725833797642e-01
9.967235248320068797e-01
9.965401473330749438e-01
9.963522384035827795e-01
9.961600147908555858e-01
9.959637115512832706e-01
9.957635818945730355e-01
9.955598969972990764e-01
9.953529457896372890e-01
9.951430347190252101e-01
9.949304874940881893e-01
9.947156448114932159e-01
9.944988640674418123e-01
9.942805190542857163e-01
9.940609996412743676e-01
9.938407114367482365e-01
9.936200754272072055e-01
9.933995275866845942e-01
9.931795184477743010e-01
9.929605126235870882e-01
9.927429882679063011e-01
9.925274364589544707e-01
9.923143604905454440e-01
9.921042750530442156e-01
9.918977052855555421e-01
9.916951856801606846e-01
9.914972588188505354e-01
9.913044739240941539e-01
9.911173852047286958e-01
9.909365499800474320e-01
9.907625265665843672e-01
9.905958719140870450e-01
9.904371389795060265e-01
9.902868738304474450e-01
9.901456124723985175e-01
9.900138773970842410e-01
9.898921738525370273e-01
9.897809858388094684e-01
9.896807718367427453e-01
9.895919602807919935e-01
9.895149447906127493e-01
9.894500791799091255e-01
9.893976722649134858e-01
9.893579824987709381e-01
9.893312124619656478e-01
9.893175032426636539e-01
9.893169287443337456e-01
9.893294899610938220e-01
9.893551092637630218e-01
9.893936247413944729e-01
9.894447846439647920e-01
9.895082419717603495e-01
9.895835492557011337e-01
9.896701535703322783e-01
9.897673918174623164e-01
9.898744863134992800e-01
9.899905407075304531e-01
9.901145362502854486e-01
9.902453284265277933e-01
9.903816439553997375e-01
9.905220781550724274e-01
9.906650926600137907e-01
9.908090134715701325e-01
9.909520293156025561e-01
9.910921902748578427e-01
9.912274066587679622e-01
9.913554480695795368e-01
9.914739426212113571e-01
9.915803762660485576e-01
9.916720921850137316e-01
9.917462901976459300e-01
9.918000261515327320e-01
9.918302112541617088e-01
9.918336113150284516e-01
9.918068458715475488e-01
9.917463871788947394e-01
9.916485590513007820e-01
9.915095355504763841e-01
9.913253395257520806e-01
9.910918410201748907e-01
9.908047555672245821e-01
9.904596424140306166e-01
9.900519027190048948e-01
9.895767777846671276e-01
9.890293474001128349e-01
9.884045283819793415e-01
9.876970734177917821e-01
9.869015703310017873e-01
9.860124419025979581e-01
9.850239463994979738e-01
9.839301789745884541e-01
9.827250741167531389e-01
9.814024093409682292e-01
9.799558103179750734e-01
9.783787576495919236e-01
9.766645954988771861e-01
9.748065422836410532e-01
9.727977036368635755e-01
9.706310878281548815e-01
9.682996238263804623e-01
9.657961821649674317e-01
9.631135987483543381e-01
9.602447017107952343e-01
9.571823414076355840e-01
9.539194235846569780e-01
9.504489457336363634e-01
9.467640366023805099e-01
9.428579987857003131e-01
9.387243542806219532e-01
9.343568928450787237e-01
9.297497229549160913e-01
9.248973251097458714e-01
9.197946071944999025e-01
9.144369615609485580e-01
9.088203234524612206e-01
9.029412303564198217e-01
8.967968818324932867e-01
8.903851993320032188e-01
8.837048854944458132e-01
8.767554823824889043e-01
8.695374280970216141e-01
8.620521111997081487e-01
8.543019223625212266e-01
8.462903026624262193e-01
8.380217879451687946e-01
8.295020486953150751e-01
8.207379248704856911e-01
8.117374551861691323e-01
8.025099003734357250e-01
7.930657599749737496e-01
7.834167822946086490e-01
7.735759671710784602e-01
7.635575613073993795e-01
7.533770459515489737e-01
7.430511167911779680e-01
7.325976559932674270e-01
7.220356963877352374e-01
7.113853778605604417e-01
7.006678960858270244e-01
6.899054437860216993e-01
6.791211447650958855e-01
6.683389810085604843e-01
6.575837131888575549e-01
6.468807949524046919e-01
6.362562813972824083e-01
6.257367321779991887e-01
6.153491096969271323e-01
6.051206728617095632e-01
5.950788669051977342e-01
5.852512097803816982e-01
5.756651756582241708e-01
5.663480760722015006e-01
5.573269392703483760e-01
5.486283883541274164e-01
5.402785188036188790e-01
5.323027760102425621e-01
5.247258334610220842e-01
5.175714722415838409e-01
5.108624625476838599e-01
5.046204479159820400e-01
4.988658329027251259e-01
4.936176749527293461e-01
4.888935812091961264e-01
4.847096110163148230e-01
4.810801848602352937e-01
4.780180004790043347e-01
4.755339568478306189e-01
4.736370867123425032e-01
4.723344982992129237e-01
4.716313267810104959e-01
4.715306960108385237e-01
4.720336909730560304e-01
4.731393413200647435e-01
4.748446162828460215e-01
4.771444311558423745e-01
4.800316654660307103e-01
4.834971928428721810e-01
4.875299225112516011e-01
4.921168522346810459e-01
4.972431324417607712e-01
5.028921411760363114e-01
5.090455694186927227e-01
5.156835162455524202e-01
5.227845931952925795e-01
5.303260371451020694e-01
5.382838309138484600e-01
5.466328307417225307e-01
5.553468997300003984e-01
5.643990462657137996e-01
5.737615664044944941e-01
5.834061891414734635e-01
5.933042234658857383e-01
6.034267060708599084e-01
6.137445485766703790e-01
6.242286831243939460e-01
6.348502052081563818e-01
6.455805126385072423e-01
6.563914395672951763e-01
6.672553845557672725e-01
6.781454317322173075e-01
6.890354641628841925e-01
6.999002686489657066e-01
7.107156312624345329e-01
7.214584230423275457e-01
7.321066753895333346e-01
7.426396448199292788e-01
7.530378668608681547e-01
7.632831990023106750e-01
7.733588527391027645e-01
7.832494148628150743e-01
7.929408582780992365e-01
8.024205427277086855e-01
8.116772059104333525e-01
8.207009455656634200e-01
8.294831931759023558e-01
8.380166800032706753e-01
8.462953962272808939e-01
8.543145439884947123e-01
8.620704851660828671e-01
8.695606847270540563e-01
8.767836504814888743e-01
8.837388700623487470e-01
8.904267459213047742e-01
8.968485290948031707e-01
9.030062524486067721e-01
9.089026640558128811e-01
9.145411613044387433e-01
9.199257262676435731e-01
9.250608628041085968e-01
9.299515357895369316e-01
9.346031128140539490e-01
9.390213086157875866e-01
9.432121324591880018e-01
9.471818386086512387e-01
9.509368799945027151e-01
9.544838651199082369e-01
9.578295182141967068e-01
9.609806426005702562e-01
9.639440872142511774e-01
9.667267161806534226e-01
9.693353813418845721e-01
9.717768976034323325e-01
9.740580209608215023e-01
9.761854290578420024e-01
9.781657041231391903e-01
9.800053181299853700e-01
9.817106200244122283e-01
9.832878248691061529e-01
9.847430047541129161e-01
9.860820813301096610e-01
9.873108198254527679e-01
9.884348244141814011e-01
9.894595348084481712e-01
9.903902239553482589e-01
9.912319967247503749e-01
9.919897894814455608e-01
9.926683704417115228e-01
9.932723407212222799e-01
9.938061359880936418e-01
9.942740286417196538e-01
9.946801304448550374e-01
9.950283955430673233e-01
9.953226238121062330e-01
9.955664644798088991e-01
9.957634199747400494e-01
9.959168499587465195e-01
9.960299755048723780e-01
9.961058833855699346e-01
9.961475304388143215e-01
9.961577479816015046e-01
9.961392462414588866e-01
9.960946187771303473e-01
9.960263468596799452e-01
9.959368037850960809e-01
9.958282590892648667e-01
9.957028826361579155e-01
9.955627485504363605e-01
9.954098389665866353e-01
9.952460475683210239e-01
9.950731828943601975e-01
9.948929713899081761e-01
9.947070601870949824e-01
9.945170196023054299e-01
9.943243453435123280e-01
9.941304604263085931e-01
9.939367168030931454e-01
9.937443967156079916e-01
9.935547137865282652e-01
9.933688138709024784e-01
9.931877756927314227e-01
9.930126112957439188e-01
9.928442663403568291e-01
9.926836202808443366e-01
9.925314864578531626e-01
9.923886121416120032e-01
9.922556785605404217e-01
9.921333009485466814e-01
9.920220286422296585e-01
9.919223452565819610e-01
9.918346689647792314e-01
9.917593529043589040e-01
9.916966857286854120e-01
9.916468923191843476e-01
9.916101346705097352e-01
9.915865129576673098e-01
9.915760667912072446e-01
9.915787766639472256e-01
9.915945655903010136e-01
9.916233009371367979e-01
9.916647964431515305e-01
9.917188144219623025e-01
9.917850681424443815e-01
9.918632243782323776e-01
9.919529061167186024e-01
9.920536954163050591e-01
9.921651363990900974e-01
9.922867383646192252e-01
9.924179790088244468e-01
9.925583077308764990e-01
9.927071490094214745e-01
9.928639058286341523e-01
9.930279631337380897e-01
9.931986912951618063e-01
9.933754495603509538e-01
9.935575894724359980e-01
9.937444582354649780e-01
9.939354020067183715e-01
9.941297690976824697e-01
9.943269130665245426e-01
9.945261956863237218e-01
9.947269897748122203e-01
9.949286818729189408e-01
9.951306747609398595e-01
9.953323898026548155e-01
9.955332691091518527e-01
9.957327775154982685e-01
9.959304043647226878e-01
9.961256650948558944e-01
9.963181026260338191e-01
9.965072885459296259e-01
9.966928240930537086e-01
9.968743409387713639e-01
9.970515017702417104e-01
9.972240006778714250e-01
9.973915633523043889e-01
9.975539470974061906e-01
9.977109406671171854e-01
9.978623639354105013e-01
9.980080674098440463e-01
9.981479316002922486e-01
9.982818662553281097e-01
9.984098094793472100e-01
9.985317267438353905e-01
9.986476098061451978e-01
9.987574755487471645e-01
9.988613647511558336e-01
9.989593408056244295e-01
9.990514883863069739e-01
9.991379120799788183e-01
9.992187349846802791e-01
9.992940972809355449e-01
9.993641547786119572e-01
9.994290774411768163e-01
9.994890478881872653e-01
9.995442598764302522e-01
9.995949167602791174e-01
9.996412299325888595e-01
9.996834172488002768e-01
9.997217014387926870e-01
9.997563085133133187e-01
9.997874661743543223e-01
