9.998001795699535954e-01
9.997710529133568835e-01
9.997387395718556613e-01
9.997030353746311215e-01
9.996637382567102881e-01
9.996206495463159092e-01
9.995735752035990185e-01
9.995223270001372118e-01
9.994667236320676773e-01
9.994065917630513551e-01
9.993417669962485483e-01
9.992720947770002971e-01
9.991974312298403937e-01
9.991176439347909666e-01
9.990326126485996605e-01
9.989422299767211078e-01
9.988464020014992117e-01
9.987450488712730223e-01
9.986381053541252273e-01
9.985255213588368761e-01
9.984072624244102467e-01
9.982833101783835650e-01
9.981536627631493186e-01
9.980183352286835508e-01
9.978773598895083197e-01
9.977307866433858807e-01
9.975786832491604361e-01
9.974211355613211705e-01
9.972582477192286632e-01
9.970901422894856703e-01
9.969169603606198304e-01
9.967388615900174553e-01
9.965560242038813410e-01
9.963686449518168731e-01
9.961769390184461725e-01
9.959811398951594619e-01
9.957814992156881484e-01
9.955782865595886877e-01
9.953717892279100310e-01
9.951623119952579533e-01
9.949501768421260550e-01
9.947357226707255196e-01
9.945193050066055696e-01
9.943012956871092323e-01
9.940820825361872393e-01
9.938620690233145316e-01
9.936416739022735367e-01
9.934213308234387529e-01
9.932014879109907213e-01
9.929826072942750104e-01
9.927651645803946545e-01
9.925496482531530607e-01
9.923365589817437771e-01
9.921264088211761978e-01
9.919197202854060924e-01
9.917170252735494351e-01
9.915188638294387680e-01
9.913257827151439328e-01
9.911383337799195559e-01
9.909570721073427402e-01
9.907825539251235991e-01
9.906153342641614845e-01
9.904559643558238369e-01
9.903049887590799072e-01
9.901629422119815338e-01
9.900303462049896419e-01
9.899077052767762952e-01
9.897955030363512208e-01
9.896941979186834049e-01
9.896042186843841959e-01
9.895259596775251021e-01
9.894597758592593717e-01
9.894059776386067151e-01
9.893648255255136359e-01
9.893365246350622755e-01
9.893212190753950530e-01
9.893189862554240266e-01
9.893298311515743571e-01
9.893536805755025476e-01
9.893903774867573997e-01
9.894396753955452262e-01
9.895012329009660323e-01
9.895746084091761041e-01
9.896592550738206873e-01
9.897545159977482188e-01
9.898596197304848632e-01
9.899736760903207200e-01
9.900956723332821063e-01
9.902244696839440641e-01
9.903588002352218256e-01
9.904972642162340746e-01
9.906383276193377885e-01
9.907803201697689133e-01
9.909214336142375679e-01
9.910597202985491627e-01
9.911930919990282751e-01
9.913193189683602302e-01
9.914360291535183611e-01
9.915407075417665972e-01
9.916306955903220199e-01
9.917031906961143450e-01
9.917552456641320902e-01
9.917837681360439639e-01
9.917855199450593684e-01
9.917571163682684654e-01
9.916950252539374899e-01
9.915955660083636269e-01
9.914549084349025820e-01
9.912690714266487735e-01
9.910339215239793997e-01
9.907451713587775988e-01
9.903983780186470520e-01
9.899889413768164781e-01
9.895121024467099513e-01
9.889629418342590350e-01
9.883363783758811749e-01
9.876271680654727936e-01
9.868299033895482353e-01
9.859390132054930422e-01
9.849487633134109688e-01
9.838532578867800193e-01
9.826464419405964712e-01
9.813221050273159829e-01
9.798738863601628157e-01
9.782952815697053550e-01
9.765796513025056802e-01
9.747202318697062440e-01
9.727101481482757217e-01
9.705424289280903949e-01
9.682100248839606849e-01
9.657058293331594045e-01
9.630227019161089475e-01
9.601534953108933346e-01
9.570910850615129695e-01
9.538284025657099985e-01
9.503584712312171945e-01
9.466744457698966775e-01
9.427696545579477005e-01
9.386376449476531159e-01
9.342722313725007055e-01
9.296675460434318250e-01
9.248180919899167129e-01
9.197187981560029924e-01
9.143650762189370340e-01
9.087528787568930344e-01
9.028787583533318672e-01
8.967399271890637014e-01
8.903343166398285380e-01
8.836606363677078635e-01
8.767184323695802473e-01
8.695081434257350139e-01
8.620311553772743718e-01
8.542898526526163661e-01
8.462876664617808853e-01
8.380291190826154590e-01
8.295198636760156008e-01
8.207667190877107055e-01
8.117776991223459859e-01
8.025620358112645070e-01
7.931301962382277804e-01
7.834938925368114537e-01
7.736660847285974363e-01
7.636609761316835998e-01
7.534940011333087773e-01
7.431818051873669839e-01
7.327422169658945883e-01
7.221942126619393942e-01
7.115578725082154499e-01
7.008543296403236811e-01
6.901057114940458703e-01
6.793350739822687778e-01
6.685663287479188810e-01
6.578241638343814701e-01
6.471339581541970531e-01
6.365216901705008645e-01
6.260138412341558212e-01
6.156372940434492458e-01
6.054192267134332894e-01
5.953870029593539837e-01
5.855680589141984971e-01
5.759897871149792792e-01
5.666794182069463393e-01
5.576639009300056182e-01
5.489697809677741569e-01
5.406230792570601018e-01
5.326491703741109696e-01
5.250726616333902808e-01
5.179172735543313699e-01
5.112057223707426878e-01
5.049596052752824971e-01
4.991992891066105997e-01
4.939438031983398592e-01
4.892107371155441919e-01
4.850161440052705997e-01
4.813744502812891124e-01
4.782983723493667849e-01
4.757988410570814786e-01
4.738849345212715614e-01
4.725638199464994305e-01
4.718407049995482216e-01
4.717187992483966585e-01
4.721992861097810135e-01
4.732813056783299333e-01
4.749619487329757028e-01
4.772362621341267319e-01
4.800972657387921894e-01
4.835359808715803398e-01
4.875414702982049375e-01
4.921008895558167673e-01
4.971995494019370021e-01
5.028209890518693381e-01
5.089470597838867683e-01
5.155580184029388002e-01
5.226326299677391818e-01
5.301482791035201370e-01
5.380810891441425436e-01
5.464060482733426038e-01
5.550971417664172236e-01
5.641274893714977035e-01
5.734694868145908675e-01
5.830949503657825161e-01
5.929752633664060468e-01
6.030815235895932158e-01
6.133846902904269704e-01
6.238557297978015725e-01
6.344657585088263607e-01
6.451861821687641108e-01
6.559888303553971234e-01
6.668460851364633735e-01
6.777310029321008678e-01
6.886174286906039388e-01
6.994801015742504458e-01
7.102947514513588967e-01
7.210381855995582345e-01
7.316883651417265266e-01
7.422244708582509398e-01
7.526269581449920310e-01
7.628776010134686869e-01
7.729595251559814306e-01
7.828572302215054401e-01
7.925566015660479025e-01
8.020449118518179210e-01
8.113108129711864569e-01
8.203443188624790494e-01
8.291367798638566988e-01
8.376808493178788950e-01
8.459704431921333256e-01
8.540006935201552851e-01
8.617678964916873907e-01
8.692694560323630526e-01
8.765038237106510532e-01
8.834704357951640441e-01
8.901696482591957560e-01
8.966026704928578006e-01
9.027714984377730456e-01
9.086788478064712349e-01
9.143280879899660096e-01
9.197231771940743705e-01
9.248685992794445365e-01
9.297693027134954491e-01
9.344306419759718096e-01
9.388583216948577226e-01
9.430583437271227165e-01
9.470369573401263841e-01
9.508006125952842558e-01
9.543559169863420344e-01
9.577095953407347428e-01
9.608684529542013131e-01
9.638393418961382908e-01
9.666291303959851922e-01
9.692446751989984843e-01
9.716927967627430052e-01
9.739802571530775666e-01
9.761137404898512226e-01
9.780998357874383098e-01
9.799450220330975236e-01
9.816556553464252932e-01
9.832379580654021511e-01
9.846980096082645906e-01
9.860417389652732512e-01
9.872749186800969801e-01
9.884031601866973826e-01
9.894319103741203714e-01
9.903664492583198475e-01
9.912118886469810652e-01
9.919731716902194796e-01
9.926550732169836522e-01
9.932622007639687611e-01
9.937989962108305653e-01
9.942697379424449977e-01
9.946785434658362846e-01
9.950293724161087816e-01
9.953260298921832172e-01
9.955721700692153897e-01
9.957713000401685610e-01
9.959267838439752607e-01
9.960418466419792560e-01
9.961195790078022361e-01
9.961629412984170928e-01
9.961747680760398849e-01
9.961577725515365911e-01
9.961145510205169362e-01
9.960475872632958971e-01
9.959592568796539203e-01
9.958518315290343370e-01
9.957274830466923410e-01
9.955882874065720145e-01
9.954362285025070145e-01
9.952732017208574256e-01
9.951010172800011100e-01
9.949214033152128378e-01
9.947360086913754618e-01
9.945464055305803797e-01
9.943540914468687042e-01
9.941604914859745179e-01
9.939669597737547102e-01
9.937747808828375495e-01
9.935851709326670722e-01
9.933992784433895995e-01
9.932181849687199415e-01
9.930429055369210944e-01
9.928743889321874905e-01
9.927135178509928215e-01
9.925611089692903954e-01
9.924179129568546642e-01
9.922846144745578467e-01
9.921618321890647296e-01
9.920501188373938017e-01
9.919499613711679764e-01
9.918617812072806350e-01
9.917859346082975591e-01
9.917227132123227484e-01
9.916723447284229165e-01
9.916349938101414185e-01
9.916107631162365266e-01
9.915996945646144978e-01
9.916017707825510730e-01
9.916169167536985629e-01
9.916450016600815154e-01
9.916858409152257137e-01
9.917391983827370527e-01
9.918047887729657397e-01
9.918822802088317347e-01
9.919712969503907685e-01
9.920714222662655457e-01
9.921822014386388888e-01
9.923031448871034721e-01
9.924337313953210948e-01
9.925734114231834493e-01
9.927216104860505652e-01
9.928777325817030874e-01
9.930411636449468782e-01
9.932112750093784470e-01
9.933874268556946996e-01
9.935689716261093540e-01
9.937552573849314230e-01
9.939456311061276583e-01
9.941394418697043767e-01
9.943360439499534520e-01
9.945347997799646178e-01
9.947350827782457383e-01
9.949362800247839589e-01
9.951377947753651254e-01
9.953390488044338014e-01
9.955394845681860838e-01
9.957385671809543259e-01
9.959357861992618188e-01
9.961306572092059053e-01
9.963227232141038670e-01
9.965115558206053548e-01
9.966967562227754263e-01
9.968779559849847427e-01
9.970548176258202666e-01
9.972270350066452238e-01
9.973943335298861568e-01
9.975564701535711842e-01
9.977132332300789885e-01
9.978644421784129692e-01
9.980099470005669993e-01
9.981496276536346857e-01
9.982833932901752361e-01
9.984111813799471102e-01
9.985329567264019657e-01
9.986487103912593533e-01
9.987584585400558490e-01
9.988622412207607271e-01
9.989601210864228475e-01
9.990521820713935686e-01
9.991385280290516757e-01
9.992192813372233751e-01
9.992945814757816514e-01
9.993645835793325549e-01
9.994294569666083428e-01
9.994893836472907855e-01
9.995445568065974840e-01
9.995951792681512238e-01
9.996414619364404341e-01
9.996836222215584877e-01
9.997218824508165014e-01
9.997564682741353348e-01
9.997876070726904318e-01
