9.997989371167352868e-01
9.997696376583665723e-01
9.997371347430766830e-01
9.997012235864696228e-01
9.996617016061004612e-01
9.996183697187520645e-01
9.995710335875732655e-01
9.995195048083008738e-01
9.994636020273264254e-01
9.994031519877529801e-01
9.993379905026237298e-01
9.992679633570645814e-01
9.991929271430619597e-01
9.991127500319519905e-01
9.990273124904349711e-01
9.989365079460867936e-01
9.988402434080049241e-01
9.987384400474934587e-01
9.986310337426893557e-01
9.985179755898681009e-01
9.983992323829663507e-01
9.982747870617098007e-01
9.981446391277324359e-01
9.980088050272599709e-01
9.978673184983649636e-01
9.977202308804757891e-01
9.975676113837584902e-01
9.974095473161537218e-01
9.972461442662254871e-01
9.970775262405169315e-01
9.969038357547824747e-01
9.967252338792113031e-01
9.965419002385529357e-01
9.963540329688316266e-01
9.961618486330623412e-01
9.959655820990107600e-01
9.957654863825229352e-01
9.955618324602635294e-01
9.953549090557930468e-01
9.951450224027725833e-01
9.949324959886733932e-01
9.947176702816865612e-01
9.945009024425631727e-01
9.942825660218802541e-01
9.940630506417423851e-01
9.938427616592168112e-01
9.936221198069149496e-01
9.934015608041140144e-01
9.931815349297329343e-01
9.929625065463938416e-01
9.927449535627996813e-01
9.925293668197953112e-01
9.923162493838516562e-01
9.921061157303625588e-01
9.918994907981543152e-01
9.916969088960074785e-01
9.914989124418364108e-01
9.913060505154609459e-01
9.911188772066582553e-01
9.909379497413817184e-01
9.907638263706418646e-01
9.905970640085454137e-01
9.904382156083078037e-01
9.902878272676691740e-01
9.901464350579864959e-01
9.900145615743182193e-01
9.898927122070163565e-01
9.897813711386853619e-01
9.896809970738298379e-01
9.895920187121020062e-01
9.895148299797515978e-01
9.894497850376843262e-01
9.893971930884081223e-01
9.893573130080650646e-01
9.893303478336278323e-01
9.893164391391038315e-01
9.893156613381008935e-01
9.893280159532342743e-01
9.893534258954124194e-01
9.893917297978751524e-01
9.894426764507918692e-01
9.895059193821200694e-01
9.895810116291565706e-01
9.896674007427240793e-01
9.897644240622017753e-01
9.898713042946921670e-01
9.899871454256095049e-01
9.901109289810695602e-01
9.902415106548472234e-01
9.903776173046333620e-01
9.905178443141153810e-01
9.906606533093421652e-01
9.908043702101695382e-01
9.909471835905896420e-01
9.910871433156412946e-01
9.912221594175616435e-01
9.913500011700018266e-01
9.914682963165798446e-01
9.915745304088120493e-01
9.916660462085551409e-01
9.917400431114559156e-01
9.917935765504880541e-01
9.918235573423667129e-01
9.918267509443944308e-01
9.917997765950002931e-01
9.917391063178339072e-01
9.916410637766858160e-01
9.915018229766902058e-01
9.913174068162099450e-01
9.910836855034914628e-01
9.907963748626426037e-01
9.904510345647374869e-01
9.900430663319226277e-01
9.895677121752888272e-01
9.890200527409656051e-01
9.883950058533190752e-01
9.876873253591628155e-01
9.868916003923212665e-01
9.860022551934451984e-01
9.850135496352944164e-01
9.839195806183417270e-01
9.827142845150120820e-01
9.813914408525923339e-01
9.799446774342652766e-01
9.783674771042701890e-01
9.766531863663419077e-01
9.747950260638754694e-01
9.727861043253436257e-01
9.706194319690953920e-01
9.682879405476891854e-01
9.657845031933381952e-01
9.631019584030401370e-01
9.602331368747518692e-01
9.571708914749129660e-01
9.539081303831463687e-01
9.504378534225378372e-01
9.467531915440361434e-01
9.428474493917370358e-01
9.387141508326506401e-01
9.343470872904953151e-01
9.297403686786406274e-01
9.248884766830036686e-01
9.197863201019953472e-01
9.144292919079962667e-01
9.088133276538223893e-01
9.029349648087425795e-01
8.967914025723711102e-01
8.903805616817489499e-01
8.837011436977346701e-01
8.767526892320495202e-01
8.695356345565563583e-01
8.620513660222013375e-01
8.543022717070551941e-01
8.462917897115651567e-01
8.380244525248947696e-01
8.295059268994094959e-01
8.207430486911535539e-01
8.117438521525932593e-01
8.025175931998278500e-01
7.930747662195982706e-01
7.834271140311379611e-01
7.735876306735702812e-01
7.635705567501315238e-01
7.533913671249465871e-01
7.430667508350958794e-01
7.326145831490136207e-01
7.220538897703783210e-01
7.114048032533353272e-01
7.006885117587595690e-01
6.899272003413092769e-01
6.791439850122380495e-01
6.683628398727479158e-01
6.576085176566566215e-01
6.469064640593192861e-01
6.362827262622534619e-01
6.257638560903342473e-01
6.153768082614412549e-01
6.051488342080153515e-01
5.951073719670274542e-01
5.852799326505466748e-01
5.756939840242759621e-01
5.663768317370597716e-01
5.573554987610650491e-01
5.486566036205906549e-01
5.403062380073810900e-01
5.323298444018160769e-01
5.247520943419584638e-01
5.175967680055135745e-01
5.108866357923027568e-01
5.046433426157815871e-01
4.988872956301919626e-01
4.936375561338313123e-01
4.889117363972925734e-01
4.847259021672939427e-01
4.810944815906949001e-01
4.780301812887076673e-01
4.755439102875629320e-01
4.736447124785979623e-01
4.723397082379523493e-01
4.716340457839194311e-01
4.715308627891600102e-01
4.720312586960402346e-01
4.731342781073600845e-01
4.748369055426699958e-01
4.771340717634404704e-01
4.800186717797191305e-01
4.834815945577111140e-01
4.875117643531564626e-01
4.920961935003765886e-01
4.972200463924149050e-01
5.028667142946301460e-01
5.090179005431145765e-01
5.156537155910578818e-01
5.227527812813000940e-01
5.302923436423001569e-01
5.382483934282635829e-01
5.465957935527568923e-01
5.553084124994910331e-01
5.643592627348330559e-01
5.737206430947934255e-01
5.833642840756274595e-01
5.932614949227557055e-01
6.033833113883294574e-01
6.137006430144436031e-01
6.241844187975325031e-01
6.348057301006264641e-01
6.455359697044675826e-01
6.563469659262466394e-01
6.672111107860962953e-01
6.781014812660857149e-01
6.889919527838643809e-01
6.998573040923563582e-01
7.106733129167843721e-01
7.214168417494071228e-01
7.320659133388052187e-01
7.425997755325225436e-01
7.529989552571463296e-01
7.632453015463569468e-01
7.733220176528290413e-01
7.832136824019442223e-01
7.929062610619540541e-01
8.023871061145898542e-01
8.116449484103326339e-01
8.206698792821905952e-01
8.294533242695222297e-01
8.379880091683085119e-01
8.462679191755847485e-01
8.542882519331715940e-01
8.620453652993234073e-01
8.695367206866950749e-01
8.767608228016559035e-01
8.837171566042121285e-01
8.904061222807069242e-01
8.968289689842148249e-01
9.029877280515532512e-01
9.088851463525763341e-01
9.145246203684476161e-01
9.199101315325282080e-01
9.250461833019020252e-01
9.299377403609377923e-01
9.345901702920347276e-01
9.390091879841249156e-01
9.432008029877122501e-01
9.471712699671632762e-01
9.509270423473848988e-01
9.544747292034789776e-01
9.578210553988193432e-01
9.609728249394455801e-01
9.639368874807016097e-01
9.667201078955572902e-01
9.693293387927504057e-01
9.717713958564243582e-01
9.740530358668653133e-01
9.761809372537663121e-01
9.781616830286431474e-01
9.800017459410719223e-01
9.817074757037989041e-01
9.832850881340132743e-01
9.847406560617422144e-01
9.860801018610541036e-01
9.873091914652331047e-01
9.884335297330680836e-01
9.894585570397118612e-01
9.903895469720750411e-01
9.912316050153608948e-01
9.919896681240704117e-01
9.926685050775874153e-01
9.932727175272967335e-01
9.938067416490430350e-01
9.942748503216083389e-01
9.946811557586816566e-01
9.950296125284617821e-01
9.953240209014576623e-01
9.955680304731128194e-01
9.957651440134613896e-01
9.959187215009976946e-01
9.960319843021989694e-01
9.961080194616303007e-01
9.961497840702175921e-01
9.961601096811495415e-01
9.961417067440030415e-01
9.960971690282148794e-01
9.960289780071002186e-01
9.959395071734417071e-01
9.958310262574621152e-01
9.957057053179577677e-01
9.955656186777263050e-01
9.954127486753334697e-01
9.952489892068806521e-01
9.950761490338220217e-01
9.948959548360813976e-01
9.947100539936865049e-01
9.945200170848005339e-01
9.943273400932376438e-01
9.941334463241461306e-01
9.939396880323206895e-01
9.937473477733624883e-01
9.935576394934373390e-01
9.933717093784864005e-01
9.931906364882587823e-01
9.930154332043139576e-01
9.928470455240819836e-01
9.926863532351134500e-01
9.925341700047597415e-01
9.923912434207364797e-01
9.922582550173616456e-01
9.921358203208414661e-01
9.920244889448730508e-01
9.919247447652053129e-01
9.918370061987562547e-01
9.917616266095891087e-01
9.916988948606160204e-01
9.916490360264691439e-01
9.916122122796434679e-01
9.915885239588624334e-01
9.915780108257015169e-01
9.915806535128519617e-01
9.915963751650180846e-01
9.916250432713028529e-01
9.916664716860047468e-01
9.917204228329743465e-01
9.917866100870247337e-01
9.918647003242880844e-01
9.919543166318439686e-01
9.920550411653767942e-01
9.921664181420618567e-01
9.922879569543260336e-01
9.924191353886424594e-01
9.925594029321124223e-01
9.927081841483410551e-01
9.928648821030727767e-01
9.930288818192654077e-01
9.931995537408031538e-01
9.933762571838854472e-01
9.935583437553121566e-01
9.937451607173867218e-01
9.939360542799592357e-01
9.941303728011922081e-01
9.943274698798895139e-01
9.945267073236407906e-01
9.947274579785312376e-01
9.949291084077017677e-01
9.951310614075783434e-01
9.953327383520857996e-01
9.955335813565997505e-01
9.957330552547740687e-01
9.959306493827057016e-01
9.961258791661825596e-01
9.963182875080205392e-01
9.965074459737554013e-01
9.966929557752317592e-01
9.968744485529410504e-01
9.970515869593105096e-01
9.972240650465383771e-01
9.973916084639946611e-01
9.975539744716379609e-01
9.977109517773189440e-01
9.978623602071940990e-01
9.980080502197269388e-01
9.981479022748476204e-01
9.982818260707272406e-01
9.984097596612405701e-01
9.985316684675062948e-01
9.986475441968554190e-01
9.987574036821876833e-01
9.988612876539080254e-01
9.989592594555413152e-01
9.990514037127303792e-01
9.991378249637202780e-01
9.992186462577146155e-01
9.992940077257785880e-01
9.993640651273810738e-01
9.994289883743644465e-01
9.994889600332046431e-01
9.995441738060066861e-01
9.995948329908267427e-01
9.996411489226577629e-01
9.996833393977615501e-01
9.997216270858857445e-01
9.997562379371895958e-01
9.997873995932314850e-01
