9.998000372375971390e-01
9.997709086070497575e-01
9.997385960879174860e-01
9.997028960515137452e-01
9.996636069972053562e-01
9.996205308320454952e-01
9.995734741011214064e-01
9.995222491582226310e-01
9.994666752699392642e-01
9.994065796496309773e-01
9.993417984206927063e-01
9.992721775110303684e-01
9.991975734825806477e-01
9.991178543009945345e-01
9.990329000512820912e-01
9.989426036053201674e-01
9.988468712467412081e-01
9.987456232579539073e-01
9.986387944730132915e-01
9.985263347988700966e-01
9.984082097063161632e-01
9.982844006907781731e-01
9.981549057020991933e-01
9.980197395416254835e-01
9.978789342243317151e-01
9.977325393033797951e-01
9.975806221544208929e-01
9.974232682170925957e-01
9.972605811915162821e-01
9.970926831881210539e-01
9.969197148297834765e-01
9.967418353060253366e-01
9.965592223798190874e-01
9.963720723483713293e-01
9.961805999600371608e-01
9.959850382902316612e-01
9.957856385797938525e-01
9.955826700396901430e-01
9.953764196261793984e-01
9.951671917905510201e-01
9.949553082072878363e-01
9.947411074839401790e-01
9.945249448551493066e-01
9.943071918620954852e-01
9.940882360172030863e-01
9.938684804522248672e-01
9.936483435458964841e-01
9.934282585252488529e-01
9.932086730324594104e-01
9.929900486468911103e-01
9.927728603497815163e-01
9.925575959170083173e-01
9.923447552235378222e-01
9.921348494416603048e-01
9.919284001139835327e-01
9.917259380814692493e-01
9.915280022465894350e-01
9.913351381519694971e-01
9.911478963556936694e-01
9.909668305857268766e-01
9.907924956576558140e-01
9.906254451420849483e-01
9.904662287705038315e-01
9.903153895711974686e-01
9.901734607297274504e-01
9.900409621716350639e-01
9.899183968682382373e-01
9.898062468696988692e-01
9.897049690729021743e-01
9.896149907351078356e-01
9.895367047478087486e-01
9.894704646887634292e-01
9.894165796737479646e-01
9.893753090331847133e-01
9.893468568423827714e-01
9.893313663376303024e-01
9.893289142536682013e-01
9.893395051210608360e-01
9.893630655644777283e-01
9.893994386447751976e-01
9.894483782888433554e-01
9.895095438513173969e-01
9.895824948513303188e-01
9.896666859254183990e-01
9.897614620344604708e-01
9.898660539581661810e-01
9.899795741052110909e-01
9.901010126608000839e-01
9.902292340864110587e-01
9.903629739789722164e-01
9.905008362890037610e-01
9.906412908895901870e-01
9.907826714806922119e-01
9.909231738065069628e-01
9.910608541575585129e-01
9.911936281241122693e-01
9.913192695634914786e-01
9.914354097410236211e-01
9.915395366026886759e-01
9.916289941371013716e-01
9.917009817851965003e-01
9.917525538578729760e-01
9.917806189248038473e-01
9.917819391416070607e-01
9.917531294875007175e-01
9.916906568914241049e-01
9.915908392313325104e-01
9.914498441989738620e-01
9.912636880309275700e-01
9.910282341160491226e-01
9.907391914997520921e-01
9.903921133167984392e-01
9.899823951964851210e-01
9.895052736972932417e-01
9.889558248421755904e-01
9.883289628405951266e-01
9.876194390990222782e-01
9.868218416376266511e-01
9.859305950470259594e-01
9.849399611347846584e-01
9.838440404264199302e-01
9.826367746994311148e-01
9.813119507407643827e-01
9.798632055275768860e-01
9.782840330376075810e-01
9.765677928984075606e-01
9.747077210836714301e-01
9.726969428596451417e-01
9.705284881748258430e-01
9.681953096718601826e-01
9.656903034817120313e-01
9.630063329370026626e-01
9.601362553141827849e-01
9.570729516832514605e-01
9.538093599095195385e-01
9.503385108148900695e-01
9.466535674667941880e-01
9.427478675217593196e-01
9.386149685081093264e-01
9.342486958889457682e-01
9.296431937028279968e-01
9.247929775358936233e-01
9.196929895360025364e-01
9.143386551373082760e-01
9.087259411229556827e-01
9.028514146148625130e-01
8.967123025433464401e-01
8.903065511162351342e-01
8.836328847776967477e-01
8.766908641219289811e-01
8.694809422067062421e-01
8.620045186971887485e-01
8.542639912619469644e-01
8.462628036413537558e-01
8.380054898137867525e-01
8.294977136977952359e-01
8.207463038487222695e-01
8.117592826362360903e-01
8.025458894247303743e-01
7.931165973211985465e-01
7.834831231044874222e-01
7.736584300050179941e-01
7.636567230642177240e-01
7.534934368669310434e-01
7.431852155067519838e-01
7.327498847122286829e-01
7.222064161298940022e-01
7.115748838267558218e-01
7.008764131390017305e-01
6.901331220541663258e-01
6.793680553699859015e-01
6.686051119239817542e-01
6.578689652331231041e-01
6.471849779225923305e-01
6.365791103569449216e-01
6.260778239162060332e-01
6.157079793843560633e-01
6.054967309389938102e-01
5.954714162496230756e-01
5.856594432088770841e-01
5.760881738369856286e-01
5.667848059155149443e-01
5.577762529226519828e-01
5.490890228591998046e-01
5.407490965723364962e-01
5.327818062027722679e-01
5.252117143999771587e-01
5.180624949689629499e-01
5.113568156299188594e-01
5.051162235879057549e-01
4.993610346227070895e-01
4.941102264178216519e-01
4.893813368513267870e-01
4.851903679690372506e-01
4.815516963511627946e-01
4.784779905668681277e-01
4.759801363863012114e-01
4.740671703865669828e-01
4.727462225467845558e-01
4.720224683779677965e-01
4.718990910765156199e-01
4.723772541261405111e-01
4.734560847028903563e-01
4.751326681623727621e-01
4.774020538082742737e-01
4.802572720577455989e-01
4.836893630330595384e-01
4.876874165210525192e-01
4.922386231530263556e-01
4.973283365687568569e-01
5.029401462396920763e-01
5.090559605389772813e-01
5.156560995601373598e-01
5.227193971027425112e-01
5.302233111626657447e-01
5.381440421873354696e-01
5.464566582833413344e-01
5.551352264956364024e-01
5.641529492153145586e-01
5.734823047174398836e-01
5.830951907826912306e-01
5.929630703177782847e-01
6.030571178606964899e-01
6.133483658390346260e-01
6.238078494436223309e-01
6.344067489866804799e-01
6.451165286338913507e-01
6.559090704338611522e-01
6.667568026163546158e-01
6.776328211923090539e-01
6.885110039633250967e-01
6.993661161353308398e-01
7.101739068291395007e-01
7.209111958882051807e-01
7.315559504992873441e-01
7.420873512629764246e-01
7.524858474759891225e-01
7.627332015136243371e-01
7.728125223264994403e-01
7.827082881884703802e-01
7.924063589503358429e-01
8.018939781645572085e-01
8.111597655480021762e-01
8.201937003410615379e-01
8.289870962011202105e-01
8.375325683352444761e-01
8.458239936303875162e-01
8.538564645789956664e-01
8.616262378235317598e-01
8.691306781553318483e-01
8.763681988018624525e-01
8.833381988226041148e-01
8.900409984084642900e-01
8.964777728439901061e-01
9.026504858470854042e-01
9.085618229489113018e-01
9.142151255187133119e-01
9.196143259760632960e-01
9.247638846679975266e-01
9.296687288222756917e-01
9.343341939219074188e-01
9.387659677814691461e-01
9.429700375436942394e-01
9.469526397563271525e-01
9.507202136350435540e-01
9.542793575689458851e-01
9.576367888811213591e-01
9.607993068182236751e-01
9.637737587100395631e-01
9.665670092124394319e-01
9.691859125247448414e-01
9.716372874550508465e-01
9.739278951940030238e-01
9.760644196484772328e-01
9.780534501810471681e-01
9.799014665985357198e-01
9.816148262328370233e-01
9.831997529590789098e-01
9.846623279996501443e-01
9.860084823672532472e-01
9.872439908056434010e-01
9.883744670928085174e-01
9.894053605778515559e-01
9.903419538295874514e-01
9.911893612817849197e-01
9.919525287669999081e-01
9.926362338380223527e-01
9.932450867830744379e-01
9.937835322480155220e-01
9.942558513859038882e-01
9.946661644612569964e-01
9.950184338431853348e-01
9.953164673281252872e-01
9.955639217390663820e-01
9.957643067538177739e-01
9.959209889198872290e-01
9.960371958178350082e-01
9.961160203384586964e-01
9.961604250418226725e-01
9.961732465679925541e-01
9.961572000704344010e-01
9.961148836435105292e-01
9.960487827155165563e-01
9.959612743784436173e-01
9.958546316253368280e-01
9.957310274659799676e-01
9.955925388918589469e-01
9.954411506621365646e-01
9.952787588838361010e-01
9.951071743616708432e-01
9.949281256960053055e-01
9.947432621112551887e-01
9.945541560015649374e-01
9.943623051856982364e-01
9.941691348685908203e-01
9.939759993127499360e-01
9.937841832284461940e-01
9.935949028972224095e-01
9.934093070484601995e-01
9.932284775134180288e-01
9.930534296851525333e-01
9.928851128159356110e-01
9.927244101861250059e-01
9.925721391798826287e-01
9.924290513036786443e-01
9.922958321831916173e-01
9.921731015730885783e-01
9.920614134123318939e-01
9.919612559552201114e-01
9.918730520054546140e-01
9.917971592772685252e-01
9.917338709041783051e-01
9.916834161123587732e-01
9.916459610721052309e-01
9.916216099374237647e-01
9.916104060805577269e-01
9.916123335252576831e-01
9.916273185798655243e-01
9.916552316687969881e-01
9.916958893587721757e-01
9.917490565741108322e-01
9.918144489935537544e-01
9.918917356193495127e-01
9.919805415077168620e-01
9.920804506482509000e-01
9.921910089783519959e-01
9.923117275173494178e-01
9.924420856036644256e-01
9.925815342171641076e-01
9.927294993678112967e-01
9.928853855308870102e-01
9.930485791084651126e-01
9.932184518965042619e-01
9.933943645368951136e-01
9.935756699340820841e-01
9.937617166164354199e-01
9.939518520233822096e-01
9.941454257003493611e-01
9.943417923848055784e-01
9.945403149680376309e-01
9.947403673187310558e-01
9.949413369558839371e-01
9.951426275600377958e-01
9.953436613132328192e-01
9.955438810594662291e-01
9.957427522787635210e-01
9.959397648692507321e-01
9.961344347328741078e-01
9.963263051616612076e-01
9.965149480226760392e-01
9.966999647411114438e-01
9.968809870822962216e-01
9.970576777347803787e-01
9.972297306980888454e-01
9.973968714802050606e-01
9.975588571113171987e-01
9.977154759818122054e-01
9.978665475138926988e-01
9.980119216774567814e-01
9.981514783619883646e-01
9.982851266170745808e-01
9.984128037747689310e-01
9.985344744672900452e-01
9.986501295534619960e-01
9.987597849668422567e-01
9.988634804976554982e-01
9.989612785194762479e-01
9.990532626701450480e-01
9.991395364947375235e-01
9.992202220566306359e-01
9.992954585209665730e-01
9.993654007132126704e-01
9.994302176542119165e-01
9.994900910722209764e-01
9.995452138920551954e-01
9.995957887016712062e-01
9.996420261973469890e-01
9.996841436100459832e-01
9.997223631175119474e-01
9.997569102490130311e-01
9.997880122922797597e-01
