9.997999098805465668e-01
9.997707704984498678e-01
9.997384473907200420e-01
9.997027371202195090e-01
9.996634383944783542e-01
9.996203533428380528e-01
9.995732887438872893e-01
9.995220571928716824e-01
9.994664782022769645e-01
9.994063792321241646e-01
9.993415966495045044e-01
9.992719766193721709e-01
9.991973759305223801e-01
9.991176627619671180e-01
9.990327173955803053e-01
9.989424328809786147e-01
9.988467156582037099e-01
9.987454861429891917e-01
9.986386792783457089e-01
9.985262450550000946e-01
9.984081490019960370e-01
9.982843726475937318e-01
9.981549139495832224e-01
9.980197876933025736e-01
9.978790258550632730e-01
9.977326779283471891e-01
9.975808112100517100e-01
9.974235110442010166e-01
9.972608810208922758e-01
9.970930431287624573e-01
9.969201378599189534e-01
9.967423242670210293e-01
9.965597799729993822e-01
9.963727011347092155e-01
9.961813023625873953e-01
9.959858165990868040e-01
9.957864949592448722e-01
9.955836065371758137e-01
9.953774381825087891e-01
9.951682942507993346e-01
9.949564963316914756e-01
9.947423829580696042e-01
9.945263092986141862e-01
9.943086468350473828e-01
9.940897830239447952e-01
9.938701209413166593e-01
9.936500789062586714e-01
9.934300900779055032e-01
9.932106020177301486e-01
9.929920762070149065e-01
9.927749875071387731e-01
9.925598235482804288e-01
9.923470840303019180e-01
9.921372799180430135e-01
9.919309325120962972e-01
9.917285723753995752e-01
9.915307380957357752e-01
9.913379748644808309e-01
9.911508328527067757e-01
9.909698653670044877e-01
9.907956267691135910e-01
9.906286701455772059e-01
9.904695447161272481e-01
9.903187929722715444e-01
9.901769475405500787e-01
9.900445277680810507e-01
9.899220360312824818e-01
9.898099537720079777e-01
9.897087372687378704e-01
9.896188131539220834e-01
9.895405736920709350e-01
9.894743718367310370e-01
9.894205160880581440e-01
9.893792651762836066e-01
9.893508225999164685e-01
9.893353310509619414e-01
9.893328667626678508e-01
9.893434338182098831e-01
9.893669584611453072e-01
9.894032834502547447e-01
9.894521625023859901e-01
9.895132548669822725e-01
9.895861200749955788e-01
9.896702129027863393e-01
9.897648785883647049e-01
9.898693483329683573e-01
9.899827351155904287e-01
9.901040298418043450e-01
9.902320978412851860e-01
9.903656757210198558e-01
9.905033685735915583e-01
9.906436475323754376e-01
9.907848476582611363e-01
9.909251661358429164e-01
9.910626607511228148e-01
9.911952486177986188e-01
9.913207051153070104e-01
9.914366629990277735e-01
9.915406116414735571e-01
9.916298963628983332e-01
9.917017178105215214e-01
9.917531313474432508e-01
9.917810464152592154e-01
9.917822258383025558e-01
9.917532850422993151e-01
9.916906911659639778e-01
9.915907620506693165e-01
9.914496651007745909e-01
9.912634160155164853e-01
9.910278774025658155e-01
9.907387572934848174e-01
9.903916075924080742e-01
9.899818225013513606e-01
9.895046369786257845e-01
9.889551253008611598e-01
9.883281998140311941e-01
9.876186099744616032e-01
9.868209417968536457e-01
9.859296178425420720e-01
9.849388978971266306e-01
9.838428805017909173e-01
9.826355055165071350e-01
9.813105579053472693e-01
9.798616729436978590e-01
9.782823430537257448e-01
9.765659264774655401e-01
9.747056579959473277e-01
9.726946618975261805e-01
9.705259673888047001e-01
9.681925266271710351e-01
9.656872355350671899e-01
9.630029575328242775e-01
9.601325502995508021e-01
9.570688956404932446e-01
9.538049325049670069e-01
9.503336931618383554e-01
9.466483425001380736e-01
9.427422203812009238e-01
9.386088869262441126e-01
9.342421705799967002e-01
9.296362187473335981e-01
9.247855507563012001e-01
9.196851128578942269e-01
9.143303349309133132e-01
9.087171885196789756e-01
9.028422457937944623e-01
8.967027389830870554e-01
8.902966198078622329e-01
8.836226183953012070e-01
8.766803011478041530e-01
8.694701270089846279e-01
8.619935015584438975e-01
8.542528283579877701e-01
8.462515569701205553e-01
8.379942270748866884e-01
8.294865081238000926e-01
8.207352339898437155e-01
8.117484321004555525e-01
8.025353465758223726e-01
7.931064549374042816e-01
7.834734780008369981e-01
7.736493826224803971e-01
7.636483770289679285e-01
7.534858985230465933e-01
7.431785934255992210e-01
7.327442891816269288e-01
7.222019586258765500e-01
7.115716764703264863e-01
7.008745681397567928e-01
6.901327511419598215e-01
6.793692692150239409e-01
6.686080195448251828e-01
6.578736733910981460e-01
6.471915905001317526e-01
6.365877277164405657e-01
6.260885422351352148e-01
6.157208899618367148e-01
6.055119194686073847e-01
5.954889620534018491e-01
5.856794184278701909e-01
5.761106425748284687e-01
5.668098233330165492e-01
5.578038642835376759e-01
5.491192625298368934e-01
5.407819869814070035e-01
5.328173567704346247e-01
5.252499204498619623e-01
5.181033366402776341e-01
5.114002568108013680e-01
5.051622108947411149e-01
4.994094964532518333e-01
4.941610721084066515e-01
4.894344559700015695e-01
4.852456297770934013e-01
4.816089494649186120e-01
4.785370628498172296e-01
4.760408350987709314e-01
4.741292826158398643e-01
4.728095159353680188e-01
4.720866921614832457e-01
4.719639774356882977e-01
4.724425198498533041e-01
4.735214331514825403e-01
4.751977915125600305e-01
4.774666355535663875e-01
4.803209897312423760e-01
4.837518911133170674e-01
4.877484294765053185e-01
4.922977985764009912e-01
4.973853583501460784e-01
5.029947077255431109e-01
5.091077676241948513e-01
5.157048736617830809e-01
5.227648779663570666e-01
5.302652594559154053e-01
5.381822418403595654e-01
5.464909185406420233e-01
5.551653836504881756e-01
5.641788680041747162e-01
5.735038793586398898e-01
5.831123456504958558e-01
5.929757602495961955e-01
6.030653281016570277e-01
6.133521116341558166e-01
6.238071752933114222e-01
6.344017275862191552e-01
6.451072595218256822e-01
6.558956783778002730e-01
6.667394357675688887e-01
6.776116490426826733e-01
6.884862151397269647e-01
6.993379160673014461e-01
7.101425153259817158e-01
7.208768446612079384e-01
7.315188806638794894e-01
7.420478108541900264e-01
7.524440890087615852e-01
7.626894796172110080e-01
7.727670914796844759e-01
7.826614005793920414e-01
7.923582624816477571e-01
8.018449146213865175e-01
8.111099689427987425e-01
8.201433954460157771e-01
8.289364972754242888e-01
8.374818780511423810e-01
8.457734021987461936e-01
8.538061490720973978e-01
8.615763616899752009e-01
8.690813909193715325e-01
8.763196359372517064e-01
8.832904817890534499e-01
8.899942348372055223e-01
8.964320568576519266e-01
9.026058984981413236e-01
9.085184327603490484e-01
9.141729891102923222e-01
9.195734887595419238e-01
9.247243815950265677e-01
9.296305851692249211e-01
9.342974260967080724e-01
9.387305841385750194e-01
9.429360391944693331e-01
9.469200213635124985e-01
9.506889641814185721e-01
9.542494610918315079e-01
9.576082251659476796e-01
9.607720520459559488e-01
9.637477860547974950e-01
9.665422893871100651e-01
9.691624142737528258e-01
9.716149779946838816e-01
9.739067406017645201e-01
9.760443852038428458e-01
9.780345006607217284e-01
9.798835665298378794e-01
9.815979401091862178e-01
9.831838454217330936e-01
9.846473639898543073e-01
9.859944272528369247e-01
9.872308104858631417e-01
9.883621280849091972e-01
9.893938300884285164e-01
9.903311998134101124e-01
9.911793524903069752e-01
9.919432347883514467e-01
9.926276251298814524e-01
9.932371346994460781e-01
9.937762090606336862e-01
9.942491303006987247e-01
9.946600196301219610e-01
9.950128403711103742e-01
9.953114012756513196e-01
9.955593601199419496e-01
9.957602275277086523e-01
9.959173709799867824e-01
9.960340189732518335e-01
9.961132652913058383e-01
9.961580733590013059e-01
9.961712806477436288e-01
9.961556031038238945e-01
9.961136395711158720e-01
9.960478761796851543e-01
9.959606906716056418e-01
9.958543566349623566e-01
9.957310476168791391e-01
9.955928410866259348e-01
9.954417222206320970e-01
9.952795874826898537e-01
9.951082479748500909e-01
9.949294325375472869e-01
9.947447905812882851e-01
9.945558946367385467e-01
9.943642426151119151e-01
9.941712597762423220e-01
9.939783004074171924e-01
9.937866492217726222e-01
9.935975224905915226e-01
9.934120689290255601e-01
9.932313703594034537e-01
9.930564421802620112e-01
9.928882336724232927e-01
9.927276281757815291e-01
9.925754431719130411e-01
9.924324303081887289e-01
9.922992753987819325e-01
9.921765984368891012e-01
9.920649536507076816e-01
9.919648296333486437e-01
9.918766495740255484e-01
9.918007716146780561e-01
9.917374893527912683e-01
9.916870325076768689e-01
9.916495677639908246e-01
9.916251998028832171e-01
9.916139725279528028e-01
9.916158704901790744e-01
9.916308205132405851e-01
9.916586935181054274e-01
9.916993065434848154e-01
9.917524249566416206e-01
9.918177648471152574e-01
9.918949955941260832e-01
9.919837425967201749e-01
9.920835901541068536e-01
9.921940844820980043e-01
9.923147368501095134e-01
9.924450268218362181e-01
9.925844055815034039e-01
9.927322993265653706e-01
9.928881127069033585e-01
9.930512322900174604e-01
9.932210300314224805e-01
9.933968667294794663e-01
9.935780954442118285e-01
9.937640648602600324e-01
9.939541225749944919e-01
9.941476182938825401e-01
9.943439069164632382e-01
9.945423514976486912e-01
9.947423260705122727e-01
9.949432183181867728e-01
9.951444320839433200e-01
9.953453897099364678e-01
9.955455341964650762e-01
9.957443311749055725e-01
9.959412706887466049e-01
9.961358687783925525e-01
9.963276688666373726e-01
9.965162429429601509e-01
9.967011925460720345e-01
9.968821495454754933e-01
9.970587767241745336e-01
9.972307681661081169e-01
9.973978494533447536e-01
9.975597776795577243e-01
9.977163412877575466e-01
9.978673597416540808e-01
9.980126830412990868e-01
9.981521910947691589e-01
9.982857929585307044e-01
9.984134259597342576e-01
9.985350547139588695e-01
9.986506700518453794e-01
9.987602878675936324e-01
9.988639479014654876e-01
9.989617124672514059e-01
9.990536651341888064e-01
9.991399093711409440e-01
9.992205671590587146e-01
9.992957775759887529e-01
9.993656953572789270e-01
9.994304894323169375e-01
9.994903414382366735e-01
9.995454442106455062e-01
9.995960002516423026e-01
9.996422201762249493e-01
9.996843211396317930e-01
9.997225252501278359e-01
9.997570579741390517e-01
9.997881465432746362e-01
