9.997981125755309728e-01
9.997687528781254995e-01
9.997361941266511565e-01
9.997002334691125203e-01
9.996606704406142407e-01
9.996173082429303802e-01
9.995699549692927954e-01
9.995184247640165331e-01
9.994625389102723689e-01
9.994021268428190385e-01
9.993370270856469784e-01
9.992670881171180630e-01
9.991921691671993289e-01
9.991121409527586872e-01
9.990268863575983982e-01
9.989363010640180951e-01
9.988402941422812598e-01
9.987387886035385964e-01
9.986317219206464202e-01
9.985190465200350918e-01
9.984007302464549261e-01
9.982767568011560178e-01
9.981471261529277772e-01
9.980118549204998191e-01
9.978709767241241702e-01
9.977245425037432058e-01
9.975726208009908502e-01
9.974152980023656134e-01
9.972526785412250128e-01
9.970848850567374244e-01
9.969120585085607944e-01
9.967343582467406149e-01
9.965519620370936194e-01
9.963650660431180306e-01
9.961738847662056084e-01
9.959786509465747839e-01
9.957796154278616418e-01
9.955770469886570107e-01
9.953712321444220246e-01
9.951624749231390288e-01
9.949510966177141924e-01
9.947374355175530036e-01
9.945218466208575192e-01
9.943047013280621460e-01
9.940863871154446141e-01
9.938673071863531883e-01
9.936478800957176949e-01
9.934285393416086851e-01
9.932097329156368559e-01
9.929919228020103183e-01
9.927755844131500584e-01
9.925612059479866911e-01
9.923492876574862009e-01
9.921403410006460755e-01
9.919348876732257958e-01
9.917334584908699124e-01
9.915365921080910860e-01
9.913448335548176171e-01
9.911587325728830056e-01
9.909788417359384205e-01
9.908057143377752007e-01
9.906399020359226704e-01
9.904819522395950093e-01
9.903324052335609196e-01
9.901917910322483030e-01
9.900606259613505822e-01
9.899394089673277941e-01
9.898286176584797369e-01
9.897287040846960426e-01
9.896400902665439814e-01
9.895631634880314165e-01
9.894982713711677480e-01
9.894457167542911602e-01
9.894057524000151593e-01
9.893785755624638911e-01
9.893643224471410091e-01
9.893630626001660433e-01
9.893747932665718503e-01
9.893994337597273869e-01
9.894368198855536534e-01
9.894866984658876596e-01
9.895487220049837829e-01
9.896224435416148824e-01
9.897073117265082765e-01
9.898026661609251597e-01
9.899077330271258690e-01
9.900216210353988133e-01
9.901433177054457246e-01
9.902716859924334258e-01
9.904054612602278818e-01
9.905432485964760225e-01
9.906835204566083464e-01
9.908246146167447588e-01
9.909647324091588327e-01
9.911019372085909662e-01
9.912341531334386557e-01
9.913591639228265251e-01
9.914746119487887199e-01
9.915779973223124433e-01
9.916666770527503560e-01
9.917378642220339158e-01
9.917886271381388674e-01
9.918158884362487937e-01
9.918164241009395088e-01
9.917868623883715484e-01
9.917236826338494682e-01
9.916232139371288223e-01
9.914816337255012435e-01
9.912949662029536535e-01
9.910590807026090632e-01
9.907696899692562953e-01
9.904223484091073670e-01
9.900124503550538080e-01
9.895352284076488480e-01
9.889857519248324014e-01
9.883589257470085654e-01
9.876494892583528307e-01
9.868520159000190306e-01
9.859609132659388209e-01
9.849704239268287642e-01
9.838746271424023693e-01
9.826674416351145469e-01
9.813426296105005608e-01
9.798938022187231311e-01
9.783144266587221471e-01
9.765978351298438831e-01
9.747372358355091970e-01
9.727257262389901182e-01
9.705563087624093921e-01
9.682219091065288330e-01
9.657153973507098810e-01
9.630296119697562274e-01
9.601573868773961573e-01
9.570915815752859546e-01
9.538251144520388802e-01
9.503509992393738282e-01
9.466623845925850045e-01
9.427525967206700219e-01
9.386151849481922937e-01
9.342439700468156971e-01
9.296330951299793810e-01
9.247770788598898006e-01
9.196708706724130433e-01
9.143099076830534244e-01
9.086901728965363079e-01
9.028082543040654162e-01
8.966614044166723030e-01
8.902475997507263150e-01
8.835655997532354533e-01
8.766150046305586363e-01
8.693963115251929219e-01
8.619109684718877507e-01
8.541614255570493253e-01
8.461511827046412915e-01
8.378848335180142382e-01
8.293681046205563234e-01
8.206078899589565046e-01
8.116122795612248364e-01
8.023905822772839924e-01
7.929533420726195825e-01
7.833123474946093179e-01
7.734806339860582636e-01
7.634724787802062984e-01
7.533033881749963134e-01
7.429900770504695995e-01
7.325504405604843505e-01
7.220035179971959760e-01
7.113694488925808024e-01
7.006694214844628732e-01
6.899256137340026296e-01
6.791611271364551561e-01
6.683999136166811628e-01
6.576666958449810529e-01
6.469868813473069746e-01
6.363864708170491324e-01
6.258919610638602471e-01
6.155302430591569340e-01
6.053284955588662530e-01
5.953140748026934936e-01
5.855144008066337502e-01
5.759568407826298753e-01
5.666685902369155148e-01
5.576765523173722316e-01
5.490072160004384472e-01
5.406865337298649710e-01
5.327397991426381374e-01
5.251915255412065164e-01
5.180653257948771850e-01
5.113837943759345084e-01
5.051683922563923179e-01
4.994393354080463032e-01
4.942154876602675717e-01
4.895142586754493985e-01
4.853515078000109062e-01
4.817414545383349456e-01
4.786965963772302768e-01
4.762276346589587872e-01
4.743434091613911718e-01
4.730508419946195531e-01
4.723548913648043523e-01
4.722585156888983171e-01
4.727626484692567521e-01
4.738661842559898085e-01
4.755659759388007890e-01
4.778568435200947206e-01
4.807315944288848009e-01
4.841810553416442398e-01
4.881941153830394731e-01
4.927577804874027079e-01
4.978572386118461646e-01
5.034759354047186886e-01
5.095956598493249778e-01
5.161966393228560879e-01
5.232576434346591920e-01
5.307560959366575126e-01
5.386681939321069645e-01
5.469690335473267329e-01
5.556327411748525069e-01
5.646326093461944140e-01
5.739412362484670460e-01
5.835306678623886079e-01
5.933725416702044786e-01
6.034382308618301272e-01
6.136989879567990025e-01
6.241260867592561823e-01
6.346909615740496946e-01
6.453653426345336008e-01
6.561213867274966471e-01
6.669318020478209874e-01
6.777699663750424985e-01
6.886100377355007796e-01
6.994270567965773511e-01
7.101970403325925663e-01
7.208970652039753402e-01
7.315053424007338378e-01
7.420012808162762541e-01
7.523655405362463799e-01
7.625800755471935366e-01
7.726281658894479376e-01
7.824944393953792154e-01
7.921648832662675499e-01
8.016268458463486901e-01
8.108690290495063069e-01
8.198814719810287865e-01
8.286555263725711162e-01
8.371838245119884725e-01
8.454602404003204175e-01
8.534798449055535086e-01
8.612388557067529593e-01
8.687345828329756658e-01
8.759653705995136264e-01
8.829305367302395791e-01
8.896303094300772596e-01
8.960657631370870790e-01
9.022387536406352160e-01
9.081518532020467216e-01
9.138082862585235056e-01
9.192118662314512356e-01
9.243669338980469163e-01
9.292782977220387375e-01
9.339511764760815016e-01
9.383911444271159086e-01
9.426040792969468951e-01
9.465961131548457086e-01
9.503735863476847623e-01
9.539430045265381297e-01
9.573109987871557536e-01
9.604842889054314714e-01
9.634696496179411263e-01
9.662738798717064315e-01
9.689037749462803273e-01
9.713661013347181239e-01
9.736675742575661152e-01
9.758148376752063813e-01
9.778144466582404659e-01
9.796728519726003448e-01
9.813963867352447634e-01
9.829912549972162905e-01
9.844635221130895175e-01
9.858191067591143275e-01
9.870637744663691704e-01
9.882031325397971910e-01
9.892426262389424352e-01
9.901875361014529364e-01
9.910429762959243050e-01
9.918138938963896312e-01
9.925050689767317413e-01
9.931211154294768972e-01
9.936664824198321311e-01
9.941454563923904919e-01
9.945621635546014749e-01
9.949205727677853384e-01
9.952244987830323186e-01
9.954776057656448129e-01
9.956834110576829877e-01
9.958452891335288770e-01
9.959664757080619601e-01
9.960500719609384213e-01
9.960990488435447210e-01
9.961162514374484189e-01
9.961044033346562188e-01
9.960661110108145477e-01
9.960038681628167190e-01
9.959200599823002653e-01
9.958169673364409835e-01
9.956967708275066276e-01
9.955615547030177703e-01
9.954133105892634115e-01
9.952539410224739980e-01
9.950852627542465800e-01
9.949090098108810398e-01
9.947268362900915095e-01
9.945403188830314045e-01
9.943509591145722748e-01
9.941601853001521549e-01
9.939693542230708667e-01
9.937797525416430799e-01
9.935925979409446773e-01
9.934090400488021499e-01
9.932301611400237151e-01
9.930569766565146006e-01
9.928904355737655507e-01
9.927314206461886892e-01
9.925807485648814321e-01
9.924391700616446155e-01
9.923073699925142321e-01
9.921859674327795364e-01
9.920755158135426965e-01
9.919765031274697664e-01
9.918893522286046371e-01
9.918144212481112554e-01
9.917520041446918899e-01
9.917023314053281524e-01
9.916655709089828852e-01
9.916418289630677396e-01
9.916311515198620308e-01
9.916335255776764779e-01
9.916488807693851770e-01
9.916770911389671816e-01
9.917179771048593162e-01
9.917713076071762446e-01
9.918368024341369660e-01
9.919141347213155102e-01
9.920029336155676836e-01
9.921027870936584003e-01
9.922132449237487384e-01
9.923338217560104813e-01
9.924640003267798383e-01
9.926032347589051064e-01
9.927509539393513105e-01
9.929065649537774929e-01
9.930694565567642629e-01
9.932390026556942031e-01
9.934145657860031786e-01
9.935955005556541542e-01
9.937811570372024894e-01
9.939708840867147455e-01
9.941640325699968583e-01
9.943599584780378198e-01
9.945580259151945990e-01
9.947576099453727672e-01
9.949580992832209869e-01
9.951588988191006901e-01
9.953594319682846914e-01
9.955591428364277684e-01
9.957574981948620341e-01
9.959539892606699141e-01
9.961481332778163722e-01
9.963394748968920078e-01
9.965275873522567718e-01
9.967120734366071710e-01
9.968925662742463834e-01
9.970687298956164568e-01
9.972402596169838151e-01
9.974068822305245385e-01
9.975683560114348980e-01
9.977244705500627475e-01
9.978750464183703262e-01
9.980199346812667072e-01
9.981590162644180531e-01
9.982922011910125848e-01
9.984194277005676854e-01
9.985406612631588796e-01
9.986558935024097972e-01
9.987651410401610086e-01
9.988684442749555803e-01
9.989658661053523181e-01
9.990574906076562511e-01
9.991434216760237685e-01
9.992237816311474452e-01
9.992987098019875392e-01
9.993683610834158682e-01
9.994329044713085031e-01
9.994925215757083370e-01
9.995474051122543724e-01
9.995977573722494292e-01
9.996437886725146882e-01
9.996857157875607136e-01
9.997237603685228402e-01
9.997581473556359510e-01
9.997891033936228133e-01
