9.997977016676876660e-01
9.997682689511716569e-01
9.997356272983969339e-01
9.996995730932674018e-01
9.996599051407566439e-01
9.996164259625685000e-01
9.995689430383718488e-01
9.995172699817919115e-01
9.994612276439976961e-01
9.994006451412261738e-01
9.993353608057333748e-01
9.992652230623226828e-01
9.991900912346700636e-01
9.991098362870955985e-01
9.990243415082274980e-01
9.989335031432031720e-01
9.988372309807382887e-01
9.987354489006692315e-01
9.986280953865559473e-01
9.985151240067374756e-01
9.983965038659818880e-01
9.982722200286642256e-01
9.981422739133193334e-01
9.980066836575216538e-01
9.978654844513715760e-01
9.977187288374409491e-01
9.975664869748527286e-01
9.974088468652204664e-01
9.972459145384341417e-01
9.970778141967172603e-01
9.969046883159481398e-01
9.967266977039099807e-01
9.965440215158534176e-01
9.963568572284864366e-01
9.961654205741996559e-01
9.959699454379570271e-01
9.957706837197753957e-01
9.955679051660605294e-01
9.953618971732065557e-01
9.951529645667825941e-01
9.949414293592915293e-01
9.947276304888758025e-01
9.945119235404584757e-01
9.942946804496438640e-01
9.940762891882808372e-01
9.938571534289399878e-01
9.936376921837146714e-01
9.934183394107752862e-01
9.931995435800587968e-01
9.929817671874139329e-01
9.927654862045468542e-01
9.925511894502772048e-01
9.923393778670147602e-01
9.921305636850655807e-01
9.919252694564355544e-01
9.917240269392761931e-01
9.915273758140342730e-01
9.913358622127563802e-01
9.911500370438458551e-01
9.909704540958621521e-01
9.907976679056584857e-01
9.906322313782212063e-01
9.904746931479505578e-01
9.903255946737603566e-01
9.901854670632036504e-01
9.900548276238275713e-01
9.899341761430708875e-01
9.898239909012326310e-01
9.897247244253472021e-01
9.896367989951935229e-01
9.895606019161542477e-01
9.894964805772189509e-01
9.894447373160769610e-01
9.894056241169452148e-01
9.893793371704633355e-01
9.893660113285673852e-01
9.893657144906217171e-01
9.893784419600879509e-01
9.894041108134802309e-01
9.894425543251271771e-01
9.894935164921511150e-01
9.895566467039468295e-01
9.896314945991608880e-01
9.897175051506738042e-01
9.898140140153547373e-01
9.899202431804297042e-01
9.900352969323027441e-01
9.901581581667483478e-01
9.902876850517988716e-01
9.904226080466211890e-01
9.905615272715214692e-01
9.907029102162210332e-01
9.908450897660029399e-01
9.909862625184974183e-01
9.911244873579941883e-01
9.912576842494115192e-01
9.913836332105545601e-01
9.914999734191380920e-01
9.916042024102587060e-01
9.916936753205598531e-01
9.917656041371959441e-01
9.918170569127690017e-01
9.918449569116101205e-01
9.918460816579720563e-01
9.918170618628106006e-01
9.917543802127499752e-01
9.916543700124906824e-01
9.915132136802605745e-01
9.913269411049238089e-01
9.910914278830238455e-01
9.908023934643805930e-01
9.904553992459022016e-01
9.900458466650454703e-01
9.895689753568709390e-01
9.890198614518861397e-01
9.883934161057797985e-01
9.876843843666113232e-01
9.868873444998406130e-01
9.859967079064883011e-01
9.850067197843594968e-01
9.839114606962140464e-01
9.827048492215383346e-01
9.813806458796218157e-01
9.799324585204246540e-01
9.783537493856833134e-01
9.766378440453375998e-01
9.747779424132338999e-01
9.727671320408154410e-01
9.705984038779184031e-01
9.682646706757290778e-01
9.657587881884495129e-01
9.630735793073793571e-01
9.602018612342018145e-01
9.571364757695963732e-01
9.538703227592729705e-01
9.503963967026057835e-01
9.467078264897007545e-01
9.427979181914568629e-01
9.386602007844807583e-01
9.342884746490637271e-01
9.296768626343273612e-01
9.248198634405686569e-01
9.197124070252762351e-01
9.143499116967510609e-01
9.087283425182637320e-01
9.028442706067681955e-01
8.966949328739258762e-01
8.902782917241922611e-01
8.835930941955664197e-01
8.766389300039519883e-01
8.694162879325260107e-01
8.619266099936664371e-01
8.541723427833982640e-01
8.461569854474783048e-01
8.378851336845530851e-01
8.293625192255734691e-01
8.205960442500213059e-01
8.115938102284462330e-01
8.023651407172083250e-01
7.929205976747526474e-01
7.832719909186751650e-01
7.734323803985004853e-01
7.634160710195300181e-01
7.532385998172494990e-01
7.429167153483366981e-01
7.324683492320231970e-01
7.219125798430201524e-01
7.112695882231979683e-01
7.005606063424051344e-01
6.898078578982347331e-01
6.790344918992905487e-01
6.682645093259913516e-01
6.575226832068571392e-01
6.468344724864716344e-01
6.362259300942231244e-01
6.257236056509147826e-01
6.153544432741960835e-01
6.051456749643289168e-01
5.951247100700436388e-01
5.853190213511575424e-01
5.757560281711464611e-01
5.664629773697775761e-01
5.574668223838434855e-01
5.487941012034023291e-01
5.404708137717745275e-01
5.325222994597871295e-01
5.249731152678518420e-01
5.178469154327527413e-01
5.111663331385341014e-01
5.049528650514759631e-01
4.992267594165902267e-01
4.940069084660454468e-01
4.893107458971630574e-01
4.851541501778963150e-01
4.815513544299406812e-01
4.785148636230688313e-01
4.760553797881725835e-01
4.741817359206983440e-01
4.729008392004750982e-01
4.722176240987711049e-01
4.721350158791723928e-01
4.726539049264480985e-01
4.737731322578750959e-01
4.754894864856982206e-01
4.777977124087234850e-01
4.806905313168315930e-01
4.841586729956526280e-01
4.881909193211338982e-01
4.927741592363167333e-01
4.978934548064624099e-01
5.035321179546954351e-01
5.096717973893318820e-01
5.162925751468943059e-01
5.233730720920108936e-01
5.308905616376549119e-01
5.388210908769771601e-01
5.471396082519062176e-01
5.558200968242857920e-01
5.648357121631621958e-01
5.741589238175832666e-01
5.837616593085592775e-01
5.936154495473877635e-01
6.036915745710709214e-01
6.139612084796847169e-01
6.243955624660295634e-01
6.349660248450699207e-01
6.456442970200877429e-01
6.564025243642079843e-01
6.672134210500144658e-01
6.780503879260659783e-01
6.888876226166579242e-01
6.997002211093330537e-01
7.104642701922754267e-01
7.211569302094569256e-01
7.317565077136238827e-01
7.422425177141341868e-01
7.525957353363004199e-01
7.627982368292958171e-01
7.728334299787159578e-01
7.826860740955887685e-01
7.923422898639919110e-01
8.017895594326684972e-01
8.110167172305062788e-01
8.200139320699776357e-01
8.287726811755149470e-01
8.372857168343231793e-01
8.455470264147633142e-01
8.535517865317518993e-01
8.612963121596480809e-01
8.687780015010245771e-01
8.759952774150959742e-01
8.829475261931556407e-01
8.896350344411542155e-01
8.960589247927248646e-01
9.022210911308574666e-01
9.081241339444978689e-01
9.137712963891323481e-01
9.191664015594299686e-01
9.243137914188024329e-01
9.292182677667328861e-01
9.338850355613041998e-01
9.383196488527122403e-01
9.425279595247715303e-01
9.465160689863657550e-01
9.502902829041816046e-01
9.538570690223731052e-01
9.572230180743718231e-01
9.603948077570086950e-01
9.633791697074383098e-01
9.661828593988821545e-01
9.688126288516638596e-01
9.712752020410030385e-01
9.735772528721412522e-01
9.757253855860736902e-01
9.777261174549634060e-01
9.795858636246868034e-01
9.813109239624183688e-01
9.829074717692356522e-01
9.843815442210180899e-01
9.857390344050581676e-01
9.869856848245283087e-01
9.881270822480298088e-01
9.891686537867315776e-01
9.901156640869993586e-01
9.909732135318688462e-01
9.917462373502140549e-01
9.924395055380200725e-01
9.930576235018027109e-01
9.936050333399332191e-01
9.940860156834263606e-01
9.945046920235969257e-01
9.948650274598247467e-01
9.951708338064113590e-01
9.954257730030370288e-01
9.956333607785344819e-01
9.957969705224346546e-01
9.959198373229213308e-01
9.960050621333492726e-01
9.960556160322967534e-01
9.960743445442228339e-01
9.960639719892399047e-01
9.960271058313717729e-01
9.959662409951071105e-01
9.958837641202308300e-01
9.957819577250421883e-01
9.956630042483307630e-01
9.955289899410938448e-01
9.953819085800954536e-01
9.952236649771292187e-01
9.950560782603333765e-01
9.948808849071407723e-01
9.946997415124156916e-01
9.945142272799274430e-01
9.943258462304461753e-01
9.941360291252157033e-01
9.939461351092151453e-01
9.937574530842273601e-01
9.935712028271219687e-01
9.933885358737242210e-01
9.932105361930217979e-01
9.930382206801289247e-01
9.928725394992691244e-01
9.927143763100091389e-01
9.925645484110334760e-01
9.924238068359285680e-01
9.922928364347832764e-01
9.921722559739920566e-01
9.920626182845783125e-01
9.919644104867610945e-01
9.918780543154963603e-01
9.918039065684849387e-01
9.917422596947782498e-01
9.916933425387591816e-01
9.916573212510270130e-01
9.916343003746688201e-01
9.916243241125978214e-01
9.916273777791191346e-01
9.916433894366525337e-01
9.916722317165653777e-01
9.917137238213281636e-01
9.917676337036240852e-01
9.918336804165869269e-01
9.919115366279371848e-01
9.920008312893958680e-01
9.921011524513417834e-01
9.922120502112314888e-01
9.923330397828230565e-01
9.924636046717617566e-01
9.926031999416409235e-01
9.927512555532940208e-01
9.929071797588678860e-01
9.930703625312256033e-01
9.932401790084877113e-01
9.934159929330783623e-01
9.935971600645248092e-01
9.937830315454727614e-01
9.939729572009072811e-01
9.941662887513968982e-01
9.943623829222510979e-01
9.945606044317597538e-01
9.947603288431154933e-01
9.949609452661488662e-01
9.951618588965924772e-01
9.953624933821871856e-01
9.955622930065368692e-01
9.957607246831702286e-01
9.959572797537938893e-01
9.961514755862000969e-01
9.963428569687519110e-01
9.965309972998031007e-01
9.967154995718410238e-01
9.968959971515786167e-01
9.970721543586630320e-01
9.972436668471247323e-01
9.974102617951420280e-01
9.975716979101364457e-01
9.977277652576026501e-01
9.978782849233940322e-01
9.980231085203780106e-01
9.981621175513952782e-01
9.982952226412677987e-01
9.984223626511306016e-01
9.985435036885943472e-01
9.986586380271205154e-01
9.987677829475185565e-01
9.988709795136315739e-01
9.989682912931107106e-01
9.990598030327330070e-01
9.991456192960641580e-01
9.992258630695255439e-01
9.993006743411965154e-01
9.993702086551101704e-01
9.994346356425165556e-01
9.994941375307069276e-01
9.995489076296325548e-01
9.995991487967652578e-01
9.996450718814804404e-01
9.996868941516634521e-01
9.997248377071876746e-01
9.997591278872665077e-01
9.997899916812761356e-01
