9.997975307304018955e-01
9.997680610808313828e-01
9.997353756897208177e-01
9.996992699613211908e-01
9.996595416366733655e-01
9.996159920925062892e-01
9.995684275878399250e-01
9.995166604475976824e-01
9.994605101761374621e-01
9.993998044970355821e-01
9.993343803185371632e-01
9.992640846266654941e-01
9.991887753099722991e-01
9.991083219212701927e-01
9.990226063824108049e-01
9.989315236383194962e-01
9.988349822661375388e-01
9.987329050445720169e-01
9.986252294875235247e-01
9.985119083448809052e-01
9.983929100721472549e-01
9.982682192694003476e-01
9.981378370890653384e-01
9.980017816111581563e-01
9.978600881840682391e-01
9.977128097286120934e-01
9.975600170030045621e-01
9.974017988265324597e-01
9.972382622600621804e-01
9.970695327420223686e-01
9.968957541791376720e-01
9.967170889919085841e-01
9.965337181155869972e-01
9.963458409581494868e-01
9.961536753174724534e-01
9.959574572605275344e-01
9.957574409678968674e-01
9.955538985472287550e-01
9.953471198193653002e-01
9.951374120807622292e-01
9.949250998454531869e-01
9.947105245691713060e-01
9.944940443573323519e-01
9.942760336573983615e-01
9.940568829347008473e-01
9.938369983291389653e-01
9.936168012883044298e-01
9.933967281705945451e-01
9.931772298097927276e-01
9.929587710305093351e-01
9.927418301018516855e-01
9.925268981147997716e-01
9.923144782670970665e-01
9.921050850380779274e-01
9.918992432348241461e-01
9.916974868904145923e-01
9.915003579948584722e-01
9.913084050395862823e-01
9.911221813571482464e-01
9.909422432389954905e-01
9.907691478158912046e-01
9.906034506875648349e-01
9.904457032906335279e-01
9.902964499965221101e-01
9.901562249340535304e-01
9.900255485345170747e-01
9.899049238003019280e-01
9.897948323015828276e-01
9.896957299090419768e-01
9.896080422741965199e-01
9.895321600725511813e-01
9.894684340285229140e-01
9.894171697448356229e-01
9.893786223628447951e-01
9.893529910839492514e-01
9.893404135857912785e-01
9.893409603702352229e-01
9.893546290829987599e-01
9.893813388471434100e-01
9.894209246542495784e-01
9.894731318578500190e-01
9.895376108134338322e-01
9.896139117079616465e-01
9.897014796192815655e-01
9.897996498421013367e-01
9.899076435123010942e-01
9.900245635554763002e-01
9.901493909788399161e-01
9.902809815182055386e-01
9.904180626439652579e-01
9.905592309220356828e-01
9.907029497179543620e-01
9.908475472249311800e-01
9.909912147899424539e-01
9.911320055061114687e-01
9.912678330348184685e-01
9.913964706173482577e-01
9.915155502334909166e-01
9.916225618633969230e-01
9.917148528091380699e-01
9.917896270338075748e-01
9.918439444785411840e-01
9.918747203214772767e-01
9.918787241473242533e-01
9.918525790017770349e-01
9.917927603114727875e-01
9.916955946574286251e-01
9.915572583979486154e-01
9.913737761457980247e-01
9.911410191140471726e-01
9.908547033553867234e-01
9.905103879309645754e-01
9.901034730568915032e-01
9.896291982895367711e-01
9.890826408245382284e-01
9.884587139990236304e-01
9.877521661017278909e-01
9.869575796112904920e-01
9.860693709987283784e-01
9.850817912455207548e-01
9.839889272434710898e-01
9.827847042559960666e-01
9.814628896321816454e-01
9.800170979742599542e-01
9.784407979655317389e-01
9.767273210686595597e-01
9.748698723032421798e-01
9.728615433062929307e-01
9.706953278694432363e-01
9.683641401322843345e-01
9.658608355922593258e-01
9.631782350680875293e-01
9.603091517261090893e-01
9.572464212475505496e-01
9.539829351799637980e-01
9.505116774784762024e-01
9.468257642025221799e-01
9.429184862919324228e-01
9.387833553031534883e-01
9.344141519424734588e-01
9.298049771889149717e-01
9.249503057554238072e-01
9.198450415935874869e-01
9.144845751048420457e-01
9.088648416804606667e-01
9.029823811540547140e-01
8.968343977144026535e-01
8.904188197936897531e-01
8.837343594172883954e-01
8.767805704766145070e-01
8.695579053669717506e-01
8.620677694182136142e-01
8.543125725380980029e-01
8.462957774868680172e-01
8.380219442072994740e-01
8.294967696475545882e-01
8.207271225348494736e-01
8.117210725862320508e-01
8.024879136785526557e-01
7.930381805426450770e-01
7.833836585962951071e-01
7.735373865860192266e-01
7.635136517680807255e-01
7.533279774233977433e-01
7.429971025678515639e-01
7.325389537876093593e-01
7.219726091970805060e-01
7.113182545836922444e-01
7.005971318675381365e-01
6.898314800640281685e-01
6.790444689930805744e-01
6.682601260284775080e-01
6.575032562254714552e-01
6.467993562034553001e-01
6.361745221938093220e-01
6.256553526913550822e-01
6.152688461719425517e-01
6.050422943594471192e-01
5.950031715438031110e-01
5.851790204686788677e-01
5.755973353239394186e-01
5.662854423948697757e-01
5.572703789380136774e-01
5.485787708725857748e-01
5.402367098970448644e-01
5.322696306622196616e-01
5.247021886550105041e-01
5.175581394693293813e-01
5.108602201627119310e-01
5.046300334167738155e-01
4.988879352361920150e-01
4.936529269328746583e-01
4.889425521482806403e-01
4.847727996662094530e-01
4.811580127599818235e-01
4.781108058008856077e-01
4.756419888286272935e-01
4.737605007490509612e-01
4.724733517796280147e-01
4.717855757094420177e-01
4.717001924782237010e-01
4.722181815091629487e-01
4.733384661536865767e-01
4.750579095242024597e-01
4.773713219041182398e-01
4.802714798343412639e-01
4.837491568831235877e-01
4.877931660125210955e-01
4.923904133609079414e-01
4.975259631677461103e-01
5.031831134749242818e-01
5.093434821491371611e-01
5.159871026825668672e-01
5.230925291451140602e-01
5.306369495811764647e-01
5.385963070680295228e-01
5.469454275819233269e-01
5.556581537526485981e-01
5.647074835284864314e-01
5.740657127218100619e-01
5.837045803622936679e-01
5.935954157504875761e-01
6.037092860805832739e-01
6.140171434884190704e-01
6.244899703800086410e-01
6.350989219079596904e-01
6.458154644885111262e-01
6.566115092909545758e-01
6.674595396839440031e-01
6.783327316892764358e-01
6.892050665726474623e-01
7.000514347916115820e-01
7.108477306223015546e-01
7.215709368968223902e-01
7.321991994008104632e-01
7.427118906034602119e-01
7.530896625182068593e-01
7.633144886189757727e-01
7.733696948622532652e-01
7.832399799869536050e-01
7.929114253801083922e-01
8.023714949048112999e-01
8.116090251859029436e-01
8.206142069370871983e-01
8.293785579893068194e-01
8.378948887433550485e-01
8.461572608192445832e-01
8.541609397104652501e-01
8.619023422729746864e-01
8.693789798868154506e-01
8.765893981232547594e-01
8.835331137330971751e-01
8.902105497433704384e-01
8.966229694111815807e-01
9.027724097365609213e-01
9.086616151820553489e-01
9.142939721872732628e-01
9.196734450030901176e-01
9.248045133043752974e-01
9.296921119733853045e-01
9.343415733797849621e-01
9.387585724188757252e-01
9.429490745081242631e-01
9.469192866844285961e-01
9.506756118914652109e-01
9.542246064984712950e-01
9.575729410492858085e-01
9.607273642035675243e-01
9.636946698008329593e-01
9.664816669521663073e-01
9.690951530438747241e-01
9.715418895216180184e-01
9.738285803121941031e-01
9.759618527326899828e-01
9.779482407325965632e-01
9.797941703131985980e-01
9.815059469695630590e-01
9.830897450032860529e-01
9.845515985583770391e-01
9.858973942378862487e-01
9.871328651648008101e-01
9.882635863570982115e-01
9.892949712934754336e-01
9.902322695530372254e-01
9.910805654190461000e-01
9.918447773436779302e-01
9.925296581775591154e-01
9.931397960746795039e-01
9.936796159900626035e-01
9.941533816942980106e-01
9.945651982356625842e-01
9.949190147869847456e-01
9.952186278205669145e-01
9.954676845602482560e-01
9.956696866649512589e-01
9.958279941027057269e-01
9.959458291780759476e-01
9.960262806790753931e-01
9.960723081120145261e-01
9.960867459943076874e-01
9.960723081761463371e-01
9.960315921622485691e-01
9.959670834047807952e-01
9.958811595382174309e-01
9.957760945265735630e-01
9.956540626933230165e-01
9.955171426046091065e-01
9.953673207772332221e-01
9.952064951845045471e-01
9.950364785354126607e-01
9.948590013057909687e-01
9.946757145041043024e-01
9.944881921591613994e-01
9.942979335222558168e-01
9.941063649818303594e-01
9.939148416945295939e-01
9.937246489422550955e-01
9.935370032303612042e-01
9.933530531472358760e-01
9.931738800100357034e-01
9.930004983251474737e-01
9.928338560949301339e-01
9.926748350043891334e-01
9.925242505226220535e-01
9.923828519541679771e-01
9.922513224748413796e-01
9.921302791853063852e-01
9.920202732136581547e-01
9.919217898957465307e-01
9.918352490590237602e-01
9.917610054324702551e-01
9.916993492017723844e-01
9.916505067255150241e-01
9.916146414248176999e-01
9.915918548556580392e-01
9.915821879701588459e-01
9.915856225703846283e-01
9.916020829557242733e-01
9.916314377626918031e-01
9.916735019939519891e-01
9.917280392315114268e-01
9.917947640272718468e-01
9.918733444624838747e-01
9.919634048660239678e-01
9.920645286798340790e-01
9.921762614583101714e-01
9.922981139869130329e-01
9.924295655038362085e-01
9.925700670072508114e-01
9.927190446294885673e-01
9.928759030585927459e-01
9.930400289869969477e-01
9.932107945667137949e-01
9.933875608503655030e-01
9.935696811976540976e-01
9.937565046274405844e-01
9.939473790964520328e-01
9.941416546867136717e-01
9.943386866850552064e-01
9.945378385394207932e-01
9.947384846781454071e-01
9.949400131798241675e-01
9.951418282828317086e-01
9.953433527249416768e-01
9.955440299048232689e-01
9.957433258584702518e-01
9.959407310448382677e-01
9.961357619361745908e-01
9.963279624097154397e-01
9.965169049386538580e-01
9.967021915815383881e-01
9.968834547705905935e-01
9.970603579008153750e-01
9.972325957232280880e-01
9.973998945470207156e-01
9.975620122570071358e-01
9.977187381541897659e-01
9.978698926287282722e-01
9.980153266759186348e-01
9.981549212669397209e-01
9.982885865870443354e-01
9.984162611545068788e-01
9.985379108339366150e-01
9.986535277574962732e-01
9.987631291671125178e-01
9.988667561899279290e-01
9.989644725580598683e-01
9.990563632822520024e-01
9.991425332873165033e-01
9.992231060154735944e-01
9.992982220019247519e-01
9.993680374253879339e-01
9.994327226350062654e-01
9.994924606541502055e-01
9.995474456612669645e-01
9.995978814481567554e-01
9.996439798569143331e-01
9.996859591982305560e-01
9.997240426557366666e-01
9.997584566834800679e-01
9.997894294062642517e-01
