9.997974614297699958e-01
9.997679811425146390e-01
9.997352837784486690e-01
9.996991646063502213e-01
9.996594212192191353e-01
9.996158548318150316e-01
9.995682715258271678e-01
9.995164834320185987e-01
9.994603098423010534e-01
9.993995782481318590e-01
9.993341253047107742e-01
9.992637977230407476e-01
9.991884530939094677e-01
9.991079606492103693e-01
9.990222019667421849e-01
9.989310716247696842e-01
9.988344778122563161e-01
9.987323428999242969e-01
9.986246039762455284e-01
9.985112133512737964e-01
9.983921390299812515e-01
9.982673651555813432e-01
9.981368924222733252e-01
9.980007384560031225e-01
9.978589381612233966e-01
9.977115440312851469e-01
9.975586264199870490e-01
9.974002737719415146e-01
9.972365928097514098e-01
9.970677086765020736e-01
9.968937650327056588e-01
9.967149241075649035e-01
9.965313667051856061e-01
9.963432921671354636e-01
9.961509182934668027e-01
9.959544812249520040e-01
9.957542352897897908e-01
9.955504528183732882e-01
9.953434239298535324e-01
9.951334562941334116e-01
9.949208748725804075e-01
9.947060216401255595e-01
9.944892552905135741e-01
9.942709509253012667e-01
9.940514997257666741e-01
9.938313086052260603e-01
9.936107998374064110e-01
9.933904106545176083e-01
9.931705928065963640e-01
9.929518120715984386e-01
9.927345477036924049e-01
9.925192918053145075e-01
9.923065486068738394e-01
9.920968336366099427e-01
9.918906727620725450e-01
9.916886010840677557e-01
9.914911616637354097e-01
9.912989040637065763e-01
9.911123826850581908e-01
9.909321548829977955e-01
9.907587788458747102e-01
9.905928112241565442e-01
9.904348044984047084e-01
9.902853040779596716e-01
9.901448451249591498e-01
9.900139491014132709e-01
9.898931200403090491e-01
9.897828405450804778e-01
9.896835675252492193e-01
9.895957276795998014e-01
9.895197127418885463e-01
9.894558745077993711e-01
9.894045196656198193e-01
9.893659044568818839e-01
9.893402291969336515e-01
9.893276326889940409e-01
9.893281865685683574e-01
9.893418896180442568e-01
9.893686620936728016e-01
9.894083401088131779e-01
9.894606701181205555e-01
9.895253035471444081e-01
9.896017916104653533e-01
9.896895803589764729e-01
9.897880059931928320e-01
9.898962904746019253e-01
9.900135374611608308e-01
9.901387285862600640e-01
9.902707200930396247e-01
9.904082398280942279e-01
9.905498845906322014e-01
9.906941178253243496e-01
9.908392676396762244e-01
9.909835251200252992e-01
9.911249429144149969e-01
9.912614340458072437e-01
9.913907709154852199e-01
9.915105844541431956e-01
9.916183633770919714e-01
9.917114535002167219e-01
9.917870570747596703e-01
9.918422321016072685e-01
9.918738915894422803e-01
9.918788027258056417e-01
9.918535859357064943e-01
9.917947138088558656e-01
9.916985098838291268e-01
9.915611472854460873e-01
9.913786472203940381e-01
9.911468773456145742e-01
9.908615500342550231e-01
9.905182205750906466e-01
9.901122853532767776e-01
9.896389800731058006e-01
9.890933780971027378e-01
9.884703889902234364e-01
9.877647573729855246e-01
9.869710622028614599e-01
9.860837166188985980e-01
9.850969684999334453e-01
9.840049019014817100e-01
9.828014395498990696e-01
9.814803465841559493e-01
9.800352357449774177e-01
9.784595742175924427e-01
9.767466923373913090e-01
9.748897943669520005e-01
9.728819715477983188e-01
9.707162176206644011e-01
9.683854469938425469e-01
9.658825157204069534e-01
9.632002454218812071e-01
9.603314502685221798e-01
9.572689670951730623e-01
9.540056886970396111e-01
9.505346003122419063e-01
9.468488192580983842e-01
9.429416376463419791e-01
9.388065680593515872e-01
9.344373920255352184e-01
9.298282110876954221e-01
9.249735002140443418e-01
9.198681632579878142e-01
9.145075901303472143e-01
9.088877153068304349e-01
9.030050772548210425e-01
8.968568783274522005e-01
8.904410446400503609e-01
8.837562854149403346e-01
8.768021512559160957e-01
8.695790907939869863e-01
8.620885051319099324e-01
8.543327995070619796e-01
8.463154315909015013e-01
8.380409558490380384e-01
8.295150633990923117e-01
8.207446168242680251e-01
8.117376794289220543e-01
8.025035384582388520e-01
7.930527218470908579e-01
7.833970081127116236e-01
7.735494290612250357e-01
7.635242650384013174e-01
7.533370325191458550e-01
7.430044638969528492e-01
7.325444794025153250e-01
7.219761511485380812e-01
7.113196593642193699e-01
7.005962409465790186e-01
6.898281305157825116e-01
6.790384942168998794e-01
6.682513565605849859e-01
6.574915206395727241e-01
6.467844820966472952e-01
6.361563372530720795e-01
6.256336858348736651e-01
6.152435287585851231e-01
6.050131614589202567e-01
5.949700632593676319e-01
5.851417833038187188e-01
5.755558235840262382e-01
5.662395196147109733e-01
5.572199193260891636e-01
5.485236607629020433e-01
5.401768491996918886e-01
5.322049343040440306e-01
5.246325880021470711e-01
5.174835837237883318e-01
5.107806777256795883e-01
5.045454932117874325e-01
4.987984079858595043e-01
4.935584463833245783e-01
4.888431762359816135e-01
4.846686116222385099e-01
4.810491221471395740e-01
4.779973494792711941e-01
4.755241318453383714e-01
4.736384371475388377e-01
4.723473053238501640e-01
4.716558005173235868e-01
4.715669735579964827e-01
4.720818351909130683e-01
4.731993404069037013e-01
4.749163841503063477e-01
4.772278085908827627e-01
4.801264220569456675e-01
4.836030296342788137e-01
4.876464753419236242e-01
4.922436957022658932e-01
4.973797844299834292e-01
5.030380678730536070e-01
5.092001907498833191e-01
5.158462116402711128e-01
5.229547076048881582e-01
5.305028872288559683e-01
5.384667113102223901e-01
5.468210203444361373e-01
5.555396678917563502e-01
5.645956588568057377e-01
5.739612916588379132e-01
5.836083032287258110e-01
5.935080157350739460e-01
6.036314839181409209e-01
6.139496418974421665e-01
6.244334483177330641e-01
6.350540287094008640e-01
6.457828139635841680e-01
6.565916738599975044e-01
6.674530446365075642e-01
6.783400496537280722e-01
6.892266122847962029e-01
7.000875602491168914e-01
7.108987207080670334e-01
7.216370055489538249e-01
7.322804863991838609e-01
7.428084590336716531e-01
7.532014969629337031e-01
7.634414941148486289e-01
7.735116966475468203e-01
7.833967240520981479e-01
7.930825798195502152e-01
8.025566520554352490e-01
8.118077045244225243e-01
8.208258586967551729e-01
8.296025674453048060e-01
8.381305811064460043e-01
8.464039066689229562e-01
8.544177608920083822e-01
8.621685181775560203e-01
8.696536540302334251e-01
8.768716849368164423e-01
8.838221054797449350e-01
8.905053234731589162e-01
8.969225938726068659e-01
9.030759521638724863e-01
9.089681478834249484e-01
9.146025788643911136e-01
9.199832267392599183e-01
9.251145941653335925e-01
9.300016441727220196e-01
9.346497419688419850e-01
9.390645994692066179e-01
9.432522227628741263e-01
9.472188626631993236e-01
9.509709684412640529e-01
9.545151447910636966e-01
9.578581120326020715e-01
9.610066695216423760e-01
9.639676622030088904e-01
9.667479502178949469e-01
9.693543814543486015e-01
9.717937669136148537e-01
9.740728587528871829e-01
9.761983308567547812e-01
9.781767617847344498e-01
9.800146199402043345e-01
9.817182508063235780e-01
9.832938660966489275e-01
9.847475346717168287e-01
9.860851750774946023e-01
9.873125495669866636e-01
9.884352594721977914e-01
9.894587417999027856e-01
9.903882669311375730e-01
9.912289373109349766e-01
9.919856870215260081e-01
9.926632821390032335e-01
9.932663217802734090e-01
9.937992397539969769e-01
9.942663067360854035e-01
9.946716328971473287e-01
9.950191709159660336e-01
9.953127193195399069e-01
9.955559260963193768e-01
9.957522925348901710e-01
9.959051772453669793e-01
9.960178003250702572e-01
9.960932476335825347e-01
9.961344751449944246e-01
9.961443133470586631e-01
9.961254716581513513e-01
9.960805428334992273e-01
9.960120073322384915e-01
9.959222376167152779e-01
9.958135023552332488e-01
9.956879704994165969e-01
9.955477152076962488e-01
9.953947175873086861e-01
9.952308702287653297e-01
9.950579805090805641e-01
9.948777736431735352e-01
9.946918954667435253e-01
9.945019149384817236e-01
9.943093263545990101e-01
9.941155512741373101e-01
9.939219401592169767e-01
9.937297737400426767e-01
9.935402641199386764e-01
9.933545556407390453e-01
9.931737255333291658e-01
9.929987843819017002e-01
9.928306764334481338e-01
9.926702797860798011e-01
9.925184064909555737e-01
9.923758026028809409e-01
9.922431482140909864e-01
9.921210575044212554e-01
9.920100788390887603e-01
9.919106949427961561e-01
9.918233231759411295e-01
9.917483159355112710e-01
9.916859611999001567e-01
9.916364832334974011e-01
9.916000434636116356e-01
9.915767415391365525e-01
9.915666165774391638e-01
9.915696486032574697e-01
9.915857601809535682e-01
9.916148182392600097e-01
9.916566360856445828e-01
9.917109756055737524e-01
9.917775496402149171e-01
9.918560245344473225e-01
9.919460228454264339e-01
9.920471262003246471e-01
9.921588782902788228e-01
9.922807879860049418e-01
9.924123325590356037e-01
9.925529609911415418e-01
9.927020973532613146e-01
9.928591442342419304e-01
9.930234861989365447e-01
9.931944932547479565e-01
9.933715243055785127e-01
9.935539305723559700e-01
9.937410589598267840e-01
9.939322553501355184e-01
9.941268678047803231e-01
9.943242496578051925e-01
9.945237624845094659e-01
9.947247789314495048e-01
9.949266853950454736e-01
9.951288845376323744e-01
9.953307976312817384e-01
9.955318667211546790e-01
9.957315566015197961e-01
9.959293565988862618e-01
9.961247821579829465e-01
9.963173762275736589e-01
9.965067104443600110e-01
9.966923861145049468e-01
9.968740349936353606e-01
9.970513198675436950e-01
9.972239349372236106e-01
9.973916060133191097e-01
9.975540905265221081e-01
9.977111773618918544e-01
9.978626865264470513e-01
9.980084686606416344e-01
9.981484044054438343e-01
9.982824036376115595e-01
9.984104045863719801e-01
9.985323728449948533e-01
9.986483002906864082e-01
9.987582039257851818e-01
9.988621246524309605e-01
9.989601259917199050e-01
9.990522927569086553e-01
9.991387296885755331e-01
9.992195600578752668e-01
9.992949242422753953e-01
9.993649782765616774e-01
9.994298923805805535e-01
9.994898494642864284e-01
9.995450436102688574e-01
9.995956785341387763e-01
9.996419660239703742e-01
9.996841243614187356e-01
9.997223767290869256e-01
9.997569496110860765e-01
9.997880711963575973e-01
