9.997974863704778281e-01
9.997680098070670374e-01
9.997353166038954742e-01
9.996992020667855305e-01
9.996594638280508205e-01
9.996159031442567455e-01
9.995683261416405951e-01
9.995165449985295991e-01
9.994603790577023528e-01
9.993996558650775075e-01
9.993342121341927120e-01
9.992638946385238308e-01
9.991885610356863179e-01
9.991080806289174276e-01
9.990223350719628082e-01
9.989312190236294686e-01
9.988346407579038466e-01
9.987325227347678691e-01
9.986248021358121729e-01
9.985114313675398368e-01
9.983923785340229617e-01
9.982676278793909397e-01
9.981371801995887472e-01
9.980010532220093822e-01
9.978592819509958245e-01
9.977119189768633989e-01
9.975590347459900586e-01
9.974007177896606624e-01
9.972370749096878262e-01
9.970682313193437452e-01
9.968943307387730934e-01
9.967155354447851945e-01
9.965320262756852676e-01
9.963440025925720533e-01
9.961516821992423276e-01
9.959553012234763081e-01
9.957551139629760018e-01
9.955513926995630536e-01
9.953444274853747720e-01
9.951345259046996405e-01
9.949220128147349129e-01
9.947072300679294932e-01
9.944905362176684749e-01
9.942723062078805407e-01
9.940529310457159040e-01
9.938328174547761407e-01
9.936123875045217435e-01
9.933920782094850521e-01
9.931723410898374294e-01
9.929536416827718925e-01
9.927364589921303661e-01
9.925212848618190087e-01
9.923086232568804066e-01
9.920989894347043148e-01
9.918929089878306682e-01
9.916909167391656510e-01
9.914935554702578591e-01
9.913013744635643665e-01
9.911149278404003393e-01
9.909347726774908605e-01
9.907614668866998597e-01
9.905955668445632911e-01
9.904376247606485606e-01
9.902881857764436191e-01
9.901477847894037954e-01
9.900169429998844084e-01
9.898961641819520318e-01
9.897859306824331460e-01
9.896866991560433480e-01
9.895988960480002206e-01
9.895229128391721529e-01
9.894591010725299896e-01
9.894077671834324850e-01
9.893691671600504112e-01
9.893435010639501925e-01
9.893309074444380791e-01
9.893314576835867680e-01
9.893451503117917101e-01
9.893719053360794380e-01
9.894115586250494809e-01
9.894638563951183574e-01
9.895284498425047648e-01
9.896048899640464969e-01
9.896926226074056476e-01
9.897909837874896422e-01
9.898991953010384259e-01
9.900163606654220905e-01
9.901414614009111936e-01
9.902733536682488680e-01
9.904107652655183003e-01
9.905522929803325383e-01
9.906964002855568330e-01
9.908414153593821938e-01
9.909855294038413254e-01
9.911267952300173434e-01
9.912631260734091621e-01
9.913922945993037805e-01
9.915119320556482485e-01
9.916195275298388401e-01
9.917124272660400308e-01
9.917878340010727323e-01
9.918428062794976130e-01
9.918742577121945070e-01
9.918789561474031791e-01
9.918535227287798017e-01
9.917944308214521332e-01
9.916980047942862697e-01
9.915604186545670107e-01
9.913776945400413210e-01
9.911457010827867675e-01
9.908601516696730060e-01
9.905166026353147135e-01
9.901104514354028829e-01
9.896369348611502303e-01
9.890911273692835071e-01
9.884679396164789411e-01
9.877621173022393952e-01
9.869682404397366327e-01
9.860807231898068848e-01
9.850938144087012516e-01
9.840015990749244601e-01
9.827980007740049206e-01
9.814767854317872908e-01
9.800315664962286899e-01
9.784558117741534167e-01
9.767428521324487134e-01
9.748858922723069309e-01
9.728780237799852237e-01
9.707122406479202770e-01
9.683814574457887403e-01
9.658785303022711100e-01
9.631962808350050809e-01
9.603275231387669031e-01
9.572650939106568391e-01
9.540018857564261934e-01
9.505308836845446363e-01
9.468452047546853656e-01
9.429381408055298452e-01
9.388032041436719100e-01
9.344341760314479606e-01
9.298251577672356216e-01
9.249706241076151025e-01
9.198654787372722019e-01
9.145051114501108191e-01
9.088854566642267097e-01
9.030030528547018376e-01
8.968551024521203008e-01
8.904395317218745109e-01
8.837550501102758860e-01
8.768012085188352511e-01
8.695784559484093235e-01
8.620881939408262529e-01
8.543328282376619898e-01
8.463158170745280762e-01
8.380417155349969560e-01
8.295162154014366074e-01
8.207461799607502773e-01
8.117396732513544322e-01
8.025059832735363941e-01
7.930556387282793329e-01
7.834004188991841033e-01
7.735533563475187613e-01
7.635287321507615577e-01
7.533420634791421211e-01
7.430100833714243791e-01
7.325507126391705981e-01
7.219830238965918578e-01
7.113271977795468937e-01
7.006044714810064633e-01
6.898370797902808604e-01
6.790481888786465969e-01
6.682618231240691209e-01
6.575027853121359067e-01
6.467965705890957873e-01
6.361692745762211887e-01
6.256474960831047705e-01
6.152582348817008384e-01
6.050287850237587861e-01
5.949866242027753716e-01
5.851592996786987300e-01
5.755743113002464995e-01
5.662589921766919554e-01
5.572403875688898278e-01
5.485451325885863927e-01
5.401993293157099085e-01
5.322284239652421700e-01
5.246570847579534735e-01
5.175090811719702533e-01
5.108071652739437640e-01
5.045729558483724730e-01
4.988268260601071979e-01
4.935877953971093968e-01
4.888734266467332779e-01
4.846997286582005460e-01
4.810810656354074233e-01
4.780300736870903844e-01
4.755575853351279303e-01
4.736725626461086858e-01
4.723820396063548310e-01
4.716910743066199396e-01
4.716027114402648879e-01
4.721179555486682000e-01
4.732357553708549380e-01
4.749529995719419251e-01
4.772645240381325760e-01
4.801631308358043082e-01
4.836396188398457419e-01
4.876828259429096812e-01
4.922796826635854606e-01
4.974152768785827794e-01
5.030729293125771884e-01
5.092342793300979054e-01
5.158793804873279543e-01
5.229868052184716287e-01
5.305337579519722180e-01
5.384961958768614831e-01
5.468489565094902805e-01
5.555658911464764760e-01
5.646200032316552875e-01
5.739835906139250099e-01
5.836283906300732127e-01
5.935257269128395574e-01
6.036466568006615407e-01
6.139621182126013821e-01
6.244430748508270623e-01
6.350606586043940904e-01
6.457863080525538813e-01
6.565919020036941056e-01
6.674498870574081533e-01
6.783333982418104924e-01
6.892163718555107677e-01
7.000736497328047259e-01
7.108810742503044455e-01
7.216155735020663986e-01
7.322552361864188564e-01
7.427793758692344817e-01
7.531685844132282037e-01
7.634047744887665354e-01
7.734712112064447975e-01
7.833525330331230219e-01
7.930347622691191756e-01
8.025053054729012203e-01
8.117529443191189298e-01
8.207678174647110581e-01
8.295413940748063153e-01
8.380664397242985064e-01
8.463369754416320001e-01
8.543482306981450281e-01
8.620965911692562988e-01
8.695795421030780847e-01
8.767956081282602954e-01
8.837442903167880282e-01
8.904260012901181742e-01
8.968419991196372454e-01
9.029943207263674276e-01
9.088857154315894693e-01
9.145195792511794375e-01
9.198998904635383722e-01
9.250311469155948485e-01
9.299183054649802216e-01
9.345667238905203122e-01
9.389821055389159232e-01
9.431704469140140823e-01
9.471379883573249892e-01
9.508911679151755836e-01
9.544365784396335872e-01
9.577809279274728249e-01
9.609310030641363687e-01
9.638936359079173233e-01
9.666756736232655634e-01
9.692839511510028538e-01
9.717252666868977373e-01
9.740063598281054613e-01
9.761338922388987926e-01
9.781144306824077761e-01
9.799544322632071092e-01
9.816602317260508803e-01
9.832380306583583529e-01
9.846938884477987042e-01
9.860337148511103544e-01
9.872632640358341982e-01
9.883881299626853245e-01
9.894137429826501684e-01
9.903453675294670022e-01
9.911881007948265543e-01
9.919468722803912453e-01
9.926264441275439721e-01
9.932314121326263345e-01
9.937662073623018122e-01
9.942350982905289181e-01
9.946421933854246999e-01
9.949914440809348726e-01
9.952866480746224154e-01
9.955314528989115397e-01
9.957293597186632761e-01
9.958837273128866574e-01
9.959977762026057668e-01
9.960745928903377289e-01
9.961171341792561806e-01
9.961282315419395239e-01
9.961105955096968279e-01
9.960668200539539718e-01
9.959993869312186998e-01
9.959106699629355353e-01
9.958029392212860431e-01
9.956783650919261985e-01
9.955390221849577115e-01
9.953868930663088976e-01
9.952238717832563308e-01
9.950517671601585290e-01
9.948723058436074185e-01
9.946871350801036460e-01
9.944978252139481389e-01
9.943058718981762079e-01
9.941126980168736305e-01
9.939196553229240338e-01
9.937280258009217881e-01
9.935390227704619104e-01
9.933537917500826486e-01
9.931734111066264914e-01
9.929988925185672111e-01
9.928311812848109597e-01
9.926711565125708736e-01
9.925196312190954773e-01
9.923773523823253839e-01
9.922450009750083399e-01
9.921231920154844897e-01
9.920124746663836479e-01
9.919133324099542737e-01
9.918261833258174009e-01
9.917513804937303501e-01
9.916892125405891711e-01
9.916399043475191410e-01
9.916036179295900643e-01
9.915804534975420914e-01
9.915704507079643459e-01
9.915735901056670354e-01
9.915897947595387896e-01
9.916189320909577498e-01
9.916608158918154281e-01
9.917152085273472917e-01
9.917818233172304154e-01
9.918603270867332178e-01
9.919503428780733767e-01
9.920514528105318641e-01
9.921632010762765352e-01
9.922850970572951734e-01
9.924166185473454194e-01
9.925572150614500044e-01
9.927063112142502366e-01
9.928633101475273781e-01
9.930275969864684749e-01
9.931985423038159899e-01
9.933755055709360127e-01
9.935578385750626351e-01
9.937448887825198751e-01
9.939360026285556371e-01
9.941305287155042247e-01
9.943278209022675673e-01
9.945272412695161934e-01
9.947281629465024588e-01
9.949299727868990972e-01
9.951320738825841783e-01
9.953338879057589406e-01
9.955348572711948396e-01
9.957344471117525186e-01
9.959321470616079308e-01
9.961274728428791692e-01
9.963199676525816839e-01
9.965092033480900113e-01
9.966947814305532338e-01
9.968763338270251184e-01
9.970535234734401175e-01
9.972260447019760665e-01
9.973936234378039112e-01
9.975560172116910707e-01
9.977130149963761019e-01
9.978644368760266614e-01
9.980101335593714040e-01
9.981499857482142302e-01
9.982839033739316914e-01
9.984118247151720915e-01
9.985337154102709167e-01
9.986495673778290616e-01
9.987593976584627775e-01
9.988632471899159260e-01
9.989611795265624927e-01
9.990532795128771459e-01
9.991396519187794034e-01
9.992204200429896099e-01
9.992957242887768876e-01
9.993657207148755051e-01
9.994305795630280542e-01
9.994904837627143213e-01
9.995456274132371588e-01
9.995962142435464992e-01
9.996424560510088764e-01
9.996845711217606789e-01
9.997227826372482307e-01
9.997573170739327830e-01
9.997884026057713980e-01
