9.997975228408642057e-01
9.997680518845645237e-01
9.997353649954937582e-01
9.996992575521591595e-01
9.996595272665154130e-01
9.996159754825016952e-01
9.995684084222820065e-01
9.995166383695045509e-01
9.994604847825029337e-01
9.993997753337884316e-01
9.993343468752620140e-01
9.992640463311556198e-01
9.991887315227026001e-01
9.991082719298922665e-01
9.990225493963896808e-01
9.989314587838414861e-01
9.988349085814308692e-01
9.987328214757861256e-01
9.986251348853166787e-01
9.985118014618629134e-01
9.983927895613163850e-01
9.982680836837016791e-01
9.981376848821831294e-01
9.980016111396312617e-01
9.978598977107937529e-01
9.977125974277777365e-01
9.975597809664560334e-01
9.974015370715549889e-01
9.972379727385245474e-01
9.970692133508000099e-01
9.968954027717072952e-01
9.967167033909792861e-01
9.965332961266145650e-01
9.963453803835624623e-01
9.961531739714294398e-01
9.959569129840148971e-01
9.957568516439792017e-01
9.955532621162623830e-01
9.953464342939971621e-01
9.951366755605451919e-01
9.949243105309223401e-01
9.947096807752462411e-01
9.944931445259251879e-01
9.942750763691292626e-01
9.940558669196426500e-01
9.938359224765318523e-01
9.936156646552032345e-01
9.933955299894281499e-01
9.931759694948353312e-01
9.929574481832812438e-01
9.927404445154823787e-01
9.925254497774049778e-01
9.923129673642360205e-01
9.921035119543738512e-01
9.918976085548460997e-01
9.916957913989324913e-01
9.914986026765983951e-01
9.913065910786243995e-01
9.911203101360909207e-01
9.909403163381013124e-01
9.907671670122906171e-01
9.906014179547335541e-01
9.904436207982637574e-01
9.902943201109229987e-01
9.901540502191891191e-01
9.900233317537611155e-01
9.899026679189522060e-01
9.897925404901378732e-01
9.896934055471984237e-01
9.896056889554736280e-01
9.895297816094067445e-01
9.894660344577739242e-01
9.894147533331578703e-01
9.893761936120920586e-01
9.893505547360034180e-01
9.893379746266425245e-01
9.893385240329849450e-01
9.893522008494862741e-01
9.893789244479148648e-01
9.894185300666163974e-01
9.894707633018210435e-01
9.895352747453469711e-01
9.896116148116870237e-01
9.896992287949148981e-01
9.897974521921086843e-01
9.899055063251176456e-01
9.900224942865926137e-01
9.901473972294356773e-01
9.902790710114078854e-01
9.904162431988178250e-01
9.905575104252678509e-01
9.907013360936406388e-01
9.908460484021273107e-01
9.909898386683840821e-01
9.911307599200669394e-01
9.912667257151981381e-01
9.913955091521945429e-01
9.915147420270096212e-01
9.916219140937360121e-01
9.917143723851824522e-01
9.917893205513299559e-01
9.918438181761307648e-01
9.918747800367559986e-01
9.918789752740472254e-01
9.918530264485017067e-01
9.917934084625533719e-01
9.916964473371556732e-01
9.915583188386920543e-01
9.913750469610291827e-01
9.911425022771002125e-01
9.908564001847774971e-01
9.905122990830043106e-01
9.901055985262252612e-01
9.896315374180925106e-01
9.890851923192022221e-01
9.884614759581625831e-01
9.877551360504638334e-01
9.869607545452063757e-01
9.860727474354483713e-01
9.850853652833763130e-01
9.839926946262386176e-01
9.827886604424842520e-01
9.814670298692595996e-01
9.800214173717615163e-01
9.784452915713497401e-01
9.767319839422615724e-01
9.748746995858043052e-01
9.728665302856519537e-01
9.707004700381274276e-01
9.683694332369819913e-01
9.658662756732309118e-01
9.631838184872149045e-01
9.603148751824975848e-01
9.572522817798505557e-01
9.539889301548509781e-01
9.505178045650156671e-01
9.468320213324277201e-01
9.429248716060152358e-01
9.387898670845219451e-01
9.344207885372850519e-01
9.298117369156969625e-01
9.249571868041543965e-01
9.198520419158673356e-01
9.144916922965833361e-01
9.088720728585821806e-01
9.029897228286927202e-01
8.968418456581471743e-01
8.904263689093225853e-01
8.837420036054609573e-01
8.767883025048521795e-01
8.695657167413395339e-01
8.620756502589382864e-01
8.543205114604137673e-01
8.463037614883328619e-01
8.380299585628363523e-01
8.295047978134870714e-01
8.207351460632281714e-01
8.117290710507873985e-01
8.024958646136410856e-01
7.930460593965827920e-01
7.833914387004794477e-01
7.735450391412362903e-01
7.635211458493336156e-01
7.533352800045310937e-01
7.430041785671148702e-01
7.325457661351579830e-01
7.219791189252080521e-01
7.113244209403739582e-01
7.006029124536000685e-01
6.898368309939968412e-01
6.790493450794659047e-01
6.682644809889723980e-01
6.575070429122564786e-01
6.468025268535377847e-01
6.361770286990776624e-01
6.256571468868042940e-01
6.152698801403586604e-01
6.050425207506575642e-01
5.950025439064962063e-01
5.851774935927073207e-01
5.755948655909556289e-01
5.662819881351293105e-01
5.572659007911626716e-01
5.485732321502814202e-01
5.402300769452919038e-01
5.322618732213650894e-01
5.246932802153989606e-01
5.175480576207112104e-01
5.108489469355791401e-01
5.046175556138965401e-01
4.988742447527162449e-01
4.936380210634557786e-01
4.889264338797789655e-01
4.847554779545923953e-01
4.811395027900861043e-01
4.780911292277387759e-01
4.756211739989986143e-01
4.737385829018407879e-01
4.724503732235739717e-01
4.717615859764423547e-01
4.716752484503329290e-01
4.721923475169977902e-01
4.733118140436105570e-01
4.750305186912548994e-01
4.773432792871955543e-01
4.802428798697003787e-01
4.837201014118351905e-01
4.877637641371357358e-01
4.923607812463030031e-01
4.974962237809537058e-01
5.031533962587450004e-01
5.093139226245355644e-01
5.159578419752548495e-01
5.230637134323996573e-01
5.306087294560709600e-01
5.385688368187999675e-01
5.469188643866873534e-01
5.556326567903067115e-01
5.646832130091117286e-01
5.740428288416388192e-01
5.836832421905399082e-01
5.935757800573189247e-01
6.036915061176713060e-01
6.140013677354010380e-01
6.244763412719553930e-01
6.350875745604095401e-01
6.458065254377818309e-01
6.566050952682132014e-01
6.674557564418508449e-01
6.783316728999249090e-01
6.892068128149604345e-01
7.000560526453528665e-01
7.108552718844284302e-01
7.215814379340868001e-01
7.322126806503574947e-01
7.427283562307338549e-01
7.531091002388251576e-01
7.633368696884440530e-01
7.733949742345370693e-01
7.832680966400873412e-01
7.929423028042497101e-01
8.024050417455368400e-01
8.116451360331207177e-01
8.206527632477764733e-01
8.294194291304161082e-01
8.379379331396262787e-01
8.462023271895037224e-01
8.542078683750360391e-01
8.619509665143270105e-01
8.694291273453487179e-01
8.766408922102262302e-01
8.835857750431053148e-01
8.902641974494783783e-01
8.966774226266812642e-01
9.028274888285015010e-01
9.087171430229655789e-01
9.143497753329556943e-01
9.197293547859287655e-01
9.248603668332406880e-01
9.297477530329184559e-01
9.343968532235584767e-01
9.388133504526396944e-01
9.430032188610262267e-01
9.469726746677180618e-01
9.507281303457386645e-01
9.542761520319583690e-01
9.576234201710065452e-01
9.607766933563898215e-01
9.637427753005091136e-01
9.665284848393288497e-01
9.691406288567075977e-01
9.715859779974933552e-01
9.738712450269719767e-01
9.760030656866236498e-01
9.779879818918749690e-01
9.798324271160947507e-01
9.815427138059603651e-01
9.831250226760265276e-01
9.845853937344406503e-01
9.859297188968750847e-01
9.871637360515874704e-01
9.882930244448226986e-01
9.893230012623476233e-01
9.902589192896460446e-01
9.911058655401089323e-01
9.918687607473908319e-01
9.925523596249553604e-01
9.931612518026752268e-01
9.936998633571805239e-01
9.941724588594236245e-01
9.945831438696072224e-01
9.949358678161189795e-01
9.952344272013465831e-01
9.954824690830896827e-01
9.956834947856264550e-01
9.958408637992134382e-01
9.959577978308068458e-01
9.960373849720234318e-01
9.960825839527774894e-01
9.960962284506728048e-01
9.960810314271558719e-01
9.960395894617731782e-01
9.959743870557963286e-01
9.958878008761624656e-01
9.957821039103587069e-01
9.956594695027565223e-01
9.955219752431927471e-01
9.953716066794578987e-01
9.952102608269353112e-01
9.950397494509923835e-01
9.948618021009105750e-01
9.946780688780840762e-01
9.944901229258619191e-01
9.942994626335913688e-01
9.941075135529958695e-01
9.939156300307704361e-01
9.937250965670187952e-01
9.935371289146655016e-01
9.933528749400785118e-01
9.931734152696536366e-01
9.929997637509149211e-01
9.928328677596632845e-01
9.926736083868044069e-01
9.925228005396743436e-01
9.923811929929815534e-01
9.922494684239301366e-01
9.921282434647721304e-01
9.920180688040564077e-01
9.919194293653078587e-01
9.918327445889332239e-01
9.917583688399220776e-01
9.916965919605450486e-01
9.916476399838424216e-01
9.916116760203744773e-01
9.915888013275241386e-01
9.915790565676820822e-01
9.915824232589235399e-01
9.915988254193153217e-01
9.916281314037550532e-01
9.916701559302207869e-01
9.917246622904376530e-01
9.917913647382294862e-01
9.918699310471521535e-01
9.919599852273877083e-01
9.920611103902814421e-01
9.921728517473420439e-01
9.922947197289914145e-01
9.924261932069046166e-01
9.925667228024382949e-01
9.927157342624775005e-01
9.928726318830773945e-01
9.930368019605891883e-01
9.932076162495728777e-01
9.933844354067322691e-01
9.935666124003690314e-01
9.937534958654209438e-01
9.939444333850000479e-01
9.941387746804289938e-01
9.943358746930425207e-01
9.945350965424077927e-01
9.947358143470781400e-01
9.949374158954695790e-01
9.951393051559109804e-01
9.953409046163245177e-01
9.955416574453488376e-01
9.957410294680050233e-01
9.959385109502472133e-01
9.961336181879537621e-01
9.963258948971145390e-01
9.965149134031949796e-01
9.967002756289156107e-01
9.968816138810024929e-01
9.970585914378401471e-01
9.972309029413974901e-01
9.973982745982776787e-01
9.975604641962493302e-01
9.977172609441016249e-01
9.978684851440969839e-01
9.980139877076071864e-01
9.981536495256631003e-01
9.982873807070669070e-01
9.984151196973432008e-01
9.985368322921086559e-01
9.986525105583746731e-01
9.987621716768469993e-01
9.988658567174579783e-01
9.989636293591901417e-01
9.990555745637779150e-01
9.991417972111898971e-01
9.992224207030102612e-01
9.992975855380700212e-01
9.993674478630703018e-01
9.994321779996234723e-01
9.994919589482440525e-01
9.995469848694464865e-01
9.995974595423342546e-01
9.996435948019082307e-01
9.996856089577776938e-01
9.997237251989385953e-01
9.997581699916799902e-01
9.997891714803245344e-01
