0.015279
0.015279
0.015279
0.015279
0.015279
0.015279
0.015279
0.015279
0.015279
0.015279
0.015279
0.015279
0.015279
0.015279
0.015279
0.015279
0.015279
0.015279
0.015279
0.016422
0.016422
0.019217
0.019621
0.022427
0.02532
0.027768
0.032102
0.036024
0.040137
0.044087
0.049985
0.05468
0.057912
0.063007
0.064641
0.066098
0.068412
0.068767
0.065983
0.064778
0.061
0.056226
0.049376
0.041745
0.033583
0.02423
0.013395
0.0043833
-0.0076809
-0.019055
-0.029863
-0.04295
-0.054353
-0.064198
-0.072604
-0.081181
-0.089851
-0.094364
-0.10057
-0.10376
-0.1061
-0.10617
-0.1029
-0.1017
-0.096765
-0.088396
-0.08305
-0.077662
-0.066433
-0.059272
-0.049973
-0.038055
-0.030369
-0.022538
-0.015574
-0.0075909
-0.0030074
0.0020532
0.0070031
0.0080297
0.012898
0.012898
0.015279
0.015279
0.015279
0.015279
0.015279
0.015279
0.015279
0.015279
0.015279
0.015279
0.015279
0.015279
0.015279
0.015279
0.015279
0.015279
0.015279
0.015279
