9.997978953687137738e-01
9.997684684851789738e-01
9.997358285874868855e-01
9.996997709354472628e-01
9.996600930770708215e-01
9.996165961459096971e-01
9.995690861066826027e-01
9.995173749384981265e-01
9.994612817485758471e-01
9.994006338127914280e-01
9.993352675424379550e-01
9.992650293791781602e-01
9.991897766221481403e-01
9.991093781925323158e-01
9.990237153416562377e-01
9.989326823087871787e-01
9.988361869344746236e-01
9.987341512345084826e-01
9.986265119385392408e-01
9.985132209962134242e-01
9.983942460524483087e-01
9.982695708922918465e-01
9.981391958547848331e-01
9.980031382144053387e-01
9.978614325280776853e-01
9.977141309453880780e-01
9.975613034795525191e-01
9.974030382368281877e-01
9.972394416024049635e-01
9.970706383813364715e-01
9.968967718937159495e-01
9.967180040240380956e-01
9.965345152254635464e-01
9.963465044804746817e-01
9.961541892201345449e-01
9.959578052047945995e-01
9.957576063695967594e-01
9.955538646384459733e-01
9.953468697102536566e-01
9.951369288211437958e-01
9.949243664859425129e-01
9.947095242216327238e-01
9.944927602545341472e-01
9.942744492117755462e-01
9.940549817961732426e-01
9.938347644419533999e-01
9.936142189468860630e-01
9.933937820743943270e-01
9.931739051171218913e-01
9.929550534113554816e-01
9.927377057896729085e-01
9.925223539573131415e-01
9.923095017761007774e-01
9.920996644383860419e-01
9.918933675124442795e-01
9.916911458401630464e-01
9.914935422676723897e-01
9.913011061898686638e-01
9.911143918905417349e-01
9.909339566610316785e-01
9.907603586819893060e-01
9.905941546548449050e-01
9.904358971719615656e-01
9.902861318171101157e-01
9.901453939907892687e-01
9.900142054580013395e-01
9.898930706193198592e-01
9.897824725094486187e-01
9.896828685309291274e-01
9.895946859342256152e-01
9.895183170590625688e-01
9.894541143556330187e-01
9.894023852080875425e-01
9.893633865865268939e-01
9.893373195574960421e-01
9.893243236866100521e-01
9.893244713703327475e-01
9.893377621369181529e-01
9.893641169589680873e-01
9.894033726217830171e-01
9.894552761925213824e-01
9.895194796350049726e-01
9.895955346136915409e-01
9.896828875278214088e-01
9.897808748130234591e-01
9.898887185427781565e-01
9.900055223562022055e-01
9.901302677317974643e-01
9.902618106193199488e-01
9.903988784340234108e-01
9.905400674094865243e-01
9.906838402973418001e-01
9.908285243947362320e-01
9.909723098735533364e-01
9.911132483794907744e-01
9.912492518642316286e-01
9.913780916102620244e-01
9.914973974054774875e-01
9.916046568235972192e-01
9.916972145665772231e-01
9.917722718266270832e-01
9.918268856280254564e-01
9.918579681126247216e-01
9.918622857376316881e-01
9.918364583598849871e-01
9.917769581873305818e-01
9.916801085856793430e-01
9.915420827362795286e-01
9.913589021500336385e-01
9.911264350517461352e-01
9.908403946596273659e-01
9.904963373958319828e-01
9.900896610758991301e-01
9.896156031378056106e-01
9.890692389850136435e-01
9.884454805323227289e-01
9.877390750583926460e-01
9.869446044842820065e-01
9.860564852129534152e-01
9.850689686800747635e-01
9.839761427811263284e-01
9.827719343533202201e-01
9.814501129025675619e-01
9.800042957751340378e-01
9.784279549801286890e-01
9.767144258720418248e-01
9.748569179017494424e-01
9.728485276393454839e-01
9.706822542626339922e-01
9.683510176909740919e-01
9.658476795254513636e-01
9.631650669331902614e-01
9.602959995862816456e-01
9.572333197346362121e-01
9.539699254575104703e-01
9.504988071009837780e-01
9.468130868687781865e-01
9.429060614920610206e-01
9.387712478607376232e-01
9.344024314547699772e-01
9.297937173697187196e-01
9.249395836865021980e-01
9.198349368917689839e-01
9.144751690127899124e-01
9.088562160898667752e-01
9.029746175704745914e-01
8.968275761732178442e-01
8.904130177367591825e-01
8.837296505397767010e-01
8.767770235532859058e-01
8.695555830669701169e-01
8.620667271170482371e-01
8.543128571352593958e-01
8.462974262372411349e-01
8.380249835743589504e-01
8.295012141862192490e-01
8.207329738118694928e-01
8.117283181460682728e-01
8.024965260628789121e-01
7.930481163718537951e-01
7.833948577216793829e-01
7.735497713216380467e-01
7.635271262116443136e-01
7.533424268758266429e-01
7.430123930614479510e-01
7.325549317329862475e-01
7.219891011591503815e-01
7.113350671970619654e-01
7.006140519016114121e-01
6.898482746479528416e-01
6.790608860103800604e-01
6.682758946907781938e-01
6.575180878341347901e-01
6.468129451071529257e-01
6.361865469491022607e-01
6.256654774321399604e-01
6.152767221921697782e-01
6.050475619118064197e-01
5.950054618550448815e-01
5.851779579699520895e-01
5.755925400919091883e-01
5.662765327965053608e-01
5.572569744687991822e-01
5.485604951745735036e-01
5.402131939397163407e-01
5.322405160655835354e-01
5.246671311308914731e-01
5.175168123534766851e-01
5.108123180072694502e-01
5.045752756099388669e-01
4.988260696136446182e-01
4.935837333438644059e-01
4.888658459381578503e-01
4.846884350367950400e-01
4.810658859694083578e-01
4.780108581654700650e-01
4.755342094908633355e-01
4.736449291779012416e-01
4.723500799718046705e-01
4.716547500632450873e-01
4.715620153145756444e-01
4.720729122176389181e-01
4.731864219444840147e-01
4.748994657699986410e-01
4.772069120585609170e-01
4.801015949164740837e-01
4.835743445193158019e-01
4.876140290295113422e-01
4.922076079254164016e-01
4.973401964698526134e-01
5.029951409541814078e-01
5.091541042643061843e-01
5.157971612280811691e-01
5.229029031200211897e-01
5.304485506195344424e-01
5.384100744435922348e-01
5.467623228045506156e-01
5.554791547792160555e-01
5.645335786170910808e-01
5.738978939647494393e-01
5.835438369404037928e-01
5.934427269588540277e-01
6.035656141831038379e-01
6.138834264659303042e-01
6.243671146434314201e-01
6.349877950538442839e-01
6.457168881791897075e-01
6.565262523449983956e-01
6.673883114645045023e-01
6.782761758780220251e-01
6.891637554152436618e-01
7.000258638970127123e-01
7.108383143924970060e-01
7.215780046562410011e-01
7.322229922854374129e-01
7.427525592591233128e-01
7.531472656456393855e-01
7.633889923905251562e-01
7.734609732217399003e-01
7.833478158305824390e-01
7.930355126027971435e-01
8.025114412831626520e-01
8.117643560566237815e-01
8.207843696181998938e-01
8.295629268812404478e-01
8.380927710381493867e-01
8.463679027387529530e-01
8.543835331887370543e-01
8.621360319939275207e-01
8.696228705859191388e-01
8.768425620611692839e-01
8.837945982499715303e-01
8.904793848047207749e-01
8.968981750597855296e-01
9.030530033694996739e-01
9.089466185777412832e-01
9.145824182138635461e-01
9.199643839469404671e-01
9.250970187649752985e-01
9.299852862793731578e-01
9.346345524890298240e-01
9.390505302740828064e-01
9.432392268278461112e-01
9.472068941776217166e-01
9.509599828917113529e-01
9.545050990215824260e-01
9.578489642851479857e-01
9.609983794596627105e-01
9.639601909208550534e-01
9.667412602384511944e-01
9.693484367169563631e-01
9.717885327540738416e-01
9.740683018770266433e-01
9.761944193088066823e-01
9.781734649115050306e-01
9.800119083518366025e-01
9.817160963342755897e-01
9.832922417493732414e-01
9.847464145884244902e-01
9.860845344803085277e-01
9.873123647117416635e-01
9.884355075981159366e-01
9.894594010783627214e-01
9.903893164137642646e-01
9.912303568772506956e-01
9.919874573264310103e-01
9.926653845603831128e-01
9.932687383670649739e-01
9.938019531750752478e-01
9.942693002303686356e-01
9.946748902253426117e-01
9.950226763144001119e-01
9.953164574565335210e-01
9.955598820315677555e-01
9.957564516823058653e-01
9.959095253398202452e-01
9.960223233934303311e-01
9.960979319704151846e-01
9.961393072932079873e-01
9.961492800837153938e-01
9.961305599855690973e-01
9.960857399756680719e-01
9.960173007364629960e-01
9.959276149602765971e-01
9.958189515567402728e-01
9.956934797343967025e-01
9.955532729278568915e-01
9.954003125427952625e-01
9.952364914926455919e-01
9.950636175032153696e-01
9.948834161645770946e-01
9.946975337135148809e-01
9.945075395343916380e-01
9.943149283714524111e-01
9.941211222510963896e-01
9.939274721183687378e-01
9.937352591976154059e-01
9.935456960927254721e-01
9.933599276474478490e-01
9.931790315907604860e-01
9.930040189960387398e-01
9.928358345857213330e-01
9.926753569152391155e-01
9.925233984711305801e-01
9.923807057185328739e-01
9.922479591326528459e-01
9.921257732474753066e-01
9.920146967529518411e-01
9.919152126693597804e-01
9.918277386245604177e-01
9.917526272566477008e-01
9.916901667611077720e-01
9.916405815982120009e-01
9.916040333730536949e-01
9.915806218974908548e-01
9.915703864403293544e-01
9.915733071693985101e-01
9.915893067867480593e-01
9.916182523560074236e-01
9.916599573189635031e-01
9.917141836965877033e-01
9.917806444680351552e-01
9.918590061194874075e-01
9.919488913531079310e-01
9.920498819447739480e-01
9.921615217376695828e-01
9.922833197572599184e-01
9.924147534316701824e-01
9.925552719000945157e-01
9.927042993906198820e-01
9.928612386478263829e-01
9.930254743897526382e-01
9.931963767733584802e-01
9.933733048474718830e-01
9.935556099724086598e-01
9.937426391859699448e-01
9.939337384963393696e-01
9.941282560834664439e-01
9.943255453917949627e-01
9.945249680986039120e-01
9.947258969437284826e-01
9.949277184079650116e-01
9.951298352289886795e-01
9.953316687451062572e-01
9.955326610585993885e-01
9.957322770117921218e-01
9.959300059702934638e-01
9.961253634091518094e-01
9.963178922989134323e-01
9.965071642898428728e-01
9.966927806938429280e-01
9.968743732649310019e-01
9.970516047804927062e-01
9.972241694269365908e-01
9.973917929948183936e-01
9.975542328899473787e-01
9.977112779684249588e-01
9.978627482049304831e-01
9.980084942048335073e-01
9.981483965718087603e-01
9.982823651435124290e-01
9.984103381084875606e-01
9.985322810177620356e-01
9.986481857045417243e-01
9.987580691249721143e-01
9.988619721321448930e-01
9.989599581943809925e-01
9.990521120673927502e-01
9.991385384282815973e-01
9.992193604775765348e-01
9.992947185137784905e-01
9.993647684832795974e-01
9.994296805072137024e-01
9.994896373858853655e-01
9.995448330810277060e-01
9.995954711763245237e-01
9.996417633174329298e-01
9.996839276341425995e-01
9.997221871492359968e-01
9.997567681809573781e-01
9.997878987486017444e-01
