9.997981019845518791e-01
9.997687006933164700e-01
9.997360883650699970e-01
9.997000602607909459e-01
9.996604139126132882e-01
9.996169504210020706e-01
9.995694757005216813e-01
9.995178016634956863e-01
9.994617473344363789e-01
9.994011398915371158e-01
9.993358156345835130e-01
9.992656208812149554e-01
9.991904127954541748e-01
9.991100601537791226e-01
9.990244440547395577e-01
9.989334585782670972e-01
9.988370114004744282e-01
9.987350243689849805e-01
9.986274340428111795e-01
9.985141921996081305e-01
9.983952663119081139e-01
9.982706399927669949e-01
9.981403134102274644e-01
9.980043036691743641e-01
9.978626451585610457e-01
9.977153898616515360e-01
9.975626076268292453e-01
9.974043863966753909e-01
9.972408323933695806e-01
9.970720702589921380e-01
9.968982431499581187e-01
9.967195127855583703e-01
9.965360594513544834e-01
9.963480819589595194e-01
9.961557975644546037e-01
9.959594418483318501e-01
9.957592685603492422e-01
9.955555494330158295e-01
9.953485739675421717e-01
9.951386491959783864e-01
9.949260994228825705e-01
9.947112659492178821e-01
9.944945067802398730e-01
9.942761963179383988e-01
9.940567250371342700e-01
9.938364991426439365e-01
9.936159402030529941e-01
9.933954847546256905e-01
9.931755838667977176e-01
9.929567026586088030e-01
9.927393197534111202e-01
9.925239266573147034e-01
9.923110270451742654e-01
9.921011359365560223e-01
9.918947787431102725e-01
9.916924901681684057e-01
9.914948129392128218e-01
9.913022963541674448e-01
9.911154946232155760e-01
9.909349649890696332e-01
9.907612656102592341e-01
9.905949531940277941e-01
9.904365803677963598e-01
9.902866927807969510e-01
9.901458259303623777e-01
9.900145017104293732e-01
9.898932246830350890e-01
9.897824780769367559e-01
9.896827195209462191e-01
9.895943765231336453e-01
9.895178417107126645e-01
9.894534678491652135e-01
9.894015626629706350e-01
9.893623834841351883e-01
9.893361317585116499e-01
9.893229474435549786e-01
9.893229033345793955e-01
9.893359993595945978e-01
9.893621568852724035e-01
9.894012130783420567e-01
9.894529153675746258e-01
9.895169160513597184e-01
9.895927670945754429e-01
9.896799151559488861e-01
9.897776968833861266e-01
9.898853345098659329e-01
9.900019317765433868e-01
9.901264702028820253e-01
9.902578057161218750e-01
9.903946656444663210e-01
9.905356460702984256e-01
9.906792095318099900e-01
9.908236830539091100e-01
9.909672564824253405e-01
9.911079810896691322e-01
9.912437684144984607e-01
9.913723892963323125e-01
9.914914730601011028e-01
9.915985068079785636e-01
9.916908347738820906e-01
9.917656576981283001e-01
9.918200321822108201e-01
9.918508699873544998e-01
9.918549372452095669e-01
9.918288535546831985e-01
9.917690909454131010e-01
9.916719726956887415e-01
9.915336720007021931e-01
9.913502104958370476e-01
9.911174566492901850e-01
9.908311240486903371e-01
9.904867696175543301e-01
9.900797918094351724e-01
9.896054288404769750e-01
9.890587570347709745e-01
9.884346893713417126e-01
9.877279743366496056e-01
9.869331952019639864e-01
9.860447698605641076e-01
9.850569513750830897e-01
9.839638293999877217e-01
9.827593326576622434e-01
9.814372326582923023e-01
9.799911488631423140e-01
9.784145554973252557e-01
9.767007902212426762e-01
9.748430648690886713e-01
9.728344784577724891e-01
9.706680326601114794e-01
9.683366499220358303e-01
9.658331943848574852e-01
9.631504957505280240e-01
9.602813762005016907e-01
9.572186804476825461e-01
9.539553089663975749e-01
9.504842544078814237e-01
9.467986411688918968e-01
9.428917680393189560e-01
9.387571538115243586e-01
9.343885856901623654e-01
9.297801702968840898e-01
9.249263870201052118e-01
9.198221434163964538e-01
9.144628323275453274e-01
9.088443903364022969e-01
9.029633571458236529e-01
8.968169354288616502e-01
8.904030506654145860e-01
8.837204104514255754e-01
8.767685627419899985e-01
8.695479524700209240e-01
8.620599759680034335e-01
8.543070326124104774e-01
8.462925731090435999e-01
8.380211438433469162e-01
8.294984267329121863e-01
8.207312740401687678e-01
8.117277376316418547e-01
8.024970922060423728e-01
7.930498520564766007e-01
7.833977809816976556e-01
7.735538950168274752e-01
7.635324577144081415e-01
7.533489677709088728e-01
7.430201388606578750e-01
7.325638716072633283e-01
7.219992176905664083e-01
7.113463361536818130e-01
7.006264420384831215e-01
6.898617475378773234e-01
6.790753959084885327e-01
6.682913884373254954e-01
6.575345048002436688e-01
6.468302171885325080e-01
6.362045986129338804e-01
6.256842258223980213e-01
6.152960772985635041e-01
6.050674268072652184e-01
5.950257330062287409e-01
5.851985256246050593e-01
5.756132887459881609e-01
5.662973417429453260e-01
5.572777184284466445e-01
5.485810450083732359e-01
5.402334174395690969e-01
5.322602788195631707e-01
5.246862974567028104e-01
5.175352462921893881e-01
5.108298843676257750e-01
5.045918410518426267e-01
4.988415037579659872e-01
4.935979098944160981e-01
4.888786438007215462e-01
4.846997394193967024e-01
4.810755894477174444e-01
4.780188616972488314e-01
4.755404233638098610e-01
4.736492738760165189e-01
4.723524869465673959e-01
4.716551623973281870e-01
4.715603882675920566e-01
4.720692136453836785e-01
4.731806325852887518e-01
4.748915793941035357e-01
4.771969354787378714e-01
4.800895478604702005e-01
4.835602593669794391e-01
4.875979504196172876e-01
4.921895922392292011e-01
4.973203112002897441e-01
5.029734639710146116e-01
5.091307229871894213e-01
5.157721717202603529e-01
5.228764091163820016e-01
5.304206625031542277e-01
5.383809081852355405e-01
5.467319988795185104e-01
5.554477970757333294e-01
5.645013133499370284e-01
5.738648486071763477e-01
5.835101391865464837e-01
5.934085037278435948e-01
6.035309906749870557e-01
6.138485252782870383e-01
6.243320549563085020e-01
6.349526918892753891e-01
6.456818517402461710e-01
6.564913874379441072e-01
6.673537170062915358e-01
6.782419444900831262e-01
6.891299731032844988e-01
6.999926098153523846e-01
7.108056606904187280e-01
7.215460164028444368e-01
7.321917274686196020e-01
7.427220688535605131e-01
7.531175937440321988e-01
7.633601763918621552e-01
7.734330440699886955e-01
7.833207982969667693e-01
7.930094256047167667e-01
8.024862982328205829e-01
8.117401652325439976e-01
8.207611345530366753e-01
8.295406467596033728e-01
8.380714410985500296e-01
8.463475146742459598e-01
8.543640755413378640e-01
8.621174905384487719e-01
8.696052286994457869e-01
8.768258010749935272e-01
8.837786977814090505e-01
8.904643230668216614e-01
8.968839291475283471e-01
9.030395495215954860e-01
9.089339324136869180e-01
9.145704749463361427e-01
9.199531585700397862e-01
9.250864862191658933e-01
9.299754215942788171e-01
9.346253309054582958e-01
9.390419273468368910e-01
9.432312185109866798e-01
9.471994568939112735e-01
9.509530935879731972e-01
9.544987352116777179e-01
9.578431040821970832e-01
9.609930015990377772e-01
9.639552747753420414e-01
9.667367858268386405e-01
9.693443847071603336e-01
9.717848844617555937e-01
9.740650392605113561e-01
9.761915249609761647e-01
9.781709220492063039e-01
9.800097008032416790e-01
9.817142085245277316e-01
9.832906586847802721e-01
9.847451218393973305e-01
9.860835181631958379e-01
9.873116114696830481e-01
9.884350045810145202e-01
9.894591359220722415e-01
9.903892772185853843e-01
9.912305321858401186e-01
9.919878361012383072e-01
9.926659561607473758e-01
9.932694925261214003e-01
9.938028799766404076e-01
9.942703900859902744e-01
9.946761338517190465e-01
9.950240647113842707e-01
9.953179818859509975e-01
9.955615339970823596e-01
9.957582229105669258e-01
9.959114077631240347e-01
9.960243091341145494e-01
9.961000133271900037e-01
9.961414767296028483e-01
9.961515302187904375e-01
9.961328835870013609e-01
9.960881299552801771e-01
9.960197501482139781e-01
9.959301170006779058e-01
9.958214995676070158e-01
9.956960672077838082e-01
9.955558935129728004e-01
9.954029600546296930e-01
9.952391599219989615e-01
9.950663010277691622e-01
9.948861091606132634e-01
9.947002307678631805e-01
9.945102354561768943e-01
9.943176182032086308e-01
9.941238012788370382e-01
9.939301358802297148e-01
9.937379034907339870e-01
9.935483169780768842e-01
9.933625214524313130e-01
9.931815949094042750e-01
9.930065486867781788e-01
9.928383277667894857e-01
9.926778109577943932e-01
9.925258109903229986e-01
9.923830745627798544e-01
9.922502823714530740e-01
9.921280491581283556e-01
9.920169238065786876e-01
9.919173895166235599e-01
9.918298640814775524e-01
9.917547002908524423e-01
9.916921864788906804e-01
9.916425472325992585e-01
9.916059442731328666e-01
9.915824775191220963e-01
9.915721863383104573e-01
9.915750509910880028e-01
9.915909942670912969e-01
9.916198833138545332e-01
9.916615316545293046e-01
9.917157013898719731e-01
9.917821055780006168e-01
9.918604107837890593e-01
9.919502397881660993e-01
9.920511744459999948e-01
9.921627586796680776e-01
9.922845015938619451e-01
9.924158806956745460e-01
9.925563452026278100e-01
9.927053194200541331e-01
9.928622061682196298e-01
9.930263902388037911e-01
9.931972418598863372e-01
9.933741201484471706e-01
9.935563765295774008e-01
9.937433581021172246e-01
9.939344109312441278e-01
9.941288832496029126e-01
9.943261285498317115e-01
9.945255085527501260e-01
9.947263960369754354e-01
9.949281775172617026e-01
9.951302557603921572e-01
9.953320521289394929e-01
9.955330087446495613e-01
9.957325904645798476e-01
9.959302866644440533e-01
9.961256128248986430e-01
9.963181119177670908e-01
9.965073555904588876e-01
9.966929451481238988e-01
9.968745123343975001e-01
9.970517199129561581e-01
9.972242620535060054e-01
9.973918645272632499e-01
9.975542847184341033e-01
9.977113114596308785e-01
9.978627647005270385e-01
9.980084950203123029e-01
9.981483829956105946e-01
9.982823384363992414e-01
9.984102995030826877e-01
9.985322317181695162e-01
9.986481268859460636e-01
9.987580019331140369e-01
9.988618976825697215e-01
9.989598775713633971e-01
9.990520263224565989e-01
9.991384485782556224e-01
9.992192675021532855e-01
9.992946233525767941e-01
9.993646720324472765e-01
9.994295836156441570e-01
9.994895408511568213e-01
9.995447376452064603e-01
9.995953775217997217e-01
9.996416720629678343e-01
9.996838393313352000e-01
9.997221022795795831e-01
9.997566871536791577e-01
9.997878218994290522e-01
