9.997976029008263099e-01
9.997681399903433075e-01
9.997354613183209171e-01
9.996993621493049931e-01
9.996596400602590915e-01
9.996160962380492565e-01
9.995685367247753028e-01
9.995167736002795733e-01
9.994606260947735965e-01
9.993999216279495501e-01
9.993344967740285245e-01
9.992641981547787378e-01
9.991888832645294816e-01
9.991084212325674896e-01
9.990226935290237309e-01
9.989315946205014063e-01
9.988350325813333264e-01
9.987329296655943489e-01
9.986252228439558287e-01
9.985118643082712131e-01
9.983928219455433517e-01
9.982680797817444773e-01
9.981376383949163156e-01
9.980015152961403402e-01
9.978597452763627862e-01
9.977123807167070924e-01
9.975594918598106320e-01
9.974011670398522655e-01
9.972375128692835267e-01
9.970686543807837365e-01
9.968947351236026044e-01
9.967159172141817347e-01
9.965323813417151788e-01
9.963443267300774453e-01
9.961519710582678044e-01
9.959555503421551048e-01
9.957553187808065864e-01
9.955515485710216828e-01
9.953445296938261411e-01
9.951345696765774296e-01
9.949219933339805699e-01
9.947071424906829273e-01
9.944903756872117695e-01
9.942720678698367953e-01
9.940526100635030948e-01
9.938324090253108922e-01
9.936118868741599108e-01
9.933914806901760208e-01
9.931716420754598262e-01
9.929528366656098504e-01
9.927355435794428251e-01
9.925202547924524277e-01
9.923074744178769224e-01
9.920977178778639383e-01
9.918915109461968749e-01
9.916893886434199334e-01
9.914918939650272378e-01
9.912995764236637308e-01
9.911129903870533608e-01
9.909326931945873218e-01
9.907592430371569003e-01
9.905931965868618461e-01
9.904351063656063880e-01
9.902855178442676598e-01
9.901449662670274154e-01
9.900139731985521108e-01
9.898930427949484967e-01
9.897826578027856259e-01
9.896832752939426214e-01
9.895953221475990436e-01
9.895191902943332174e-01
9.894552317410107989e-01
9.894037533989208377e-01
9.893650117414017897e-01
9.893392073209403836e-01
9.893264791793242585e-01
9.893268991877823826e-01
9.893404663569984603e-01
9.893671011592909403e-01
9.894066399069386675e-01
9.894588292314486777e-01
9.895233207083543592e-01
9.895996656708033745e-01
9.896873102526748678e-01
9.897855906982362395e-01
9.898937289704783371e-01
9.900108286843475325e-01
9.901358713842951520e-01
9.902677131781126851e-01
9.904050817311522703e-01
9.905465736170401270e-01
9.906906520131343319e-01
9.908356447215546092e-01
9.909797424898523222e-01
9.911209975995146637e-01
9.912573226856838948e-01
9.913864897478407157e-01
9.915061293088268668e-01
9.916137296784979238e-01
9.917066362784954237e-01
9.917820509860563183e-01
9.918370314573821123e-01
9.918684903947759812e-01
9.918731947264476378e-01
9.918477646734908948e-01
9.917886726849959311e-01
9.916922422295000317e-01
9.915546464389929371e-01
9.913719066104429434e-01
9.911398905793294967e-01
9.908543109899649037e-01
9.905107234985092157e-01
9.901045249565428863e-01
9.896309516358893221e-01
9.890850775690386287e-01
9.884618130939499814e-01
9.877559037070767767e-01
9.869619293439446661e-01
9.860743042222414045e-01
9.850872773977673580e-01
9.839949341983040831e-01
9.827911987139591465e-01
9.814698375342940651e-01
9.800244649319448387e-01
9.784485496989440145e-01
9.767354238450154380e-01
9.748782933662826222e-01
9.728702512877551722e-01
9.707042931733841362e-01
9.683733352832999408e-01
9.658702355390852423e-01
9.631878174347298094e-01
9.603188970035361205e-01
9.572563129200449827e-01
9.539929597814602591e-01
9.505218245755591155e-01
9.468360263021852186e-01
9.429288586736586097e-01
9.387938357763216946e-01
9.344247405314782817e-01
9.298156757496690572e-01
9.249611175280515463e-01
9.198559706970833583e-01
9.144956259802506926e-01
9.088760184897056726e-01
9.029936871419259603e-01
8.968458345413948818e-01
8.904303868474087169e-01
8.837460531100249650e-01
8.767923835364640484e-01
8.695698261295932152e-01
8.620797811260108023e-01
8.543246526533040397e-01
8.463078970247475130e-01
8.380340670954889992e-01
8.295088521174333041e-01
8.207391125507925711e-01
8.117329093186425037e-01
8.024995270266570557e-01
7.930494907131934168e-01
7.833945757444531477e-01
7.735478105249004033e-01
7.635234717534524762e-01
7.533370720201392201e-01
7.430053396046591985e-01
7.325461904062696705e-01
7.219786920023040233e-01
7.113230198990535547e-01
7.006004061024776464e-01
6.898330801961561898e-01
6.790442031691878988e-01
6.682577942867430343e-01
6.574986513403351385e-01
6.467922646535697595e-01
6.361647252523709994e-01
6.256426276369819739e-01
6.152529676171218931e-01
6.050230356924146680e-01
5.949803064785736950e-01
5.851523246967993419e-01
5.755665882604010797e-01
5.662504290094927395e-01
5.572308916625139386e-01
5.485346115724613059e-01
5.401876918963748331e-01
5.322155808085031747e-01
5.246429494102604618e-01
5.174935710128444333e-01
5.107902024902762905e-01
5.045544684205176544e-01
4.988067487489851182e-01
4.935660707209820197e-01
4.888500058360084610e-01
4.846745725765089219e-01
4.810541456553359962e-01
4.780013725093285037e-01
4.755270977403492916e-01
4.736402961696964953e-01
4.723480151270217364e-01
4.716553265410310392e-01
4.715652893369479681e-01
4.720789225756832908e-01
4.731951896929130763e-01
4.749109941138257573e-01
4.772211864323767649e-01
4.801185832535836973e-01
4.835939977049154015e-01
4.876362815291865882e-01
4.922323785776063776e-01
4.973673894285964847e-01
5.030246467664646337e-01
5.091858010647113408e-01
5.158309160321810083e-01
5.229385731971178952e-01
5.304859849248323433e-01
5.384491150898058631e-01
5.468028065531436166e-01
5.555209145320265662e-01
5.645764448899183163e-01
5.739416963255613569e-01
5.835884053961238882e-01
5.934878932761671333e-01
6.036112131303543737e-01
6.139292969649315923e-01
6.244131008218096746e-01
6.350337471904258235e-01
6.457626635367972323e-01
6.565717158869038839e-01
6.674333364525770751e-01
6.783206443523771556e-01
6.892075585568460117e-01
7.000689022762109914e-01
7.108804981078926666e-01
7.216192533695287015e-01
7.322632351589676292e-01
7.427917348038384215e-01
7.531853214878033720e-01
7.634258849662099999e-01
7.734966674084351457e-01
7.833822845254955203e-01
7.930687362574539989e-01
8.025434074038106935e-01
8.117950586796620627e-01
8.208138087694762941e-01
8.295911080275393257e-01
8.381197045385808675e-01
8.463936033030629025e-01
8.544080193487990638e-01
8.621593255938787559e-01
8.696449962955722368e-01
8.768635469164960394e-01
8.838144712236234435e-01
8.904981764087460672e-01
8.969159169819332922e-01
9.030697281437792823e-01
9.089623592892490667e-01
9.145972082372983980e-01
9.199782567177203774e-01
9.251100075814314705e-01
9.299974241341559811e-01
9.346458719275969607e-01
9.390610632779604616e-01
9.432490047202493066e-01
9.472159475489949632e-01
9.509683415427786501e-01
9.545127919215899981e-01
9.578560195431159441e-01
9.610048243066307005e-01
9.639660517013031171e-01
9.667465624092846932e-01
9.693532048526570799e-01
9.717927905568324309e-01
9.740720721908679991e-01
9.761977241369101943e-01
9.781763254360804627e-01
9.800143449560649866e-01
9.817181286259387685e-01
9.832938885858942824e-01
9.847476941031125808e-01
9.860854641096542528e-01
9.873129612236417607e-01
9.884357871209228374e-01
9.894593791306587338e-01
9.903890079347527076e-01
9.912297762576394167e-01
9.919866184396638475e-01
9.926643007940479935e-01
9.932674226542792528e-01
9.938004180256243547e-01
9.942675577613420135e-01
9.946729521909941640e-01
9.950205541349338434e-01
9.953141622455078386e-01
9.955574246215993517e-01
9.957538426487572147e-01
9.959067750221641813e-01
9.960194419140031563e-01
9.960949292502981889e-01
9.961361930650184382e-01
9.961460639011342488e-01
9.961272512294936377e-01
9.960823478569433842e-01
9.960138342952216117e-01
9.959240830619925378e-01
9.958153628851897921e-01
9.956898427817969521e-01
9.955495959825364505e-01
9.953966036748227442e-01
9.952327585379115993e-01
9.950598680465111423e-01
9.948796575222590421e-01
9.946937729163585207e-01
9.945037833112475578e-01
9.943111831342921203e-01
9.941173940820011712e-01
9.939237667589513325e-01
9.937315820412877532e-01
9.935420521801271443e-01
9.933563216652429029e-01
9.931754678738905495e-01
9.930005015334005813e-01
9.928323670291129277e-01
9.926719425913076433e-01
9.925200403959507645e-01
9.923774066143608019e-01
9.922447214463334664e-01
9.921225991699422764e-01
9.920115882392412932e-01
9.919121714585674709e-01
9.918247662592070135e-01
9.917497251009697035e-01
9.916873360178671826e-01
9.916378233237014284e-01
9.916013484900726427e-01
9.915780112061659546e-01
9.915678506267486814e-01
9.915708468121217090e-01
9.915869223613331673e-01
9.916159442377625588e-01
9.916577257841797666e-01
9.917120289225466179e-01
9.917785665320960620e-01
9.918570049975644620e-01
9.919469669178299087e-01
9.920480339635974198e-01
9.921597498711799412e-01
9.922816235578562072e-01
9.924131323427861640e-01
9.925537252560654444e-01
9.927028264172644834e-01
9.928598384637726815e-01
9.930241460085099670e-01
9.931951191061045847e-01
9.933721167065092672e-01
9.935544900752276698e-01
9.937415861598476452e-01
9.939327508833988301e-01
9.941273323461233824e-01
9.943246839185180264e-01
9.945241672099226493e-01
9.947251548984279435e-01
9.949270334094107993e-01
9.951292054315319380e-01
9.953310922605228539e-01
9.955321359625182165e-01
9.957318013500693343e-01
9.959295777652880099e-01
9.961249806658563077e-01
9.963175530108905331e-01
9.965068664449154845e-01
9.966925222794852379e-01
9.968741522733061133e-01
9.970514192130845998e-01
9.972240172987331119e-01
9.973916723380070737e-01
9.975541417571033298e-01
9.977112144351862888e-01
9.978627103721778857e-01
9.980084802004168809e-01
9.981484045518871362e-01
9.982823932936010225e-01
9.984103846443299624e-01
9.985323441861644334e-01
9.986482637843207000e-01
9.987581604281747794e-01
9.988620750056951270e-01
9.989600710222950042e-01
9.990522332736790911e-01
9.991386664806103379e-01
9.992194938917557945e-01
9.992948558590263319e-01
9.993649083882231166e-01
9.994298216664910806e-01
9.994897785671720269e-01
9.995449731322575415e-01
9.995956090328399490e-01
9.996418980087712347e-01
9.996840582901537209e-01
9.997223130052329543e-01
9.997568885816255913e-01
9.997880131504275347e-01
