9.997985039817960384e-01
9.997691531459861336e-01
9.997365952869530226e-01
9.997006256879014119e-01
9.996610418701277201e-01
9.996176448895833788e-01
9.995702405826215609e-01
9.995186407502093529e-01
9.994626642734436572e-01
9.994021381566110529e-01
9.993368984970820712e-01
9.992667913838947369e-01
9.991916737288645267e-01
9.991114140354132589e-01
9.990258931110366225e-01
9.989350047294823787e-01
9.988386562483645426e-01
9.987367691871891218e-01
9.986292797697563506e-01
9.985161394337175311e-01
9.983973153088532282e-01
9.982727906644736082e-01
9.981425653253203079e-01
9.980066560545277632e-01
9.978650969016130690e-01
9.977179395131309247e-01
9.975652534035479579e-01
9.974071261840472546e-01
9.972436637473299781e-01
9.970749904070195235e-01
9.969012489909329089e-01
9.967226008882343891e-01
9.965392260512778710e-01
9.963513229537279692e-01
9.961591085072849516e-01
9.959628179399800940e-01
9.957627046395117754e-01
9.955590399654213885e-01
9.953521130340255985e-01
9.951422304799016905e-01
9.949297161973318371e-01
9.947149110644546433e-01
9.944981726519208642e-01
9.942798749166313899e-01
9.940604078796561049e-01
9.938401772857244909e-01
9.936196042397885675e-01
9.933991248141332830e-01
9.931791896174153589e-01
9.929602633149154922e-01
9.927428240872658849e-01
9.925273630130406755e-01
9.923143833589471718e-01
9.921043997599998665e-01
9.918979372710550191e-01
9.916955302704916209e-01
9.914977211966650161e-01
9.913050590980678756e-01
9.911180979789020462e-01
9.909373949229808298e-01
9.907635079805265921e-01
9.905969938044407730e-01
9.904384050249830374e-01
9.902882873544202047e-01
9.901471764160766353e-01
9.900155942952574284e-01
9.898940458127273301e-01
9.897830145247503708e-01
9.896829584571459337e-01
9.895943055843660074e-01
9.895174490682572266e-01
9.894527422749161971e-01
9.894004935918739863e-01
9.893609610716943559e-01
9.893343469319019201e-01
9.893207919448510079e-01
9.893203697546120168e-01
9.893330811610230313e-01
9.893588484135780181e-01
9.893975095596281299e-01
9.894488128922955816e-01
9.895124115433833190e-01
9.895878582653138134e-01
9.896746004436581812e-01
9.897719753781256680e-01
9.898792058650091041e-01
9.899953961081419118e-01
9.901195279785757197e-01
9.902504576356577770e-01
9.903869125142238383e-01
9.905274886745034646e-01
9.906706485033502929e-01
9.908147187478228979e-01
9.909578888552278420e-01
9.910982095876919029e-01
9.912335918743511165e-01
9.913618058604496408e-01
9.914804801101168019e-01
9.915871009183753193e-01
9.916790116880127570e-01
9.917534123282961689e-01
9.918073586350502069e-01
9.918377616152818099e-01
9.918413867242310555e-01
9.918148529883688003e-01
9.917546319943864042e-01
9.916570467315576343e-01
9.915182702829764549e-01
9.913343243700505347e-01
9.911010777642813574e-01
9.908142445907898166e-01
9.904693825592859602e-01
9.900618911702497860e-01
9.895870099569988865e-01
9.890398168380356569e-01
9.884152266685269916e-01
9.877079900948386726e-01
9.869126928315156144e-01
9.860237554956913231e-01
9.850354341492502108e-01
9.839418217137180234e-01
9.827368504363077628e-01
9.814142955972512405e-01
9.799677806579271122e-01
9.783907840557882762e-01
9.766766478551814901e-01
9.748185884623705721e-01
9.728097096080754458e-01
9.706430177913677460e-01
9.683114403647109514e-01
9.658078464213026848e-01
9.631250706228141611e-01
9.602559400783846622e-01
9.571933043546525521e-01
9.539300686621343672e-01
9.504592302258526582e-01
9.467739178082927864e-01
9.428674343110338141e-01
9.387333023382917752e-01
9.343653125616183663e-01
9.297575746806403529e-01
9.249045707304671682e-01
9.198012104427450986e-01
9.144428883247686102e-01
9.088255420800843698e-01
9.029457119551612676e-01
8.968006005604887143e-01
8.903881326814800934e-01
8.837070145653810327e-01
8.767567921456151936e-01
8.695379076452531830e-01
8.620517539871357382e-01
8.543007264301993864e-01
8.462882708502218465e-01
8.380189280889671632e-01
8.294983738088699265e-01
8.207334533111662056e-01
8.117322108037606787e-01
8.025039126410105084e-01
7.930590641006425301e-01
7.834094193126768246e-01
7.735679840107775318e-01
7.635490108369348272e-01
7.533679869947073060e-01
7.430416141131842567e-01
7.325877802520136539e-01
7.220255240459129142e-01
7.113749910537091603e-01
7.006573824408462992e-01
6.898948961843833771e-01
6.791106610448522929e-01
6.683286635993415103e-01
6.575736686744165782e-01
6.468711335559523823e-01
6.362471163858596235e-01
6.257281791834909956e-01
6.153412859530217327e-01
6.051136963580825423e-01
5.950728554624948874e-01
5.852462800520162878e-01
5.756614420676022803e-01
5.663456496966000620e-01
5.573259266852264027e-01
5.486288904539955436e-01
5.402806296176776435e-01
5.323065815326799566e-01
5.247314105170752807e-01
5.175788874111041382e-01
5.108717711680152984e-01
5.046316931853583876e-01
4.988790451041823504e-01
4.936328708166833890e-01
4.889107634304364902e-01
4.847287679382634717e-01
4.811012903360259996e-01
4.780410139153239424e-01
4.755588234337041476e-01
4.736637378311688851e-01
4.723628521186189477e-01
4.716612890114434409e-01
4.715621608205143866e-01
4.720665420439039695e-01
4.731734530267953653e-01
4.748798549752372145e-01
4.771806565228287056e-01
4.800687319592351621e-01
4.835349511367722508e-01
4.875682209772650433e-01
4.921555384070228634e-01
4.972820544539083842e-01
5.029311491480137342e-01
5.090845167770561286e-01
5.157222609599119156e-01
5.228229989173018843e-01
5.303639742381180966e-01
5.383211773637726072e-01
5.466694729418783982e-01
5.553827331352227947e-01
5.644339759130707623e-01
5.737955073002217743e-01
5.834390665157296318e-01
5.933359728988182313e-01
6.034572734951919593e-01
6.137738901635534372e-01
6.242567650606207774e-01
6.348770033739817853e-01
6.456060121962614584e-01
6.564156344717226865e-01
6.672782769975411643e-01
6.781670315264105575e-01
6.890557880942902447e-01
6.999193397860770105e-01
7.107334782516259164e-01
7.214750793933440987e-01
7.321221787627755218e-01
7.426540363252827071e-01
7.530511903769632198e-01
7.632955005241206514e-01
7.733701797607558381e-01
7.832598158013956979e-01
7.929503819430939737e-01
8.024292378396302716e-01
8.116851206710408162e-01
8.207081272811332928e-01
8.294896879332854800e-01
8.380225323996318698e-01
8.463006491500548734e-01
8.543192384448312637e-01
8.620746601582945923e-01
8.695643771707317615e-01
8.767868951624100404e-01
8.837416996279835457e-01
8.904291909025207064e-01
8.968506179532693690e-01
9.030080116454088923e-01
9.089041181369045264e-01
9.145423329987495409e-01
9.199266365939480217e-01
9.250615311831060783e-01
9.299519801579892997e-01
9.346033497382674193e-01
9.390213534021801811e-01
9.432119992601485370e-01
9.471815405223505957e-01
9.509364291577474537e-01
9.544832727935219641e-01
9.578287948607662194e-01
9.609797979546881308e-01
9.639431303456289513e-01
9.667256555506603677e-01
9.693342248541925166e-01
9.717756526495170410e-01
9.740566944610927758e-01
9.761840274991577804e-01
9.781642335934054300e-01
9.800037843504655344e-01
9.817090283802767381e-01
9.832861804386463511e-01
9.847413123369384014e-01
9.860803454745394880e-01
9.873090448552142018e-01
9.884330144544387631e-01
9.894576938111043773e-01
9.903883557234964830e-01
9.912301049360977556e-01
9.919878777104876866e-01
9.926664421804083371e-01
9.932703993979050683e-01
9.938041849843279874e-01
9.942720713068492477e-01
9.946781701079688842e-01
9.950264355221551948e-01
9.953206674202039750e-01
9.955645150279789357e-01
9.957614807717889427e-01
9.959149243076438340e-01
9.960280666959082652e-01
9.961039946863654571e-01
9.961456650813803604e-01
9.961559091467286908e-01
9.961374370408022649e-01
9.960928422334337506e-01
9.960246058856579987e-01
9.959351011615548144e-01
9.958265974430914325e-01
9.957012644188427686e-01
9.955611760178026959e-01
9.954083141603957685e-01
9.952445723003856548e-01
9.950717587337415404e-01
9.948915996536920048e-01
9.947057419351335028e-01
9.945157556361883255e-01
9.943231362098901016e-01
9.941293064245354527e-01
9.939356179970053606e-01
9.937433529490941053e-01
9.935537247024101015e-01
9.933678789325144365e-01
9.931868942074891793e-01
9.930117824399196103e-01
9.928434891842442545e-01
9.926828938134971692e-01
9.925308096106205680e-01
9.923879838097690032e-01
9.922550976224182584e-01
9.921327662816994408e-01
9.920215391363257362e-01
9.919218998228676032e-01
9.918342665421213677e-01
9.917589924620274777e-01
9.916963662661700818e-01
9.916466128634507937e-01
9.916098942711857323e-01
9.915863106806989125e-01
9.915759017115439722e-01
9.915786478578060281e-01
9.915944721275151696e-01
9.916232418740367205e-01
9.916647708163437436e-01
9.917188212432820338e-01
9.917851063952631829e-01
9.918632930152102567e-01
9.919530040590046616e-01
9.920538215541157001e-01
9.921652895935380023e-01
9.922869174506174783e-01
9.924181827988686200e-01
9.925585350194910950e-01
9.927073985780616727e-01
9.928641764508462364e-01
9.930282535804028088e-01
9.931990003396752309e-01
9.933757759836238099e-01
9.935579320676276582e-01
9.937448158123944886e-01
9.939357733959225394e-01
9.941301531541107961e-01
9.943273086728774413e-01
9.945266017560483451e-01
9.947274052547754319e-01
9.949291057457730902e-01
9.951311060471914605e-01
9.953328275624339083e-01
9.955337124436662855e-01
9.957332255681419220e-01
9.959308563217911248e-01
9.961261201858083725e-01
9.963185601232324995e-01
9.965077477637783732e-01
9.966932843864608760e-01
9.968748017008693951e-01
9.970519624293103789e-01
9.972244606934367317e-01
9.973920222104165623e-01
9.975544043051400855e-01
9.977113957463809024e-01
9.978628164161985614e-01
9.980085168231193071e-01
9.981483774707273771e-01
9.982823080941815030e-01
9.984102467777787870e-01
9.985321589669911013e-01
9.986480363883460942e-01
9.987578958901078829e-01
9.988617782159299185e-01
9.989597467225264094e-01
9.990518860509969290e-01
9.991383007598123589e-01
9.992191139257344812e-01
9.992944657172162515e-01
9.993645119432433832e-01
9.994294225792682562e-01
9.994893802709765573e-01
9.995445788162228284e-01
9.995952216256380751e-01
9.996415201631969616e-01
9.996836923694039090e-01
9.997219610716586713e-01
9.997565523886791095e-01
9.997876941384287175e-01
