9.997984698579381879e-01
9.997691601913939463e-01
9.997366558240363688e-01
9.997007538548552397e-01
9.996612536971138940e-01
9.996179583530331314e-01
9.995706756351458999e-01
9.995192193241277945e-01
9.994634102565438383e-01
9.994030773394001477e-01
9.993380584914691722e-01
9.992682015139204843e-01
9.991933648947465274e-01
9.991134185527801304e-01
9.990282445277642864e-01
9.989377376229995331e-01
9.988418060066575066e-01
9.987403717770023670e-01
9.986333714956442398e-01
9.985207566916735056e-01
9.984024943382141526e-01
9.982785673016925099e-01
9.981489747630226672e-01
9.980137326090272598e-01
9.978728737917756941e-01
9.977264486531509657e-01
9.975745252118407569e-01
9.974171894100787306e-01
9.972545453178052188e-01
9.970867152924260957e-01
9.969138400930032118e-01
9.967360789484387418e-01
9.965536095799969463e-01
9.963666281792804558e-01
9.961753493435084872e-01
9.959800059705878894e-01
9.957808491169836129e-01
9.955781478217502478e-01
9.953721889002475898e-01
9.951632767109968025e-01
9.949517328988316534e-01
9.947378961169284217e-01
9.945221217294721860e-01
9.943047814956224029e-01
9.940862632341009864e-01
9.938669704661655668e-01
9.936473220329767875e-01
9.934277516814739029e-01
9.932087076108890855e-01
9.929906519700217871e-01
9.927740602934200798e-01
9.925594208627636084e-01
9.923472339780665674e-01
9.921380111219035847e-01
9.919322739987619375e-01
9.917305534308986648e-01
9.915333880917786002e-01
9.913413230583032476e-01
9.911549081636503722e-01
9.909746961335946791e-01
9.908012404906852977e-01
9.906350932125563835e-01
9.904768021329239946e-01
9.903269080764117716e-01
9.901859417212128811e-01
9.900544201866796623e-01
9.899328433462054599e-01
9.898216898691803989e-01
9.897214129993494591e-01
9.896324360805480724e-01
9.895551478445255844e-01
9.894898974793605584e-01
9.894369895007976146e-01
9.893966784526420088e-01
9.893691634660655154e-01
9.893545827112144586e-01
9.893530077777537013e-01
9.893644380237865965e-01
9.893887949348203481e-01
9.894259165359385877e-01
9.894755519009521549e-01
9.895373558019068261e-01
9.896108835408305993e-01
9.896955860029685859e-01
9.897908049669668085e-01
9.898957687026144203e-01
9.900095878809281880e-01
9.901312518147568076e-01
9.902596250409042566e-01
9.903934442472596134e-01
9.905313155408602688e-01
9.906717120454557879e-01
9.908129718102440808e-01
9.909532960052513939e-01
9.910907473735104389e-01
9.912232489059076279e-01
9.913485827014237861e-01
9.914643889735395010e-01
9.915681651628199811e-01
9.916572651161168483e-01
9.917288982943697206e-01
9.917801289735735937e-01
9.918078754070273062e-01
9.918089089213967258e-01
9.917798529243443406e-01
9.917171818074225209e-01
9.916172197345777262e-01
9.914761393139304158e-01
9.912899601585096754e-01
9.910545473503549196e-01
9.907656098319004290e-01
9.904186987589006508e-01
9.900092058603727763e-01
9.895323618631891582e-01
9.889832350520232351e-01
9.883567300493124597e-01
9.876475869146150721e-01
9.868503806780259957e-01
9.859595214378819028e-01
9.849692551684604558e-01
9.838736653983077840e-01
9.826666759336710744e-01
9.813420548137014032e-01
9.798934196940071173e-01
9.783142448621942044e-01
9.765978700926525313e-01
9.747375115475627183e-01
9.727262749265035424e-01
9.705571710578827505e-01
9.682231341115473677e-01
9.657170425933769842e-01
9.630317432595629779e-01
9.601600780608970931e-01
9.570949141961142548e-01
9.538291773186070577e-01
9.503558879031699380e-01
9.466682007393739662e-01
9.427594474762862609e-01
9.386231821000655673e-01
9.342532291820347945e-01
9.296437346906504251e-01
9.247892191168680665e-01
9.196846326192077425e-01
9.143254118528379992e-01
9.087075381066958002e-01
9.028275963345289146e-01
8.966828346303068464e-01
8.902712236662027045e-01
8.835915155828867329e-01
8.766433017977199871e-01
8.694270691772041371e-01
8.619442540062741687e-01
8.541972931792639612e-01
8.461896720361317126e-01
8.379259682732235204e-01
8.294118913708015128e-01
8.206543169999835907e-01
8.116613158996808242e-01
8.024421767494558377e-01
7.930074226066452514e-01
7.833688205250808334e-01
7.735393840275939237e-01
7.635333681642394454e-01
7.533662569518073671e-01
7.430547430563951838e-01
7.326166996483407523e-01
7.220711444262526424e-01
7.114381958729212307e-01
7.007390218693092532e-01
6.899957808525012393e-01
6.792315557585844044e-01
6.684702810413254426e-01
6.577366631018386478e-01
6.470560945032244327e-01
6.364545623776092231e-01
6.259585514616600177e-01
6.155949422212541045e-01
6.053909045473619965e-01
5.953737875243880762e-01
5.855710057901530874e-01
5.760099230242745616e-01
5.667177331197235102e-01
5.577213396112861155e-01
5.490472339549045122e-01
5.407213732734177380e-01
5.327690582067439173e-01
5.252148115275787621e-01
5.180822582063420167e-01
5.113940076303855609e-01
5.051715387012000180e-01
4.994350885482674585e-01
4.942035456080043909e-01
4.894943478197208986e-01
4.853233866865781510e-01
4.817049179373464884e-01
4.786514795035541336e-01
4.761738174962145687e-01
4.742808208264398528e-01
4.729794650653568189e-01
4.722747660811338344e-01
4.721697439255378992e-01
4.726653973701634426e-01
4.737606894144333891e-01
4.754525440048619211e-01
4.777358541191598640e-01
4.806035012807148288e-01
4.840463864799097182e-01
4.880534723896882143e-01
4.926118366745786403e-01
4.977067361057379014e-01
5.033216811100962307e-01
5.094385202997651074e-01
5.160375344488905558e-01
5.230975393093898473e-01
5.305959965847567572e-01
5.385091323127217944e-01
5.468120618433116586e-01
5.554789205393388940e-01
5.644829992720676870e-01
5.737968837365783337e-01
5.833925965699064964e-01
5.932417412214294750e-01
6.033156465001217050e-01
6.135855107082438531e-01
6.240225442667750588e-01
6.345981097452404462e-01
6.452838582283347835e-01
6.560518609842964644e-01
6.668747354456634469e-01
6.777257645716928680e-01
6.885790087329979325e-01
6.994094093420865077e-01
7.101928835473976243e-01
7.209064094117730859e-01
7.315281011073583306e-01
7.420372737759002302e-01
7.524144978241542603e-01
7.626416425465644133e-01
7.727019090892508490e-01
7.825798528885231642e-01
7.922613958314917992e-01
8.017338284939203863e-01
8.109858029095297072e-01
8.200073164138915738e-01
8.287896871836744062e-01
8.373255221572106777e-01
8.456086780745453169e-01
8.536342164138290833e-01
8.613983530260909127e-01
8.688984032822473225e-01
8.761327235451605855e-01
8.831006497663925758e-01
8.898024339829647689e-01
8.962391794551050062e-01
9.024127751429427136e-01
9.083258301698510229e-01
9.139816088641259384e-01
9.193839669104808543e-01
9.245372890799438137e-01
9.294464289426351833e-01
9.341166509039574573e-01
9.385535748421853786e-01
9.427631235654090336e-01
9.467514732491749685e-01
9.505250069637322108e-01
9.540902713520739153e-01
9.574539364773464456e-01
9.606227588208531287e-01
9.636035473798508777e-01
9.664031327875015620e-01
9.690283393554561808e-01
9.714859599222873676e-01
9.737827333779277561e-01
9.759253247249641827e-01
9.779203075315896498e-01
9.797741486277469214e-01
9.814931948950260665e-01
9.830836620017813221e-01
9.845516249373005291e-01
9.859030102023647046e-01
9.871435895178976017e-01
9.882789749183998884e-01
9.893146151023362034e-01
9.902557929174761187e-01
9.911076238653164783e-01
9.918750555150839254e-01
9.925628677244054954e-01
9.931756735705126182e-01
9.937179209027813265e-01
9.941938944344405060e-01
9.946077182983414922e-01
9.949633589986550675e-01
9.952646286971422729e-01
9.955151887790745224e-01
9.957185536498299738e-01
9.958780947185199572e-01
9.959970445295956987e-01
9.960785010071574463e-01
9.961254317796162105e-01
9.961406785544368869e-01
9.961269615140030398e-01
9.960868837042960999e-01
9.960229353882481540e-01
9.959374983354959410e-01
9.958328500200597233e-01
9.957111676974107484e-01
9.955745323326793406e-01
9.954249323525810045e-01
9.952642671951235087e-01
9.950943506334012367e-01
9.949169138528047851e-01
9.947336082647546540e-01
9.945460080445115425e-01
9.943556123856142070e-01
9.941638474688655469e-01
9.939720681493513510e-01
9.937815593705329187e-01
9.935935373198031551e-01
9.934091503448500005e-01
9.932294796545761972e-01
9.930555398320357607e-01
9.928882791897769566e-01
9.927285800000698046e-01
9.925772586337107128e-01
9.924350656414716587e-01
9.923026858118285665e-01
9.921807382374535633e-01
9.920697764211738878e-01
9.919702884498243778e-01
9.918826972617459381e-01
9.918073610307623911e-01
9.917445736863965688e-01
9.916945655869912057e-01
9.916575043593515160e-01
9.916334959156033468e-01
9.916225856552013385e-01
9.916247598574432498e-01
9.916399472674538584e-01
9.916680208763662963e-01
9.917087998943250327e-01
9.917620519129173307e-01
9.918274952516775711e-01
9.919048014813666159e-01
9.919935981147856019e-01
9.920934714539492161e-01
9.922039695805173753e-01
9.923246054745141764e-01
9.924548602445936174e-01
9.925941864514918889e-01
9.927420115049168103e-01
9.928977411130058828e-01
9.930607627627032752e-01
9.932304492089872872e-01
9.934061619508469665e-01
9.935872546722562815e-01
9.937730766270987948e-01
9.939629759480189675e-01
9.941563028604555319e-01
9.943524127845886351e-01
9.945506693095323980e-01
9.947504470257629849e-01
9.949511342034365047e-01
9.951521353058684349e-01
9.953528733289901398e-01
9.955527919590514419e-01
9.957513575422007879e-01
9.959480608608566321e-01
9.961424187130055730e-01
9.963339752917532710e-01
9.965223033636401162e-01
9.967070052454377604e-01
9.968877135803916323e-01
9.970640919161738447e-01
9.972358350881690425e-01
9.974026694131147286e-01
9.975643526995483512e-01
9.977206740829300813e-01
9.978714536946837743e-01
9.980165421756684863e-01
9.981558200457076868e-01
9.982891969417073685e-01
9.984166107375255228e-01
9.985380265590708682e-01
9.986534357080659730e-01
9.987628545074914710e-01
9.988663230809345928e-01
9.989639040769181522e-01
9.990556813478401743e-01
9.991417585914947885e-01
9.992222579613606603e-01
9.992973186500752059e-01
9.993670954488826919e-01
9.994317572844975128e-01
9.994914857338824676e-01
9.995464735170214166e-01
9.995969229679306789e-01
9.996430444849441210e-01
9.996850549627077642e-01
9.997231762102567476e-01
9.997576333619125899e-01
9.997886532903657031e-01
