9.997997109997169840e-01
9.997705326774378731e-01
9.997381648781545893e-01
9.997024036488800780e-01
9.996630471852367972e-01
9.996198971159682145e-01
9.995727597379476803e-01
9.995214471911891829e-01
9.994657785668715766e-01
9.994055809447379701e-01
9.993406903592230162e-01
9.992709526961774946e-01
9.991962245239878193e-01
9.991163738641981595e-01
9.990312809074390898e-01
9.989408386805819218e-01
9.988449536706767162e-01
9.987435464104696958e-01
9.986365520292742604e-01
9.985239207717900856e-01
9.984056184862506456e-01
9.982816270821217586e-01
9.981519449565540159e-01
9.980165873879738303e-01
9.978755868946065366e-01
9.977289935553887990e-01
9.975768752906365444e-01
9.974193180999807451e-01
9.972564262554320935e-01
9.970883224479660800e-01
9.969151478866765670e-01
9.967370623503087890e-01
9.965542441917888405e-01
9.963668902971855035e-01
9.961752160013231938e-01
9.959794549629685800e-01
9.957798590030924046e-01
9.955766979101235981e-01
9.953702592163239382e-01
9.951608479493811998e-01
9.949487863630218643e-01
9.947344136498564859e-01
9.945180856387851875e-01
9.943001744781009288e-01
9.940810683039615903e-01
9.938611708921699650e-01
9.936409012892599701e-01
9.934206934167840730e-01
9.932009956404959095e-01
9.929822702939112844e-01
9.927649931435718056e-01
9.925496527813364445e-01
9.923367499272472969e-01
9.921267966250605363e-01
9.919203153114446447e-01
9.917178377392041888e-01
9.915199037347144362e-01
9.913270597700718501e-01
9.911398573312845128e-01
9.909588510651176074e-01
9.907845966889421430e-01
9.906176486500557488e-01
9.904585575233953998e-01
9.903078671392836485e-01
9.901661114357713789e-01
9.900338110332285169e-01
9.899114695320230251e-01
9.897995695374158798e-01
9.896985684191527133e-01
9.896088938166538451e-01
9.895309389042035164e-01
9.894650574340991822e-01
9.894115585793522571e-01
9.893707016011971112e-01
9.893426903703129716e-01
9.893276677742308678e-01
9.893257100467610643e-01
9.893368210583127764e-01
9.893609266085306997e-01
9.893978687645746950e-01
9.894474002894532161e-01
9.895091792049468538e-01
9.895827635326923666e-01
9.896676062548731556e-01
9.897630505326440176e-01
9.898683252159453660e-01
9.899825406728225419e-01
9.901046849599081101e-01
9.902336203485603283e-01
9.903680802135021999e-01
9.905066662829470348e-01
9.906478462414061159e-01
9.907899516689011588e-01
9.909311762934234213e-01
9.910695745273810919e-01
9.912030602536616719e-01
9.913294058229095151e-01
9.914462412208004949e-01
9.915510533624931622e-01
9.916411854710883711e-01
9.917138364977815534e-01
9.917660605434180932e-01
9.917947662442808676e-01
9.917967160891005829e-01
9.917685256394046522e-01
9.917066626313641997e-01
9.916074459442268951e-01
9.914670444281977746e-01
9.912814755932752853e-01
9.910466041700517481e-01
9.907581405638916650e-01
9.904116392352200204e-01
9.900024970509079258e-01
9.895259516649268505e-01
9.889770800005118767e-01
9.883507969209351929e-01
9.876418541914834259e-01
9.868448398511228126e-01
9.859541781283204243e-01
9.849641300511589037e-01
9.838687949167994606e-01
9.826621127989623172e-01
9.813378682838778122e-01
9.798896956345161113e-01
9.783110855893025759e-01
9.765953940044356241e-01
9.747358525479399294e-01
9.727255816483527662e-01
9.705576058912519510e-01
9.682248720426023247e-01
9.657202698591472734e-01
9.630366558229780383e-01
9.601668799102328622e-01
9.571038154729700764e-01
9.538403922790441580e-01
9.503696327177588721e-01
9.466846911396640252e-01
9.427788962576065801e-01
9.386457964935198683e-01
9.342792081119362102e-01
9.296732659372970442e-01
9.248224764082775273e-01
9.197217726790068992e-01
9.143665714347328777e-01
9.087528310486207017e-01
9.028771106675441693e-01
8.967366297784443718e-01
8.903293277736765710e-01
8.836539230043660709e-01
8.767099707857309854e-01
8.694979197982568575e-01
8.620191663141034688e-01
8.542761056697898425e-01
8.462721804045161278e-01
8.380119244889115970e-01
8.295010030818326108e-01
8.207462472732981462e-01
8.117556832997450122e-01
8.025385557533943892e-01
7.931053443502851241e-01
7.834677738709312500e-01
7.736388169428464190e-01
7.636326893944327399e-01
7.534648379738568824e-01
7.431519202932936885e-01
7.327117769270419245e-01
7.221633956600677084e-01
7.115268679503039539e-01
7.008233377321746449e-01
6.900749427493283461e-01
6.793047486604921747e-01
6.685366762131027540e-01
6.577954218245215534e-01
6.471063719501159994e-01
6.364955116514980915e-01
6.259893278071335665e-01
6.156147074320803547e-01
6.053988315945686427e-01
5.953690654353853695e-01
5.855528448125232321e-01
5.759775601091884356e-01
5.666704377587770125e-01
5.576584200564732585e-01
5.489680438440517340e-01
5.406253186724709892e-01
5.326556050657704766e-01
5.250834935293298145e-01
5.179326849650273124e-01
5.112258731745578100e-01
5.049846301490226175e-01
4.992292948569705402e-01
4.939788662530913976e-01
4.892509012347378006e-01
4.850614182722944312e-01
4.814248074312448278e-01
4.783537474878911677e-01
4.758591308165566192e-01
4.739499966934148656e-01
4.726334736209352183e-01
4.719147312273564987e-01
4.717969422381833589e-01
4.722812549519368464e-01
4.733667765811626627e-01
4.750505677427954154e-01
4.773276483004510462e-01
4.801910146759742481e-01
4.836316686596564551e-01
4.876386576588039867e-01
4.921991262337735984e-01
4.972983786798595984e-01
5.029199523234013647e-01
5.090457011116695796e-01
5.156558889893028130e-01
5.227292924697048981e-01
5.302433117286512454e-01
5.381740894698955335e-01
5.464966367395950320e-01
5.551849647985931391e-01
5.642122220998818660e-01
5.735508353638310020e-01
5.831726536969975561e-01
5.930490946625830428e-01
6.031512911828709189e-01
6.134502381373445612e-01
6.239169375154762776e-01
6.345225409912849113e-01
6.452384888082016712e-01
6.560366438979237103e-01
6.668894202059422183e-01
6.777699042589381273e-01
6.886519690848385000e-01
6.995103796840171917e-01
7.103208893487993336e-01
7.210603262365252730e-01
7.317066697172410761e-01
7.422391161386237002e-01
7.526381337759062706e-01
7.628855068611362089e-01
7.729643687118435968e-01
7.828592241018651476e-01
7.925559611346107980e-01
8.020418529894151050e-01
8.113055500130724740e-01
8.203370627195871734e-01
8.291277363403627421e-01
8.376702176334217542e-01
8.459584147131602450e-01
8.539874507011607774e-01
8.617536120236466424e-01
8.692542921924885091e-01
8.764879319047563788e-01
8.834539562814330838e-01
8.901527100400520309e-01
8.965853913599242109e-01
9.027539851536070525e-01
9.086611964058540769e-01
9.143103841830170220e-01
9.197054968533248109e-01
9.248510089932322487e-01
9.297518603886034683e-01
9.344133974732949932e-01
9.388413174830202435e-01
9.430416155403259504e-01
9.470205348280594793e-01
9.507845199546083315e-01
9.543401735650336448e-01
9.576942162083726950e-01
9.608534494330679410e-01
9.638247220497243584e-01
9.666148994730870969e-01
9.692308360330494921e-01
9.716793501272836808e-01
9.739672020753245008e-01
9.761010745251599285e-01
9.780875552580589050e-01
9.799331222350127213e-01
9.816441307282371964e-01
9.832268023832361203e-01
9.846872160604924762e-01
9.860313003105795060e-01
9.872648273420252529e-01
9.883934083473784327e-01
9.894224900594082994e-01
9.903573524160842467e-01
9.912031072198428383e-01
9.919646976835897467e-01
9.926468987628840335e-01
9.932543181807855781e-01
9.937913980588837237e-01
9.942624170750443691e-01
9.946714930753416395e-01
9.950225860744084105e-01
9.953195015849518601e-01
9.955658942233016617e-01
9.957652715434892610e-01
9.959209980573566767e-01
9.960362994024766214e-01
9.961142666231467269e-01
9.961578605323838653e-01
9.961699161246887479e-01
9.961531470104615371e-01
9.961101498434324908e-01
9.960434087124906410e-01
9.959552994690554772e-01
9.958480939608397309e-01
9.957239641427244603e-01
9.955849860357202097e-01
9.954331435057862665e-01
9.952703318357741802e-01
9.950983610660285583e-01
9.949189590822554718e-01
9.947337744331247178e-01
9.945443788646285421e-01
9.943522695633499886e-01
9.941588711063350514e-01
9.939655371210179835e-01
9.937735516644281564e-01
9.935841303364973953e-01
9.933984211474968795e-01
9.932175051642986308e-01
9.930423969641261062e-01
9.928740449276243218e-01
9.927133314053733226e-01
9.925610727933448230e-01
9.924180195532747994e-01
9.922848562135175854e-01
9.921622013847443133e-01
9.920506078229263114e-01
9.919505625695368423e-01
9.918624871959250688e-01
9.917867381755067768e-01
9.917236074039168514e-01
9.916733228836933645e-01
9.916360495865372826e-01
9.916118905027994090e-01
9.916008878846660490e-01
9.916030246865797926e-01
9.916182262037738226e-01
9.916463619074002978e-01
9.916872474725879627e-01
9.917406469938168101e-01
9.918062753802210363e-01
9.918838009217740836e-01
9.919728480157337103e-01
9.920730000412092409e-01
9.921838023682452157e-01
9.923047654863935696e-01
9.924353682364094320e-01
9.925750611274662960e-01
9.927232697212020618e-01
9.928793980630225002e-01
9.930428321404390912e-01
9.932129433478477099e-01
9.933890919370821360e-01
9.935706304333089545e-01
9.937569069963586577e-01
9.939472687083930058e-01
9.941410647698419867e-01
9.943376495867655152e-01
9.945363857341565916e-01
9.947366467811368240e-01
9.949378199654769217e-01
9.951393087063435949e-01
9.953405349456171392e-01
9.955409413095197557e-01
9.957399930836382529e-01
9.959371799957263960e-01
9.961320178019378302e-01
9.963240496734028229e-01
9.965128473813262833e-01
9.966980122800779274e-01
9.968791760890810538e-01
9.970560014756869593e-01
9.972281824426493246e-01
9.973954445252686263e-01
9.975575448047473426e-01
9.977142717457365695e-01
9.978654448674353361e-01
9.980109142588665661e-01
9.981505599500469783e-01
9.982842911516429663e-01
9.984120453762992398e-01
9.985337874551041271e-01
9.986495084625734986e-01
9.987592245630885213e-01
9.988629757908993323e-01
9.989608247746479819e-01
9.990528554159182617e-01
9.991391715296646936e-01
9.992198954526169130e-01
9.992951666240147413e-01
9.993651401414420654e-01
9.994299852932226891e-01
9.994898840679484753e-01
9.995450296413270763e-01
9.995956248407430467e-01
9.996418805887409276e-01
9.996840143280580904e-01
9.997222484327740188e-01
9.997568086125039333e-01
9.997879223191701303e-01
