9.997993433464512636e-01
9.997701350978649426e-01
9.997377381484721104e-01
9.997019491425057636e-01
9.996625669229178834e-01
9.996193938082554853e-01
9.995722368187462958e-01
9.995209088413271603e-01
9.994652297268965535e-01
9.994050273164465370e-01
9.993401383957393191e-01
9.992704095807024567e-01
9.991956981376399760e-01
9.991158727436362241e-01
9.990308141931929509e-01
9.989404160572152858e-01
9.988445853000516017e-01
9.987432428594867906e-01
9.986363241935201085e-01
9.985237797965369477e-01
9.984055756862353359e-01
9.982816938614823554e-01
9.981521327302330659e-01
9.980169075058139549e-01
9.978760505692728655e-01
9.977296117951552912e-01
9.975776588379753340e-01
9.974202773767900654e-01
9.972575713156311972e-01
9.970896629380650023e-01
9.969166930147955741e-01
9.967388208639657021e-01
9.965562243645881280e-01
9.963690999243332014e-01
9.961776624036489114e-01
9.959821449988655040e-01
9.957827990874986712e-01
9.955798940393701946e-01
9.953737169973780885e-01
9.951645726317459584e-01
9.949527828713196076e-01
9.947386866149539042e-01
9.945226394252230095e-01
9.943050132055917256e-01
9.940861958608168125e-01
9.938665909387247588e-01
9.936466172496721816e-01
9.934267084579816443e-01
9.932073126375258187e-01
9.929888917814628790e-01
9.927719212539992677e-01
9.925568891700391472e-01
9.923442956867677411e-01
9.921346521896821091e-01
9.919284803544030638e-01
9.917263110648437685e-01
9.915286831680077961e-01
9.913361420458919326e-01
9.911492379856671198e-01
9.909685243305079716e-01
9.907945553951074125e-01
9.906278841319954287e-01
9.904690595372370732e-01
9.903186237868406572e-01
9.901771090982078860e-01
9.900450343141405929e-01
9.899229012102340741e-01
9.898111905299007418e-01
9.897103577547469166e-01
9.896208286215605332e-01
9.895429944007435585e-01
9.894772069546340365e-01
9.894237735977883252e-01
9.893829517849099808e-01
9.893549436556587917e-01
9.893398904689885143e-01
9.893378669628329902e-01
9.893488756777718551e-01
9.893728412856128696e-01
9.894096049654796943e-01
9.894589188708338146e-01
9.895204407307715000e-01
9.895937286277876055e-01
9.896782359919507055e-01
9.897733068480508711e-01
9.898781713478100874e-01
9.899919416137823447e-01
9.901136079152609293e-01
9.902420351895563355e-01
9.903759599146338966e-01
9.905139873315692567e-01
9.906545890078423122e-01
9.907961007254135755e-01
9.909367206710296694e-01
9.910745079005029989e-01
9.912073810439571142e-01
9.913331172153476700e-01
9.914493510870300286e-01
9.915535740887878591e-01
9.916431336905469074e-01
9.917152327289517899e-01
9.917669287400224798e-01
9.917951332631640415e-01
9.917966110858122963e-01
9.917679794028997353e-01
9.917057068710681822e-01
9.916061125441092416e-01
9.914653646834730161e-01
9.912794794458597014e-01
9.910443194589348970e-01
9.907555923061213132e-01
9.904088489522803185e-01
9.899994821539245260e-01
9.895227249104343592e-01
9.889736490265421676e-01
9.883471638710312757e-01
9.876380154320182347e-01
9.868407857851139164e-01
9.859498931068835237e-01
9.849595923819314258e-01
9.838639769671575497e-01
9.826569811907110985e-01
9.813323841753285315e-01
9.798838150854771722e-01
9.783047600044575409e-01
9.765885706508129482e-01
9.747284751425970839e-01
9.727175910129153280e-01
9.705489406704598254e-01
9.682154694844110621e-01
9.657100666541358347e-01
9.630255890007397568e-01
9.601548877900361045e-01
9.570908386652468014e-01
9.538263747332091924e-01
9.503545228105274578e-01
9.466684427964837667e-01
9.427614700981414853e-01
9.386271609904263125e-01
9.342593407505568326e-01
9.296521543624814976e-01
9.248001195434083499e-01
9.196981818015528276e-01
9.143417711923134128e-01
9.087268603996941918e-01
9.028500237314117660e-01
8.967084965802792906e-01
8.903002348717021786e-01
8.836239739880353827e-01
8.766792866357423497e-01
8.694666391013774476e-01
8.619874453279924298e-01
8.542441182352157325e-01
8.462401177045063561e-01
8.379799946563686319e-01
8.294694306589904809e-01
8.207152725280223438e-01
8.117255614051008816e-01
8.025095558381182270e-01
7.930777484287769852e-01
7.834418756621678304e-01
7.736149205881723834e-01
7.636111080845212618e-01
7.534458924952223136e-01
7.431359375045712978e-01
7.326990881747534878e-01
7.221543351427959223e-01
7.115217710389993844e-01
7.008225392527553943e-01
6.900787752317645296e-01
6.793135405562418239e-01
6.685507500801330938e-01
6.578150924763075391e-01
6.471319445621038779e-01
6.365272798157164402e-01
6.260275715231581328e-01
6.156596910206494355e-01
6.054508015190337433e-01
5.954282480161323665e-01
5.856194438207571462e-01
5.760517542291867521e-01
5.667523779120372529e-01
5.577482265871729350e-01
5.490658035728392949e-01
5.407310818346828807e-01
5.327693821604919666e-01
5.252052521169161547e-01
5.180623464623528296e-01
5.113633097088213786e-01
5.051296615418645608e-01
4.993816858203050657e-01
4.941383238858592097e-01
4.894170729151645638e-01
4.852338900426976798e-01
4.816031029715958089e-01
4.785373277699440653e-01
4.760473945222675196e-01
4.741422814697184851e-01
4.728290582278474874e-01
4.721128386183125469e-01
4.719967435909475650e-01
4.724818746460832664e-01
4.735672980946618038e-01
4.752500404165844738e-01
4.775250948967427744e-01
4.803854396343583133e-01
4.838220669354715842e-01
4.878240240115282456e-01
4.923784648198054059e-01
4.974707127944955065e-01
5.030843341312742911e-01
5.092012212035774699e-01
5.158016856060931854e-01
5.228645602405799231e-01
5.303673097815457815e-01
5.382861487850605364e-01
5.465961666336784930e-01
5.552714584447766555e-01
5.642852610094167831e-01
5.736100927750309442e-01
5.832178968387886631e-01
5.930801858805446747e-01
6.031681879358556930e-01
6.134529918917738245e-01
6.239056915819687354e-01
6.344975273640596214e-01
6.452000240815209953e-01
6.559851243455909753e-01
6.668253161194277467e-01
6.776937536470873935e-01
6.885643708433502042e-01
6.994119863460132036e-01
7.102123995289639780e-01
7.209424768805783312e-01
7.315802282660539557e-01
7.421048727122652178e-01
7.524968934774389773e-01
7.627380822932745552e-01
7.728115727917548305e-01
7.827018632506785867e-01
7.923948289087044961e-01
8.018777242105215031e-01
8.111391754438199708e-01
8.201691643204963578e-01
8.289590031336816489e-01
8.375013021887528497e-01
8.457899302597147173e-01
8.538199688618715033e-01
8.615876611574047050e-01
8.690903563225765849e-01
8.763264502042260595e-01
8.832953230798046285e-01
8.899972753103593259e-01
8.964334616408131673e-01
9.026058248579419407e-01
9.085170294650791734e-01
9.141703959753331166e-01
9.195698363635291805e-01
9.247197911527790248e-01
9.296251685459955283e-01
9.342912859472455311e-01
9.387238141538247760e-01
9.429287244384789712e-01
9.469122386832232730e-01
9.506807826724953392e-01
9.542409426044774490e-01
9.575994248357347916e-01
9.607630188360301027e-01
9.637385632973425320e-01
9.665329153136266171e-01
9.691529225254701396e-01
9.716053981062160450e-01
9.738970984528974029e-01
9.760347034360363772e-01
9.780247990564874261e-01
9.798738623545684145e-01
9.815882484162309352e-01
9.831741793225179382e-01
9.846377348916230954e-01
9.859848450671365727e-01
9.872212838112275346e-01
9.883526643673230527e-01
9.893844357631064179e-01
9.903218804312278190e-01
9.911701128319126974e-01
9.919340789685934245e-01
9.926185566947396399e-01
9.932281567171968861e-01
9.937673242085074410e-01
9.942403409478569598e-01
9.946513279173749833e-01
9.950042482874487115e-01
9.953029107313660084e-01
9.955509730158704773e-01
9.957519458199631801e-01
9.959091967393944866e-01
9.960259544386642627e-01
9.961053129159063158e-01
9.961502358487563935e-01
9.961635609911994038e-01
9.961480045925376059e-01
9.961061658101358907e-01
9.960405310876414564e-01
9.959534784701461474e-01
9.958472818274716198e-01
9.957241149566271599e-01
9.955860555347284535e-01
9.954350888944450970e-01
9.952731115955061325e-01
9.951019347680174487e-01
9.949232872063626942e-01
9.947388181962524278e-01
9.945501000619565435e-01
9.943586304257927555e-01
9.941658341773819130e-01
9.939730651558201791e-01
9.937816075535849114e-01
9.935926770564579291e-01
9.934074217388557670e-01
9.932269227385204236e-01
9.930521947384177706e-01
9.928841862868057477e-01
9.927237799887089764e-01
9.925717926034361982e-01
9.924289750833104051e-01
9.922960125884819904e-01
9.921735245116380941e-01
9.920620645446811547e-01
9.919621208171557347e-01
9.918741161334460044e-01
9.917984083326983891e-01
9.917352907921425098e-01
9.916849930911187938e-01
9.916476818497589329e-01
9.916234617530024220e-01
9.916123767675165679e-01
9.916144115561672523e-01
9.916294930919782313e-01
9.916574924710194194e-01
9.916982269213576728e-01
9.917514620030718486e-01
9.918169139923357358e-01
9.918942524406858530e-01
9.919831028987893262e-01
9.920830497923055491e-01
9.921936394357826483e-01
9.923143831689746897e-01
9.924447605985257104e-01
9.925842229266835792e-01
9.927321963476213318e-01
9.928880854910969722e-01
9.930512768926120781e-01
9.932211424689637580e-01
9.933970429781320277e-01
9.935783314428068280e-01
9.937643565175173777e-01
9.939544657802478200e-01
9.941480089305569923e-01
9.943443408775326509e-01
9.945428247023179180e-01
9.947428344814339685e-01
9.949437579586042357e-01
9.951449990542622359e-01
9.953459802033377546e-01
9.955461445132861575e-01
9.957449577356225490e-01
9.959419100454830476e-01
9.961365176249552533e-01
9.963283240471384472e-01
9.965169014591195307e-01
9.967018515633170317e-01
9.968828063979523479e-01
9.970594289187784121e-01
9.972314133856142737e-01
9.973984855586942588e-01
9.975604027113202932e-01
9.977169534667625905e-01
9.978679574687547849e-01
9.980132648962158903e-01
9.981527558339492456e-01
9.982863395119642158e-01
9.984139534266802674e-01
9.985355623575589146e-01
9.986511572926380920e-01
9.987607542759826540e-01
9.988643931892374761e-01
9.989621364782840240e-01
9.990540678345277703e-01
9.991402908386547432e-01
9.992209275729004858e-01
9.992961172060998987e-01
9.993660145541614082e-01
9.994307886172792976e-01
9.994906210942831049e-01
9.995457048741325234e-01
9.995962425047755229e-01
9.996424446404149622e-01
9.996845284696730394e-01
9.997227161291200037e-01
9.997572331090299746e-01
9.997883066608806990e-01
