9.997978139547335497e-01
9.997684019134917000e-01
9.997357838338390978e-01
9.996997563269257592e-01
9.996601184112333671e-01
9.996166728020909886e-01
9.995692271465448364e-01
9.995175951929372582e-01
9.994615978882273044e-01
9.994010643995973053e-01
9.993358330600369266e-01
9.992657522402563774e-01
9.991906811513258102e-01
9.991104905838511518e-01
9.990250635902565568e-01
9.989342961169045410e-01
9.988380975924306959e-01
9.987363914778978335e-01
9.986291157833081522e-01
9.985162235537785591e-01
9.983976833273877638e-01
9.982734795654660820e-01
9.981436130549826702e-01
9.980081012817714203e-01
9.978669787726556217e-01
9.977202974041019523e-01
9.975681266748657183e-01
9.974105539401540987e-01
9.972476846051199217e-01
9.970796422759573563e-01
9.969065688674771941e-01
9.967286246667345084e-01
9.965459883530359830e-01
9.963588569754110447e-01
9.961674458893490236e-01
9.959719886552473866e-01
9.957727369015225705e-01
9.955699601556881051e-01
9.953639456468517110e-01
9.951549980829954567e-01
9.949434394060663323e-01
9.947296085272934185e-01
9.945138610442549876e-01
9.942965689400616869e-01
9.940781202636080893e-01
9.938589187881992082e-01
9.936393836440450267e-01
9.934199489181526621e-01
9.932010632131318406e-01
9.929831891544010913e-01
9.927668028333356265e-01
9.925523931720982018e-01
9.923404611943137388e-01
9.921315191844650716e-01
9.919260897179446035e-01
9.917247045431596408e-01
9.915279032969755990e-01
9.913362320351217782e-01
9.911502415599634519e-01
9.909704855292648107e-01
9.907975183311812373e-01
9.906318927126966933e-01
9.904741571510141673e-01
9.903248529599576466e-01
9.901845111262148613e-01
9.900536488731945806e-01
9.899327659533642132e-01
9.898223406731521123e-01
9.897228256578370909e-01
9.896346433672952303e-01
9.895581813770453206e-01
9.894937874426987801e-01
9.894417643696794551e-01
9.894023647138803224e-01
9.893757853426980997e-01
9.893621618895547254e-01
9.893615631384256037e-01
9.893739853779273119e-01
9.893993467669781605e-01
9.894374817557792801e-01
9.894881356066893563e-01
9.895509590593436489e-01
9.896255031829834792e-01
9.897112144563464664e-01
9.898074301116254192e-01
9.899133737739780337e-01
9.900281514219926304e-01
9.901507476875568425e-01
9.902800225059771311e-01
9.904147081192121727e-01
9.905534064270159478e-01
9.906945866729175432e-01
9.908365834445921339e-01
9.909775949615430291e-01
9.911156816173487538e-01
9.912487647391988732e-01
9.913746255241593364e-01
9.914909041096553466e-01
9.915950987350335977e-01
9.916845649517570527e-01
9.917565148417191168e-01
9.918080162062579141e-01
9.918359916926042796e-01
9.918372178295931096e-01
9.918083239504194015e-01
9.917457909869265009e-01
9.916459501273169330e-01
9.915049813372300846e-01
9.913189117528199423e-01
9.910836139638002917e-01
9.907948042144332224e-01
9.904480405611527649e-01
9.900387210369887558e-01
9.895620818852013389e-01
9.890131959375526582e-01
9.883869712263831930e-01
9.876781499340008263e-01
9.868813077976615888e-01
9.859908541033395313e-01
9.850010324162136177e-01
9.839059222099058033e-01
9.826994415694907392e-01
9.813753511546342567e-01
9.799272596183278283e-01
9.783486306830155854e-01
9.766327920789451555e-01
9.747729465488390588e-01
9.727621851181311730e-01
9.705935028207728354e-01
9.682598170568608165e-01
9.657539887400641287e-01
9.630688463701528867e-01
9.601972131390841270e-01
9.571319371484126037e-01
9.538659247816683173e-01
9.503921772382379896e-01
9.467038301956981483e-01
9.427941965259915014e-01
9.386568119478235772e-01
9.342854834537104303e-01
9.296743403057342592e-01
9.248178873497699959e-01
9.197110603542438811e-01
9.143492830368842306e-01
9.087285254019498160e-01
9.028453629716230999e-01
8.966970364591848597e-01
8.902815113988331586e-01
8.835975372181540388e-01
8.766447052149114461e-01
8.694235048805656341e-01
8.619353779993539355e-01
8.541827699443749200e-01
8.461691775914159663e-01
8.378991932776070906e-01
8.293785442457006774e-01
8.206141270359772477e-01
8.116140363165251781e-01
8.023875876787160966e-01
7.929453339678004253e-01
7.832990747680994570e-01
7.734618587175485782e-01
7.634479783864318581e-01
7.532729575189280879e-01
7.429535305023886593e-01
7.325076139967373612e-01
7.219542707237084356e-01
7.113136654815233051e-01
7.006070135137880683e-01
6.898565214208440821e-01
6.790853208566316468e-01
6.683173953037107040e-01
6.575775002631218946e-01
6.468910772341600612e-01
6.362841618921706299e-01
6.257832869006187959e-01
6.154153798176893453e-01
6.052076565783687245e-01
5.951875110513800138e-01
5.853824011874538824e-01
5.758197322921307926e-01
5.665267379734781894e-01
5.575303593333378327e-01
5.488571229903942417e-01
5.405330185445922364e-01
5.325833761150028378e-01
5.250327446067124537e-01
5.179047713858984103e-01
5.112220840649857045e-01
5.050061751204915073e-01
4.992772900835540373e-01
4.940543200558801251e-01
4.893546993106190346e-01
4.851943087372513341e-01
4.815873858809236463e-01
4.785464423089360597e-01
4.760821890097057807e-01
4.742034704922492017e-01
4.729172082070562944e-01
4.722283538525183788e-01
4.721398530654629111e-01
4.726526199206718681e-01
4.737655225836563400e-01
4.754753803745711549e-01
4.777769724103975157e-01
4.806630578986423874e-01
4.841244080601920796e-01
4.881498495628652234e-01
4.927263192517520318e-01
4.978389298686302089e-01
5.034710463615460485e-01
5.096043722976815182e-01
5.162190458086097777e-01
5.232937444174330377e-01
5.308057980225517891e-01
5.387313092433734241e-01
5.470452802695244809e-01
5.557217452975383720e-01
5.647339075880535297e-01
5.740542801328537559e-01
5.836548288852221322e-01
5.935071174798409732e-01
6.035824523504903505e-01
6.138520271459291244e-01
6.242870653472377684e-01
6.348589600041893988e-01
6.455394095344533234e-01
6.563005485678370388e-01
6.671150728685306674e-01
6.779563574311663343e-01
6.887985669210556772e-01
6.996167577144036809e-01
7.103869708896013435e-01
7.210863156245350680e-01
7.316930425655996384e-01
7.421866068500378999e-01
7.525477205823372095e-01
7.627583946857043884e-01
7.728019701689530230e-01
7.826631389654685744e-01
7.923279546121908545e-01
8.017838331409622432e-01
8.110195446503656314e-01
8.200251961119103816e-01
8.287922060388104306e-01
8.373132717077411691e-01
8.455823296731604932e-01
8.535945103496591635e-01
8.613460874603455775e-01
8.688344231586386801e-01
8.760579096275832311e-01
8.830159079456603166e-01
8.897086849820163845e-01
8.961373490482822390e-01
9.023037849899997465e-01
9.082105893495950877e-01
9.138610061763177139e-01
9.192588639981688070e-01
9.244085144080561589e-01
9.293147726527151153e-01
9.339828605496567349e-01
9.384183519957788322e-01
9.426271212723654758e-01
9.466152942958883099e-01
9.503892029130254215e-01
9.539553422921374093e-01
9.573203314224199012e-01
9.604908766962538813e-01
9.634737385198746118e-01
9.662757008722617780e-01
9.689035437118228566e-01
9.713640181146626640e-01
9.736638240165561564e-01
9.758095904226943285e-01
9.778078579443528762e-01
9.796650635193303591e-01
9.813875271728306204e-01
9.829814406769765700e-01
9.844528579699228787e-01
9.858076871992610402e-01
9.870516842587769846e-01
9.881904476924384673e-01
9.892294148445943680e-01
9.901738591406714640e-01
9.910288883881085420e-01
9.917994439928633499e-01
9.924903009925599706e-01
9.931060688132372638e-01
9.936511926626945268e-01
9.941299554796122484e-01
9.945464803638803808e-01
9.949047334198445336e-01
9.952085269503573306e-01
9.954615229454765180e-01
9.956672368152544861e-01
9.958290413211594583e-01
9.959501706651491260e-01
9.960337246991814997e-01
9.960826732209415724e-01
9.960998603237850579e-01
9.960880087703953834e-01
9.960497243605233031e-01
9.959875002635780739e-01
9.959037212869465971e-01
9.958006680509406960e-01
9.956805210414296781e-01
9.955453645117040562e-01
9.953971902061143906e-01
9.952379008796745641e-01
9.950693135901975683e-01
9.948931627426721436e-01
9.947111028694672896e-01
9.945247111344838187e-01
9.943354895544392891e-01
9.941448669358965429e-01
9.939542005322521412e-01
9.937647774304836368e-01
9.935778156828040109e-01
9.933944652033221967e-01
9.932158084541713450e-01
9.930428609492214509e-01
9.928765716063374658e-01
9.927178229811119969e-01
9.925674314160793932e-01
9.924261471396119694e-01
9.922946543480715142e-01
9.921735713034114390e-01
9.920634504764098693e-01
9.919647787631852287e-01
9.918779777997338565e-01
9.918034043960793911e-01
9.917413511083578159e-01
9.916920469639136648e-01
9.916556583513418399e-01
9.916322900844595223e-01
9.916219866464881516e-01
9.916247336182796301e-01
9.916404592922442029e-01
9.916690364716909123e-01
9.917102844535397033e-01
9.917639711907461075e-01
9.918298156292386647e-01
9.919074902126516768e-01
9.919966235465964566e-01
9.920968032126272762e-01
9.922075787204219788e-01
9.923284645850187768e-01
9.924589435142788796e-01
9.925984696901219984e-01
9.927464721255768731e-01
9.929023580783720160e-01
9.930655165007251650e-01
9.932353215042323269e-01
9.934111358183488338e-01
9.935923142209144299e-01
9.937782069195121304e-01
9.939681628631301669e-01
9.941615329646023014e-01
9.943576732155580133e-01
9.945559476770804430e-01
9.947557313308699189e-01
9.949564127773909972e-01
9.951573967691775824e-01
9.953581065691543550e-01
9.955579861254610918e-01
9.957565020558232227e-01
9.959531454360078806e-01
9.961474333883211241e-01
9.963389104674785779e-01
9.965271498425207763e-01
9.967117542747709891e-01
9.968923568931682411e-01
9.970686217696582698e-01
9.972402442986951776e-01
9.974069513862972025e-01
9.975685014554879215e-01
9.977246842763191070e-01
9.978753206299734169e-01
9.980202618176434726e-01
9.981593890259232715e-01
9.982926125612824331e-01
9.984198709667621019e-01
9.985411300342946772e-01
9.986563817259707099e-01
9.987656430171324429e-01
9.988689546733697799e-01
9.989663799723536020e-01
9.990580033800162685e-01
9.991439291889535612e-01
9.992242801251843831e-01
9.992991959276754654e-01
9.993688319034628176e-01
9.994333574598949221e-01
9.994929546146354982e-01
9.995478164836673063e-01
9.995981457477397525e-01
9.996441530985030743e-01
9.996860556669719955e-01
9.997240754388891926e-01
9.997584376638947168e-01
9.997893692679968858e-01
