9.997975516764575632e-01
9.997680861708814204e-01
9.997354056770982877e-01
9.996993057207433919e-01
9.996595841795523629e-01
9.996160425830860063e-01
9.995684873599459674e-01
9.995167310217297763e-01
9.994605932765769918e-01
9.993999020685881973e-01
9.993344945424837977e-01
9.992642179354573884e-01
9.991889304001793093e-01
9.991085017642805655e-01
9.990228142323854810e-01
9.989317630369254353e-01
9.988352570436253020e-01
9.987332193168211303e-01
9.986255876487546423e-01
9.985123150558228300e-01
9.983933702435489055e-01
9.982687380408871158e-01
9.981384198034558564e-01
9.980024337844685123e-01
9.978608154715434830e-01
9.977136178872247907e-01
9.975609118509485285e-01
9.974027862003133071e-01
9.972393479698398178e-01
9.970707225258941264e-01
9.968970536570649355e-01
9.967185036199800452e-01
9.965352531412856596e-01
9.963475013772448152e-01
9.961554658330983303e-01
9.959593822449342992e-01
9.957595044272868900e-01
9.955561040899958414e-01
9.953494706279740756e-01
9.951399108874168231e-01
9.949277489116211681e-01
9.947133256689560943e-01
9.944969987646163911e-01
9.942791421366190541e-01
9.940601457350696224e-01
9.938404151820641186e-01
9.936203714077408433e-01
9.934004502560027650e-01
9.931811020513569011e-01
9.929627911162316467e-01
9.927459952261031839e-01
9.925312049878800558e-01
9.923189231253218834e-01
9.921096636538867530e-01
9.919039509263772869e-01
9.917023185301394594e-01
9.915053080164021315e-01
9.913134674426543613e-01
9.911273497097478069e-01
9.909475106766645336e-01
9.907745070375904017e-01
9.906088939480224287e-01
9.904512223890801215e-01
9.903020362619150418e-01
9.901618692070711658e-01
9.900312411467909746e-01
9.899106545515419242e-01
9.898005904354230111e-01
9.897015040885905890e-01
9.896138205583880909e-01
9.895379298944837476e-01
9.894741821769886814e-01
9.894228823502373427e-01
9.893842848886169605e-01
9.893585883244828683e-01
9.893459296716973217e-01
9.893463787815882649e-01
9.893599326709829889e-01
9.893865098643002121e-01
9.894259447933066998e-01
9.894779822989145934e-01
9.895422722791624714e-01
9.896183645261962258e-01
9.897057037925538481e-01
9.898036251233770511e-01
9.899113494863436280e-01
9.900279797252525826e-01
9.901524968564650031e-01
9.902837567200040159e-01
9.904204869893074026e-01
9.905612845356662755e-01
9.907046131355570218e-01
9.908488015016475581e-01
9.909920416114870179e-01
9.911323873019823871e-01
9.912677530928992731e-01
9.913959131989399376e-01
9.915145006875113465e-01
9.916210067381533433e-01
9.917127799597439397e-01
9.917870257229921549e-01
9.918408054683206521e-01
9.918710359529407938e-01
9.918744884056571731e-01
9.918477875636256824e-01
9.917874105718492705e-01
9.916896857335854021e-01
9.915507911080103653e-01
9.913667529604290873e-01
9.911334440800345646e-01
9.908465819907273930e-01
9.905017270918285988e-01
9.900942807776695886e-01
9.896194835980425264e-01
9.890724135352892965e-01
9.884479844883429234e-01
9.877409450691575499e-01
9.869458778324672332e-01
9.860571990754051219e-01
9.850691593588201123e-01
9.839758449166949861e-01
9.827711801333919306e-01
9.814489312799661302e-01
9.800027117099240348e-01
9.784259887210032813e-01
9.767120922922929438e-01
9.748542259048439407e-01
9.728454796485104250e-01
9.706788458078570159e-01
9.683472371054847594e-01
9.658435077620910469e-01
9.631604775091435755e-01
9.602909586624881477e-01
9.572277863338946036e-01
9.539638518228973352e-01
9.504921391938153663e-01
9.468057650030171635e-01
9.428980210998857414e-01
9.387624203820111868e-01
9.343927453414213602e-01
9.297830991946115509e-01
9.249279593452427450e-01
9.198222328850945706e-01
9.144613137966582928e-01
9.088411414801248478e-01
9.029582601889504234e-01
8.968098789222286316e-01
8.903939312892843461e-01
8.837091348328566243e-01
8.767550492725286748e-01
8.695321331103265106e-01
8.620417980262236046e-01
8.542864604832509645e-01
8.462695899605136018e-01
8.379957532381172580e-01
8.294706541711207581e-01
8.207011684103648896e-01
8.116953725564365341e-01
8.024625672689228439e-01
7.930132938962244360e-01
7.833593442409122476e-01
7.735137631312418716e-01
7.634908435299839757e-01
7.533061139761147995e-01
7.429763182218548367e-01
7.325193869957191684e-01
7.219544018902783744e-01
7.113015514398672856e-01
7.005820795172924553e-01
6.898182262385672558e-01
6.790331616199765108e-01
6.682509122817300584e-01
6.574962815367384472e-01
6.467947632416387593e-01
6.361724498203252809e-01
6.256559348984183089e-01
6.152722110110937503e-01
6.050485628673286653e-01
5.950124566719028341e-01
5.851914260234379883e-01
5.756129549232288367e-01
5.663043584464835245e-01
5.572926616454240145e-01
5.486044772728291274e-01
5.402658829352562364e-01
5.323022983069716219e-01
5.247383630582946878e-01
5.175978161747183393e-01
5.109033773649958032e-01
5.046766312761585827e-01
4.989379152500310610e-01
4.937062113678997166e-01
4.889990435364022225e-01
4.848323803672545118e-01
4.812205445952117966e-01
4.781761297618184470e-01
4.757099248666117886e-01
4.738308476521824186e-01
4.725458871449269571e-01
4.718600560197241389e-01
4.717763532946994687e-01
4.722957377924029698e-01
4.734171127271122881e-01
4.751373216955668832e-01
4.774511562613797944e-01
4.803513752327870368e-01
4.838287356404156192e-01
4.878720353274046406e-01
4.924681669695172292e-01
4.976021832487148577e-01
5.032573728108062916e-01
5.094153465469923869e-01
5.160561336510279817e-01
5.231582868189195157e-01
5.306989958772260207e-01
5.386542090496825308e-01
5.469987610007567280e-01
5.557065067295443583e-01
5.647504603289380531e-01
5.741029375741329988e-01
5.837357012621484653e-01
5.936201081911527400e-01
6.037272566458812273e-01
6.140281332442860673e-01
6.244937580015499368e-01
6.350953264813872234e-01
6.458043479316921687e-01
6.565927783422349506e-01
6.674331474162753519e-01
6.782986785153160003e-01
6.891634007160697406e-01
7.000022522101276845e-01
7.107911743784836034e-01
7.215071959834740145e-01
7.321285070379748294e-01
7.426345220339666264e-01
7.530059323376188107e-01
7.632247476837581424e-01
7.732743268266973891e-01
7.831393975248243100e-01
7.928060661509903628e-01
8.022618173277288323e-01
8.114955040840067246e-01
8.204973291170754024e-01
8.292588178178843528e-01
8.377727837805628575e-01
8.460332875650282691e-01
8.540355895165631095e-01
8.617760974672311614e-01
8.692523101515314821e-01
8.764627571633079040e-01
8.834069362634415779e-01
8.900852488192941836e-01
8.964989341184611549e-01
9.026500032525153205e-01
9.085411732125601159e-01
9.141758017791146163e-01
9.195578237256987197e-01
9.246916887900301640e-01
9.295823018004727434e-01
9.342349652796730908e-01
9.386553247834639180e-01
9.428493171721652466e-01
9.468231219543278288e-01
9.505831157904454098e-01
9.541358301967464151e-01
9.574879124472274183e-01
9.606460896357340573e-01
9.636171358291577560e-01
9.664078422175225169e-01
9.690249901466132521e-01
9.714753269034599459e-01
9.737655441139920764e-01
9.759022586049960202e-01
9.778919955786222751e-01
9.797411739465615721e-01
9.814560936721180573e-01
9.830429249712810957e-01
9.845076992280910044e-01
9.858563014847453454e-01
9.870944643726872192e-01
9.882277633571138198e-01
9.892616131737681506e-01
9.902012653434060230e-01
9.910518066558920980e-01
9.918181585224405961e-01
9.925050771010558437e-01
9.931171541067490560e-01
9.936588182245963408e-01
9.941343370501314336e-01
9.945478194879077138e-01
9.949032185452306720e-01
9.952043344639794897e-01
9.954548181389983874e-01
9.956581747766255486e-01
9.958177677514383763e-01
9.959368226231340993e-01
9.960184312785685945e-01
9.960655561663241953e-01
9.960810345927840759e-01
9.960675830496307226e-01
9.960278015430782395e-01
9.959641778951423552e-01
9.958790919870532665e-01
9.957748199147120616e-01
9.956535380261130053e-01
9.955173268110704132e-01
9.953681746145965903e-01
9.952079811469689563e-01
9.950385607660031662e-01
9.948616455103138634e-01
9.946788878663718192e-01
9.944918632568555683e-01
9.943020722430249148e-01
9.941109424394340977e-01
9.939198301450661299e-01
9.937300217007046799e-01
9.935427345878605765e-01
9.933591182896537308e-01
9.931802549385460033e-01
9.930071597795976368e-01
9.928407814808705156e-01
9.926820023246714086e-01
9.925316383144879850e-01
9.923904392327319579e-01
9.922590886838257296e-01
9.921382041558129972e-01
9.920283371316604981e-01
9.919299732788521284e-01
9.918435327429033777e-01
9.917693705671667415e-01
9.917077772578993811e-01
9.916589795101359295e-01
9.916231411065603574e-01
9.916003639983791418e-01
9.915906895742319094e-01
9.915941001204527927e-01
9.916105204735393697e-01
9.916398198634736039e-01
9.916818139445413571e-01
9.917362670084794996e-01
9.918028943730866631e-01
9.918813649378336317e-01
9.919713038964589336e-01
9.920722955950205257e-01
9.921838865223880921e-01
9.923055884187118592e-01
9.924368814860258237e-01
9.925772176838708605e-01
9.927260240917052947e-01
9.928827063189505919e-01
9.930466519428489125e-01
9.932172339539145911e-01
9.933938141886635709e-01
9.935757467295138756e-01
9.937623812522451416e-01
9.939530663021655110e-01
9.941471524811160698e-01
9.943439955285998666e-01
9.945429592816039666e-01
9.947434184990385786e-01
9.949447615381035170e-01
9.951463928712798168e-01
9.953477354339985705e-01
9.955482327943693255e-01
9.957473511376337960e-01
9.959445810592768566e-01
9.961394391619808886e-01
9.963314694528745408e-01
9.965202445388229302e-01
9.967053666188465666e-01
9.968864682741572780e-01
9.970632130577505858e-01
9.972352958870076556e-01
9.974024432442945010e-01
9.975644131920966551e-01
9.977209952107414237e-01
9.978720098681974626e-01
9.980173083327549266e-01
9.981567717405139817e-01
9.982903104305032027e-01
9.984178630608446792e-01
9.985393956196512155e-01
9.986549003442363182e-01
9.987643945617376007e-01
9.988679194633942604e-01
9.989655388235186839e-01
9.990573376727133192e-01
9.991434209331895300e-01
9.992239120222560222e-01
9.992989514282770713e-01
9.993686952617982788e-01
9.994333137832291936e-01
9.994929899075873925e-01
9.995479176864465742e-01
9.995983007674653642e-01
9.996443508327300664e-01
9.996862860186025435e-01
9.997243293217535909e-01
9.997587069984570363e-01
9.997896469668648978e-01
