9.997975758450022843e-01
9.997681157142946917e-01
9.997354416578307923e-01
9.996993493756612947e-01
9.996596369399456394e-01
9.996161060951370692e-01
9.995685635052845575e-01
9.995168219376426855e-01
9.994607013753887825e-01
9.994000300556877825e-01
9.993346454324441019e-01
9.992643950656802110e-01
9.991891374415056148e-01
9.991087427280280764e-01
9.990230934733214108e-01
9.989320852517450389e-01
9.988356272645875222e-01
9.987336429002922067e-01
9.986260702585182392e-01
9.985128626411372554e-01
9.983939890120532290e-01
9.982694344265859998e-01
9.981392004301273824e-01
9.980033054249549673e-01
9.978617850034788850e-01
9.977146922458350886e-01
9.975620979796206989e-01
9.974040909996699789e-01
9.972407782460733783e-01
9.970722849391110421e-01
9.968987546703651503e-01
9.967203494499530247e-01
9.965372497105469130e-01
9.963496542695597924e-01
9.961577802515645397e-01
9.959618629735988993e-01
9.957621557964912995e-01
9.955589299456459873e-01
9.953524743048514090e-01
9.951430951865612995e-01
9.949311160817451150e-01
9.947168773917788309e-01
9.945007361439489602e-01
9.942830656909739107e-01
9.940642553935197245e-01
9.938447102830313407e-01
9.936248507003482278e-01
9.934051119035862687e-01
9.931859436366893279e-01
9.929678096479739313e-01
9.927511871459629988e-01
9.925365661779266269e-01
9.923244489148828062e-01
9.921153488254425001e-01
9.919097897198737579e-01
9.917083046451613537e-01
9.915114346117002153e-01
9.913197271325906446e-01
9.911337345573236757e-01
9.909540121829248926e-01
9.907811161273476497e-01
9.906156009520181716e-01
9.904580170228878266e-01
9.903089076020783477e-01
9.901688056651634096e-01
9.900382304422545854e-01
9.899176836843172067e-01
9.898076456594941952e-01
9.897085708876507404e-01
9.896208836248552299e-01
9.895449731130745441e-01
9.894811886139885937e-01
9.894298342494841636e-01
9.893911636750578609e-01
9.893653746159771778e-01
9.893526032995316744e-01
9.893529188199583491e-01
9.893663174754931955e-01
9.893927171193520609e-01
9.894319515680920496e-01
9.894837651116185073e-01
9.895478071689109978e-01
9.896236271322540468e-01
9.897106694402900695e-01
9.898082689165573766e-01
9.899156464053666671e-01
9.900319047310126575e-01
9.901560249995787766e-01
9.902868632551655725e-01
9.904231474945235369e-01
9.905634750360599039e-01
9.907063102313040659e-01
9.908499824994236871e-01
9.909926846585562776e-01
9.911324715217559866e-01
9.912672587204562902e-01
9.913948217146353326e-01
9.915127949464345170e-01
9.916186710928575065e-01
9.917098003733727518e-01
9.917833898697080430e-01
9.918365028178095510e-01
9.918660578357536561e-01
9.918688280562605319e-01
9.918414401382807943e-01
9.917803731388257216e-01
9.916819572337350897e-01
9.915423722843695886e-01
9.913576462562682101e-01
9.911236535056078267e-01
9.908361129598719508e-01
9.904905862304818065e-01
9.900824757073020121e-01
9.896070226978898043e-01
9.890593056880967460e-01
9.884342388150709757e-01
9.877265706587096128e-01
9.869308834729769719e-01
9.860415929939304602e-01
9.850529489764250357e-01
9.839590366258539333e-01
9.827537791044120841e-01
9.814309413026962581e-01
9.799841350764239012e-01
9.784068261540772582e-01
9.766923429238890675e-01
9.748338873072975863e-01
9.728245479205044344e-01
9.706573157158148168e-01
9.683251022799482799e-01
9.658207609474935840e-01
9.631371108643173029e-01
9.602669641082771657e-01
9.572031559434044379e-01
9.539385782492387778e-01
9.504662161296867362e-01
9.467791876661540984e-01
9.428707867382455365e-01
9.387345287925820125e-01
9.343641993966855797e-01
9.297539053709571455e-01
9.248981282479370458e-01
9.197917797647952032e-01
9.144302590527825236e-01
9.088095111467047182e-01
9.029260863988315400e-01
8.967772003456088159e-01
8.903607935426226527e-01
8.836755908541146232e-01
8.767211596585539057e-01
8.694979664119618645e-01
8.620074309964778081e-01
8.542519782736130995e-01
8.462350862602976420e-01
8.379613303516013634e-01
8.294364230272607275e-01
8.206672485000205963e-01
8.116618917923840160e-01
8.024296617644480767e-01
7.929811076587893748e-01
7.833280287782562468e-01
7.734834769682807920e-01
7.634617516359974987e-01
7.532783871028875256e-01
7.429501321546517767e-01
7.324949217201675022e-01
7.219318406793554521e-01
7.112810798662334566e-01
7.005638843971127017e-01
6.898024945137283259e-01
6.790200791862159857e-01
6.682406627706287683e-01
6.574890450598323000e-01
6.467907151050356074e-01
6.361717592182566383e-01
6.256587635940549230e-01
6.152787120127951592e-01
6.050588791082667228e-01
5.950267197007039766e-01
5.852097547131858146e-01
5.756354542058117474e-01
5.663311180789213362e-01
5.573237550144203301e-01
5.486399602434391953e-01
5.403057927491574652e-01
5.323466525354871859e-01
5.247871586149689405e-01
5.176510283919837363e-01
5.109609591392565431e-01
5.047385122855421180e-01
4.990040012491195887e-01
4.937763835640023302e-01
4.890731580523884903e-01
4.849102677966887764e-01
4.813020096564628592e-01
4.782609510590428714e-01
4.757978547669295954e-01
4.739216122899672090e-01
4.726391865658505775e-01
4.719555644789119597e-01
4.718737197249636139e-01
4.723945864599036204e-01
4.735170440927707336e-01
4.752379135009975331e-01
4.775519648578706589e-01
4.804519371707786091e-01
4.839285695349454519e-01
4.879706440119631061e-01
4.925650399467330631e-01
4.976967994411958252e-01
5.033492036094495692e-01
5.095038591471994227e-01
5.161407946597332819e-01
5.232385661073739591e-01
5.307743706463345923e-01
5.387241680666667865e-01
5.470628089583192688e-01
5.557641686718401974e-01
5.648012860828424131e-01
5.741465061197561504e-01
5.837716249735656060e-01
5.936480368770202798e-01
6.037468813201345430e-01
6.140391895594873306e-01
6.244960292816640335e-01
6.350886462966798263e-01
6.457886021659469122e-01
6.565679067112970557e-01
6.673991444068503309e-01
6.782555937236209864e-01
6.891113385770746280e-01
6.999413711193807064e-01
7.107216852196084345e-01
7.214293600849980281e-01
7.320426335930096950e-01
7.425409650251035831e-01
7.529050870171039023e-01
7.631170466653953710e-01
7.731602358509316320e-01
7.830194109620118859e-01
7.926807023100063132e-01
8.021316136378116024e-01
8.113610122171743821e-01
8.203591101166830546e-01
8.291174372960445904e-01
8.376288072433498710e-01
8.458872759197896274e-01
8.538880948104132784e-01
8.616276589000373409e-01
8.691034504005709094e-01
8.763139790504064219e-01
8.832587197889173458e-01
8.899380485805368224e-01
8.963531771245814017e-01
9.025060871402937890e-01
9.083994648629817315e-01
9.140366363281806628e-01
9.194215039580178050e-01
9.245584848989607529e-01
9.294524514943753868e-01
9.341086742101658569e-01
9.385327672684889988e-01
9.427306371841992494e-01
9.467084343422024206e-01
9.504725077019955393e-01
9.540293626688671758e-01
9.573856221298586711e-01
9.605479906167950777e-01
9.635232215284650348e-01
9.663180873192006581e-01
9.689393525413934061e-01
9.713937496144945394e-01
9.736879571823268131e-01
9.758285809135704980e-01
9.778221365965508172e-01
9.796750353784109411e-01
9.813935709998874435e-01
9.829839088797452940e-01
9.844520769070377320e-01
9.858039578043740203e-01
9.870452829309964704e-01
9.881816274004546763e-01
9.892184063938457284e-01
9.901608725558511681e-01
9.910141143670799790e-01
9.917830553924851245e-01
9.924724543118639275e-01
9.930869056446647303e-01
9.936308410875196451e-01
9.941085313890735131e-01
9.945240886927586565e-01
9.948814692841047025e-01
9.951844766848976231e-01
9.954367650418989300e-01
9.956418427628137557e-01
9.958030763566273480e-01
9.959236944392395596e-01
9.960067918684345489e-01
9.960553339746136547e-01
9.960721608553949613e-01
9.960599917032237904e-01
9.960214291356344063e-01
9.959589634979291173e-01
9.958749771079584701e-01
9.957717484126106244e-01
9.956514560257483382e-01
9.955161826178523521e-01
9.953679186287219816e-01
9.952085657763443116e-01
9.950399403375747021e-01
9.948637761795726675e-01
9.946817275249808521e-01
9.944953714385393884e-01
9.943062100280470883e-01
9.941156723581662247e-01
9.939251160813115105e-01
9.937358287955770919e-01
9.935490291451329892e-01
9.933658676835780410e-01
9.931874275252049467e-01
9.930147248128781134e-01
9.928487090341513444e-01
9.926902632192879938e-01
9.925402040559778705e-01
9.923992819557780898e-01
9.922681811066959012e-01
9.921475195449478424e-01
9.920378492768903156e-01
9.919396564795246451e-01
9.918533618049845124e-01
9.917793208111412850e-01
9.917178245370482648e-01
9.916691002385091824e-01
9.916333122957092794e-01
9.916105633016636389e-01
9.916008953372850154e-01
9.916042914361804517e-01
9.916206772398608038e-01
9.916499228418818035e-01
9.916918448174915079e-01
9.917462084335988415e-01
9.918127300322575612e-01
9.918910795793228763e-01
9.919808833684653493e-01
9.920817268692750934e-01
9.921931577067631958e-01
9.923146887581720810e-01
9.924458013516611610e-01
9.925859485501815627e-01
9.927345585027345098e-01
9.928910378442669105e-01
9.930547751247468247e-01
9.932251442474999692e-01
9.934015078967237677e-01
9.935832209342045918e-01
9.937696337456721762e-01
9.939600955178816699e-01
9.941539574284053993e-01
9.943505757311904558e-01
9.945493147221488028e-01
9.947495495703534418e-01
9.949506690017744237e-01
9.951520778238639453e-01
9.953531992806768924e-01
9.955534772295727697e-01
9.957523781318837752e-01
9.959493928512649363e-01
9.961440382547632755e-01
9.963358586129892336e-01
9.965244267971319347e-01
9.967093452719726354e-01
9.968902468854962118e-01
9.970667954572016711e-01
9.972386861687422277e-01
9.974056457620802396e-01
9.975674325518866237e-01
9.977238362604151645e-01
9.978746776845008881e-01
9.980198082056126463e-01
9.981591091549861794e-01
9.982924910467235735e-01
9.984198926923114614e-01
9.985412802102500152e-01
9.986566459443616539e-01
9.987660073038486797e-01
9.988694055373016356e-01
9.989669044516547025e-01
9.990585890855940843e-01
9.991445643452390168e-01
9.992249536081277972e-01
9.992998972997880758e-01
9.993695514455747109e-01
9.994340861991590774e-01
9.994936843481783129e-01
9.995485397971954900e-01
9.995988560283607383e-01
9.996448445410197614e-01
9.996867232729745867e-01
9.997247150080839084e-01
9.997590457772825845e-01
9.997899432627354033e-01
