9.997976205060592481e-01
9.997681703370316919e-01
9.997355081261333209e-01
9.996994298484705999e-01
9.996597338742712058e-01
9.996162222677608122e-01
9.995687020324888206e-01
9.995169862922623771e-01
9.994608954004832180e-01
9.994002579741434467e-01
9.993349118518601859e-01
9.992647049779609381e-01
9.991894962166730787e-01
9.991091561018894396e-01
9.990235675287586492e-01
9.989326263935482952e-01
9.988362421879162234e-01
9.987343385530099704e-01
9.986268537978144622e-01
9.985137413849969334e-01
9.983949703862798897e-01
9.982705259081924298e-01
9.981404094880061972e-01
9.980046394588001357e-01
9.978632512819611833e-01
9.977162978450362374e-01
9.975638497226996249e-01
9.974059953986774696e-01
9.972428414467484625e-01
9.970745126693899563e-01
9.969011521932159559e-01
9.967229215210215987e-01
9.965400005409658091e-01
9.963525874941449034e-01
9.961608989024920424e-01
9.959651694595438309e-01
9.957656518870966478e-01
9.955626167611054678e-01
9.953563523103019506e-01
9.951471641909207522e-01
9.949353752405715179e-01
9.947213252136826167e-01
9.945053705000505007e-01
9.942878838268626174e-01
9.940692539431406072e-01
9.938498852838921760e-01
9.936301976094111810e-01
9.934106256131802759e-01
9.931916184897564559e-01
9.929736394519456111e-01
9.927571651845623624e-01
9.925426852202051675e-01
9.923307012208384403e-01
9.921217261476328320e-01
9.919162833005338298e-01
9.917149052084702765e-01
9.915181323510030564e-01
9.913265116925817910e-01
9.911405950114203778e-01
9.909609370062993916e-01
9.907880931663355373e-01
9.906226173908617705e-01
9.904650593489955357e-01
9.903159615711717434e-01
9.901758562678248943e-01
9.900452618734749688e-01
9.899246793176622594e-01
9.898145880274614727e-01
9.897154416696685164e-01
9.896276636441947439e-01
9.895516423437137332e-01
9.894877261981860350e-01
9.894362185265265230e-01
9.893973722213398325e-01
9.893713842962819083e-01
9.893583903291247594e-01
9.893584588368966592e-01
9.893715856223990190e-01
9.893976881338143459e-01
9.894365998808374307e-01
9.894880649516261117e-01
9.895517326747339526e-01
9.896271524689211896e-01
9.897137689212909262e-01
9.898109171305252696e-01
9.899178183471568637e-01
9.900335759369017774e-01
9.901571716862640482e-01
9.902874624621184063e-01
9.904231772290376101e-01
9.905629144200321923e-01
9.907051396484142236e-01
9.908481837409438553e-01
9.909902410655575533e-01
9.911293681210076034e-01
9.912634823508750248e-01
9.913903611407636207e-01
9.915076409551467629e-01
9.916128165693443020e-01
9.917032403524513873e-01
9.917761215586833323e-01
9.918285255874647044e-01
9.918573731765922830e-01
9.918594394978388351e-01
9.918313531303464270e-01
9.917695948939938555e-01
9.916704965325487953e-01
9.915302392447763458e-01
9.913448520707484057e-01
9.911102101503824757e-01
9.908220328817395339e-01
9.904758820178561907e-01
9.900671597528987178e-01
9.895911068612071038e-01
9.890428009663277953e-01
9.884171550313473054e-01
9.877089161765931768e-01
9.869126649458855871e-01
9.860228151576978517e-01
9.850336144924732862e-01
9.839391459815035601e-01
9.827333305757071091e-01
9.814099309838058005e-01
9.799625569782300927e-01
9.783846723730362793e-01
9.766696038806813585e-01
9.748105520532390766e-01
9.728006045082147057e-01
9.706327516292807545e-01
9.682999049179363826e-01
9.657949181532852201e-01
9.631106114939966822e-01
9.602397986293182974e-01
9.571753170550744150e-01
9.539100615163573771e-01
9.504370206215324579e-01
9.467493165927418630e-01
9.428402480767845706e-01
9.387033358975823694e-01
9.343323715878804059e-01
9.297214684938681639e-01
9.248651152024944810e-01
9.197582309978775683e-01
9.143962230108463318e-01
9.087750446848029684e-01
9.028912551422886290e-01
8.967420790004332343e-01
8.903254661504472756e-01
8.836401509870943638e-01
8.766857105492766866e-01
8.694626210131168875e-01
8.619723119648110554e-01
8.542172178726636922e-01
8.462008261765665562e-01
8.379277214192146772e-01
8.294036248568350533e-01
8.206354290083510694e-01
8.116312266306938694e-01
8.024003336442629974e-01
7.929533055759583338e-01
7.833019471371757136e-01
7.734593146099477678e-01
7.634397107750187095e-01
7.532586721799899854e-01
7.429329486124915949e-01
7.324804747112869663e-01
7.219203337159783018e-01
7.112727134221803471e-01
7.005588544724815625e-01
6.898009911731260990e-01
6.790222850812555055e-01
6.682467516571840571e-01
6.574991803201565288e-01
6.468050482843952231e-01
6.361904285851565088e-01
6.256818927325780155e-01
6.153064084549395574e-01
6.050912330135642669e-01
5.950638025897969641e-01
5.852516182614343476e-01
5.756821291024458720e-01
5.663826129566924550e-01
5.573800554542083230e-01
5.487010278578109412e-01
5.403715643485106357e-01
5.324170393801421763e-01
5.248620457564709962e-01
5.177302741069594871e-01
5.110443944594957877e-01
5.048259406285913187e-01
4.990951981545850291e-01
4.938710965420241017e-01
4.891711065523224322e-01
4.850111433058996724e-01
4.814054759412574880e-01
4.783666445619988439e-01
4.759053851771547494e-01
4.740305633049382017e-01
4.727491168652827591e-01
4.720660089324030251e-01
4.719841908557220744e-01
4.725045761865312999e-01
4.736260257696581766e-01
4.753453442752323399e-01
4.776572883565788352e-01
4.805545865275269168e-01
4.840279707571298884e-01
4.880662196832757926e-01
4.926562132498342184e-01
4.977829984760135940e-01
5.034298659723049907e-01
5.095784367256093184e-01
5.162087585876860008e-01
5.232994118165162911e-01
5.308276229402457691e-01
5.387693861386664285e-01
5.470995912683738194e-01
5.557921575953999049e-01
5.648201722440548966e-01
5.741560323235966878e-01
5.837715896559754203e-01
5.936382969991316205e-01
6.037273546418322479e-01
6.140098562387117376e-01
6.244569327585874907e-01
6.350398934358663094e-01
6.457303626442973954e-01
6.565004116546302448e-01
6.673226842928194902e-01
6.781705155829549359e-01
6.890180425384070384e-01
6.998403063548779279e-01
7.106133453589211779e-01
7.213142781735433218e-01
7.319213766770759078e-01
7.424141284507279615e-01
7.527732885320699285e-01
7.629809204141103640e-01
7.730204263505089379e-01
7.828765671447303065e-01
7.925354717126715798e-01
8.019846368126063441e-01
8.112129174315911850e-01
8.202105084023171289e-01
8.289689178976032968e-01
8.374809335104428376e-01
8.457405816750770411e-01
8.537430812187022378e-01
8.614847918540814442e-01
8.689631584307808687e-01
8.761766517575393376e-01
8.831247067911811577e-01
8.898076589594908770e-01
8.962266793478271820e-01
9.023837094332582964e-01
9.082813959971612894e-01
9.139230267890602333e-01
9.193124674525328111e-01
9.244541001598384211e-01
9.293527643369721147e-01
9.340136997965182708e-01
9.384424925331654732e-01
9.426450233771690446e-01
9.466274196452665324e-01
9.503960098772976650e-01
9.539572817005506078e-01
9.573178428229806025e-01
9.604843851210680405e-01
9.634636517581727233e-01
9.662624072446485135e-01
9.688874103314029096e-01
9.713453896136525767e-01
9.736430217108713592e-01
9.757869118818565113e-01
9.777835769299250135e-01
9.796394302519696451e-01
9.813607688859495859e-01
9.829537624138980911e-01
9.844244435812681271e-01
9.857787004980643752e-01
9.870222702924128511e-01
9.881607340927883731e-01
9.891995132208741826e-01
9.901438664828717817e-01
9.909988884529553621e-01
9.917695086484390465e-01
9.924604915021197904e-01
9.930764370431561794e-01
9.936217822037746172e-01
9.941008026750308701e-01
9.945176152407754211e-01
9.948761805248121926e-01
9.951803060919247601e-01
9.954336498488616236e-01
9.956397236964183994e-01
9.958018973883071556e-01
9.959234025564663861e-01
9.960073368657618165e-01
9.960566682636172731e-01
9.960742392920064470e-01
9.960627714304772784e-01
9.960248694395794633e-01
9.959630256743615684e-01
9.958796243376757396e-01
9.957769456430770605e-01
9.956571698573204454e-01
9.955223811930544731e-01
9.953745715234263436e-01
9.952156438920984893e-01
9.950474157946909148e-01
9.948716222109490470e-01
9.946899183709428938e-01
9.945038822432638037e-01
9.943150167383641991e-01
9.941247516257136763e-01
9.939344451691463078e-01
9.937453854904392259e-01
9.935587916765890037e-01
9.933758146512717824e-01
9.931975378353917749e-01
9.930249776253355920e-01
9.928590837204311903e-01
9.927007393331134244e-01
9.925507613163958576e-01
9.924099002434489947e-01
9.922788404734470546e-01
9.921582002364418562e-01
9.920485317679589299e-01
9.919503215214111602e-01
9.918639904834232190e-01
9.917898946138905547e-01
9.917283254291960892e-01
9.916795107435993906e-01
9.916436155804944086e-01
9.916207432621053641e-01
9.916109366832902561e-01
9.916141797725022133e-01
9.916303991406167917e-01
9.916594659162500935e-01
9.917011977643466203e-01
9.917553610831434385e-01
9.918216733730855772e-01
9.918998057698088511e-01
9.919893857318959896e-01
9.920899998726998570e-01
9.922011969241273377e-01
9.923224908188659210e-01
9.924533638761612320e-01
9.925932700749299231e-01
9.927416383967875291e-01
9.928978762205161734e-01
9.930613727486555797e-01
9.932315024463088671e-01
9.934076284719429717e-01
9.935891060799505459e-01
9.937752859750288437e-01
9.939655175989959845e-01
9.941591523314932122e-01
9.943555465870614896e-01
9.945540647922914701e-01
9.947540822280858119e-01
9.949549877234911133e-01
9.951561861890191318e-01
9.953571009788531043e-01
9.955571760728062491e-01
9.957558780703520407e-01
9.959526979904812505e-01
9.961471528725609481e-01
9.963387871747894087e-01
9.965271739682626251e-01
9.967119159261064176e-01
9.968926461085956259e-01
9.970690285466642377e-01
9.972407586277195479e-01
9.974075632891855614e-01
9.975692010266941079e-01
9.977254617252909741e-01
9.978761663233883805e-01
9.980211663204231476e-01
9.981603431402370497e-01
9.982936073630170881e-01
9.984208978391758693e-01
9.985421806987804239e-01
9.986574482700066868e-01
9.987667179196049183e-01
9.988700308275012540e-01
9.989674507064755238e-01
9.990590624763803218e-01
9.991449709007013125e-01
9.992252991914918336e-01
9.993001875869742534e-01
9.993697919045214650e-01
9.994342820704361641e-01
9.994938406270765796e-01
9.995486612175126240e-01
9.995989470481326800e-01
9.996449093304619060e-01
9.996867657048977840e-01
9.997247386510336176e-01
9.997590538916146796e-01
9.997899387997896126e-01
