9.997975450424498867e-01
9.997680781816844497e-01
9.997353960784860494e-01
9.996992942165031648e-01
9.996595704260948789e-01
9.996160261837485628e-01
9.995684678590547323e-01
9.995167078985078835e-01
9.994605659390027874e-01
9.993998698473264275e-01
9.993344566850257404e-01
9.992641736006201425e-01
9.991888786531241129e-01
9.991084415722132350e-01
9.990227444611028407e-01
9.989316824483664981e-01
9.988351642945737519e-01
9.987331129588910006e-01
9.986254661297676583e-01
9.985121767226605716e-01
9.983932133465335257e-01
9.982685607397095984e-01
9.981382201746380467e-01
9.980022098303091838e-01
9.978605651304643942e-01
9.977133390454022699e-01
9.975606023550844803e-01
9.974024438713771090e-01
9.972389706175922575e-01
9.970703079639913202e-01
9.968965997185293970e-01
9.967180081728285179e-01
9.965347141041019929e-01
9.963469167344987110e-01
9.961548336500227752e-01
9.959587006817914867e-01
9.957587717528745275e-01
9.955553186942661670e-01
9.953486310336638887e-01
9.951390157606084808e-01
9.949267970711809239e-01
9.947123160948164733e-01
9.944959306048932746e-01
9.942780147135733548e-01
9.940589585499418623e-01
9.938391679188292027e-01
9.936190639358453147e-01
9.933990826321636991e-01
9.931796745205164756e-01
9.929613041117745231e-01
9.927444493694607131e-01
9.925296010876568653e-01
9.923172621760932843e-01
9.921079468348267261e-01
9.919021795998849145e-01
9.917004942406347778e-01
9.915034324894653750e-01
9.913115425846731332e-01
9.911253776082258327e-01
9.909454936013251114e-01
9.907724474423793559e-01
9.906067944740787334e-01
9.904490858687010624e-01
9.902998657234918234e-01
9.901596678809199137e-01
9.900290124717482376e-01
9.899084021821402679e-01
9.897983182494123344e-01
9.896992161945267208e-01
9.896115213029760271e-01
9.895356238693389095e-01
9.894718742244698051e-01
9.894205775680072756e-01
9.893819886326051805e-01
9.893563062099514083e-01
9.893436675721555273e-01
9.893441428253468839e-01
9.893577292351954933e-01
9.893843455663935416e-01
9.894238264797597937e-01
9.894759170313894847e-01
9.895402673180396791e-01
9.896164273115928278e-01
9.897038419229287065e-01
9.898018463318364324e-01
9.899096616147603500e-01
9.900263906963081562e-01
9.901510146437104698e-01
9.902823893160254132e-01
9.904192423720706850e-01
9.905601706331174094e-01
9.907036377885599654e-01
9.908479724253680399e-01
9.909913663553682195e-01
9.911318732085134808e-01
9.912674072554527038e-01
9.913957424190371626e-01
9.915145114319735553e-01
9.916212050966974889e-01
9.917131716036866607e-01
9.917876158658198715e-01
9.918415988289681628e-01
9.918720367226847578e-01
9.918757002195675021e-01
9.918492134775264146e-01
9.917890530457111886e-01
9.916915466222071540e-01
9.915528716597419301e-01
9.913690538245486517e-01
9.911359653232137967e-01
9.908493231228138187e-01
9.905046871009405285e-01
9.900974581743490210e-01
9.896228764679505518e-01
9.890760195996655124e-01
9.884518011711928009e-01
9.877449695698906629e-01
9.869501072024904342e-01
9.860616302969860136e-01
9.850737894243868364e-01
9.839806709066317714e-01
9.827761992903298882e-01
9.814541410775617925e-01
9.800081099141634278e-01
9.784315734421679123e-01
9.767178620258709643e-01
9.748601795598713649e-01
9.728516165620615386e-01
9.706851657446819992e-01
9.683537402420944185e-01
9.658501946549086226e-01
9.631673490466708953e-01
9.602980160017586808e-01
9.572350308217942860e-01
9.539712849032212505e-01
9.504997623011777197e-01
9.468135794449447085e-01
9.429060279285895740e-01
9.387706202574516157e-01
9.344011383873478405e-01
9.297916848492902009e-01
9.249367362085696431e-01
9.198311985637523946e-01
9.144704647489099170e-01
9.088504728617644579e-01
9.029677657018592152e-01
8.968195506669122130e-01
8.904037596227245555e-01
8.837191082329779457e-01
8.767651542105789897e-01
8.695423539324902418e-01
8.620521168458272765e-01
8.542968570849769350e-01
8.462800417181032264e-01
8.380062350470991461e-01
8.294811383981498532e-01
8.207116248607816411e-01
8.117057684616384439e-01
8.024728672950929287e-01
7.930234601758578972e-01
7.833693364284386451e-01
7.735235384838354822e-01
7.635003570144204277e-01
7.533153184022429727e-01
7.429851644029464852e-01
7.325278239356241006e-01
7.219623769969696347e-01
7.113090107646320437e-01
7.005889680184886892e-01
6.898244880685713287e-01
6.790387404336797328e-01
6.682557515647026269e-01
6.575003249509949743e-01
6.467979549867863831e-01
6.361747350077600061e-01
6.256572599361804876e-01
6.152725239969399906e-01
6.050478139875836714e-01
5.950105986036676731e-01
5.851884143377721337e-01
5.756087484869888415e-01
5.662989198205564678e-01
5.572859574771840130e-01
5.485964786807417948e-01
5.402565658836337992e-01
5.322916439690027479e-01
5.247263581655562392e-01
5.175844533514963874e-01
5.108886554458174079e-01
5.046605556050238750e-01
4.989204979598894640e-01
4.936874716389356710e-01
4.889790078316712529e-01
4.848110826441484056e-01
4.811980264910858951e-01
4.781524407519187614e-01
4.756851223921632066e-01
4.738049972161546552e-01
4.725190623725897821e-01
4.718323386806465569e-01
4.717478332823581422e-01
4.722665130570844472e-01
4.733872891573303043e-01
4.751070129428252020e-01
4.774204835028335037e-01
4.803204668662234278e-01
4.837977269060421692e-01
4.878410678512192789e-01
4.924373882235999478e-01
4.975717459246102869e-01
5.032274341033102782e-01
5.093860673470709255e-01
5.160276776483037064e-01
5.231308195161030739e-01
5.306726835210044957e-01
5.386292174848565928e-01
5.469752544567534347e-01
5.556846465507543353e-01
5.647304036625543366e-01
5.740848360311935350e-01
5.837196995692588430e-01
5.936063428517730500e-01
6.037158546310756879e-01
6.140192107333661831e-01
6.244874191930835927e-01
6.350916624945739386e-01
6.458034358171119704e-01
6.565946802194888576e-01
6.674379097541114358e-01
6.783063315674793259e-01
6.891739581234599399e-01
7.000157107769140463e-01
7.108075140267500203e-01
7.215263798877741275e-01
7.321504819380308948e-01
7.426592187206537687e-01
7.530332663044720931e-01
7.632546199335537018e-01
7.733066248202762338e-01
7.831739962572610292e-01
7.928428293385165748e-01
8.023005986875193507e-01
8.115361486880091624e-01
8.205396748005331364e-01
8.293026966230524488e-01
8.378180234163067341e-01
8.460797128635145770e-01
8.540830238690758636e-01
8.618243642222076506e-01
8.693012339592122162e-01
8.765121652528637952e-01
8.834566596400662553e-01
8.901351233704707377e-01
8.965488016204151700e-01
9.026997122697054676e-01
9.085905798849054360e-01
9.142247704934868269e-01
9.196062276699896731e-01
9.247394103898178841e-01
9.296292330399246184e-01
9.342810079098345932e-01
9.387003904224516804e-01
9.428933273030161155e-01
9.468660078273252179e-01
9.506248182376451084e-01
9.541762993671577542e-01
9.575271074716507069e-01
9.606839782306336728e-01
9.636536938491472304e-01
9.664430531660684887e-01
9.690588446544387002e-01
9.715078221838550077e-01
9.737966834038329633e-01
9.759320505997515216e-01
9.779204538690111637e-01
9.797683164638186781e-01
9.814819421480704964e-01
9.830675044186283351e-01
9.845310374454525615e-01
9.858784285902032485e-01
9.871154123687161386e-01
9.882475657289870874e-01
9.892803045227527292e-01
9.902188810553366194e-01
9.910683826050513678e-01
9.918337308100698690e-01
9.925196818273032129e-01
9.931308271744161420e-01
9.936715951726856622e-01
9.941462529149242000e-01
9.945589086891106767e-01
9.949135147946207569e-01
9.952138706939457347e-01
9.954636264484163499e-01
9.956662863915980433e-01
9.958252129985875056e-01
9.959436309133201659e-01
9.960246310991321961e-01
9.960711750801852782e-01
9.960860992429779737e-01
9.960721191681046749e-01
9.960318339628008166e-01
9.959677305647938184e-01
9.958821879877489680e-01
9.957774814783767470e-01
9.956557865552475572e-01
9.955191828997613790e-01
9.953696580706834496e-01
9.952091110153357123e-01
9.950393553529798263e-01
9.948621224091801496e-01
9.946790639839401260e-01
9.944917548410882047e-01
9.943016949116101344e-01
9.941103112092061211e-01
9.939189594621180568e-01
9.937289254710042208e-01
9.935414262081422310e-01
9.933576106783296167e-01
9.931785605663477901e-01
9.930052906996428286e-01
9.928387493578287870e-01
9.926798184626987043e-01
9.925293136835949825e-01
9.923879844932615990e-01
9.922565142087276246e-01
9.921355200504289318e-01
9.920255532507648022e-01
9.919270992407338561e-01
9.918405779403235423e-01
9.917663441750828035e-01
9.917046882379102479e-01
9.916558366116692280e-01
9.916199528648976802e-01
9.915971387296896866e-01
9.915874353678587605e-01
9.915908248287729210e-01
9.916072316997857072e-01
9.916365249479697219e-01
9.916785199498548975e-01
9.917329807040374812e-01
9.917996222198234291e-01
9.918781130734506402e-01
9.919680781218638277e-01
9.920691013624843846e-01
9.921807289259082507e-01
9.923024721869985187e-01
9.924338109784444084e-01
9.925741968895706036e-01
9.927230566320504046e-01
9.928797954532548875e-01
9.930438005772945775e-01
9.932144446534201254e-01
9.933910891913638741e-01
9.935730879634268042e-01
9.937597903536288246e-01
9.939505446350286322e-01
9.941447011573212311e-01
9.943416154280091401e-01
9.945406510717464954e-01
9.947411826538355983e-01
9.949425983552613317e-01
9.951443024880476385e-01
9.953457178410876072e-01
9.955462878479298672e-01
9.957454785692826382e-01
9.959427804842607701e-01
9.961377100856360078e-01
9.963298112756052705e-01
9.965186565598666002e-01
9.967038480391157140e-01
9.968850181984563186e-01
9.970618304966558654e-01
9.972339797586733390e-01
9.974011923764112275e-01
9.975632263241880349e-01
9.977198709969340440e-01
9.978709468805541105e-01
9.980163050652135492e-01
9.981558266134349378e-01
9.982894217957938299e-01
9.984170292076022246e-01
9.985386147802486345e-01
9.986541707007636770e-01
9.987637142527098222e-01
9.988672865906363940e-01
9.989649514591513180e-01
9.990567938661671921e-01
9.991429187181942728e-01
9.992234494237592912e-01
9.992985264692633152e-01
9.993683059699858262e-01
9.994329581976336696e-01
9.994926660849429156e-01
9.995476237074785164e-01
9.995980347430066804e-01
9.996441109096698696e-01
9.996860703856472741e-01
9.997241362149748012e-01
9.997585347065900407e-01
9.997894938363138806e-01
