0.000000000000000000e+00
0.000000000000000000e+00
0.000000000000000000e+00
0.000000000000000000e+00
0.000000000000000000e+00
0.000000000000000000e+00
0.000000000000000000e+00
0.000000000000000000e+00
0.000000000000000000e+00
0.000000000000000000e+00
0.000000000000000000e+00
0.000000000000000000e+00
0.000000000000000000e+00
0.000000000000000000e+00
0.000000000000000000e+00
0.000000000000000000e+00
0.000000000000000000e+00
0.000000000000000000e+00
0.000000000000000000e+00
0.000000000000000000e+00
0.000000000000000000e+00
0.000000000000000000e+00
0.000000000000000000e+00
0.000000000000000000e+00
5.000000000000000104e-03
2.800000000000000058e-02
8.500000000000000611e-02
1.769999999999999907e-01
3.020000000000000462e-01
4.640000000000000235e-01
6.440000000000000169e-01
8.809999999999998943e-01
1.121999999999999886e+00
1.379000000000000004e+00
1.631000000000000005e+00
1.909999999999999920e+00
2.187000000000000277e+00
2.451000000000000068e+00
2.705999999999999961e+00
2.919999999999999929e+00
3.113999999999999879e+00
3.295999999999999819e+00
3.447999999999999954e+00
3.550999999999999712e+00
3.631999999999999673e+00
3.684000000000000163e+00
3.681999999999999940e+00
3.622999999999999776e+00
3.532000000000000028e+00
3.451000000000000068e+00
3.319999999999999840e+00
3.153999999999999915e+00
2.981999999999999762e+00
2.801000000000000156e+00
2.631000000000000227e+00
2.429000000000000270e+00
2.218999999999999861e+00
2.017000000000000348e+00
1.832000000000000073e+00
1.657000000000000028e+00
1.483999999999999986e+00
1.342000000000000082e+00
1.214999999999999858e+00
1.094999999999999973e+00
9.890000000000001013e-01
8.940000000000000169e-01
8.120000000000000551e-01
7.290000000000000924e-01
6.530000000000000249e-01
5.699999999999999512e-01
4.739999999999999769e-01
3.920000000000000151e-01
2.930000000000000382e-01
2.000000000000000111e-01
1.079999999999999988e-01
4.100000000000000172e-02
8.000000000000000167e-03
0.000000000000000000e+00
0.000000000000000000e+00
0.000000000000000000e+00
0.000000000000000000e+00
0.000000000000000000e+00
0.000000000000000000e+00
0.000000000000000000e+00
0.000000000000000000e+00
0.000000000000000000e+00
0.000000000000000000e+00
0.000000000000000000e+00
0.000000000000000000e+00
0.000000000000000000e+00
0.000000000000000000e+00
0.000000000000000000e+00
0.000000000000000000e+00
0.000000000000000000e+00
0.000000000000000000e+00
0.000000000000000000e+00
0.000000000000000000e+00
0.000000000000000000e+00
0.000000000000000000e+00
0.000000000000000000e+00
