0.20203
0.20203
0.20203
0.20203
0.20203
0.20203
0.20203
0.20203
0.20203
0.20203
0.20203
0.20203
0.20203
0.20203
0.20203
0.20203
0.20203
0.20203
0.20203
0.20203
0.20203
0.20203
0.20203
0.20203
0.21354
0.26657
0.3811
0.54879
0.74439
0.9714
1.1878
1.4522
1.6907
1.9178
2.1142
2.3135
2.4844
2.6168
2.7156
2.748
2.7398
2.6912
2.5808
2.4097
2.1848
1.9129
1.5752
1.1895
0.76383
0.32428
-0.1443
-0.61288
-1.0796
-1.5373
-1.9838
-2.3783
-2.7061
-2.9906
-3.2203
-3.392
-3.465
-3.5004
-3.4834
-3.3706
-3.2074
-2.9831
-2.7354
-2.4247
-2.1039
-1.749
-1.3462
-1.0128
-0.6576
-0.34896
-0.083033
0.09904
0.18365
0.20203
0.20203
0.20203
0.20203
0.20203
0.20203
0.20203
0.20203
0.20203
0.20203
0.20203
0.20203
0.20203
0.20203
0.20203
0.20203
0.20203
0.20203
0.20203
0.20203
0.20203
0.20203
0.20203
