0.000000000000000000e+00
0.000000000000000000e+00
0.000000000000000000e+00
0.000000000000000000e+00
0.000000000000000000e+00
0.000000000000000000e+00
0.000000000000000000e+00
0.000000000000000000e+00
0.000000000000000000e+00
0.000000000000000000e+00
0.000000000000000000e+00
0.000000000000000000e+00
0.000000000000000000e+00
0.000000000000000000e+00
0.000000000000000000e+00
0.000000000000000000e+00
0.000000000000000000e+00
0.000000000000000000e+00
0.000000000000000000e+00
0.000000000000000000e+00
0.000000000000000000e+00
0.000000000000000000e+00
0.000000000000000000e+00
0.000000000000000000e+00
8.000000000000000167e-03
1.209999999999999964e-01
3.830000000000000071e-01
8.170000000000000595e-01
1.343999999999999861e+00
1.832999999999999963e+00
2.442000000000000171e+00
3.073000000000000398e+00
3.662999999999999812e+00
4.296000000000000263e+00
4.846999999999999531e+00
5.383000000000000007e+00
5.916000000000000369e+00
6.296999999999999709e+00
6.544999999999999929e+00
6.733000000000000540e+00
6.858000000000000540e+00
6.833999999999999631e+00
6.616999999999999993e+00
6.378000000000000114e+00
6.006000000000000227e+00
5.512999999999999901e+00
4.948000000000000398e+00
4.285999999999999588e+00
3.550999999999999712e+00
2.797000000000000153e+00
1.988999999999999879e+00
1.175000000000000044e+00
3.699999999999999956e-01
-4.159999999999999809e-01
-1.177000000000000046e+00
-1.868000000000000105e+00
-2.501999999999999780e+00
-3.044999999999999929e+00
-3.487000000000000099e+00
-3.876999999999999780e+00
-4.121999999999999886e+00
-4.238999999999999879e+00
-4.276000000000000689e+00
-4.244999999999999218e+00
-4.092999999999999972e+00
-3.804999999999999716e+00
-3.491000000000000103e+00
-3.141999999999999904e+00
-2.713999999999999968e+00
-2.301000000000000156e+00
-1.828000000000000069e+00
-1.394000000000000128e+00
-1.028000000000000025e+00
-6.270000000000000018e-01
-2.939999999999999836e-01
-9.299999999999999933e-02
-6.000000000000000125e-03
0.000000000000000000e+00
0.000000000000000000e+00
0.000000000000000000e+00
0.000000000000000000e+00
0.000000000000000000e+00
0.000000000000000000e+00
0.000000000000000000e+00
0.000000000000000000e+00
0.000000000000000000e+00
0.000000000000000000e+00
0.000000000000000000e+00
0.000000000000000000e+00
0.000000000000000000e+00
0.000000000000000000e+00
0.000000000000000000e+00
0.000000000000000000e+00
0.000000000000000000e+00
0.000000000000000000e+00
0.000000000000000000e+00
0.000000000000000000e+00
0.000000000000000000e+00
0.000000000000000000e+00
0.000000000000000000e+00
