9.997974809081241476e-01
9.997680037440409562e-01
9.997353098859662612e-01
9.996991946306436061e-01
9.996594555984955610e-01
9.996158940308056406e-01
9.995683160345220086e-01
9.995165337640368186e-01
9.994603665329003794e-01
9.993996418518714675e-01
9.993341963927862004e-01
9.992638768803159266e-01
9.991885409156783249e-01
9.991080577377225991e-01
9.990223089275335200e-01
9.989311890628379542e-01
9.988346063281303699e-01
9.987324830856680880e-01
9.986247564114447695e-01
9.985113785990484825e-01
9.983923176330665727e-01
9.982675576325169553e-01
9.981370992637376149e-01
9.980009601213254422e-01
9.978591750751030220e-01
9.977117965807426048e-01
9.975588949515670212e-01
9.974005585891838610e-01
9.972368941709416346e-01
9.970680267927060081e-01
9.968941000660924701e-01
9.967152761700129870e-01
9.965317358571643691e-01
9.963436784168488991e-01
9.961513215962407575e-01
9.959549014828411595e-01
9.957546723513751585e-01
9.955509064787171347e-01
9.953438939305716548e-01
9.951339423235443515e-01
9.949213765658855291e-01
9.947065385795714754e-01
9.944897870054921762e-01
9.942714968923402896e-01
9.940520593683681572e-01
9.938318812935175162e-01
9.936113848875747223e-01
9.933910073280075581e-01
9.931712003090654717e-01
9.929524295516340970e-01
9.927351742513103039e-01
9.925199264502712060e-01
9.923071903168414476e-01
9.920974813152707572e-01
9.918913252472061348e-01
9.916892571457091021e-01
9.914918200024884776e-01
9.912995633093035774e-01
9.911130413952505824e-01
9.909328115428657213e-01
9.907594318676307132e-01
9.905934589475156038e-01
9.904354451915775570e-01
9.902859359393167971e-01
9.901454662853989008e-01
9.900145576274570480e-01
9.898937139379307970e-01
9.897834177642710340e-01
9.896841259653063050e-01
9.895962651951242250e-01
9.895202271494658586e-01
9.894563635933403267e-01
9.894049811923301130e-01
9.893663361738287421e-01
9.893406288481767508e-01
9.893279980232413395e-01
9.893285153493156514e-01
9.893421796341482777e-01
9.893689111702976824e-01
9.894085461186787889e-01
9.894608309929658896e-01
9.895254172892993250e-01
9.896018563044075567e-01
9.896895941827279497e-01
9.897879672293901088e-01
9.898961975210560649e-01
9.900133888407066651e-01
9.901385229556814993e-01
9.902704562508519714e-01
9.904079167209638435e-01
9.905495013182197273e-01
9.906936736433546997e-01
9.908387619610602437e-01
9.909829575138893176e-01
9.911243131029330300e-01
9.912607418987771091e-01
9.913900164426401318e-01
9.915097677952462440e-01
9.916174847899192901e-01
9.917105133465944355e-01
9.917860558048789965e-01
9.918411702368965521e-01
9.918727697043295821e-01
9.918776214287488013e-01
9.918523458499083345e-01
9.917934155531107354e-01
9.916971540539685215e-01
9.915597344368598520e-01
9.913771778521027755e-01
9.911453518863542200e-01
9.908599688310125719e-01
9.905165838844919302e-01
9.901105933361826761e-01
9.896372327927185353e-01
9.890915755208202764e-01
9.884685309954116539e-01
9.877628437567655961e-01
9.869690926959352462e-01
9.860816909033601751e-01
9.850948862309445442e-01
9.840027627326205506e-01
9.827992431619329006e-01
9.814780927169335367e-01
9.800329242320953149e-01
9.784572050234521257e-01
9.767442655962411679e-01
9.748873104234878628e-01
9.728794309988905153e-01
9.707136213577731709e-01
9.683827962456879046e-01
9.658798120954608102e-01
9.631974909502596383e-01
9.603286474428578412e-01
9.572661189100551971e-01
9.540027986866111975e-01
9.505316725855444959e-01
9.468458585317540699e-01
9.429386492741567150e-01
9.388035580584259687e-01
9.344343670984610606e-01
9.298251786404206909e-01
9.249704683689923268e-01
9.198651408620265313e-01
9.145045867572232368e-01
9.088847412537073289e-01
9.030021435325963353e-01
8.968539966445723266e-01
8.904382273795921066e-01
8.837535456047922455e-01
8.767995025319545999e-01
8.695765473562182546e-01
8.620860816936197768e-01
8.543305112370922494e-01
8.463132940492454903e-01
8.380389849160180260e-01
8.295132751984480857e-01
8.207430276405435210e-01
8.117363056195884274e-01
8.025023963610375954e-01
7.930518276831135527e-01
7.833963778857565563e-01
7.735490784539946763e-01
7.635242093061080926e-01
7.533372863811045317e-01
7.430050414267278525e-01
7.325453939171935325e-01
7.219774150976816518e-01
7.113212842190399510e-01
7.005982370898680145e-01
6.898305071331050087e-01
6.790412591895561567e-01
6.682545163608291094e-01
6.574950802285617346e-01
6.467884448255960539e-01
6.361607047680877258e-01
6.256384579859508577e-01
6.152487035132601090e-01
6.050187348211173433e-01
5.949760291939980572e-01
5.851481336677586409e-01
5.755625480641650693e-01
5.662466056738264530e-01
5.572273521574240274e-01
5.485314232543816448e-01
5.401849219088640242e-01
5.322132954448908215e-01
5.246412134450488818e-01
5.174924470099826479e-01
5.107897500976392724e-01
5.045547436609643110e-01
4.988078033192556715e-01
4.935679513102890770e-01
4.888527534765466642e-01
4.846782220381460338e-01
4.810587248964874885e-01
4.780069021954361785e-01
4.755335908404756395e-01
4.736477576405662138e-01
4.723564416923640152e-01
4.716647065723864607e-01
4.715756028402278144e-01
4.720901412857494428e-01
4.732072772763606938e-01
4.749239064780427233e-01
4.772348721368828706e-01
4.801329840176888908e-01
4.836090490039023360e-01
4.876519132695970038e-01
4.922485158408178574e-01
4.973839532707292621e-01
5.030415550618073661e-01
5.092029693792892164e-01
5.158482585138415288e-01
5.229560034685025727e-01
5.305034169659402776e-01
5.384664640973806371e-01
5.468199897649284047e-01
5.555378520049014668e-01
5.645930602220986527e-01
5.739579173143232182e-01
5.836041646239035208e-01
5.935031286193382938e-01
6.036258681864613562e-01
6.139433213956325686e-01
6.244264506102537027e-01
6.350463848131575606e-01
6.457745580516336403e-01
6.565828429394260368e-01
6.674436782050263695e-01
6.783301893397174487e-01
6.892163014756247374e-01
7.000768437125806098e-01
7.108876442117256778e-01
7.216256154820066548e-01
7.322688294013117716e-01
7.427965816350121653e-01
7.531894452390285322e-01
7.634293133600399406e-01
7.734994310698923847e-01
7.833844164924500530e-01
7.930702714969856126e-01
8.025443823407703015e-01
8.117955107430678829e-01
8.208137759617188944e-01
8.295906285206864350e-01
8.381188163013395531e-01
8.463923437612306255e-01
8.544064250812872796e-01
8.621574320656741897e-01
8.696428376282954176e-01
8.768611556965572040e-01
8.838118783473587481e-01
8.904954109633531623e-01
8.969130061605343762e-01
9.030666971925048747e-01
9.089592314838883524e-01
9.145940048867775563e-01
9.199749971914704672e-01
9.251067093575788824e-01
9.299941028654173936e-01
9.346425415217682886e-01
9.390577359899729970e-01
9.432456912528948134e-01
9.472126571596027889e-01
9.509650821533522924e-01
9.545095702301600316e-01
9.578528411343402160e-01
9.610016937599615838e-01
9.639629726953305999e-01
9.667435378211509667e-01
9.693502368517158407e-01
9.717898806919813559e-01
9.740692214712206587e-01
9.761949331056799517e-01
9.781735942377313142e-01
9.800116733969296279e-01
9.817155162286250736e-01
9.832913346378866493e-01
9.847451977000351020e-01
9.860830241936940910e-01
9.873105766176420994e-01
9.884334565586436749e-01
9.894571012836768098e-01
9.903867814364317734e-01
9.912275997245546533e-01
9.919844904908065031e-01
9.926622200680792485e-01
9.932653878250431445e-01
9.937984278160706397e-01
9.942656109559591115e-01
9.946710476468009210e-01
9.950186907910395506e-01
9.953123391312140855e-01
9.955556408629926413e-01
9.957520974737242847e-01
9.959050677637524274e-01
9.960177720120497735e-01
9.960932962512629718e-01
9.961345966199680602e-01
9.961445037618568144e-01
9.961257272427485043e-01
9.960808599568924393e-01
9.960123824941279347e-01
9.959226674393185652e-01
9.958139835752711777e-01
9.956884999603152764e-01
9.955482898520563451e-01
9.953953344496969668e-01
9.952315264288907892e-01
9.950586732454191896e-01
9.948785001871067735e-01
9.946926531572761743e-01
9.945027011776013115e-01
9.943101386033338374e-01
9.941163870493606725e-01
9.939227970312370930e-01
9.937306493310007482e-01
9.935411561030269567e-01
9.933554617402291509e-01
9.931746435253842042e-01
9.929997120961276957e-01
9.928316117551178044e-01
9.926712206589458631e-01
9.925193509205522124e-01
9.923767486601959842e-01
9.922440940394817721e-01
9.921220013116346381e-01
9.920110189192452577e-01
9.919116296681945721e-01
9.918242510035467641e-01
9.917492354100001517e-01
9.916868709561441619e-01
9.916373819983962390e-01
9.916009300571970719e-01
9.915776148749005925e-01
9.915674756618636509e-01
9.915704925345509846e-01
9.915865881470277143e-01
9.916156295150022615e-01
9.916574300295681876e-01
9.917117516559433854e-01
9.917783073107611092e-01
9.918567634097927854e-01
9.919467425763480728e-01
9.920478264989776029e-01
9.921595589254974534e-01
9.922814487787871007e-01
9.924129733782990348e-01
9.925535817498243318e-01
9.927026980048166971e-01
9.928597247695581940e-01
9.930240466436914826e-01
9.931950336671874213e-01
9.933720447746954285e-01
9.935544312164265035e-01
9.937415399252554904e-01
9.939327168105511756e-01
9.941273099603205043e-01
9.943246727345295133e-01
9.945241667338819980e-01
9.947251646298367334e-01
9.949270528431837235e-01
9.951292340600250697e-01
9.953311295754977417e-01
9.955321814570062822e-01
9.957318545201071514e-01
9.959296381115048113e-01
9.961250476948948496e-01
9.963176262366513214e-01
9.965069453896135965e-01
9.966926064745095237e-01
9.968742412598736724e-01
9.970515125426836489e-01
9.972241145333476942e-01
9.973917730501231649e-01
9.975542455294985622e-01
9.977113208605131733e-01
9.978628190523591845e-01
9.980085907458801087e-01
9.981485165806790461e-01
9.982825064304320373e-01
9.984104985196091686e-01
9.985324584350970811e-01
9.986483780461444804e-01
9.987582743456154821e-01
9.988621882247216144e-01
9.989601831922438890e-01
9.990523440478139561e-01
9.991387755171576845e-01
9.992196008554417030e-01
9.992949604231129435e-01
9.993650102370150723e-01
9.994299204982544094e-01
9.994898740973788831e-01
9.995450650970473250e-01
9.995956971925646917e-01
9.996419821514788140e-01
9.996841382348556904e-01
9.997223886048056674e-01
9.997569597251994011e-01
9.997880797651406137e-01
