9.997974688671743548e-01
9.997679897679885297e-01
9.997352937366232872e-01
9.996991760522206949e-01
9.996594343178992759e-01
9.996158697581548624e-01
9.995682884638895649e-01
9.995165025744169318e-01
9.994603313893982710e-01
9.993996024071084561e-01
9.993341522885081929e-01
9.992638277491906473e-01
9.991884863832617425e-01
9.991079974245737905e-01
9.990222424514534350e-01
9.989311160412068791e-01
9.988345263803162233e-01
9.987323958354791253e-01
9.986246614895989415e-01
9.985112756456321348e-01
9.983922062999578406e-01
9.982674375857487625e-01
9.981369701857789600e-01
9.980008217132605441e-01
9.978590270586911171e-01
9.977116387003425180e-01
9.975587269759158549e-01
9.974003803130181423e-01
9.972367054164555933e-01
9.970678274108419892e-01
9.968938899376621476e-01
9.967150552066514901e-01
9.965315040021205384e-01
9.963434356456203345e-01
9.961510679170628713e-01
9.959546369370446683e-01
9.957543970136278899e-01
9.955506204571697992e-01
9.953435973669303438e-01
9.951336353930939627e-01
9.949210594774904326e-01
9.947062115756825085e-01
9.944894503621863890e-01
9.942711509194220865e-01
9.940517044095559251e-01
9.938315177267389444e-01
9.936110131253881317e-01
9.933906278181606764e-01
9.931708135351965394e-01
9.929520360341136387e-01
9.927347745482111296e-01
9.925195211584481036e-01
9.923067800730913657e-01
9.920970667975387292e-01
9.918909071757938678e-01
9.916888362844376026e-01
9.914913971597640874e-01
9.912991393390316874e-01
9.911126171975445098e-01
9.909323880644983484e-01
9.907590101021809259e-01
9.905930399351661197e-01
9.904350300185287281e-01
9.902855257367864095e-01
9.901450622281885439e-01
9.900141609320697311e-01
9.898933258602351515e-01
9.897830395967124328e-01
9.896837590336696744e-01
9.895959108548603167e-01
9.895198867815934163e-01
9.894560385999399132e-01
9.894046729916470273e-01
9.893660461950033458e-01
9.893403585256211885e-01
9.893277487906844136e-01
9.893282886335397208e-01
9.893419768484454924e-01
9.893687337076806365e-01
9.894083953448854496e-01
9.894607082393099828e-01
9.895253238454285727e-01
9.896017934110414860e-01
9.896895630244639808e-01
9.897879689276765092e-01
9.898962331274443471e-01
9.900134593305054409e-01
9.901386292221436847e-01
9.902705991000304575e-01
9.904080968673730778e-01
9.905497193814379875e-01
9.906939301456907376e-01
9.908390573263969880e-01
9.909832920677985602e-01
9.911246870741308168e-01
9.912611554219614707e-01
9.913904695627235863e-01
9.915102604729590929e-01
9.916180169087250862e-01
9.917110847208218116e-01
9.917866661889378488e-01
9.918418193354119339e-01
9.918734571829931346e-01
9.918783469256604590e-01
9.918531089871550632e-01
9.917942159483122966e-01
9.916979913315039363e-01
9.915606082384860187e-01
9.913780878466732505e-01
9.911462977783569439e-01
9.908609503676565344e-01
9.905176008610975247e-01
9.901116455996556986e-01
9.896383202429205328e-01
9.890926981096876958e-01
9.884696887237167662e-01
9.877640366684548034e-01
9.869703208700280062e-01
9.860829544434345229e-01
9.850961852522789330e-01
9.840040973471030350e-01
9.828006134608847644e-01
9.814794987520267799e-01
9.800343659945696118e-01
9.784586824218586276e-01
9.767457784329560688e-01
9.748888583702484123e-01
9.728810135716124963e-01
9.707152378909111867e-01
9.683844458663977139e-01
9.658814936978217247e-01
9.631992031698112244e-01
9.603303886317013927e-01
9.572678871127692224e-01
9.540045916172292806e-01
9.505334876058431082e-01
9.468476926311021336e-01
9.429404990511809359e-01
9.388054197047498439e-01
9.344362363847775743e-01
9.298270509051625998e-01
9.249723385098602702e-01
9.198670033306330929e-01
9.145064355570988734e-01
9.088865699419027555e-01
9.030039452250931964e-01
8.968557640256887842e-01
8.904399527155389960e-01
8.837552207614962629e-01
8.768011189972261255e-01
8.695780962662944535e-01
8.620875538640686564e-01
8.543318971980140564e-01
8.463145840846632018e-01
8.380401691073013914e-01
8.295143434715734898e-01
8.207439698169576303e-01
8.117371114704079460e-01
8.025030556642864799e-01
7.930523302836846034e-01
7.833967137577591000e-01
7.735492377651437268e-01
7.635241824838027158e-01
7.533370641798343703e-01
7.430046149964608659e-01
7.325447548723822422e-01
7.219765555865533813e-01
7.113201969928246715e-01
7.005969155716367247e-01
6.898289454858990144e-01
6.790394523834932805e-01
6.682524602388806301e-01
6.574927715707032938e-01
6.467858814110335475e-01
6.361578854352614165e-01
6.256353826900193926e-01
6.152453733807451419e-01
6.050151522013866856e-01
5.949721977072288670e-01
5.851440582489981779e-01
5.755582350030612471e-01
5.662420626495592302e-01
5.572225882683047304e-01
5.485264490415373562e-01
5.401797493733493383e-01
5.322079380575179819e-01
5.246356861481473732e-01
5.174867662102697885e-01
5.107839336493158466e-01
5.045488108381486203e-01
4.988017747768405119e-01
4.935618490323614438e-01
4.888466007115379597e-01
4.846720432199905781e-01
4.810525455511931447e-01
4.780007488326318832e-01
4.755274908297217884e-01
4.736417390724476650e-01
4.723505332246644706e-01
4.716589372619567344e-01
4.715700019614705862e-01
4.720847381369863704e-01
4.732021009756836039e-01
4.749189857505755619e-01
4.772302350956841854e-01
4.801286579408000632e-01
4.836050601102774849e-01
4.876482864968355591e-01
4.922452746277297120e-01
4.973811193478308024e-01
5.030391482528295821e-01
5.092010074166926081e-01
5.158467568711861961e-01
5.229549752123034967e-01
5.305028726293528063e-01
5.384664115777380022e-01
5.468204342467686274e-01
5.555387959097124462e-01
5.645945031855753582e-01
5.739598561914767139e-01
5.836065935219233447e-01
5.935060389576529705e-01
6.036292487830328124e-01
6.139471585781213214e-01
6.244307283503285344e-01
6.350510848819188592e-01
6.457796601938361469e-01
6.565883250639794610e-01
6.674495165890765858e-01
6.783363588434958569e-01
6.892227757651971931e-01
7.000835954876023504e-01
7.108946454353545219e-01
7.216328376101923681e-01
7.322762436088059435e-01
7.428041590355911605e-01
7.531971570976063735e-01
7.634371312945600341e-01
7.735073272411173706e-01
7.833923637800175310e-01
7.930782436603577290e-01
8.025523541639728586e-01
8.118034581623871926e-01
8.208216761757912705e-01
8.295984600826785682e-01
8.381265591931811310e-01
8.463999794500893792e-01
8.544139365587178903e-01
8.621648038700691075e-01
8.696500558514613788e-01
8.768682079753991054e-01
8.838187538417956457e-01
8.905021003217068465e-01
8.969195014737112448e-01
9.030729919383644333e-01
9.089653204632163197e-01
9.145998841523023115e-01
9.199806639713394851e-01
9.251121619746851543e-01
9.299993406539059926e-01
9.346475647419832944e-01
9.390625457430150647e-01
9.432502893958641943e-01
9.472170462224874798e-01
9.509692652584084138e-01
9.545135510145085211e-01
9.578566236763792485e-01
9.610052825100769969e-01
9.639663724112612631e-01
9.667467535082573393e-01
9.693532737082893869e-01
9.717927440596363375e-01
9.740719167903217901e-01
9.761974658756805701e-01
9.781759699822333287e-01
9.800138976332222196e-01
9.817175944414165967e-01
9.832932722569184270e-01
9.847470000812427182e-01
9.860846966035777816e-01
9.873121242205060710e-01
9.884348844063757245e-01
9.894584143077529426e-01
9.903879844418543854e-01
9.912286973854537164e-01
9.919854873474635015e-01
9.926631205251587042e-01
9.932661961508466586e-01
9.937991481426537987e-01
9.942662472799767004e-01
9.946716038309686425e-01
9.950191705661211028e-01
9.953127460984577679e-01
9.955559784969570947e-01
9.957523691254431819e-01
9.959052766641971477e-01
9.960179212758542011e-01
9.960933888806792202e-01
9.961346355090243687e-01
9.961444917006866406e-01
9.961256669220650561e-01
9.960807539725734516e-01
9.960122333518810489e-01
9.959224775593894519e-01
9.958137552971557671e-01
9.956882355474351298e-01
9.955479914963520915e-01
9.953950042760938421e-01
9.952311664995878715e-01
9.950582855639523716e-01
9.948780867021383978e-01
9.946922157660620378e-01
9.945022417290922956e-01
9.943096589008698638e-01
9.941158888529235682e-01
9.939222820592338303e-01
9.937301192615589640e-01
9.935406125747918704e-01
9.933549063526649903e-01
9.931740778385927948e-01
9.929991376302090833e-01
9.928310299891104362e-01
9.926706330293965097e-01
9.925187588197732502e-01
9.923761534342818713e-01
9.922434969861603227e-01
9.921214036780373613e-01
9.920104218996811385e-01
9.919110344020155567e-01
9.918236585731876609e-01
9.917486468392719967e-01
9.916862872088509917e-01
9.916368039773341136e-01
9.916003586035819772e-01
9.915770507682556412e-01
9.915669196203806823e-01
9.915699452159243421e-01
9.915860501497422153e-01
9.916151013800409419e-01
9.916569122424930827e-01
9.917112446492899469e-01
9.917778114666769840e-01
9.918562790628497883e-01
9.919462700164499713e-01
9.920473659742894412e-01
9.921591106453272468e-01
9.922810129163547321e-01
9.924125500733420591e-01
9.925531711109953914e-01
9.927023001118455703e-01
9.928593396751606015e-01
9.930236743752201001e-01
9.931946742280340912e-01
9.933716981454601136e-01
9.935540973558812938e-01
9.937412187711344158e-01
9.939324082802017957e-01
9.941270139512559112e-01
9.943243891249186062e-01
9.945238953830121131e-01
9.947249053785811590e-01
9.949268055145014111e-01
9.951289984595136362e-01
9.953309054920158605e-01
9.955319686633751219e-01
9.957316527738963030e-01
9.959294471559018147e-01
9.961248672596551001e-01
9.963174560391204748e-01
9.965067851358121453e-01
9.966924558602693329e-01
9.968740999720139273e-01
9.970513802602138931e-01
9.972239909286870763e-01
9.973916577903244596e-01
9.975541382774688604e-01
9.977112212762212495e-01
9.978627267940253232e-01
9.980085054711410608e-01
9.981484379477257862e-01
9.982824340991155454e-01
9.984104321525142378e-01
9.985323976985790440e-01
9.986483226113298528e-01
9.987582238893627506e-01
9.988621424305400565e-01
9.989601417511682069e-01
9.990523066592296164e-01
9.991387418895734118e-01
9.992195707072051292e-01
9.992949334830614205e-01
9.993649862450584287e-01
9.994298992058824327e-01
9.994898552680882009e-01
9.995450485066831314e-01
9.995956826295723241e-01
9.996419694170635140e-01
9.996841271430479958e-01
9.997223789824318807e-01
9.997569514117607969e-01
9.997880726126018303e-01
