9.997974886678452355e-01
9.997680127675293571e-01
9.997353203320091808e-01
9.996992066702944379e-01
9.996594694149544269e-01
9.996159098191507164e-01
9.995683340012880835e-01
9.995165541266357589e-01
9.994603895188868270e-01
9.993996676980551053e-01
9.993342253441974687e-01
9.992639091890340719e-01
9.991885768395331047e-01
9.991080975388837437e-01
9.990223528710031609e-01
9.989312374148637819e-01
9.988346593545572860e-01
9.987325410502468914e-01
9.986248195741187494e-01
9.985114472142344599e-01
9.983923919479509301e-01
9.982676378853827526e-01
9.981371856823400002e-01
9.980010529213295678e-01
9.978592744585984553e-01
9.977119027348446689e-01
9.975590080471161691e-01
9.974006787795499651e-01
9.972370215909395208e-01
9.970681615576264534e-01
9.968942422708499951e-01
9.967154258884117768e-01
9.965318931412793235e-01
9.963438432965189273e-01
9.961514940786673211e-01
9.959550815522856260e-01
9.957548599689425295e-01
9.955511015822159360e-01
9.953440964344348885e-01
9.951341521187948569e-01
9.949215935201293215e-01
9.947067625369994115e-01
9.944900177868712943e-01
9.942717342949745074e-01
9.940523031660112308e-01
9.938321312362206061e-01
9.936116407014546903e-01
9.933912687149253351e-01
9.931714669462076150e-01
9.929527010909963147e-01
9.927354503190872759e-01
9.925202066461620287e-01
9.923074742132862447e-01
9.920977684566412158e-01
9.918916151489749478e-01
9.916895492936301792e-01
9.914921138518230093e-01
9.912998582841269224e-01
9.911133368878790595e-01
9.909331069134394987e-01
9.907597264438886553e-01
9.905937520247930506e-01
9.904357360330570126e-01
9.902862237765536202e-01
9.901457503191406495e-01
9.900148370287690236e-01
9.898939878496356704e-01
9.897836853027053294e-01
9.896843862223911881e-01
9.895965172407463761e-01
9.895204700341604376e-01
9.894565963512659268e-01
9.894052028445241564e-01
9.893665457317321055e-01
9.893408253174137412e-01
9.893281804076419217e-01
9.893286826551636048e-01
9.893423308746385203e-01
9.893690453701817766e-01
9.894086623190729846e-01
9.894609282562907282e-01
9.895254947043142790e-01
9.896019129912926315e-01
9.896896292981594012e-01
9.897879799715463278e-01
9.898961871344812424e-01
9.900133546209505253e-01
9.901384642536289471e-01
9.902703724766493965e-01
9.904078073474461563e-01
9.905493658837443149e-01
9.906935117539503732e-01
9.908385732918060240e-01
9.909827418094505624e-01
9.911240701771942829e-01
9.912604716335287058e-01
9.913897187852978021e-01
9.915094427556018220e-01
9.916171324359487338e-01
9.917101337993713406e-01
9.917856492326703188e-01
9.918407368485394615e-01
9.918723097420143464e-01
9.918771351603533626e-01
9.918518335610488901e-01
9.917928775390899565e-01
9.916965906118127005e-01
9.915591458576454853e-01
9.913765644137745303e-01
9.911447138472356810e-01
9.908593064242026127e-01
9.905158973133287859e-01
9.901098827709420291e-01
9.896364983686882777e-01
9.890908173378745172e-01
9.884677491191757870e-01
9.877620382214359340e-01
9.869682635087860811e-01
9.860808380509381577e-01
9.850940096869211793e-01
9.840018624672418612e-01
9.827983191529794382e-01
9.814771449620790511e-01
9.800319527625301896e-01
9.784562099186220330e-01
9.767432469995367406e-01
9.748862685587126320e-01
9.728783661873272592e-01
9.707125340356671517e-01
9.683816869819638073e-01
9.658786816094921956e-01
9.631963401295111638e-01
9.603274773602238357e-01
9.572649308407205071e-01
9.540015941242607767e-01
9.505304532577487642e-01
9.468446264143577373e-01
9.429374066044964309e-01
9.388023073471992719e-01
9.344331111400682177e-01
9.298239205215991232e-01
9.249692114755623251e-01
9.198638888835704019e-01
9.145033436895226853e-01
9.088835113987739911e-01
9.030009314961402467e-01
8.968528073307699966e-01
8.904370659830366241e-01
8.837524175995286058e-01
8.767984136575350806e-01
8.695755036007383199e-01
8.620850892737288440e-01
8.543295765750067439e-01
8.463124237468248046e-01
8.380381857259956435e-01
8.295125539929404379e-01
8.207423913769884560e-01
8.117357613042905928e-01
8.025019510105179110e-01
7.930514882834783785e-01
7.833961513503167051e-01
7.735489715793757437e-01
7.635242287270957995e-01
7.533374385244763216e-01
7.430053324643248747e-01
7.325458297184730405e-01
7.219780011820036147e-01
7.113220257079224673e-01
7.005991386594465631e-01
6.898315729670230212e-01
6.790424929325051817e-01
6.682559210729539512e-01
6.574966583409379561e-01
6.467901980969843478e-01
6.361626342431656589e-01
6.256405639552287123e-01
6.152509854748806628e-01
6.050211914447611861e-01
5.949786582871154916e-01
5.851509321443795208e-01
5.755655119165473677e-01
5.662497299472503132e-01
5.572306309284540404e-01
5.485348496129744955e-01
5.401884879447369503e-01
5.322169922386015273e-01
5.246450310642979398e-01
5.174963745116765157e-01
5.107937755362947918e-01
5.045588541040656461e-01
4.988119848701687564e-01
4.935721891393600735e-01
4.888570318609679610e-01
4.846825244111333530e-01
4.810630339062460514e-01
4.780111997742778618e-01
4.755378582843468038e-01
4.736519756990720253e-01
4.723605906692084355e-01
4.716687664359514587e-01
4.715795533437883158e-01
4.720939620966037031e-01
4.732109481129120887e-01
4.749274072536542324e-01
4.772381831090781734e-01
4.801360859410970239e-01
4.836119232851384675e-01
4.876545421221462062e-01
4.922508824378506453e-01
4.973860418937349204e-01
5.030433512428922338e-01
5.092044600350211780e-01
5.158494320685860224e-01
5.229568499653365343e-01
5.305039281633726622e-01
5.384666335503420775e-01
5.468198128887080678e-01
5.555373261210077018e-01
5.645921845852931442e-01
5.739566931203963218e-01
5.836025949980672145e-01
5.935012185854264821e-01
6.036236246174354614e-01
6.139407529461666790e-01
6.244235676324492168e-01
6.350431992566758499e-01
6.457710833497321001e-01
6.565790938825866174e-01
6.674396708039653792e-01
6.783259406797068625e-01
6.892118295640952130e-01
7.000721673220249297e-01
7.108827827199080129e-01
7.216205887114496287e-01
7.322636574599725723e-01
7.427912847599627000e-01
7.531840436448410392e-01
7.634238270934406989e-01
7.734938798720984998e-01
7.833788196704336571e-01
7.930646478047320702e-01
8.025387498714153800e-01
8.117898868326095529e-01
8.208081771048120201e-01
8.295850702988352143e-01
8.381133133236311483e-01
8.463869096175691276e-01
8.544010723079256131e-01
8.621521721226895751e-01
8.696376808885118992e-01
8.768561114452951832e-01
8.838069547922837721e-01
8.904906152536067321e-01
8.969083444142543771e-01
9.030621745317928273e-01
9.089548520762422701e-01
9.145897719919925395e-01
9.199709132130065026e-01
9.251027758974145199e-01
9.299903207814315120e-01
9.346389109867414557e-01
9.390542565513506634e-01
9.432423618925208642e-01
9.472094763527041383e-01
9.509620479261333692e-01
9.545066802154502650e-01
9.578500926248202374e-01
9.609990837585831169e-01
9.639604979626252845e-01
9.667411949192094012e-01
9.693480221846925149e-01
9.717877905430554186e-01
9.740672520360075248e-01
9.761930805221482599e-01
9.781718546127287084e-01
9.800100428294656885e-01
9.817139908300921425e-01
9.832899105494251613e-01
9.847438711072694639e-01
9.860817913390723666e-01
9.873094338106181977e-01
9.884324001839366325e-01
9.894561278078343181e-01
9.903858874129122247e-01
9.912267817975269901e-01
9.919837453978475050e-01
9.926615446419322364e-01
9.932647789945785455e-01
9.937978826065729798e-01
9.942651264888446860e-01
9.946706211388534058e-01
9.950183195532381619e-01
9.953120205672122411e-01
9.955553724672974170e-01
9.957518768296141909e-01
9.959048925409684783e-01
9.960176399642856060e-01
9.960932052134779946e-01
9.961345445055457271e-01
9.961444885596275611e-01
9.961257470138991099e-01
9.960809128317815730e-01
9.960124666690313155e-01
9.959227811731277136e-01
9.958141251861715171e-01
9.956886678224722287e-01
9.955484823923385074e-01
9.953955501444698983e-01
9.952317638009127165e-01
9.950589308608738248e-01
9.948787766528075505e-01
9.946929471180745441e-01
9.945030113140337358e-01
9.943104636295347909e-01
9.941167257112709654e-01
9.939231481051283845e-01
9.937310116223342371e-01
9.935415284456559082e-01
9.933558429959505887e-01
9.931750325838343274e-01
9.930001078750090304e-01
9.928320132007379950e-01
9.926716267470391264e-01
9.925197606573450404e-01
9.923771610836751300e-01
9.922445082208118938e-01
9.921224163566724208e-01
9.920114339700893957e-01
9.919120439047128812e-01
9.918246636448191378e-01
9.917496457156217415e-01
9.916872782273347120e-01
9.916377855788689466e-01
9.916013293337495593e-01
9.915780092776989019e-01
9.915678646644013883e-01
9.915708756532770618e-01
9.915869649406482411e-01
9.916159995834715746e-01
9.916577930127976614e-01
9.917121072322628850e-01
9.917786551951758289e-01
9.918571033520851010e-01
9.919470743590758088e-01
9.920481499354208976e-01
9.921598738576062892e-01
9.922817550751746873e-01
9.924132709323254531e-01
9.925538704778029686e-01
9.927029778443707819e-01
9.928599956781450908e-01
9.930243085973035067e-01
9.931952866592297369e-01
9.933722888150327002e-01
9.935546663305854231e-01
9.937417661537633062e-01
9.939329342083866869e-01
9.941275185964524308e-01
9.943248726915168145e-01
9.945243581075096095e-01
9.947253475287637370e-01
9.949272273885833018e-01
9.951294003851988146e-01
9.953312878254506613e-01
9.955323317879729572e-01
9.957319970990238245e-01
9.959297731154247435e-01
9.961251753103486095e-01
9.963177466589560050e-01
9.965070588221350834e-01
9.966927131278869867e-01
9.968743413512128893e-01
9.970516062947279989e-01
9.972242021736350548e-01
9.973918548101359249e-01
9.975543216438148564e-01
9.977113915659635568e-01
9.978628845871957420e-01
9.980086513489607736e-01
9.981485724906711265e-01
9.982825578850365034e-01
9.984105457548091422e-01
9.985325016844297519e-01
9.986484175399996666e-01
9.987583103105613924e-01
9.988622208828584759e-01
9.989602127605889947e-01
9.990523707377189089e-01
9.991387995337606132e-01
9.992196223971590019e-01
9.992949796811726459e-01
9.993650273950360763e-01
9.994299357318766619e-01
9.994898875739469668e-01
9.995450769753524423e-01
9.995957076226471560e-01
9.996419912744944902e-01
9.996841461830081599e-01
9.997223955013432306e-01
9.997569656844784713e-01
9.997880848927520603e-01
