9.997974970893591662e-01
9.997680225732006321e-01
9.997353316982773297e-01
9.996992197876582997e-01
9.996594844879060915e-01
9.996159270659434881e-01
9.995683536535295843e-01
9.995165764287046173e-01
9.994604147271685113e-01
9.993996960800012319e-01
9.993342571772133587e-01
9.992639447592034374e-01
9.991886164401918569e-01
9.991081414690565765e-01
9.990224014337216740e-01
9.989312909153830189e-01
9.988347180984922247e-01
9.987326053416509808e-01
9.986248897135242553e-01
9.985115234966790432e-01
9.983924746610106649e-01
9.982677273072314561e-01
9.981372820798563028e-01
9.980011565482680425e-01
9.978593855538412383e-01
9.977120215207484488e-01
9.975591347279660903e-01
9.974008135401301045e-01
9.972371645952290420e-01
9.970683129476258788e-01
9.968944021655417043e-01
9.967155943828552855e-01
9.965320703058412333e-01
9.963440291762335477e-01
9.961516886927216374e-01
9.959552848936220615e-01
9.957550720039675118e-01
9.955513222506018334e-01
9.953443256490003277e-01
9.951343897654453263e-01
9.949218394578389635e-01
9.947070165978131318e-01
9.944902797759049839e-01
9.942720039903920615e-01
9.940525803189554921e-01
9.938324155706791396e-01
9.936119319140418460e-01
9.933915664745672780e-01
9.931717708937195521e-01
9.929530108385482556e-01
9.927357654495593264e-01
9.925205267123980990e-01
9.923077987372601605e-01
9.920980969285577711e-01
9.918919470263328764e-01
9.916898840002814630e-01
9.914924507770646045e-01
9.913001967818680926e-01
9.911136762759253926e-01
9.909334464729367964e-01
9.907600654189689937e-01
9.905940896224614267e-01
9.904360714233519936e-01
9.902865560930138589e-01
9.901460786595992491e-01
9.900151604564934038e-01
9.898943053948263682e-01
9.897839959643562890e-01
9.896846889705146477e-01
9.895968110189570233e-01
9.895207537626109495e-01
9.894568689299245712e-01
9.894054631567815727e-01
9.893667926483241670e-01
9.893410577006455098e-01
9.893283971158978174e-01
9.893288825476871384e-01
9.893425128165617144e-01
9.893692082377835151e-01
9.894088050052385341e-01
9.894610496761417906e-01
9.895255938009676067e-01
9.896019887417013550e-01
9.896896807189776712e-01
9.897880061249499928e-01
9.898961871338655127e-01
9.900133276364169177e-01
9.901384095171642530e-01
9.902702892868920914e-01
9.904076950739331142e-01
9.905492239705276925e-01
9.906933397224763072e-01
9.908383707429562204e-01
9.909825084246527416e-01
9.911238057185267625e-01
9.912601759427603909e-01
9.913893917818237256e-01
9.915090844332653530e-01
9.916167428587623345e-01
9.917097130961797236e-01
9.917851975908273943e-01
9.918402545067021014e-01
9.918717969821800873e-01
9.918765922993001416e-01
9.918512609413536740e-01
9.917922755199271023e-01
9.916959595597457655e-01
9.915584861376385284e-01
9.913758763806549412e-01
9.911439978378399074e-01
9.908585627504319371e-01
9.905151262563305359e-01
9.901090845766150617e-01
9.896356732446921489e-01
9.890899654522915529e-01
9.884668706009503980e-01
9.877611331626778846e-01
9.869673319689922231e-01
9.860798800631510597e-01
9.850930252658031128e-01
9.840008516190138499e-01
9.827972818871364424e-01
9.814760813047658239e-01
9.800308627714342524e-01
9.784550936992200132e-01
9.767421047225106623e-01
9.748851004783418706e-01
9.728771726606514347e-01
9.707113155422116835e-01
9.683804441438166322e-01
9.658774152115230383e-01
9.631950511395239722e-01
9.603261669488398766e-01
9.572636004007877286e-01
9.540002452895922636e-01
9.505290879209919996e-01
9.468432467437956079e-01
9.429360150595825774e-01
9.388009066926261692e-01
9.344317044581651466e-01
9.298225112228549749e-01
9.249678033070677374e-01
9.198624859351742789e-01
9.145019503975019282e-01
9.088821325468250389e-01
9.029995722135084613e-01
8.968514730873544671e-01
8.904357625813230648e-01
8.837511511632342165e-01
8.767971906168740004e-01
8.695743306742512724e-01
8.620839734466586579e-01
8.543285250742334025e-01
8.463114440124178683e-01
8.380372853794747501e-01
8.295117408023732208e-01
8.207416732190900843e-01
8.117351461237133359e-01
8.025014467765574366e-01
7.930511029444295978e-01
7.833958927857486154e-01
7.735488475505879480e-01
7.635242468260482473e-01
7.533376061214751562e-01
7.430056566547496022e-01
7.325463172688426727e-01
7.219786584756548997e-01
7.113228586905880890e-01
7.006001527849952115e-01
6.898327731436320054e-01
6.790438834695193826e-01
6.682575056286719217e-01
6.574984398715741918e-01
6.467921788070312150e-01
6.361648155373949010e-01
6.256429463925499146e-01
6.152535687242950413e-01
6.050239742436418489e-01
5.949816384020654159e-01
5.851541063349290361e-01
5.755688759019845779e-01
5.662532783768939870e-01
5.572343573557332341e-01
5.485387464737074836e-01
5.401925465400474469e-01
5.322212027229770159e-01
5.246493824393261285e-01
5.175008546260602138e-01
5.107983710927802568e-01
5.045635506739606368e-01
4.988167669161486240e-01
4.935770400472618835e-01
4.888619339812620979e-01
4.846874591107223074e-01
4.810679816311654866e-01
4.780161401237860153e-01
4.755427700967572724e-01
4.736568371495204488e-01
4.723653793793600730e-01
4.716734595954383824e-01
4.715841278429282468e-01
4.720983946696912792e-01
4.732152154911213326e-01
4.749314863263042197e-01
4.772420510917779746e-01
4.801397205490159914e-01
4.836153029094522049e-01
4.876576460074885100e-01
4.922536908584915771e-01
4.973885363260617254e-01
5.030455145317552779e-01
5.092062765514813183e-01
5.158508878566787637e-01
5.229579328755692424e-01
5.305046279708471868e-01
5.384669420556082997e-01
5.468197239997145687e-01
5.555368359148156188e-01
5.645912913485371387e-01
5.739553973678339638e-01
5.836008994689090290e-01
5.934991282175015037e-01
6.036211464995941967e-01
6.139378962496777614e-01
6.244203435224471299e-01
6.350396207850164121e-01
6.457671653308760806e-01
6.565748527543238122e-01
6.674351244750160728e-01
6.783211083663280849e-01
6.892067316179539826e-01
7.000668250516300928e-01
7.108772182079191593e-01
7.216148246301552494e-01
7.322577168871676756e-01
7.427851909973659517e-01
7.531778200410697011e-01
7.634174968734175337e-01
7.734874659745956116e-01
7.833723445952701647e-01
7.930581334709513319e-01
8.025322174875509917e-01
8.117833567799386252e-01
8.208016688342760769e-01
8.295786022420928996e-01
8.381069028184923164e-01
8.463805728478583923e-01
8.543948242576236973e-01
8.621460265440219484e-01
8.696316502834844364e-01
8.768502070600252551e-01
8.838011866233421721e-01
8.904849920654752671e-01
8.969028737669072493e-01
9.030568628173427648e-01
9.089497045635380745e-01
9.145847928780269642e-01
9.199661056799842695e-01
9.250981421743362798e-01
9.299858622090807492e-01
9.346346280850003074e-01
9.390501490878301327e-01
9.432384289515594045e-01
9.472057164038678589e-01
9.509584588914400394e-01
9.545032595346290005e-01
9.578468373180206719e-01
9.609959904860418956e-01
9.639575630808978612e-01
9.667384145336710422e-01
9.693453921981022292e-01
9.717853067000652434e-01
9.740649099635766417e-01
9.761908757658936953e-01
9.781697826693076525e-01
9.800080991751372039e-01
9.817121709456485545e-01
9.832882099417206145e-01
9.847422853275940025e-01
9.860803159986378796e-01
9.873080645934302346e-01
9.884311328573230915e-01
9.894549582308986846e-01
9.903848115431648225e-01
9.912257956959310556e-01
9.919828452325010204e-01
9.926607266905790317e-01
9.932640396461255294e-01
9.937972183617652666e-01
9.942645339602281807e-01
9.946700970501366479e-01
9.950178607381439111e-01
9.953116239678954091e-01
9.955550351323908531e-01
9.957515959119528359e-01
9.959046652950328538e-01
9.960174637433989453e-01
9.960930774667864362e-01
9.961344627748071057e-01
9.961444504758335539e-01
9.961257502937537200e-01
9.960809552740602646e-01
9.960125461508466671e-01
9.959228956461279036e-01
9.958142726727008398e-01
9.956888464117256143e-01
9.955486902365436874e-01
9.953957854551328532e-01
9.952320248451639317e-01
9.950592159579545459e-01
9.948790841707356725e-01
9.946932754705287705e-01
9.945033589574949762e-01
9.943108290607199917e-01
9.941171074648927908e-01
9.939235447520082811e-01
9.937314217678918649e-01
9.935419507287911456e-01
9.933562760883246634e-01
9.931754751895515154e-01
9.930005587306882653e-01
9.928324710759551808e-01
9.926720904451107330e-01
9.925202290164166774e-01
9.923776329780652494e-01
9.922449825625588860e-01
9.921228920972214871e-01
9.920119101020550278e-01
9.919125194636476683e-01
9.918251377109196243e-01
9.917501174153038335e-01
9.916877467346151276e-01
9.916382501164957564e-01
9.916017891740327439e-01
9.915784637430020698e-01
9.915683131272690076e-01
9.915713175361822174e-01
9.915873997153609176e-01
9.916164267700597890e-01
9.916582121782860915e-01
9.917125179889859643e-01
9.917790571988703840e-01
9.918574962997759314e-01
9.919474579868123865e-01
9.920485240159244711e-01
9.921602381978881224e-01
9.922821095141817205e-01
9.924136153386641235e-01
9.925542047475852669e-01
9.927033018992187374e-01
9.928603094633773329e-01
9.930246120803204457e-01
9.931955798281015824e-01
9.933725716772867642e-01
9.935549389121806074e-01
9.937420284982310115e-01
9.939331863761150521e-01
9.941277606640862574e-01
9.943251047514420904e-01
9.945245802673947644e-01
9.947255599111290980e-01
9.949274301303727697e-01
9.951295936373329987e-01
9.953314717523437105e-01
9.955325065669994311e-01
9.957321629199282764e-01
9.959299301796684656e-01
9.961253238303946489e-01
9.963178868574934510e-01
9.965071909312502862e-01
9.966928373881870362e-01
9.968744580109121234e-01
9.970517156087050914e-01
9.972243044024712288e-01
9.973919502191429531e-01
9.975544105020611729e-01
9.977114741453058100e-01
9.978629611613223371e-01
9.980087221924521801e-01
9.981486378780813906e-01
9.982826180899982971e-01
9.984106010491656802e-01
9.985325523373946854e-01
9.986484638173465100e-01
9.987583524738440355e-01
9.988622591886640034e-01
9.989602474598249238e-01
9.990524020749368406e-01
9.991388277465196310e-01
9.992196477154318135e-01
9.992950023267977988e-01
9.993650475812229095e-01
9.994299536627638814e-01
9.994899034442235042e-01
9.995450909699419295e-01
9.995957199164615670e-01
9.996420020322600575e-01
9.996841555591650108e-01
9.997224036400214064e-01
9.997569727195491085e-01
9.997880909479521794e-01
