9.997975023003115025e-01
9.997680286582901754e-01
9.997353387724221552e-01
9.996992279755160249e-01
9.996594939239216160e-01
9.996159378942857110e-01
9.995683660279128802e-01
9.995165905120869665e-01
9.994604306913256186e-01
9.993997141049749677e-01
9.993342774506370763e-01
9.992639674755068313e-01
9.991886417996937997e-01
9.991081696769527065e-01
9.990224326989779469e-01
9.989313254495475469e-01
9.988347561144386155e-01
9.987326470522673860e-01
9.986249353303641163e-01
9.985115732285877455e-01
9.983925287127445314e-01
9.982677858780842906e-01
9.981373453623066938e-01
9.980012247266616399e-01
9.978594588031211021e-01
9.977121000052433519e-01
9.975592186002466555e-01
9.974009029399423243e-01
9.972372596485100660e-01
9.970684137656090629e-01
9.968945088439533642e-01
9.967157070012061526e-01
9.965321889268128341e-01
9.963441538451585089e-01
9.961518194371559165e-01
9.959554217230041084e-01
9.957552149093598093e-01
9.955514712045054893e-01
9.953444806052353933e-01
9.951345506590846268e-01
9.949220062051834512e-01
9.947071890963955498e-01
9.944904579045058535e-01
9.942721876090531152e-01
9.940527692689754558e-01
9.938326096745749849e-01
9.936121309754629705e-01
9.933917702781488446e-01
9.931719792048654405e-01
9.929532234031375193e-01
9.927359819935724916e-01
9.925207469414647488e-01
9.923080223361349095e-01
9.920983235605344008e-01
9.918921763326137286e-01
9.916901155993211869e-01
9.914926842639131266e-01
9.913004317275397881e-01
9.911139122268232127e-01
9.909336829503631039e-01
9.907603019187521953e-01
9.905943256147283771e-01
9.904363063524741495e-01
9.902867893777490549e-01
9.901463096934516317e-01
9.900153886083070676e-01
9.898945300096231303e-01
9.897842163644270386e-01
9.896849044567654907e-01
9.895970208725112238e-01
9.895209572466623360e-01
9.894570652918363018e-01
9.894056516304235993e-01
9.893669724566396262e-01
9.893412280584373830e-01
9.893285572328248678e-01
9.893290316314596877e-01
9.893426500763247144e-01
9.893693328876748128e-01
9.894089162681074523e-01
9.894611467874083743e-01
9.895256760126021067e-01
9.896020553262951935e-01
9.896897309738718063e-01
9.897880393763798246e-01
9.898962027410751485e-01
9.900133249956852843e-01
9.901383880656814407e-01
9.902702485064167615e-01
9.904076344941558085e-01
9.905491431720642170e-01
9.906932383394129182e-01
9.908382484648695643e-01
9.909823649980336047e-01
9.911236409475434606e-01
9.912599896893060647e-01
9.913891839648094617e-01
9.915088550271302648e-01
9.916164918911953841e-01
9.917094406450631672e-01
9.917849037804342682e-01
9.918399395031992638e-01
9.918714609885119771e-01
9.918762355495431837e-01
9.918508836946556828e-01
9.917918780541570278e-01
9.916955421649973346e-01
9.915580491097385485e-01
9.913754200148372497e-01
9.911435224227483909e-01
9.908580685626153794e-01
9.905146135553893894e-01
9.901085536011500210e-01
9.896351242091943057e-01
9.890893985450969206e-01
9.884662859833623916e-01
9.877605309693414659e-01
9.869667123095777761e-01
9.860792430253816354e-01
9.850923709198339262e-01
9.840001800231448215e-01
9.827965930948165951e-01
9.814753753728235885e-01
9.800301397694465289e-01
9.784543537199165142e-01
9.767413478930931925e-01
9.748843269725877558e-01
9.728763827116616580e-01
9.707105094556578440e-01
9.683796223115402890e-01
9.658765781253385585e-01
9.631941994050788880e-01
9.603253012993870907e-01
9.572627217107294584e-01
9.539993545876550574e-01
9.505281864028962691e-01
9.468423357842840060e-01
9.429350962236704436e-01
9.387999817459392604e-01
9.344307753762250979e-01
9.298215801991743801e-01
9.249668727599138496e-01
9.198615585128597782e-01
9.145010289820639793e-01
9.088812202559527487e-01
9.029986724005897303e-01
8.968505893395185558e-01
8.904348987153676287e-01
8.837503112193408894e-01
8.767963788500354738e-01
8.695735515433545837e-01
8.620832316011906027e-01
8.543278253386034082e-01
8.463107913679167593e-01
8.380366849439166987e-01
8.295111978074949377e-01
8.207411929858039468e-01
8.117347340353381346e-01
8.025011082501662951e-01
7.930508434004794882e-01
7.833957176161612246e-01
7.735487620854739621e-01
7.635242562992656801e-01
7.533377156352215609e-01
7.430058711433963348e-01
7.325466414622048283e-01
7.219790968619073102e-01
7.113234154790151198e-01
7.006008318687726444e-01
6.898335780628246372e-01
6.790448173744716431e-01
6.682585712439697012e-01
6.574996394607386385e-01
6.467935141381082609e-01
6.361662878495935036e-01
6.256445563640788965e-01
6.152553164415567322e-01
6.050258591719201995e-01
5.949836593578721189e-01
5.851562614601683032e-01
5.755711626401046610e-01
5.662556934512235074e-01
5.572368967502052683e-01
5.485414054162112141e-01
5.401953194886769394e-01
5.322240833554741091e-01
5.246523636460542761e-01
5.175039285068869788e-01
5.108015289582790164e-01
5.045667830513674845e-01
4.988200635605570810e-01
4.935803899585320398e-01
4.888653254271406734e-01
4.846908796566590238e-01
4.810714181772732800e-01
4.780195789493666414e-01
4.755461969127162680e-01
4.736602371589315741e-01
4.723687373463097972e-01
4.716767599221532992e-01
4.715873546550296558e-01
4.721015319092594087e-01
4.732182470170647193e-01
4.749343960213436855e-01
4.772448229751684590e-01
4.801423388939420889e-01
4.836177523638596210e-01
4.876599117169683195e-01
4.922557585896877308e-01
4.973903925889857636e-01
5.030471466993066132e-01
5.092076729744556829e-01
5.158520379725385352e-01
5.229588273093043194e-01
5.305052586263396819e-01
5.384673021960300066e-01
5.468198083156556866e-01
5.555366405790124196e-01
5.645908140563040689e-01
5.739546373625126208e-01
5.835998575519076859e-01
5.934978067427507664e-01
6.036195493524909583e-01
6.139360288108481889e-01
6.244182126168860147e-01
6.350372346173915883e-01
6.457645334079800126e-01
6.565719857958374206e-01
6.674320343138928635e-01
6.783178078402380962e-01
6.892032344533083332e-01
7.000631457417794135e-01
7.108733718871457219e-01
7.216108269450842716e-01
7.322535838672052932e-01
7.427809389257217232e-01
7.531734653278515657e-01
7.634130559322027665e-01
7.734829551037705198e-01
7.833677798653135849e-01
7.930535306187037614e-01
8.025275918183711887e-01
8.117787230784967445e-01
8.207970412845876362e-01
8.295739943572403297e-01
8.381023273803298590e-01
8.463760418568470056e-01
8.543903488928024093e-01
8.621416171329819855e-01
8.696273162820878921e-01
8.768459570414954829e-01
8.837970282762471763e-01
8.904809322000343252e-01
8.968989183289768352e-01
9.030530169093726744e-01
9.089459724717430245e-01
9.145811781049859590e-01
9.199626109818606068e-01
9.250947696019099498e-01
9.299826131517893169e-01
9.346315033172113429e-01
9.390471488165940128e-01
9.432355528651402699e-01
9.472029637203953634e-01
9.509558284070828149e-01
9.545007496707571537e-01
9.578444461668847998e-01
9.609937158545694968e-01
9.639554025322759623e-01
9.667363654264505834e-01
9.693434517226315883e-01
9.717834719121185572e-01
9.740631778151070952e-01
9.761892431328939024e-01
9.781682463768109903e-01
9.800066560194339305e-01
9.817108177138305081e-01
9.832869434286943822e-01
9.847411023507272043e-01
9.860792134102194240e-01
9.873070392911330595e-01
9.884301817928649037e-01
9.894540784170920977e-01
9.903840000595446336e-01
9.912250496931364063e-01
9.919821619355770892e-01
9.926601034013501357e-01
9.932634737447764151e-01
9.937967073077471625e-01
9.942640752925979708e-01
9.946696883874138750e-01
9.950174997777623265e-01
9.953113084853105752e-01
9.955547629798940923e-01
9.957513650172328257e-01
9.959044736595181746e-01
9.960173094404098926e-01
9.960929586395174118e-01
9.961343776341604617e-01
9.961443972981213202e-01
9.961257274182848676e-01
9.960809611006289366e-01
9.960125791371389203e-01
9.959229543050643896e-01
9.958143555697348548e-01
9.956889521621170580e-01
9.955488175026314668e-01
9.953959329436300463e-01
9.952321913045004687e-01
9.950594001756949414e-01
9.948792849710984543e-01
9.946934917120371367e-01
9.945035895307842155e-01
9.943110728865311998e-01
9.941173634922753077e-01
9.939238119567562757e-01
9.937316991512328279e-01
9.935422373163429466e-01
9.933565709293318280e-01
9.931757773564051650e-01
9.930008673187293855e-01
9.928327852035538914e-01
9.926724092540069044e-01
9.925205516723002441e-01
9.923779586713700196e-01
9.922453105094340975e-01
9.921232215406428079e-01
9.920122403130308131e-01
9.919128497424728463e-01
9.918254673884291384e-01
9.917504458540761236e-01
9.916880733300760253e-01
9.916385742978803819e-01
9.916021104051632173e-01
9.915787815228473967e-01
9.915686269902609373e-01
9.915716270522680897e-01
9.915877044897852821e-01
9.916167264428750183e-01
9.916585064236020930e-01
9.917128065139774185e-01
9.917793397425691548e-01
9.918577726316814003e-01
9.919477279053585672e-01
9.920487873468457618e-01
9.921604947925259932e-01
9.922823592477768573e-01
9.924138581086714428e-01
9.925544404720508807e-01
9.927035305152464018e-01
9.928605309257118039e-01
9.930248263600619518e-01
9.931957869115634052e-01
9.933727715649981471e-01
9.935551316180299963e-01
9.937422140487417455e-01
9.939333648098386265e-01
9.941279320310936196e-01
9.943252691128964260e-01
9.945247376951809049e-01
9.947257104875216749e-01
9.949275739477219105e-01
9.951297307977509110e-01
9.953316023673762780e-01
9.955326307572726074e-01
9.957322808147588411e-01
9.959300419166352558e-01
9.961254295548670479e-01
9.963179867221175767e-01
9.965072850953956562e-01
9.966929260173573724e-01
9.968745412761262914e-01
9.970517936858543928e-01
9.972243774716594844e-01
9.973920184640159281e-01
9.975544741091316725e-01
9.977115333032808842e-01
9.978630160604357036e-01
9.980087730238078603e-01
9.981486848330104467e-01
9.982826613594327769e-01
9.984106408230293273e-01
9.985325888040146314e-01
9.986484971628840634e-01
9.987583828817474529e-01
9.988622868391431320e-01
9.989602725293488250e-01
9.990524247357551735e-01
9.991388481662104581e-01
9.992196660564767186e-01
9.992950187461874245e-01
9.993650622300952469e-01
9.994299666860793074e-01
9.994899149804785665e-01
9.995451011509266515e-01
9.995957288670619389e-01
9.996420098703099333e-01
9.996841623953482969e-01
9.997224095778273201e-01
9.997569778552795050e-01
9.997880953707827256e-01
