9.997975044553689683e-01
9.997680311934689090e-01
9.997353417413170629e-01
9.996992314368546850e-01
9.996594979416784099e-01
9.996159425377436625e-01
9.995683713716670971e-01
9.995165966359859100e-01
9.994604376803458701e-01
9.993997220490277167e-01
9.993342864443045537e-01
9.992639776177103528e-01
9.991886531932928639e-01
9.991081824282808110e-01
9.990224469173170085e-01
9.989313412465478104e-01
9.988347736034894897e-01
9.987326663478273137e-01
9.986249565472568035e-01
9.985115964812735223e-01
9.983925541145749483e-01
9.982678135405493869e-01
9.981373753942823779e-01
9.980012572336662835e-01
9.978594938865886776e-01
9.977121377618196618e-01
9.975592591211164262e-01
9.974009463101912720e-01
9.972373059465281520e-01
9.970684630625376021e-01
9.968945612031808734e-01
9.967157624779143799e-01
9.965322475675744140e-01
9.963442156875883526e-01
9.961518845096153374e-01
9.959554900443572389e-01
9.957552864887807553e-01
9.955515460413336681e-01
9.953445586888755026e-01
9.951346319689466924e-01
9.949220907106571810e-01
9.947072767568527762e-01
9.944905486693237373e-01
9.942722814176488955e-01
9.940528660508445302e-01
9.938327093493227737e-01
9.936122334528212363e-01
9.933918754579665888e-01
9.931720869770680471e-01
9.929533336476447092e-01
9.927360945801713132e-01
9.925208617296343849e-01
9.923081391748215241e-01
9.920984422878794673e-01
9.918922967756393927e-01
9.916902375735815456e-01
9.914928075731218593e-01
9.913005561631866858e-01
9.911140375677959247e-01
9.909338089625896462e-01
9.907604283548824275e-01
9.905944522138726560e-01
9.904364328400152573e-01
9.902869154652446104e-01
9.901464350786417512e-01
9.900155129752375993e-01
9.898946530288971202e-01
9.897843376935887560e-01
9.896850237408234552e-01
9.895971377446014516e-01
9.895210713288521420e-01
9.894571761960662126e-01
9.894057589595844915e-01
9.893670758057810932e-01
9.893413270161025563e-01
9.893286513825075845e-01
9.893291205531782317e-01
9.893427333483093555e-01
9.893694100881630371e-01
9.894089869772429990e-01
9.894612105892387488e-01
9.895257324971659108e-01
9.896021040917916123e-01
9.896897716289000391e-01
9.897880715422321396e-01
9.898962260540644653e-01
9.900133391094831925e-01
9.901383926536375668e-01
9.902702432638254004e-01
9.904076191404331819e-01
9.905491174527928377e-01
9.906932020282102069e-01
9.908382013650341991e-01
9.909823069439236409e-01
9.911235718056417010e-01
9.912599093589318233e-01
9.913890923784398623e-01
9.915087521503026524e-01
9.916163777219683118e-01
9.917093152130249667e-01
9.917847671452587610e-01
9.918397917527584928e-01
9.918713022365677201e-01
9.918760659330536633e-01
9.918507033707419929e-01
9.917916871967876746e-01
9.916953409614575055e-01
9.915578377569618240e-01
9.913751987156813605e-01
9.911432913823051694e-01
9.908578279846464998e-01
9.905143636389809325e-01
9.901082945376776800e-01
9.896348561796872723e-01
9.890891217180827200e-01
9.884660005132666072e-01
9.877602369955063022e-01
9.869664099559509740e-01
9.860789324009152645e-01
9.850920521196162571e-01
9.839998531302764917e-01
9.827962581830240740e-01
9.814750325097906236e-01
9.800297890208321538e-01
9.784539951540104363e-01
9.767409815860560451e-01
9.748839530142087151e-01
9.728760012115623690e-01
9.707101205498669394e-01
9.683792261693582315e-01
9.658761749564125365e-01
9.631937894666083855e-01
9.603248849033806378e-01
9.572622992312359580e-01
9.539989264678951919e-01
9.505277531622220444e-01
9.468418980248946015e-01
9.429346546370155346e-01
9.387995371187396465e-01
9.344303285960420258e-01
9.298211322594548411e-01
9.249664247644406867e-01
9.198611116795331055e-01
9.145005846459374199e-01
9.088807798714505504e-01
9.029982375428297070e-01
8.968501617046664709e-01
8.904344801199568504e-01
8.837499035984912599e-01
8.767959842545177684e-01
8.695731721354541532e-01
8.620828696493356702e-01
8.543274832107373706e-01
8.463104715236059450e-01
8.380363899252032400e-01
8.295109302285168518e-01
8.207409555212183960e-01
8.117345294076053763e-01
8.025009392157527177e-01
7.930507127350625574e-01
7.833956280989212706e-01
7.735487164825671780e-01
7.635242573465816918e-01
7.533377660205313742e-01
7.430059734879992384e-01
7.325467983021826113e-01
7.219793106290964824e-01
7.113236884818043837e-01
7.006011662728308664e-01
6.898339758718583514e-01
6.790452804111138940e-01
6.682591011308883777e-01
6.575002376020526729e-01
6.467941817012003991e-01
6.361670257473894807e-01
6.256453652378752839e-01
6.152561966444598518e-01
6.050268107529692685e-01
5.949846820469075759e-01
5.851573546535127068e-01
5.755723253871194434e-01
5.662569244418201864e-01
5.572381943033786200e-01
5.485427674696968792e-01
5.401967435898187286e-01
5.322255666534378982e-01
5.246539028855148334e-01
5.175055200233582564e-01
5.108031686752658729e-01
5.045684664795575536e-01
4.988217857992801596e-01
4.935821456997514511e-01
4.888671089622457222e-01
4.846926848863459814e-01
4.810732386248092185e-01
4.780214077775158943e-01
4.755480269446039632e-01
4.736620609030780527e-01
4.723705470260404216e-01
4.716785475095159885e-01
4.715891119092983086e-01
4.721032504200135538e-01
4.732199182517388136e-01
4.749360113770474401e-01
4.772463738344638884e-01
4.801438166841576205e-01
4.836191486194125755e-01
4.876612181440612703e-01
4.922569671326454399e-01
4.973914954974211211e-01
5.030481365952327311e-01
5.092085429184036727e-01
5.158527815277258455e-01
5.229594386028688646e-01
5.305057324066978497e-01
5.384676338854237354e-01
5.468199940570352968e-01
5.555366772764785965e-01
5.645906994084237684e-01
5.739543698879481237e-01
5.835994366069170436e-01
5.934972325302622087e-01
6.036188229225937230e-01
6.139351520526752370e-01
6.244171882420272990e-01
6.350360661350893388e-01
6.457632250924988382e-01
6.565705426465213712e-01
6.674304620085129702e-01
6.783161126823360476e-01
6.892014233143074486e-01
7.000612259986941366e-01
7.108713513567593845e-01
7.216087138154922975e-01
7.322513866276216810e-01
7.427786662954469765e-01
7.531711261852723771e-01
7.634106592446630035e-01
7.734805098591046590e-01
7.833652950057824471e-01
7.930510149779992357e-01
8.025250540622959061e-01
8.117761716498402835e-01
8.207944843526424616e-01
8.295714397723176203e-01
8.380997826335505607e-01
8.463735140453974015e-01
8.543878446907645641e-01
8.621391427677622676e-01
8.696248775163981648e-01
8.768435591607621760e-01
8.837946760812616098e-01
8.904786300045973713e-01
8.968966699622352712e-01
9.030508257225032809e-01
9.089438413486007340e-01
9.145791094763048301e-01
9.199606068425746352e-01
9.250928315311488515e-01
9.299807423351004187e-01
9.346297005705590522e-01
9.390454146117027667e-01
9.432338873557573056e-01
9.472013667690758476e-01
9.509542996121259639e-01
9.544992883929500627e-01
9.578430515557490033e-01
9.609923868738372565e-01
9.639541379843648006e-01
9.667351639757426618e-01
9.693423119173999458e-01
9.717823922049854124e-01
9.740621565819516103e-01
9.761882786901624476e-01
9.781673369972150311e-01
9.800057999460486391e-01
9.817100131726319567e-01
9.832861886395952711e-01
9.847403955371883955e-01
9.860785528075274309e-01
9.873064231534446344e-01
9.884296083991245263e-01
9.894535460759326106e-01
9.903835071132791601e-01
9.912245945209487985e-01
9.919817429560101596e-01
9.926597190741878185e-01
9.932631225724037893e-01
9.937963878360678294e-01
9.942637861115741771e-01
9.946694281312904451e-01
9.950172671250236967e-01
9.953111021584123419e-01
9.955545817448038237e-01
9.957512076828087810e-01
9.959043390767481352e-01
9.960171965015282014e-01
9.960928662770146547e-01
9.961343048196986683e-01
9.961443430413640110e-01
9.961256907656504955e-01
9.960809411339783814e-01
9.960125749724019206e-01
9.959229650908162368e-01
9.958143804857315651e-01
9.956889904177989026e-01
9.955488683356054080e-01
9.953959956181434032e-01
9.952322651099190232e-01
9.950594844249982529e-01
9.948793789994084813e-01
9.946935948751941536e-01
9.945037012039874558e-01
9.943111924630586573e-01
9.941174903823004616e-01
9.939239455862747263e-01
9.937318389611154990e-01
9.935423827615259551e-01
9.933567214781557908e-01
9.931759324901103803e-01
9.930010265311132178e-01
9.928329480007909158e-01
9.926725751546305876e-01
9.925207202073398349e-01
9.923781293846323237e-01
9.922454829579170354e-01
9.921233952950612167e-01
9.920124149584351736e-01
9.919130248789346238e-01
9.918256426317670904e-01
9.917506208365942655e-01
9.916882477012861630e-01
9.916387477251772387e-01
9.916022825744276181e-01
9.915789521389514194e-01
9.915687957774518280e-01
9.915717937544153981e-01
9.915878688704770072e-01
9.916168882853549915e-01
9.916586655305480447e-01
9.917129627071226139e-01
9.917794928621767037e-01
9.918579225358866713e-01
9.919478744693969174e-01
9.920489304621891158e-01
9.921606343659520322e-01
9.922824952003951315e-01
9.924139903749342739e-01
9.925545689987711473e-01
9.927036552606465225e-01
9.928606518585210150e-01
9.930249434586791990e-01
9.931959001632956197e-01
9.933728809653820102e-01
9.935552371702389696e-01
9.937423157630778103e-01
9.939334627033022951e-01
9.941280261270271090e-01
9.943253594406860074e-01
9.945248242900106561e-01
9.947257933901639815e-01
9.949276532043532795e-01
9.951298064597812187e-01
9.953316744912819036e-01
9.955326994044227940e-01
9.957323460512303992e-01
9.959301038130082828e-01
9.961254881859994414e-01
9.963180421668969000e-01
9.965073374364674663e-01
9.966929753408324544e-01
9.968745876712675758e-01
9.970518372447485511e-01
9.972244182888753139e-01
9.973920566362537432e-01
9.975545097348679224e-01
9.977115664824103280e-01
9.978630468939156950e-01
9.980088016133068507e-01
9.981487112805622619e-01
9.982826857670994425e-01
9.984106632925736635e-01
9.985326094365818417e-01
9.986485160586952015e-01
9.987584001398032152e-01
9.988623025569390856e-01
9.989602868026016269e-01
9.990524376581407795e-01
9.991388598291141010e-01
9.992196765487556531e-01
9.992950281539476620e-01
9.993650706364833880e-01
9.994299741710908069e-01
9.994899216207847603e-01
9.995451070197221011e-01
9.995957340339345354e-01
9.996420144011348707e-01
9.996841663522092469e-01
9.997224130189639180e-01
9.997569808350642573e-01
9.997880979397272272e-01
