9.997975079131212750e-01
9.997680352596585163e-01
9.997353465018419261e-01
9.996992369859224459e-01
9.996595043820134530e-01
9.996159499807119042e-01
9.995683799373081824e-01
9.995166064529459327e-01
9.994604488857044000e-01
9.993997347880136939e-01
9.993343008698998275e-01
9.992639938901395347e-01
9.991886714794022684e-01
9.991082029008097054e-01
9.990224697540679433e-01
9.989313666294642458e-01
9.988348017176502669e-01
9.987326973803695163e-01
9.986249906862397774e-01
9.985116339144972653e-01
9.983925950283666362e-01
9.982678581185326916e-01
9.981374238161433432e-01
9.980013096739288603e-01
9.978595505134136845e-01
9.977121987358379407e-01
9.975593245943087384e-01
9.974010164248225951e-01
9.972373808341467027e-01
9.970685428430444697e-01
9.968946459839768126e-01
9.967158523531277625e-01
9.965323426173741117e-01
9.963443159775822178e-01
9.961519900903368363e-01
9.959556009508374608e-01
9.957554027402044650e-01
9.955516676407758503e-01
9.953446856231126239e-01
9.951347642083363532e-01
9.949222282090769420e-01
9.947074194516887236e-01
9.944906964814960171e-01
9.942724342516625624e-01
9.940530237948494996e-01
9.938328718751697766e-01
9.936124006160963473e-01
9.933920470979920037e-01
9.931722629168522332e-01
9.929535136937729378e-01
9.927362785226240272e-01
9.925210493415290713e-01
9.923083302120752069e-01
9.920986364887928177e-01
9.918924938604101182e-01
9.916904372437578274e-01
9.914930095110118247e-01
9.913007600312441214e-01
9.911142430080057686e-01
9.909340155958805685e-01
9.907606357805940345e-01
9.905946600093062937e-01
9.904366405600983914e-01
9.902871226423345385e-01
9.901466412224929625e-01
9.900157175731569836e-01
9.898948555460995724e-01
9.897845375737718276e-01
9.896852204069652714e-01
9.895973305999894443e-01
9.895212597583419312e-01
9.894573595675694166e-01
9.894059366257802468e-01
9.893672471060446227e-01
9.893414912786441251e-01
9.893288079267126278e-01
9.893292686921428825e-01
9.893428723915612677e-01
9.893695393445615105e-01
9.894091057580496340e-01
9.894613182113484173e-01
9.895258282864898280e-01
9.896021873867748564e-01
9.896898417841575313e-01
9.897881279322781056e-01
9.898962680771066225e-01
9.900133661912434713e-01
9.901384042511547356e-01
9.902702388691885238e-01
9.904075982843847381e-01
9.905490797081372145e-01
9.906931470129555217e-01
9.908381287451945019e-01
9.909822164359067820e-01
9.911234631781480342e-01
9.912597824342979091e-01
9.913889470333635545e-01
9.915085883158983870e-01
9.916161953831145182e-01
9.917091144069793973e-01
9.917845479595337466e-01
9.918395543222681132e-01
9.918710467400781994e-01
9.918757925889848392e-01
9.918504124323911375e-01
9.917913789470627073e-01
9.916950157072242922e-01
9.915574958231254676e-01
9.913748404391345970e-01
9.911429171058848686e-01
9.908574380512478186e-01
9.905139583859799979e-01
9.901078742918135722e-01
9.896344212525486350e-01
9.890886724023371102e-01
9.884655370797573726e-01
9.877597596913264555e-01
9.869659190035858787e-01
9.860784279985229661e-01
9.850915344424954201e-01
9.839993223335418149e-01
9.827957144054916272e-01
9.814744758790460155e-01
9.800292196594350136e-01
9.784534131867663742e-01
9.767403871482694955e-01
9.748833462608141875e-01
9.728753823270200884e-01
9.707094897586991955e-01
9.683785837471972080e-01
9.658755212414283919e-01
9.631931248711855797e-01
9.603242099259114983e-01
9.572616144679048089e-01
9.539982326243297006e-01
9.505270510648902160e-01
9.468411886321320692e-01
9.429339390495683482e-01
9.387988165897079851e-01
9.344296045401117023e-01
9.298204062613025789e-01
9.249656985861955949e-01
9.198603872671744508e-01
9.144998641345111201e-01
9.088800655889779367e-01
9.029975320127912042e-01
8.968494676469397353e-01
8.904338004500951254e-01
8.837492414252399175e-01
8.767953428754713396e-01
8.695725550307800145e-01
8.620822804734984413e-01
8.543269257821878293e-01
8.463099498124139197e-01
8.380359080386408088e-01
8.295104923946230446e-01
8.207405660704005790e-01
8.117341927523537004e-01
8.025006598285724380e-01
7.930504951247407952e-01
7.833954767852683299e-01
7.735486359697850700e-01
7.635242520954207412e-01
7.533378404194093214e-01
7.430061318232556999e-01
7.325470447276531960e-01
7.219796491351796464e-01
7.113241228642005476e-01
7.006017001011268786e-01
6.898346124581221650e-01
6.790460227786629943e-01
6.682599519833833934e-01
6.575011992930648308e-01
6.467952562043890463e-01
6.361682146274205696e-01
6.256466696222060531e-01
6.152576171961028351e-01
6.050283476443509834e-01
5.949863349349275854e-01
5.851591226559116343e-01
5.755742070602626326e-01
5.662589177600140244e-01
5.572402966398453117e-01
5.485449755793418980e-01
5.401990535939634741e-01
5.322279740266891990e-01
5.246564024450008912e-01
5.175081059205698386e-01
5.108058343908029597e-01
5.045712048211086209e-01
4.988245889031970304e-01
4.935850050366280550e-01
4.888700153469387466e-01
4.846956284928908287e-01
4.810762090067057795e-01
4.780243938938396608e-01
4.755510171923953422e-01
4.736650431564045638e-01
4.723735086820775031e-01
4.716814755419000971e-01
4.715919929289036361e-01
4.721060707431786740e-01
4.732226639758218001e-01
4.749386684630266808e-01
4.772489281961367347e-01
4.801462542833079272e-01
4.836214555661337844e-01
4.876633808012592608e-01
4.922589722235805043e-01
4.973933302149996516e-01
5.030497887116455180e-01
5.092100008936107924e-01
5.158540346152291622e-01
5.229604769511941864e-01
5.305065471550014511e-01
5.384682172517147869e-01
5.468203394175747967e-01
5.555367792350307532e-01
5.645905538542090873e-01
5.739539740413028834e-01
5.835987890518878896e-01
5.934963332335625452e-01
6.036176732385939436e-01
6.139337547143213225e-01
6.244155473378247834e-01
6.350341870725045856e-01
6.457611145483563853e-01
6.565682085051568473e-01
6.674279132886374866e-01
6.783133594537045230e-01
6.891984766054264355e-01
7.000580976968922009e-01
7.108680541020341304e-01
7.216052608895802134e-01
7.322477918397680696e-01
7.427749438663435733e-01
7.531672906306059456e-01
7.634067252596656861e-01
7.734764922054282454e-01
7.833612084019327959e-01
7.930468739944672718e-01
8.025208730224049347e-01
8.117719645372090120e-01
8.207902647260327811e-01
8.295672206884984190e-01
8.380955765786732847e-01
8.463693328752390777e-01
8.543836995800579981e-01
8.621350441686994603e-01
8.696208351262647573e-01
8.768395818985406098e-01
8.837907720729315519e-01
8.904748065767543741e-01
8.968929336435654820e-01
9.030471822525683034e-01
9.089402956933257949e-01
9.145756658495088898e-01
9.199572687328443354e-01
9.250896017333325450e-01
9.299776229856880905e-01
9.346266931862133864e-01
9.390425201302186053e-01
9.432311061787528317e-01
9.471986988057476964e-01
9.509517443234452028e-01
9.544968448357220581e-01
9.578407184260155915e-01
9.609901625491574784e-01
9.639520205645724094e-01
9.667331513218405670e-01
9.693404016883179208e-01
9.717805818919853511e-01
9.740604435405295636e-01
9.761866601693517387e-01
9.781658101662475957e-01
9.800043619183811394e-01
9.817086610273862979e-01
9.832849194404994497e-01
9.847392063491343661e-01
9.860774407108880979e-01
9.873053852563088428e-01
9.884286418476228020e-01
9.894526480628308418e-01
9.903826748850190764e-01
9.912238253833126622e-01
9.919810342785769786e-01
9.926590682937402876e-01
9.932625271954310664e-01
9.937958454404968167e-01
9.942632943478457719e-01
9.946689847228825654e-01
9.950168698685081248e-01
9.953107489231193261e-01
9.955542704721552782e-01
9.957509363853694895e-01
9.959041058370359245e-01
9.960169994706142838e-01
9.960927036729416706e-01
9.961341749257368594e-01
9.961442442041227308e-01
9.961256213930621550e-01
9.960808996931669324e-01
9.960125599874510849e-01
9.959229751404510278e-01
9.958144142009269784e-01
9.956890464793330953e-01
9.955489454715737985e-01
9.953960926014523425e-01
9.952323807557801327e-01
9.950596175884461880e-01
9.948795285728638804e-01
9.946937597860988634e-01
9.945038804125364562e-01
9.943113849600548892e-01
9.941176951871589784e-01
9.939241617452013733e-01
9.937320655454831009e-01
9.935426188664704394e-01
9.933569662214094542e-01
9.931761850110873979e-01
9.930012859902572764e-01
9.928332135791886337e-01
9.926728460538899457e-01
9.925209956497259567e-01
9.923784086134453952e-01
9.922457652380923809e-01
9.921236799139641072e-01
9.920127012268167288e-01
9.919133121320110602e-01
9.918259302303800151e-01
9.917509081684054983e-01
9.916885341819604571e-01
9.916390327995068255e-01
9.916025657173513919e-01
9.915792328564265734e-01
9.915690736071420819e-01
9.915720682661622876e-01
9.915881396665318093e-01
9.916171550003561874e-01
9.916589278312372135e-01
9.917132202918025330e-01
9.917797454599242002e-01
9.918581699055396550e-01
9.919481163983453476e-01
9.920491667650028766e-01
9.921608648828837973e-01
9.922827197958012935e-01
9.924142089356537966e-01
9.925547814325039742e-01
9.927038614943688444e-01
9.928608518369702596e-01
9.930251371429367202e-01
9.931960875294879587e-01
9.933730620035134962e-01
9.935554118831644299e-01
9.937424841656130603e-01
9.939336248214687419e-01
9.941281819974168155e-01
9.943255091099345577e-01
9.945249678143571748e-01
9.947259308350806517e-01
9.949277846442228235e-01
9.951299319776045760e-01
9.953317941783962342e-01
9.955328133602165952e-01
9.957324543828414143e-01
9.959302066349956517e-01
9.961255856199824343e-01
9.963181343411581237e-01
9.965074244855181007e-01
9.966930574049416292e-01
9.968746648959601053e-01
9.970519097802733599e-01
9.972244862896524342e-01
9.973921202603049929e-01
9.975545691432369244e-01
9.977116218385788660e-01
9.978630983632206242e-01
9.980088493623628931e-01
9.981487554766949044e-01
9.982827265777900472e-01
9.984107008849197884e-01
9.985326439767738815e-01
9.986485477115112364e-01
9.987584290681210675e-01
9.988623289212669176e-01
9.989603107606276344e-01
9.990524593643014262e-01
9.991388794341818924e-01
9.992196941994477832e-01
9.992950439925563089e-01
9.993650848005299903e-01
9.994299867930072079e-01
9.994899328276233286e-01
9.995451169328978258e-01
9.995957427690039809e-01
9.996420220676123236e-01
9.996841730534260506e-01
9.997224188519713284e-01
9.997569858905834828e-01
9.997881023021456537e-01
