9.997974989721157835e-01
9.997680249839058231e-01
9.997353347522557332e-01
9.996992236183344094e-01
9.996594892482942862e-01
9.996159329300343677e-01
9.995683608175349733e-01
9.995165851121188272e-01
9.994604251736108891e-01
9.993997085578023576e-01
9.993342719797149165e-01
9.992639622047457815e-01
9.991886368717686207e-01
9.991081652536241142e-01
9.990224289611570052e-01
9.989313225970927190e-01
9.988347543656813654e-01
9.987326466432683292e-01
9.986249365139084899e-01
9.985115762729336319e-01
9.983925339001417099e-01
9.982677935030882521e-01
9.981373557299132449e-01
9.980012381502905150e-01
9.978594756024800061e-01
9.977121205041028507e-01
9.975592431241577795e-01
9.974009318139274161e-01
9.972372931947564023e-01
9.970684523011940081e-01
9.968945526786288092e-01
9.967157564352667753e-01
9.965322442490737176e-01
9.963442153310647642e-01
9.961518873470465163e-01
9.959554963005501360e-01
9.957552963801969970e-01
9.955515597750786982e-01
9.953445764618688019e-01
9.951346539672912828e-01
9.949221171092201832e-01
9.947073077190670132e-01
9.944905843472126028e-01
9.942723219520733791e-01
9.940529115719587416e-01
9.938327599772218690e-01
9.936122892983504373e-01
9.933919366236565462e-01
9.931721535581491400e-01
9.929534057330889896e-01
9.927361722537032529e-01
9.925209450706502512e-01
9.923082282591549896e-01
9.920985371883559445e-01
9.918923975623656908e-01
9.916903443139271079e-01
9.914929203313587180e-01
9.913006749997699263e-01
9.911141625382796638e-01
9.909339401161907368e-01
9.907605657327180904e-01
9.905945958469124513e-01
9.904365827467991323e-01
9.902870716494284187e-01
9.901465975264355235e-01
9.900156816528067338e-01
9.898948278797902178e-01
9.897845186362569381e-01
9.896852106662834547e-01
9.895973305142875542e-01
9.895212697726910589e-01
9.894573801107993116e-01
9.894059681073504864e-01
9.893672899129665188e-01
9.893415457724620277e-01
9.893288744405538404e-01
9.893293475278448490e-01
9.893429638168933504e-01
9.893696435905638964e-01
9.894092230165243418e-01
9.894614486325513658e-01
9.895259719770834739e-01
9.896023444081183396e-01
9.896900121510207038e-01
9.897883116120783642e-01
9.898964649897685764e-01
9.900135762097874714e-01
9.901386272031127422e-01
9.902704745389342422e-01
9.904078464164508544e-01
9.905493400115669145e-01
9.906934191667091660e-01
9.908384124045993557e-01
9.909825112401013936e-01
9.911237687584391054e-01
9.912600984233052026e-01
9.913892730747968507e-01
9.915089240747765320e-01
9.916165405562071822e-01
9.917094687332298486e-01
9.917849112302049575e-01
9.918399263905456342e-01
9.918714275298582406e-01
9.918761821025878778e-01
9.918508107569496968e-01
9.917917862593569334e-01
9.916954322767652652e-01
9.915579220133216021e-01
9.913752767064160087e-01
9.911433639967046627e-01
9.908578961969261023e-01
9.905144284954059408e-01
9.901083571420701279e-01
9.896349176775720569e-01
9.890891832797691352e-01
9.884660633161880261e-01
9.877603022061626215e-01
9.869664787118052063e-01
9.860790057925963303e-01
9.850921311737663721e-01
9.839999387933603403e-01
9.827963513063833201e-01
9.814751338361891175e-01
9.800298991726883457e-01
9.784541146234676523e-01
9.767411107269853288e-01
9.748840920361925289e-01
9.728761501758609320e-01
9.707102793673264562e-01
9.683793946001921782e-01
9.658763526117597475e-01
9.631939758117608053e-01
9.603250792625672716e-01
9.572625007938552200e-01
9.539991342960963960e-01
9.505279661997523277e-01
9.468421151071477748e-01
9.429348745022347877e-01
9.387997584203410240e-01
9.344305499160386885e-01
9.298213521229639067e-01
9.249666416552539960e-01
9.198613240567187210e-01
9.145007909614246699e-01
9.088809785885224590e-01
9.029984271554167830e-01
8.968503407573040764e-01
8.904346472282299585e-01
8.837500574697626510e-01
8.767961237086998594e-01
8.695732961255676630e-01
8.620829772815785663e-01
8.543275737637864298e-01
8.463105444668712618e-01
8.380364449357756707e-01
8.295109672065652529e-01
8.207409746036293807e-01
8.117345309796899500e-01
8.025009239208911183e-01
7.930506814821930428e-01
7.833955820678312199e-01
7.735486571269782896e-01
7.635241863950598118e-01
7.533376854752867890e-01
7.430058856216636975e-01
7.325467056526777654e-01
7.219792159927127528e-01
7.113235949046224915e-01
7.006010770406227994e-01
6.898338944985934473e-01
6.790452106261971599e-01
6.682590468652385152e-01
6.575002029731171760e-01
6.467941709969767805e-01
6.361670434095006987e-01
6.256454158437138036e-01
6.152562848883793567e-01
6.050269414264515255e-01
5.949848600176013136e-01
5.851575848429624305e-01
5.755726127469722453e-01
5.662572739282223377e-01
5.572386108492286549e-01
5.485432559543699238e-01
5.401973088059504047e-01
5.322262132703163839e-01
5.246546354086580877e-01
5.175063427498538537e-01
5.108040856445317246e-01
5.045694814192698274e-01
4.988229020663332847e-01
4.935833662162960600e-01
4.888684361470470030e-01
4.846941205819261800e-01
4.810747840211097026e-01
4.780230633330657675e-01
4.755497923064710974e-01
4.736639348271394212e-01
4.723725272993496427e-01
4.716806308767700351e-01
4.715912940055623226e-01
4.721055257119673998e-01
4.732222799897519705e-01
4.749384515603407575e-01
4.772488831914992735e-01
4.801463846701894411e-01
4.836217634328447978e-01
4.876638667629011881e-01
4.922596353719133067e-01
4.973941680878989358e-01
5.030507972834272756e-01
5.092111745870619988e-01
5.158553663357117181e-01
5.229619581426983022e-01
5.305081678775415144e-01
5.384699662789798058e-01
5.468222043532983134e-01
5.555387466461608748e-01
5.645926094185880206e-01
5.739561027073101229e-01
5.836009752072679468e-01
5.934985608805323221e-01
6.036199261722572373e-01
6.139360167014279446e-01
6.244178022929830485e-01
6.350364192291039211e-01
6.457633086216399976e-01
6.565703498451306297e-01
6.674299880207690272e-01
6.783153546056728267e-01
6.892003802185010519e-01
7.000598989208426381e-01
7.108697432728079413e-01
7.216068295893006690e-01
7.322492329389203025e-01
7.427762515483056216e-01
7.531684603989549087e-01
7.634077539289352288e-01
7.734773778762173979e-01
7.833619504214572871e-01
7.930474729038119452e-01
8.025213304918676904e-01
8.117722832912446229e-01
8.207904484593662175e-01
8.295672739750462599e-01
8.380955047749205633e-01
8.463691420197239079e-01
8.543833962905794666e-01
8.621346355388187499e-01
8.696203286225863138e-01
8.768389852601705670e-01
8.837900932143893939e-01
8.904740534954913578e-01
8.968921143330952361e-01
9.030463046220671419e-01
9.089393674943999635e-01
9.145746946106643183e-01
9.199562617020361488e-01
9.250885658288091618e-01
9.299765647551959669e-01
9.346256187744834687e-01
9.390414352545219945e-01
9.432300161121949245e-01
9.471976083678627090e-01
9.509506578775642760e-01
9.544957662925129815e-01
9.578396512525353401e-01
9.609891097827203410e-01
9.639509848307091788e-01
9.667321348556210392e-01
9.693394063583130604e-01
9.717796092261705709e-01
9.740594947534630954e-01
9.761857361900105889e-01
9.781649116659580923e-01
9.800034893383452461e-01
9.817078146053745957e-01
9.832840992363530708e-01
9.847384122687932173e-01
9.860766725287357648e-01
9.873046426356930638e-01
9.884279243594770170e-01
9.894519552023809394e-01
9.903820060866115327e-01
9.912231800334407872e-01
9.919804117272195132e-01
9.926584678641492410e-01
9.932619481925224481e-01
9.937952871580073566e-01
9.942627560744174975e-01
9.946684657472341096e-01
9.950163694838405348e-01
9.953102664308892678e-01
9.955538051853340953e-01
9.957504876312873732e-01
9.959036729598924609e-01
9.960165818337195498e-01
9.960923006607352859e-01
9.961337859456158572e-01
9.961438686880985660e-01
9.961252587992526220e-01
9.960805495071202165e-01
9.960122217232942887e-01
9.959226483418432974e-01
9.958140984417996888e-01
9.956887413643922269e-01
9.955486506365399668e-01
9.953958077130150572e-01
9.952321055112423043e-01
9.950593517150396750e-01
9.948792718267214230e-01
9.946935119508729661e-01
9.945036412976626661e-01
9.943111543986674628e-01
9.941174730336750365e-01
9.939239478725989674e-01
9.937318598423116045e-01
9.935424212336408933e-01
9.933567765688224860e-01
9.931760032541666616e-01
9.930011120464631302e-01
9.928330473645931020e-01
9.926726874798984523e-01
9.925208446200299850e-01
9.923782650212908951e-01
9.922456289639408622e-01
9.921235508236164735e-01
9.920125791700572515e-01
9.919131969418147898e-01
9.918258217227085005e-01
9.917508061425989174e-01
9.916884384217116155e-01
9.916389430743829392e-01
9.916024817848083650e-01
9.915791544642447164e-01
9.915690004961914550e-01
9.915720001733974165e-01
9.915880763281043064e-01
9.916170961547305929e-01
9.916588732221971458e-01
9.917131696712385702e-01
9.917796985903081231e-01
9.918581265620040055e-01
9.919480763703056869e-01
9.920491298572819971e-01
9.921608309163226780e-01
9.922826886073584651e-01
9.924141803780240911e-01
9.925547553733015116e-01
9.927038378149385389e-01
9.928608304309040067e-01
9.930251179143767537e-01
9.931960703913051969e-01
9.933730468754454757e-01
9.935553986899910983e-01
9.937424728354428138e-01
9.939336152841896643e-01
9.941281741833596364e-01
9.943255029487748642e-01
9.945249632342726409e-01
9.947259277621639528e-01
9.949277830021397984e-01
9.951299316874763212e-01
9.953317951588779300e-01
9.955328155277398672e-01
9.957324576519842596e-01
9.959302109189456242e-01
9.961255908310596707e-01
9.963181403913670131e-01
9.965074312871027296e-01
9.966930648709242391e-01
9.968746729406465779e-01
9.970519183197161794e-01
9.972244952420653563e-01
9.973921295464276415e-01
9.975545786866513165e-01
9.977116315659828594e-01
9.978631082046636180e-01
9.980088592514506640e-01
9.981487653507702396e-01
9.982827363780952812e-01
9.984107105567461282e-01
9.985326534696009615e-01
9.986485569791366812e-01
9.987584380687815067e-01
9.988623376177467872e-01
9.989603191203511035e-01
9.990524673594028959e-01
9.991388870415486290e-01
9.992197014007270228e-01
9.992950507741221733e-01
9.993650911534033288e-01
9.994299927127241467e-01
9.994899383140507521e-01
9.995451219899952333e-01
9.995957474045319424e-01
9.996420262927948608e-01
9.996841768825689423e-01
9.997224223020482192e-01
9.997569889807964572e-01
9.997881050534728198e-01
