9.997975021209936086e-01
9.997680286400247862e-01
9.997353389771647114e-01
9.996992284777644899e-01
9.996594948119885693e-01
9.996159392715141534e-01
9.995683680138033322e-01
9.995165932433038858e-01
9.994604343225504950e-01
9.993997188095770090e-01
9.993342834211326187e-01
9.992639749237874902e-01
9.991886509569998243e-01
9.991081807935832115e-01
9.990224460437264753e-01
9.989313413088637406e-01
9.988347747913193242e-01
9.987326688648880957e-01
9.986249606104664611e-01
9.985116023196439761e-01
9.983925619679238084e-01
9.982678236580488917e-01
9.981373880328689996e-01
9.980012726563347591e-01
9.978595123605951134e-01
9.977121595568200219e-01
9.975592845072661641e-01
9.974009755562307511e-01
9.972373393178778356e-01
9.970685008194269949e-01
9.968946035988318632e-01
9.967158097568001862e-01
9.965322999637730161e-01
9.963442734232489384e-01
9.961519477935552036e-01
9.959555590708037975e-01
9.957553614362754102e-01
9.955516270718093308e-01
9.953446459469191820e-01
9.951347255812559300e-01
9.949221907856953262e-01
9.947073833847034363e-01
9.944906619217405153e-01
9.942724013482890921e-01
9.940529926956701567e-01
9.938328427271452270e-01
9.936123735659566636e-01
9.933920222929655264e-01
9.931722405054749236e-01
9.929534938267393640e-01
9.927362613536407920e-01
9.925210350281258309e-01
9.923083189163256490e-01
9.920986283779014148e-01
9.918924891071199124e-01
9.916904360265427210e-01
9.914930120140202918e-01
9.913007664439738020e-01
9.911142535246962870e-01
9.909340304146224687e-01
9.907606551021644892e-01
9.905946840357504612e-01
9.904366694930858417e-01
9.902871566813262749e-01
9.901466805627613388e-01
9.900157624037005943e-01
9.898949060474995232e-01
9.897845939160281326e-01
9.896852827473545666e-01
9.895973990809727727e-01
9.895213345055503540e-01
9.894574406878842154e-01
9.894060242055214838e-01
9.893673412092753860e-01
9.893415919455936791e-01
9.893289151723246855e-01
9.893293825047516643e-01
9.893429927317074490e-01
9.893696661439639328e-01
9.894092389187569836e-01
9.894614576051075083e-01
9.895259737543735667e-01
9.896023387391245096e-01
9.896899988009021376e-01
9.897882903636976426e-01
9.898964356451076529e-01
9.900135385912146591e-01
9.901385811544625160e-01
9.902704199263600016e-01
9.904077831290114542e-01
9.905492679615117702e-01
9.906933382894284046e-01
9.908383226582139214e-01
9.909824126046747894e-01
9.911236612348003350e-01
9.912599820314843546e-01
9.913891478520849843e-01
9.915087900734322890e-01
9.916163978408437663e-01
9.917093173779294446e-01
9.917847513154139927e-01
9.918397579998164959e-01
9.918712507465107242e-01
9.918759970063675269e-01
9.918506174207667447e-01
9.917915847461911127e-01
9.916952226368216383e-01
9.915577042815205688e-01
9.913750509002964284e-01
9.911431301148124762e-01
9.908576542177530699e-01
9.905141783769323416e-01
9.901080988219543855e-01
9.896346510740157143e-01
9.890889082930744980e-01
9.884657798310100274e-01
9.877600100944413652e-01
9.869661778363559845e-01
9.860786960113154809e-01
9.850918123444065699e-01
9.839996107788135937e-01
9.827960139804063910e-01
9.814747870894985349e-01
9.800295429193498498e-01
9.784537488075037981e-01
9.767407353291251981e-01
9.748837070806914973e-01
9.728757557373188813e-01
9.707098755774415944e-01
9.683789816543875162e-01
9.658759307756276113e-01
9.631935454272709807e-01
9.603246407539900442e-01
9.572620546733487945e-01
9.539986811689112889e-01
9.505275067690029944e-01
9.468416501780978489e-01
9.429344049860430843e-01
9.387992853372092439e-01
9.344300743976999835e-01
9.298208754144496879e-01
9.249661651158739284e-01
9.198608491601911741e-01
9.145003192950954540e-01
9.088805118516150028e-01
9.029979671562651244e-01
8.968498894095258134e-01
8.904342065458102917e-01
8.837496295610302033e-01
8.767957107691917162e-01
8.695729004297931830e-01
8.620826011737050543e-01
8.543272196472864177e-01
8.463102147931820252e-01
8.380361421920340392e-01
8.295106939024884385e-01
8.207407332576279746e-01
8.117343241042932478e-01
8.025007540075788093e-01
7.930505509857282975e-01
7.833954933901832174e-01
7.735486126009323282e-01
7.635241882676024883e-01
7.533377358908549537e-01
7.430059866053428941e-01
7.325468590934296476e-01
7.219794236267120802e-01
7.113238582987770897e-01
7.006013975763480950e-01
6.898342733559121864e-01
6.790456487682299258e-01
6.682595450231523238e-01
6.575007616315946546e-01
6.467947903802713228e-01
6.361677234681450965e-01
6.256461562419489697e-01
6.152570849923706398e-01
6.050278002933807686e-01
5.949857763857128168e-01
5.851585571226609606e-01
5.755736390130903324e-01
5.662583519135719889e-01
5.572397379395928052e-01
5.485444291850922749e-01
5.401985248603066170e-01
5.322274684798768973e-01
5.246559257558587319e-01
5.175076638730177203e-01
5.108054328455933213e-01
5.045708496744485405e-01
4.988242860400134981e-01
4.935847602783460797e-01
4.888698343937886159e-01
4.846955168609307085e-01
4.810761719599454533e-01
4.780244363720596024e-01
4.755511437354746906e-01
4.736652578262038338e-01
4.723738149831256949e-01
4.716818763423441530e-01
4.715924903833419446e-01
4.721066662191292229e-01
4.732233579856618411e-01
4.749394606032781851e-01
4.772498170959286190e-01
4.801472375637629852e-01
4.836225298122810434e-01
4.876645415478514378e-01
4.922602139559307810e-01
4.973946463856483424e-01
5.030511717733029409e-01
5.092114423484671581e-01
5.158555250803134040e-01
5.229620062391004964e-01
5.305081043689090503e-01
5.384697908932976063e-01
5.468219175060704540e-01
5.555383494354986240e-01
5.645921036127756754e-01
5.739554907250652427e-01
5.836002600910477067e-01
5.934977462633385104e-01
6.036190162385119962e-01
6.139350161425640717e-01
6.244167162584689512e-01
6.350352532736784905e-01
6.457620686495604279e-01
6.565690420522644066e-01
6.674286188353527605e-01
6.783139306285611569e-01
6.891989081636806791e-01
7.000583855569784131e-01
7.108681953665053621e-01
7.216052538507342629e-01
7.322476359704044313e-01
7.427746397963115310e-01
7.531668401100038990e-01
7.634061311097275482e-01
7.734757582582687530e-01
7.833603394304454737e-01
7.930458756337541715e-01
8.025197516841806600e-01
8.117707273186605121e-01
8.207889193146225004e-01
8.295657752641950600e-01
8.380940397150512533e-01
8.463677134408461589e-01
8.543820066413614356e-01
8.621332868958471174e-01
8.696190227027817965e-01
8.768377234359701067e-01
8.837888765312931216e-01
8.904728826915644380e-01
8.968909898600181396e-01
9.030452266673286710e-01
9.089383360042468940e-01
9.145737093134365114e-01
9.199553221315415197e-01
9.250876713474216473e-01
9.299757145763887234e-01
9.346248119845478319e-01
9.390406708332548202e-01
9.432292929523764524e-01
9.471969252933839511e-01
9.509500136600980147e-01
9.544951596666609861e-01
9.578390809294149433e-01
9.609885744619859338e-01
9.639504832110340482e-01
9.667316656436870659e-01
9.693389682763808857e-01
9.717792010183181617e-01
9.740591151905969580e-01
9.761853840737615418e-01
9.781645858315831665e-01
9.800031886567581729e-01
9.817075379844265592e-01
9.832838456214838541e-01
9.847381806431645401e-01
9.860764619129518405e-01
9.873044520872019669e-01
9.884277529717362398e-01
9.894518021038585243e-01
9.903818704396810668e-01
9.912230610332174452e-01
9.919803086003736725e-01
9.926583798677225401e-01
9.932618746127637177e-01
9.937952273092369726e-01
9.942627092979243741e-01
9.946684314102027802e-01
9.950163469783039893e-01
9.953102551727015523e-01
9.955538046131545693e-01
9.957504972055696291e-01
9.959036921618712457e-01
9.960166101643912473e-01
9.960923376398277407e-01
9.961338311105473187e-01
9.961439215929249746e-01
9.961253190136076796e-01
9.960806166151523477e-01
9.960122953226060449e-01
9.959227280424429729e-01
9.958141838650743649e-01
9.956888321421122345e-01
9.955487464099082029e-01
9.953959081317720337e-01
9.952322102328409192e-01
9.950594604039016966e-01
9.948793841535888971e-01
9.946936275922644288e-01
9.945037599354468183e-01
9.943112757197604124e-01
9.941175967298679916e-01
9.939240736405209331e-01
9.937319873835265271e-01
9.935425502548769217e-01
9.933569067823270204e-01
9.931761343781778661e-01
9.930012438057842505e-01
9.928331794912526043e-01
9.926728197138764420e-01
9.925209767100287017e-01
9.923783967255245253e-01
9.922457600509185793e-01
9.921236810728931710e-01
9.920127083729255446e-01
9.919133249019136400e-01
9.918259482565269236e-01
9.917509310798552358e-01
9.916885616055929331e-01
9.916390643616350697e-01
9.916026010456714390e-01
9.915792715822339121e-01
9.915691153677302916e-01
9.915721127073140462e-01
9.915881864450079020e-01
9.916172037862887034e-01
9.916589783103376687e-01
9.917132721673032059e-01
9.917797984541845135e-01
9.918582237612636465e-01
9.919481708793730368e-01
9.920492216566592081e-01
9.921609199918867139e-01
9.922827749497488137e-01
9.924142639821278422e-01
9.925548362378434630e-01
9.927039159421739978e-01
9.928609058264112885e-01
9.930251905869378337e-01
9.931961403528646315e-01
9.933731141411302756e-01
9.935554632781768980e-01
9.937425347678480181e-01
9.939336745859823630e-01
9.941282308832607439e-01
9.943255570791451614e-01
9.945250148311731708e-01
9.947259768653794465e-01
9.949278296551631318e-01
9.951299759374475640e-01
9.953318370564809836e-01
9.955328551270561377e-01
9.957324950103088046e-01
9.959302460965693271e-01
9.961256238910236593e-01
9.963181713991949850e-01
9.965074603105179563e-01
9.966930919795565780e-01
9.968746982057337114e-01
9.970519418138051870e-01
9.972245170387166180e-01
9.973921497199250696e-01
9.975545973117202481e-01
9.977116487175164972e-01
9.978631239574594636e-01
9.980088736799561655e-01
9.981487785288382097e-01
9.982827483787481970e-01
9.984107214519489792e-01
9.985326633300420918e-01
9.986485658740172910e-01
9.987584460656132590e-01
9.988623447821578516e-01
9.989603255159033024e-01
9.990524730474188431e-01
9.991388920809521901e-01
9.992197058478989868e-01
9.992950546827723546e-01
9.993650945744617653e-01
9.994299956942537255e-01
9.994899409011820390e-01
9.995451242248860613e-01
9.995957493263522009e-01
9.996420279377360441e-01
9.996841782838804535e-01
9.997224234900969897e-01
9.997569899831504348e-01
9.997881058950055522e-01
