9.997974929863794324e-01
9.997680180099195457e-01
9.997353266636102020e-01
9.996992142785616764e-01
9.996594785109338410e-01
9.996159206388210983e-01
9.995683468067149136e-01
9.995165692068955776e-01
9.994604071907225995e-01
9.993996883062273850e-01
9.993342492615014949e-01
9.992639368159583757e-01
9.991886086035415282e-01
9.991081338933113232e-01
9.990223942935647639e-01
9.989312844057807173e-01
9.988347124343167627e-01
9.987326007570171971e-01
9.986248864608471276e-01
9.985115218454646557e-01
9.983924748963994844e-01
9.982677297283174545e-01
9.981372869978075713e-01
9.980011642842793185e-01
9.978593964369508740e-01
9.977120358855500193e-01
9.975591529122503909e-01
9.974008358824882903e-01
9.972371914326483289e-01
9.970683446131101135e-01
9.968944389857842259e-01
9.967156366759927222e-01
9.965321183793147686e-01
9.963440833247827477e-01
9.961517491965358184e-01
9.959553520166711804e-01
9.957551459925353399e-01
9.955514033320406186e-01
9.953444140307242671e-01
9.951344856341781675e-01
9.949219429791237301e-01
9.947071279157896351e-01
9.944903990133520111e-01
9.942721312490232499e-01
9.940527156799495723e-01
9.938325590954151245e-01
9.936120836450000882e-01
9.933917264363471000e-01
9.931719390941169401e-01
9.929531872696296668e-01
9.927359500886625554e-01
9.925207195229911461e-01
9.923079996695899352e-01
9.920983059200249032e-01
9.918921640015411212e-01
9.916901088707171796e-01
9.914926834403825495e-01
9.913004371207717602e-01
9.911139241566514491e-01
9.909337017433709205e-01
9.907603279064365331e-01
9.905943591312531549e-01
9.904363477320572429e-01
9.902868389517405223e-01
9.901463677871684688e-01
9.900154555376929899e-01
9.898946060778051059e-01
9.897843018582342944e-01
9.896849996432731666e-01
9.895971259956584110e-01
9.895210725239877991e-01
9.894571909113618613e-01
9.894057877477054896e-01
9.893671191920014873e-01
9.893413854943928776e-01
9.893287254116959195e-01
9.893292105532000003e-01
9.893428396965651128e-01
9.893695331160157203e-01
9.894091269666986932e-01
9.894613677698727017e-01
9.895259070433716220e-01
9.896022961204482549e-01
9.896899811975693462e-01
9.897882986480076584e-01
9.898964706332032959e-01
9.900136010379523288e-01
9.901386717486996281e-01
9.902705392867768852e-01
9.904079318005870602e-01
9.905494464127682086e-01
9.906935469105574432e-01
9.908385617601830342e-01
9.909826824193987971e-01
9.911239619164420311e-01
9.912603136589247521e-01
9.913895104325755048e-01
9.915091835474127979e-01
9.916168220878771589e-01
9.917097722236718482e-01
9.917852365395080083e-01
9.918402733445634833e-01
9.918717959261501571e-01
9.918765717167665752e-01
9.918512213493027030e-01
9.917922175815913066e-01
9.916958840787157836e-01
9.915583940494564485e-01
9.913757687419680886e-01
9.911438758132606885e-01
9.908584275973072453e-01
9.905149793076870601e-01
9.901089272225930271e-01
9.896355069128294213e-01
9.890897915870531243e-01
9.884666906429215860e-01
9.877609485278561197e-01
9.869671440286077457e-01
9.860796901244369694e-01
9.850928345541091202e-01
9.840006612616184478e-01
9.827970928990679145e-01
9.814758945768816689e-01
9.800306790609503160e-01
9.784549136228120059e-01
9.767419287520476834e-01
9.748849289392468309e-01
9.728770057328286480e-01
9.707111532634327133e-01
9.683802864154176238e-01
9.658772618062394510e-01
9.631949017112753086e-01
9.603260210442701172e-01
9.572634574723746237e-01
9.540001047101529519e-01
9.505289489994268592e-01
9.468431087419385550e-01
9.429358772100422392e-01
9.388007682175208979e-01
9.344315645886671629e-01
9.298223692194614864e-01
9.249676584805137658e-01
9.198623376678879415e-01
9.145017981654836037e-01
9.088819759418012012e-01
9.029994109651808820e-01
8.968513070855290703e-01
8.904355918976687434e-01
8.837509760723900598e-01
8.767970116165990646e-01
8.695741485042944863e-01
8.620837891060164626e-01
8.543283398364756032e-01
8.463112594387655063e-01
8.380371033293572136e-01
8.295115634412164596e-01
8.207415030231407505e-01
8.117349858817578534e-01
8.025012995884408529e-01
7.930509722163553432e-01
7.833957822223713841e-01
7.735487611439889610e-01
7.635241888417062528e-01
7.533375810814006979e-01
7.430056693179758476e-01
7.325463726094860739e-01
7.219787616587801660e-01
7.113230150461109513e-01
7.006003677798655627e-01
6.898330523525255664e-01
6.790442325442556104e-01
6.682579302665646592e-01
6.574989457828880335e-01
6.467927716816976869e-01
6.361655010111046948e-01
6.256437300122980050e-01
6.152544559134163205e-01
6.050249702663167417e-01
5.949827483272267514e-01
5.851553349994400577e-01
5.755702278728963561e-01
5.662547579125387642e-01
5.572359683653482776e-01
5.485404924752463884e-01
5.401944306158116271e-01
5.322232274726875767e-01
5.246515499302756291e-01
5.175031663400451176e-01
5.108008278695868043e-01
5.045661526513112172e-01
4.988195134661781438e-01
4.935799297097929195e-01
4.888649643943834278e-01
4.846906269394390954e-01
4.810712824951733912e-01
4.780195685257122573e-01
4.755463193524933629e-01
4.736604993225487226e-01
4.723691452211976616e-01
4.716773184945133313e-01
4.715880677843224955e-01
4.721024022082268568e-01
4.732192757402321481e-01
4.749355829649922756e-01
4.772461663917391128e-01
4.801438354236887696e-01
4.836193969863332720e-01
4.876616977245884499e-01
4.922576775852293141e-01
4.973924345083247101e-01
5.030492998602127397e-01
5.092099241516176988e-01
5.158543724984026024e-01
5.229612291996821316e-01
5.305077107291440441e-01
5.384697863609446689e-01
5.468223055820380374e-01
5.555391313789166396e-01
5.645932784291516349e-01
5.739570551777084528e-01
5.836022087355452470e-01
5.935000715045009034e-01
6.036217084088262297e-01
6.139380636008819891e-01
6.244201055073519413e-01
6.350389690935618336e-01
6.457660942476970423e-01
6.565733592242271044e-01
6.674332081367668756e-01
6.783187715546465935e-01
6.892039793341770970e-01
7.000636649040152815e-01
7.108736603230436657e-01
7.216108815372961338e-01
7.322534033779160012e-01
7.427805239630427270e-01
7.531728182907571068e-01
7.634121809356133603e-01
7.734818578856205162e-01
7.833664676776344038e-01
7.930520121048951765e-01
8.025258768789459429e-01
8.117768227276446202e-01
8.207949674999271972e-01
8.295717599251186680e-01
8.380999457389810559e-01
8.463735269396346350e-01
8.543877149736667231e-01
8.621388786760655343e-01
8.696244877973564602e-01
8.768430529479794844e-01
8.837940627743313682e-01
8.904779191540042049e-01
8.968958711608077117e-01
9.030499485045158092e-01
9.089428950974304255e-01
9.145781033413532546e-01
9.199595496659631610e-01
9.250917317844984389e-01
9.299796080665213571e-01
9.346285393617952408e-01
9.390442335452059419e-01
9.432326929913188440e-01
9.472001651295098856e-01
9.509530961773794422e-01
9.544980881019240471e-01
9.578418588150382496e-01
9.609912055725438051e-01
9.639529715141069710e-01
9.667340152549676047e-01
9.693411834191161258e-01
9.717812859870524900e-01
9.740610743191080445e-01
9.761872217070253210e-01
9.781663063015517690e-01
9.800047962616991182e-01
9.817090369715422149e-01
9.832852401725138414e-01
9.847394748626636662e-01
9.860776598189388009e-01
9.873055576038806125e-01
9.884287699240078551e-01
9.894527342133593306e-01
9.903827213221079173e-01
9.912238341967259947e-01
9.919810074448626169e-01
9.926590076848448296e-01
9.932624345865307403e-01
9.937957225171066833e-01
9.942631427122868848e-01
9.946688059001946858e-01
9.950166653119012494e-01
9.953105200190508484e-01
9.955540185451158264e-01
9.957506627024480528e-01
9.959038116123229978e-01
9.960166858694888825e-01
9.960923718162729701e-01
9.961338258940168888e-01
9.961438790415364508e-01
9.961252411114862593e-01
9.960805052760790534e-01
9.960121523937240928e-01
9.959225553079948945e-01
9.958139830501393508e-01
9.956886049163115038e-01
9.955484943910406503e-01
9.953956328893425187e-01
9.952319132914412281e-01
9.950591432464023223e-01
9.948790482241013367e-01
9.946932742988336962e-01
9.945033906524358702e-01
9.943108917898938470e-01
9.941171994659041555e-01
9.939236643265297877e-01
9.937315672757562890e-01
9.935421205822038138e-01
9.933564687462871357e-01
9.931756891525954645e-01
9.930007925360158083e-01
9.928327232930820312e-01
9.926723596721016563e-01
9.925205138767931867e-01
9.923779321184537094e-01
9.922452946511280958e-01
9.921232158229423836e-01
9.920122441747895037e-01
9.919128626150505168e-01
9.918254886961130889e-01
9.917504750152567050e-01
9.916881097591340177e-01
9.916386174077144178e-01
9.916021596102663205e-01
9.915788362428161751e-01
9.915686866536063127e-01
9.915716911003841227e-01
9.915877723809256583e-01
9.916167976559869812e-01
9.916585804618759381e-01
9.917128829079789876e-01
9.917794180528460846e-01
9.918578524507541960e-01
9.919478088590368836e-01
9.920488690948403576e-01
9.921605770283565828e-01
9.922824416980057238e-01
9.924139405315224316e-01
9.925545226554929323e-01
9.927036122746425439e-01
9.928606121011454011e-01
9.930249068134577861e-01
9.931958665237228256e-01
9.933728502326601983e-01
9.935552092510592237e-01
9.937422905675292739e-01
9.939334401429824606e-01
9.941280061134082358e-01
9.943253418837757485e-01
9.945248090973252131e-01
9.947257804660165625e-01
9.949276424494460924e-01
9.951297977710755749e-01
9.953316677621121267e-01
9.955326945248152981e-01
9.957323429083830835e-01
9.959301022918876090e-01
9.961254881700142283e-01
9.963180435386101985e-01
9.965073400783159840e-01
9.966929791358265511e-01
9.968745925036532896e-01
9.970518430006171107e-01
9.972244248567150304e-01
9.973920639074403960e-01
9.975545176040963025e-01
9.977115748480718249e-01
9.978630556584296984e-01
9.980088106834121842e-01
9.981487205675798613e-01
9.982826951871700549e-01
9.984106727668792258e-01
9.985326188915524259e-01
9.986485254262047473e-01
9.987584093573510513e-01
9.988623115678157971e-01
9.989602955560338282e-01
9.990524461094067998e-01
9.991388679396238093e-01
9.992196842860856520e-01
9.992950354918240796e-01
9.993650775547046061e-01
9.994299806553857968e-01
9.994899276626029172e-01
9.995451126159536903e-01
9.995957391865649688e-01
9.996420191168359226e-01
9.996841706418759799e-01
9.997224168972070890e-01
9.997569843196694173e-01
9.997881010510933919e-01
