9.997974661218881343e-01
9.997679866308529784e-01
9.997352901708280726e-01
9.996991720204833065e-01
9.996594297829078934e-01
9.996158646830489714e-01
9.995682828127704367e-01
9.995164963128783109e-01
9.994603244850681634e-01
9.993995948301901411e-01
9.993341440123103547e-01
9.992638187506350800e-01
9.991884766433588583e-01
9.991079869288551629e-01
9.990222311903547148e-01
9.989311040103916461e-01
9.988345135809363340e-01
9.987323822743670032e-01
9.986246471793892576e-01
9.985112606048119899e-01
9.983921905528464480e-01
9.982674211624086302e-01
9.981369531218622360e-01
9.980008040497944100e-01
9.978590088418094473e-01
9.977116199809678010e-01
9.975587078093997029e-01
9.974003607587472731e-01
9.972366855374295014e-01
9.970678072732311881e-01
9.968938696103535335e-01
9.967150347607885985e-01
9.965314835106472424e-01
9.963434151828350904e-01
9.961510475581912827e-01
9.959546167578404718e-01
9.957543770900082469e-01
9.955506008648949967e-01
9.953435781813357863e-01
9.951336166888811174e-01
9.949210413285848320e-01
9.947061940551628068e-01
9.944894335422902465e-01
9.942711348716276598e-01
9.940516892047407405e-01
9.938315034354097133e-01
9.936109998179751823e-01
9.933906155653656755e-01
9.931708024083799602e-01
9.929520261057039887e-01
9.927347658921167328e-01
9.925195138504501191e-01
9.923067741911958395e-01
9.920970624222658074e-01
9.918909043903820777e-01
9.916888351749469921e-01
9.914913978150603491e-01
9.912991418506427177e-01
9.911126216593816318e-01
9.909323945724415328e-01
9.907590187535326720e-01
9.905930508279819913e-01
9.904350432508395308e-01
9.902855414057276651e-01
9.901450804290574670e-01
9.900141817573304692e-01
9.898933493984939380e-01
9.897830659316824153e-01
9.896837882431437361e-01
9.895959430097079901e-01
9.895199219447944339e-01
9.894560768256644989e-01
9.894047143243881459e-01
9.893660906687667955e-01
9.893404061631749791e-01
9.893277996028709831e-01
9.893283426186519902e-01
9.893420339916746409e-01
9.893687939806399267e-01
9.894084587052249802e-01
9.894607746304365792e-01
9.895253931963527982e-01
9.896018656363765320e-01
9.896896380246050784e-01
9.897880465891926161e-01
9.898963133237139722e-01
9.900135419226272493e-01
9.901387140601509707e-01
9.902706860244305798e-01
9.904081857110281772e-01
9.905498099717909843e-01
9.906940223073321672e-01
9.908391508839549111e-01
9.909833868491184639e-01
9.911247829137033172e-01
9.912612521645399744e-01
9.913905670670626336e-01
9.915103586155954440e-01
9.916181155877139553e-01
9.917111838593359874e-01
9.917867657386334468e-01
9.918419192794664108e-01
9.918735575387206405e-01
9.918784477466197069e-01
9.918532103646687803e-01
9.917943180123314217e-01
9.916980942507623853e-01
9.915607122199057155e-01
9.913781931339966658e-01
9.911464046500024772e-01
9.908610591338087303e-01
9.905177118600647646e-01
9.901117591935423290e-01
9.896384368126804887e-01
9.890928180496398880e-01
9.884698124356140481e-01
9.877641645552118765e-01
9.869704533292164017e-01
9.860830918606595663e-01
9.850963279945526008e-01
9.840042457563218381e-01
9.828007678475170206e-01
9.814796593891027543e-01
9.800345331120552395e-01
9.784588562014807644e-01
9.767459590035311168e-01
9.748890458035532891e-01
9.728812078788197093e-01
9.707154390195992244e-01
9.683846536981368658e-01
9.658817080463284466e-01
9.631994237796565050e-01
9.603306151775604649e-01
9.572681191991977423e-01
9.540048287789548720e-01
9.505337293085672767e-01
9.468479382728107741e-01
9.429407479639710932e-01
9.388056711571803881e-01
9.344364895847632191e-01
9.298273050034228104e-01
9.249725926039422674e-01
9.198672564695207221e-01
9.145066867464133331e-01
9.088868181496921883e-01
9.030041893881987081e-01
8.968560030566607999e-01
8.904401855100640972e-01
8.837554462062815475e-01
8.768013359782774740e-01
8.695783036775110997e-01
8.620877506160693482e-01
8.543320822271043280e-01
8.463147563618489411e-01
8.380403276472564444e-01
8.295144873414707076e-01
8.207440981450783157e-01
8.117372234544559806e-01
8.025031505793416287e-01
7.930524074897409292e-01
7.833967727068069653e-01
7.735492780077672936e-01
7.635242036752701855e-01
7.533370660856767431e-01
7.430045974975327816e-01
7.325447179694148936e-01
7.219764994042043860e-01
7.113201217832412215e-01
7.005968217175417845e-01
6.898288335032147778e-01
6.790393229235107686e-01
6.682523140899792047e-01
6.574926096596243053e-01
6.467857048036951273e-01
6.361576953371019805e-01
6.256351804458386567e-01
6.152451604740064584e-01
6.050149302529161943e-01
5.949719684732432956e-01
5.851438236183642561e-01
5.755579969936712725e-01
5.662418234036870057e-01
5.572223500467794466e-01
5.485262142165630017e-01
5.401795204197750166e-01
5.322077175423453044e-01
5.246354767180834155e-01
5.174865705771092284e-01
5.107837545729716489e-01
5.045486511071743951e-01
4.988016371863319698e-01
4.935617363591712214e-01
4.888465156868193606e-01
4.846719884991591565e-01
4.810525236814922057e-01
4.780007622185824534e-01
4.755275416968511859e-01
4.736418294297839449e-01
4.723506648266024843e-01
4.716591115701751491e-01
4.715702201076761302e-01
4.720850008873158643e-01
4.732024086976308608e-01
4.749193383833357762e-01
4.772306321247856697e-01
4.801290983778568888e-01
4.836055424786273038e-01
4.876488088237196372e-01
4.922458344435614030e-01
4.973817136929362670e-01
5.030397736919012264e-01
5.092016600609974297e-01
5.158474324084072471e-01
5.229556689436999362e-01
5.305035795137559296e-01
5.384671262817248838e-01
5.468211512002232322e-01
5.555395093658430650e-01
5.645952072843682945e-01
5.739605450254917640e-01
5.836072612032828788e-01
5.935066796850783089e-01
6.036298569077880316e-01
6.139477286677604839e-01
6.244312552492268242e-01
6.350515637676321656e-01
6.457800866284595376e-01
6.565886950397832322e-01
6.674498265678288078e-01
6.783366057890207745e-01
6.892229571688428535e-01
7.000837093864507032e-01
7.108946904231085995e-01
7.216328128408256992e-01
7.322761487931630509e-01
7.428039944312361254e-01
7.531969234923137080e-01
7.634368299839204841e-01
7.735069600008039892e-01
7.833919328333137644e-01
7.930777516415907780e-01
8.025518040785307727e-01
8.118028533440140304e-01
8.208210202418635415e-01
8.295977568881657271e-01
8.381258127839708028e-01
8.463991940163448913e-01
8.544131163888919467e-01
8.621639533061657978e-01
8.696491792460834258e-01
8.768673096510640752e-01
8.838178380529485567e-01
8.905011712197863361e-01
8.969185630755658334e-01
9.030720480982414866e-01
9.089643748484835806e-01
9.145989402229873777e-01
9.199797249635141005e-01
9.251112308876542345e-01
9.299984202411049061e-01
9.346466575054346304e-01
9.390616539311495981e-01
9.432494150044685721e-01
9.472161909985097328e-01
9.509684307063250852e-01
9.545127384049366670e-01
9.578558340566080131e-01
9.610045167161829216e-01
9.639656310814784801e-01
9.667460370972762451e-01
9.693525825021759301e-01
9.717920781910776018e-01
9.740712762539291969e-01
9.761968505431084520e-01
9.781753796168985993e-01
9.800133319044426194e-01
9.817170529378195232e-01
9.832927544990005542e-01
9.847465055329979178e-01
9.860842246831371671e-01
9.873116743097656300e-01
9.884344558596106500e-01
9.894580064592425339e-01
9.903875966125574859e-01
9.912283288887933086e-01
9.919851374942867395e-01
9.926627886279504320e-01
9.932658815272739083e-01
9.937988501185230916e-01
9.942659651916829766e-01
9.946713370275094279e-01
9.950189184107453011e-01
9.953125079700098077e-01
9.955557537909709431e-01
9.957521572550298572e-01
9.959050770607646985e-01
9.960177333896892415e-01
9.960932121814115581e-01
9.961344694859918247e-01
9.961443358632107170e-01
9.961255207996426719e-01
9.960806171149878541e-01
9.960121053292305682e-01
9.959223579620307687e-01
9.958136437355573634e-01
9.956881316519357039e-01
9.955478949168166114e-01
9.953949146814634608e-01
9.952310835773160447e-01
9.950582090193266227e-01
9.948780162574837327e-01
9.946921511598274535e-01
9.945021827148246008e-01
9.943096052460798084e-01
9.941158403378567154e-01
9.939222384755584949e-01
9.937300804109897578e-01
9.935405782676701714e-01
9.933548764065208703e-01
9.931740520767150526e-01
9.929991158802541351e-01
9.928310120817803730e-01
9.926706187972162976e-01
9.925187480959990483e-01
9.923761460519671118e-01
9.922434927774056446e-01
9.921214024734440473e-01
9.920104235280251537e-01
9.919110386901484055e-01
9.918236653461680596e-01
9.917486559207220331e-01
9.916862984215225607e-01
9.916368171438654233e-01
9.916003735474159253e-01
9.915770673146846459e-01
9.915669375976799982e-01
9.915699644565300064e-01
9.915860704914295498e-01
9.916151226670587571e-01
9.916569343266108394e-01
9.917112673907201303e-01
9.917778347348390477e-01
9.918563027369492469e-01
9.919462939858566530e-01
9.920473901387046878e-01
9.921591349147405037e-01
9.922810372108001875e-01
9.924125743224698759e-01
9.925531952534849545e-01
9.927023240946873939e-01
9.928593634528426470e-01
9.930236979088521432e-01
9.931946974844462206e-01
9.933717210963087796e-01
9.935541199767929932e-01
9.937412410409122154e-01
9.939324301801162331e-01
9.941270354644335949e-01
9.943244102358368419e-01
9.945239160771026654e-01
9.947249256419403718e-01
9.949268253336990275e-01
9.951290178214902138e-01
9.953309243840549048e-01
9.955319870731367260e-01
9.957316706894959735e-01
9.959294645660207168e-01
9.961248841536677334e-01
9.963174724072287880e-01
9.965068009691759876e-01
9.966924711511254698e-01
9.968741147137789582e-01
9.970513944475676293e-01
9.972240045576351575e-01
9.973916708582407642e-01
9.975541507831185983e-01
9.977112332197688449e-01
9.978627381770275306e-01
9.980085162965318668e-01
9.981484482197925390e-01
9.982824438234725317e-01
9.984104413360724850e-01
9.985324063495172320e-01
9.986483307390641162e-01
9.987582315045165915e-01
9.988621495449139243e-01
9.989601483777061919e-01
9.990523128119821461e-01
9.991387475836536192e-01
9.992195759587363391e-01
9.992949383091138671e-01
9.993649906635734270e-01
9.994299032355826728e-01
9.994898589283737200e-01
9.995450518175131860e-01
9.995956856113339395e-01
9.996419720904287098e-01
9.996841295288221296e-01
9.997223811013967731e-01
9.997569532845154150e-01
9.997880742594051906e-01
