9.997974758174843490e-01
9.997679979636862058e-01
9.997353033607856432e-01
9.996991873073188817e-01
9.996594474266042862e-01
9.996158849639837918e-01
9.995683060316654656e-01
9.995165227905166150e-01
9.994603545617665175e-01
9.993996288650173199e-01
9.993341823820480752e-01
9.992638618484818158e-01
9.991885248773818562e-01
9.991080407201999858e-01
9.990222909712271893e-01
9.989311702218315325e-01
9.988345866704035902e-01
9.987324626931682880e-01
9.986247353799714288e-01
9.985113570379543502e-01
9.983922956647816038e-01
9.982675353919054917e-01
9.981370768973023555e-01
9.980009377862729680e-01
9.978591529382893066e-01
9.977117748175167167e-01
9.975588737445334475e-01
9.974005381269027692e-01
9.972368746465879452e-01
9.970680084027069290e-01
9.968940830087633653e-01
9.967152606442108986e-01
9.965317220609789528e-01
9.963436665463490938e-01
9.961513118442967274e-01
9.959548940380401616e-01
9.957546673970495421e-01
9.955509041921022373e-01
9.953438944821114687e-01
9.951339458763585055e-01
9.949213832754109088e-01
9.947065485933880291e-01
9.944898004633365707e-01
9.942715139263064161e-01
9.940520801032877163e-01
9.938319058475048040e-01
9.936114133727143027e-01
9.933910398511538453e-01
9.931712369727170309e-01
9.929524704548396974e-01
9.927352194905574301e-01
9.925199761203055138e-01
9.923072445113653162e-01
9.920975401274707561e-01
9.918913887700623322e-01
9.916893254720481332e-01
9.914918932247503980e-01
9.912996415190034050e-01
9.911131246821279772e-01
9.909328999937296878e-01
9.907595255649187527e-01
9.905935579675966274e-01
9.904355496028417472e-01
9.902860458000988242e-01
9.901455816417906730e-01
9.900146785110629510e-01
9.898938403636237116e-01
9.897835497279988681e-01
9.896842634419944496e-01
9.895964081367134568e-01
9.895203754831154441e-01
9.894565172198162006e-01
9.894051399845930073e-01
9.893664999758293721e-01
9.893407974738616106e-01
9.893281712557702168e-01
9.893286929404956354e-01
9.893423613040916997e-01
9.893690966073190873e-01
9.894087349794542519e-01
9.894610229029893178e-01
9.895256118436795978e-01
9.896020530690584627e-01
9.896897926960128711e-01
9.897881670042851798e-01
9.898963980478966418e-01
9.900135895905759487e-01
9.901387233844934910e-01
9.902706558041625140e-01
9.904081148395260659e-01
9.905496974442755675e-01
9.906938672276268676e-01
9.908389524703785645e-01
9.909831444393553124e-01
9.911244959684969436e-01
9.912609202700715105e-01
9.913901899358916747e-01
9.915099360860645250e-01
9.916176476217483104e-01
9.917106705386030674e-01
9.917862072590657441e-01
9.918413159441896720e-01
9.918729097494753955e-01
9.918777559938021238e-01
9.918524752161633762e-01
9.917935401013450170e-01
9.916972742629055482e-01
9.915598508797990318e-01
9.913772911917075881e-01
9.911454628676338308e-01
9.908600782725762723e-01
9.905166926682014150e-01
9.901107023953659159e-01
9.896373430991483033e-01
9.890916880706912551e-01
9.884686467945770216e-01
9.877629638055114292e-01
9.869692179735817250e-01
9.860818223529805859e-01
9.850950247444829611e-01
9.840029091366768732e-01
9.827993982044552768e-01
9.814782570550319996e-01
9.800330984211487184e-01
9.784573895076448258e-01
9.767444607006233737e-01
9.748875163476127259e-01
9.728796478120431690e-01
9.707138489957751748e-01
9.683830345092320213e-01
9.658800606499136077e-01
9.631977493268543133e-01
9.603289150411984387e-01
9.572663950018539536e-01
9.540030824205901760e-01
9.505319629934431136e-01
9.468461545354006637e-01
9.429389496935763892e-01
9.388038616209689602e-01
9.344346724489456246e-01
9.298254843522885116e-01
9.249707729564724534e-01
9.198654427932952959e-01
9.145048844685319533e-01
9.088850331644294789e-01
9.030024280611201881e-01
8.968542722249366328e-01
8.904384924787324129e-01
8.837537987402378503e-01
8.767997422897895188e-01
8.695767724090994744e-01
8.620862908186297524e-01
8.543307033331966061e-01
8.463134681541288895e-01
8.380391402220759289e-01
8.295134110677302441e-01
8.207431436184706719e-01
8.117364014472868705e-01
8.025024719861716394e-01
7.930518832691269004e-01
7.833964138194717819e-01
7.735490953515479218e-01
7.635242080172277568e-01
7.533372679917711423e-01
7.430050072602707445e-01
7.325453455338937214e-01
7.219773542929694976e-01
7.113212130203749872e-01
7.005981577523920922e-01
6.898304221341580167e-01
6.790411712221375851e-01
6.682544283260722917e-01
6.574949952272830522e-01
6.467883661489528535e-01
6.361606358873610478e-01
6.256384025414427619e-01
6.152486653022596341e-01
6.050187177848549425e-01
5.949760374034656074e-01
5.851481713082298253e-01
5.755626194181934219e-01
5.662467151024659362e-01
5.572275040793531753e-01
5.485316221225842170e-01
5.401851721844823651e-01
5.322136015678509136e-01
5.246415798010570786e-01
5.174928778935131701e-01
5.107902496705857276e-01
5.045553159067044380e-01
4.988084519919782078e-01
4.935686798795885233e-01
4.888535650674368238e-01
4.846791193668613662e-01
4.810597102026424876e-01
4.780079771713449110e-01
4.755347565586799385e-01
4.736490144808364056e-01
4.723577892696636527e-01
4.716661436674792762e-01
4.715771273347535431e-01
4.720917501037006359e-01
4.732089663339394958e-01
4.749256706438590436e-01
4.772367052043705593e-01
4.801348786914571010e-01
4.836109969015250920e-01
4.876539049400502313e-01
4.922505408004314020e-01
4.973860000571312945e-01
5.030436113059258973e-01
5.092050218950221474e-01
5.158502934045660071e-01
5.229580062491657744e-01
5.305053726990561769e-01
5.384683575409009437e-01
5.468218055296220070e-01
5.555395747186528954e-01
5.645946746983188103e-01
5.739594087215826868e-01
5.836055186538480211e-01
5.935043316499992727e-01
6.036269074381785948e-01
6.139441850769833398e-01
6.244271280516242584e-01
6.350468665858668427e-01
6.457748360708428503e-01
6.565829105494169760e-01
6.674435302457890629e-01
6.783298221941619355e-01
6.892157130970950618e-01
7.000760336327047639e-01
7.108866135289714228e-01
7.216243668316175697e-01
7.322673669075887570e-01
7.427949108471427753e-01
7.531875730518845513e-01
7.634272479215375995e-01
7.734971816766513797e-01
7.833819934755880121e-01
7.930676860999535949e-01
8.025416465911701103e-01
8.117926373203940837e-01
8.208107780629418926e-01
8.295875197255327960e-01
8.381156104390519168e-01
8.463890547804800990e-01
8.544030669247888454e-01
8.621540185509093401e-01
8.696393823355939023e-01
8.768576718656134750e-01
8.838083787830829374e-01
8.904919079517711333e-01
8.969095113952605391e-01
9.030632217121280503e-01
9.089557856204252273e-01
9.145905982251737454e-01
9.199716385399600016e-01
9.251034067285632823e-01
9.299908634663807128e-01
9.346393717556272795e-01
9.390546414641497419e-01
9.432426767963199010e-01
9.472097268467843945e-01
9.509622393346015556e-01
9.545068175670352595e-01
9.578501806393603379e-01
9.609991268396497199e-01
9.639605001956720320e-01
9.667411600745891009e-01
9.693479537248635980e-01
9.717876916332887083e-01
9.740671255579149701e-01
9.761929290893757161e-01
9.781716805881934818e-01
9.800098483435661922e-01
9.817137777993711900e-01
9.832896806952379221e-01
9.847436259740676157e-01
9.860815323119933584e-01
9.873091621321342659e-01
9.884321169693882636e-01
9.894558340597346957e-01
9.903855840339688132e-01
9.912264696023738164e-01
9.919834251235279954e-01
9.926612169572005540e-01
9.932644445081174611e-01
9.937975418742388545e-01
9.942647800200612451e-01
9.946702694022767632e-01
9.950179629818112215e-01
9.953116595627191643e-01
9.955550074045170783e-01
9.957515080601561097e-01
9.959045203968597271e-01
9.960172647613635410e-01
9.960928272546250017e-01
9.961341640837910738e-01
9.961441059611252369e-01
9.961253625207810991e-01
9.960805267248756811e-01
9.960120792304230086e-01
9.959223926885385492e-01
9.958137359471237460e-01
9.956882781282019312e-01
9.955480925514207380e-01
9.953951604761157590e-01
9.952313746359020552e-01
9.950585425420880314e-01
9.948783895353333628e-01
9.946925615688544386e-01
9.945026277110480262e-01
9.943100823605109939e-01
9.941163471719249856e-01
9.939227726969576127e-01
9.937306397499937605e-01
9.935411605139651270e-01
9.933554794065877491e-01
9.931746737317930229e-01
9.929997541449002707e-01
9.928316649630303248e-01
9.926712843543380460e-01
9.925194244408158672e-01
9.923768313497141058e-01
9.922441852480674562e-01
9.921221003935103422e-01
9.920111252325858331e-01
9.919117425752431716e-01
9.918243698712930767e-01
9.917493596113940990e-01
9.916869998717968704e-01
9.916375150187052290e-01
9.916010665848142835e-01
9.915777543274501005e-01
9.915676174748051519e-01
9.915706361640783673e-01
9.915867330728916906e-01
9.916157752431469241e-01
9.916575760944811302e-01
9.917118976226299010e-01
9.917784527762686375e-01
9.918569080042325403e-01
9.919468859633810975e-01
9.920479683757553735e-01
9.921596990220710177e-01
9.922815868570182829e-01
9.924131092303286605e-01
9.925537151961660864e-01
9.927028288921586618e-01
9.928598529683618779e-01
9.930241720456771670e-01
9.931951561827984110e-01
9.933721643306215876e-01
9.935545477532614633e-01
9.937416533953471465e-01
9.939328271760914379e-01
9.941274171917034996e-01
9.943247768089940042e-01
9.945242676344364652e-01
9.947252623444559072e-01
9.949271473642519181e-01
9.951293253839956776e-01
9.953312177027316965e-01
9.955322663917508530e-01
9.957319362705754351e-01
9.959297166900181741e-01
9.961251231180558996e-01
9.963176985255176588e-01
9.965070145698494697e-01
9.966926725764992945e-01
9.968743043187843211e-01
9.970515725984722133e-01
9.972241716307117532e-01
9.973918272383972550e-01
9.975542968625028539e-01
9.977113693963621799e-01
9.978628648532386070e-01
9.980086338778026978e-01
9.981485571132259205e-01
9.982825444364887835e-01
9.984105340751016078e-01
9.985324916187304778e-01
9.986484089391487462e-01
9.987583030314961530e-01
9.988622147890142688e-01
9.989602077222697885e-01
9.990523666324311325e-01
9.991387962465039241e-01
9.992196198206637625e-01
9.992949777160777813e-01
9.993650259499993194e-01
9.994299347236110798e-01
9.994898869271801045e-01
9.995450766227048645e-01
9.995957075044322737e-01
9.996419913384417821e-01
9.996841463839150066e-01
9.997223958006641320e-01
9.997569660498606403e-01
9.997880852975291610e-01
