9.997977373366701004e-01
9.997683331819603447e-01
9.997357260048680416e-01
9.996997126243409859e-01
9.996600921993586963e-01
9.996166675036654015e-01
9.995692461468086432e-01
9.995176417314348694e-01
9.994616749404487965e-01
9.994011745510973377e-01
9.993359783761184278e-01
9.992659341346404878e-01
9.991909002574587140e-01
9.991107466325800379e-01
9.990253552975613127e-01
9.989346210851799412e-01
9.988384522284966538e-01
9.987367709304759700e-01
9.986295139021692524e-01
9.985166328721520879e-01
9.983980950685653610e-01
9.982738836738416222e-01
9.981439982510912357e-01
9.980084551402300663e-01
9.978672878213018516e-01
9.977205472420841437e-01
9.975683021069799983e-01
9.974106391243543479e-01
9.972476632098531413e-01
9.970794976438092094e-01
9.969062841815325982e-01
9.967281831160815786e-01
9.965453732939464349e-01
9.963580520849192323e-01
9.961664353082143597e-01
9.959707571176091845e-01
9.957712698489453729e-01
9.955682438337273288e-01
9.953619671827490523e-01
9.951527455436263159e-01
9.949409018358015278e-01
9.947267759659912389e-01
9.945107245261624040e-01
9.942931204749563268e-01
9.940743528020383746e-01
9.938548261731748878e-01
9.936349605519524397e-01
9.934151907920294455e-01
9.931959661916852644e-01
9.929777500003028612e-01
9.927610188643422040e-01
9.925462621984274536e-01
9.923339814654541513e-01
9.921246893481977525e-01
9.919189087938405924e-01
9.917171719121830042e-01
9.915200187081107952e-01
9.913279956291707329e-01
9.911416539098744094e-01
9.909615476955891955e-01
9.907882319305535423e-01
9.906222599966384434e-01
9.904641810919079248e-01
9.903145373407562513e-01
9.901738606303657209e-01
9.900426691713741789e-01
9.899214637839425235e-01
9.898107239138114188e-01
9.897109033864321948e-01
9.896224259108244992e-01
9.895456803484360409e-01
9.894810157659552630e-01
9.894287362947238318e-01
9.893890958230702193e-01
9.893622925514932165e-01
9.893484634440555814e-01
9.893476786125180444e-01
9.893599356724966931e-01
9.893851541131298832e-01
9.894231697232248601e-01
9.894737291174806604e-01
9.895364844060045018e-01
9.896109880488707100e-01
9.896966879348437773e-01
9.897929227196046176e-01
9.898989174539375435e-01
9.900137795264626339e-01
9.901364949388222758e-01
9.902659249239510464e-01
9.904008029104418576e-01
9.905397318283470920e-01
9.906811817442825463e-01
9.908234878067241347e-01
9.909648484761242049e-01
9.911033240091404739e-01
9.912368351620122198e-01
9.913631620750461559e-01
9.914799432983346650e-01
9.915846749182303244e-01
9.916747097447036197e-01
9.917472565214439095e-01
9.917993791233493672e-01
9.918279957097669852e-01
9.918298778064188470e-01
9.918016492942735018e-01
9.917397852896433497e-01
9.916406109064590524e-01
9.915002998989814742e-01
9.913148731911830547e-01
9.910801973077015825e-01
9.907919827307049010e-01
9.904457822172825221e-01
9.900369891231554087e-01
9.895608357906204855e-01
9.890123920717311945e-01
9.883865640716981149e-01
9.876780932122731782e-01
9.868815557302316188e-01
9.859913627417159487e-01
9.850017610187505879e-01
9.839068346392206843e-01
9.827005076854793408e-01
9.813765481789300527e-01
9.799285734478005994e-01
9.783500571322898409e-01
9.766343380347712877e-01
9.747746310222848987e-01
9.727640401837770456e-01
9.705955744351785208e-01
9.682621657513440505e-01
9.657566901851158958e-01
9.630719918104847510e-01
9.602009096992863979e-01
9.571363080094588138e-01
9.538711092280768300e-01
9.503983305746754873e-01
9.467111235303256045e-01
9.428028164160890956e-01
9.386669599013948151e-01
9.342973752790764141e-01
9.296882052998008961e-01
9.248339673148686657e-01
9.197296084333711486e-01
9.143705623578890496e-01
9.087528075227931934e-01
9.028729261212419255e-01
8.967281635716539689e-01
8.903164879423169920e-01
8.836366488244036255e-01
8.766882351195974810e-01
8.694717311893537248e-01
8.619885707991143953e-01
8.542411882831152381e-01
8.462330663542650955e-01
8.379687799893855704e-01
8.294540358331792262e-01
8.206957065848805577e-01
8.117018598596325019e-01
8.024817810521580608e-01
7.930459897728402430e-01
7.834062494754445716e-01
7.735755699506020600e-01
7.635682024189165418e-01
7.533996270210632229e-01
7.430865325682451950e-01
7.326467884835584643e-01
7.220994089318255593e-01
7.114645092009570515e-01
7.007632544606616776e-01
6.900178010833086795e-01
6.792512307660392157e-01
6.684874777423182035e-01
6.577512494146458000e-01
6.470679407781234627e-01
6.364635430373299929e-01
6.259645468469721141e-01
6.155978406308739714e-01
6.053906044549317578e-01
5.953701999486817886e-01
5.855640567881261749e-01
5.759995562703247307e-01
5.667039125287616219e-01
5.577040519581997202e-01
5.490264914389191286e-01
5.406972159729113159e-01
5.327415563684063660e-01
5.251840676335977065e-01
5.180484087645057523e-01
5.113572246347700689e-01
5.051320307153107647e-01
4.993931013681215392e-01
4.941593624694746723e-01
4.894482891223762566e-01
4.852758092150182279e-01
4.816562135703464920e-01
4.786020734110411068e-01
4.761241658338031257e-01
4.742314079468187282e-01
4.729308002748560114e-01
4.722273799782217285e-01
4.721241843655206161e-01
4.726222251068278313e-01
4.737204734747170187e-01
4.754158568567432575e-01
4.777032666957846674e-01
4.805755779253431115e-01
4.840236798766008874e-01
4.880365185438093611e-01
4.926011500052936976e-01
4.977028047097782348e-01
5.033249622523747746e-01
5.094494361819930095e-01
5.160564683023654009e-01
5.231248318527130792e-01
5.306319428815637895e-01
5.385539790586371112e-01
5.468660051054637927e-01
5.555421039659247384e-01
5.645555127837840192e-01
5.738787627062542640e-01
5.834838214914802590e-01
5.933422378645069051e-01
6.034252865417730760e-01
6.137041128294371539e-01
6.241498756968768546e-01
6.347338882343616095e-01
6.454277544238735675e-01
6.562035011848690313e-01
6.670337047026214661e-01
6.778916101056606802e-01
6.887512436302477559e-01
6.995875164931479873e-01
7.103763197880863522e-01
7.210946098248312008e-01
7.317204834412112113e-01
7.422332429356583994e-01
7.526134503890489214e-01
7.628429712675054430e-01
7.729050073202610172e-01
7.827841189064412841e-01
7.924662369996272604e-01
8.019386652273163829e-01
8.111900724021218201e-01
8.202104760911922421e-01
8.289912178485639993e-01
8.375249308009828919e-01
8.458055003304089103e-01
8.538280186355521328e-01
8.615887339802525968e-01
8.690849954485138085e-01
8.763151940249985783e-01
8.832787008065270395e-01
8.899758031255488033e-01
8.964076393318594072e-01
9.025761329353273466e-01
9.084839267615347769e-01
9.141343177155437649e-01
9.195311926880452846e-01
9.246789660744559880e-01
9.295825193126225905e-01
9.342471427800438377e-01
9.386784803282200995e-01
9.428824766709990035e-01
9.468653277865509699e-01
9.506334344396377700e-01
9.541933588826914114e-01
9.575517847512757807e-01
9.607154801319579551e-01
9.636912637484706945e-01
9.664859741852126485e-01
9.691064420453244788e-01
9.715594649234639002e-01
9.738517850605523662e-01
9.759900695387011549e-01
9.779808928687437897e-01
9.798307218198115676e-01
9.815459023396969629e-01
9.831326484159157442e-01
9.845970327300023195e-01
9.859449789613071724e-01
9.871822556011424776e-01
9.883144711433105023e-01
9.893470705227005446e-01
9.902853326796361433e-01
9.911343691339355999e-01
9.918991234591577610e-01
9.925843715542375101e-01
9.931947226166180087e-01
9.937346207280493005e-01
9.942083469713708377e-01
9.946200220037623163e-01
9.949736090190223203e-01
9.952729170382960122e-01
9.955216044751720172e-01
9.957231829270721812e-01
9.958810211502117093e-01
9.959983491800040722e-01
9.960782625625437259e-01
9.961237266656661760e-01
9.961375810400954212e-01
9.961225438023890710e-01
9.960812160119197900e-01
9.960160860141489270e-01
9.959295337221544253e-01
9.958238348080080682e-01
9.957011647753726269e-01
9.955636028848293684e-01
9.954131359041440419e-01
9.952516616570729058e-01
9.950809923464942752e-01
9.949028576306618854e-01
9.947189074351847626e-01
9.945307144878609007e-01
9.943397765685978440e-01
9.941475184721664249e-01
9.939552936872577682e-01
9.937643858010369868e-01
9.935760096438943645e-01
9.933913121941944091e-01
9.932113732673366613e-01
9.930372060172308890e-01
9.928697572812480443e-01
9.927099078017812550e-01
9.925584723587101976e-01
9.924161998473384205e-01
9.922837733358106371e-01
9.921618101347154939e-01
9.920508619096378711e-01
9.919514148649736240e-01
9.918638900244969303e-01
9.917886436310968667e-01
9.917259676849151662e-01
9.916760906359224359e-01
9.916391782438587210e-01
9.916153346155062165e-01
9.916046034264985876e-01
9.916069693323193990e-01
9.916223595707963634e-01
9.916506457562431764e-01
9.916916458633850961e-01
9.917451263973046105e-01
9.918108047438017882e-01
9.918883516927563537e-01
9.919773941252745253e-01
9.920775178536029859e-01
9.921882706010007880e-01
9.923091651070071739e-01
9.924396823418762947e-01
9.925792748124133702e-01
9.927273699401079066e-01
9.928833734913729003e-01
9.930466730389060359e-01
9.932166414327423531e-01
9.933926402594678295e-01
9.935740232683305528e-01
9.937601397435807948e-01
9.939503378032826797e-01
9.941439676059902197e-01
9.943403844480396270e-01
9.945389517356927334e-01
9.947390438179249950e-01
9.949400486672357324e-01
9.951413703974079095e-01
9.953424316086523227e-01
9.955426755520062621e-01
9.957415681062163904e-01
9.959385995616392151e-01
9.961332862069512961e-01
9.963251717156909049e-01
9.965138283308986322e-01
9.966988578473832128e-01
9.968798923924513389e-01
9.970565950072978190e-01
9.972286600326697448e-01
9.973958133038729468e-01
9.975578121616630600e-01
9.977144452870286839e-01
9.978655323692755541e-01
9.980109236181180510e-01
9.981504991316166864e-01
9.982841681327055960e-01
9.984118680876857832e-01
9.985335637203563985e-01
9.986492459353937257e-01
9.987589306641329046e-01
9.988626576450746475e-01
9.989604891502456008e-01
9.990525086670468680e-01
9.991388195435103592e-01
9.992195436030523181e-01
9.992948197329976079e-01
9.993648024494763416e-01
9.994296604399187656e-01
9.994895750834118520e-01
9.995447389487479573e-01
9.995953542701667693e-01
9.996416314015980076e-01
9.996837872516362022e-01
9.997220437034588514e-01
9.997566260263052174e-01
9.997877612878157683e-01
