9.997973433776466967e-01
9.997678461471372069e-01
9.997351300694395926e-01
9.996989903243211906e-01
9.996592244236781610e-01
9.996156335108129509e-01
9.995680236073681835e-01
9.995162067972386266e-01
9.994600023403876765e-01
9.993992377129345961e-01
9.993337495729536224e-01
9.992633846540190934e-01
9.991880005905136031e-01
9.991074666800818793e-01
9.990216645893303937e-01
9.989304890090180411e-01
9.988338482646164085e-01
9.987316648873605374e-01
9.986238761498746896e-01
9.985104345692610295e-01
9.983913083793113374e-01
9.982664819723222616e-01
9.981359563099668764e-01
9.979997493018382126e-01
9.978578961496873401e-01
9.977104496550339707e-01
9.975574804877324064e-01
9.973990774132160952e-01
9.972353474764863446e-01
9.970664161414185545e-01
9.968924273846015982e-01
9.967135437436456247e-01
9.965299463206533925e-01
9.963418347423145249e-01
9.961494270787867311e-01
9.959529597241542076e-01
9.957526872417452601e-01
9.955488821779165942e-01
9.953418348480350675e-01
9.951318530982853350e-01
9.949192620465632242e-01
9.947044038050918413e-01
9.944876371864828091e-01
9.942693373937903090e-01
9.940498956936639763e-01
9.938297190700440265e-01
9.936092298539825896e-01
9.933888653231810473e-01
9.931690772627546071e-01
9.929503314766496835e-01
9.927331072371176068e-01
9.925178966577584694e-01
9.923052039739890251e-01
9.920955447134032212e-01
9.918894447374708712e-01
9.916874391354032481e-01
9.914900709508354115e-01
9.912978897222765040e-01
9.911114498190423117e-01
9.909313085556169520e-01
9.907580240690522233e-01
9.905921529460660624e-01
9.904342475888971986e-01
9.902848533116551666e-01
9.901445051618218418e-01
9.900137244646599610e-01
9.898930150915347115e-01
9.897828594565203364e-01
9.896837142491290429e-01
9.895960059145585408e-01
9.895201258964868574e-01
9.894564256611594333e-01
9.894052115252655044e-01
9.893667393138745325e-01
9.893412088784248049e-01
9.893287585083365698e-01
9.893294592731549653e-01
9.893433093350605390e-01
9.893702282739806897e-01
9.894100514692037995e-01
9.894625245822028514e-01
9.895272981851649385e-01
9.896039225783848092e-01
9.896918428371607179e-01
9.897903941251101623e-01
9.898987973059537593e-01
9.900161548799069067e-01
9.901414472640354125e-01
9.902735294284921164e-01
9.904111278927018036e-01
9.905528380775807662e-01
9.906971220020456270e-01
9.908423063046482016e-01
9.909865805644306747e-01
9.911279958892309505e-01
9.912644637348584364e-01
9.913937549149300921e-01
9.915134987587845838e-01
9.916211823737972608e-01
9.917141499686082939e-01
9.917896021951935204e-01
9.918445954702909129e-01
9.918760412403678783e-01
9.918807051589833002e-01
9.918552061509864348e-01
9.917960153444328464e-01
9.916994548583291103e-01
9.915616964423176194e-01
9.913787599731638256e-01
9.911465118224350723e-01
9.908606631200713721e-01
9.905167679496984512e-01
9.901102215235321191e-01
9.896362583975997218e-01
9.890899508017231279e-01
9.884662071732023270e-01
9.877597709982789409e-01
9.869652200810216103e-01
9.860769663749807679e-01
9.850892565284203872e-01
9.839961733087034812e-01
9.827916380849573974e-01
9.814694145599226482e-01
9.800231139513020384e-01
9.784462018294106667e-01
9.767320068209536243e-01
9.748737313878693689e-01
9.728644648850139909e-01
9.706971990907908854e-01
9.683648463905347725e-01
9.658602607735731205e-01
9.631762617815509131e-01
9.603056615180985967e-01
9.572412947985944331e-01
9.539760524840735778e-01
9.505029180057404936e-01
9.468150070465700674e-01
9.429056103046592474e-01
9.387682392198279935e-01
9.343966745009869568e-01
9.297850172474648733e-01
9.249277424133235392e-01
9.198197543201438453e-01
9.144564438813297391e-01
9.088337471601461992e-01
9.029482048449831710e-01
8.967970221892646032e-01
8.903781289305616742e-01
8.836902386743937798e-01
8.767329072035335846e-01
8.695065891539407454e-01
8.620126924843590777e-01
8.542536301586507452e-01
8.462328684586399863e-01
8.379549713510026088e-01
8.294256403449041803e-01
8.206517492978431250e-01
8.116413736555314618e-01
8.024038136475157845e-01
7.929496110032465683e-01
7.832905588029368538e-01
7.734397041330461908e-01
7.634113432766587160e-01
7.532210092332816131e-01
7.428854514294485067e-01
7.324226075496143018e-01
7.218515674848290375e-01
7.111925294632377437e-01
7.004667484903080998e-01
6.896964772867817395e-01
6.789048999677538276e-01
6.681160587564183295e-01
6.573547740705151243e-01
6.466465583583151933e-01
6.360175240943659603e-01
6.254942863736236980e-01
6.151038605668288639e-01
6.048735555208089032e-01
5.948308628058924796e-01
5.850033425297007650e-01
5.754185062532011230e-01
5.661036975618617406e-01
5.570859708626415552e-01
5.483919689967622357e-01
5.400478002787848508e-01
5.320789155943832505e-01
5.245099862117538203e-01
5.173647829842232815e-01
5.106660576432917598e-01
5.044354269009996283e-01
4.986932600968867479e-01
4.934585711366753502e-01
4.887489154759220300e-01
4.845802929010936122e-01
4.809670568519067713e-01
4.779218310115118662e-01
4.754554338647526412e-01
4.735768118889859268e-01
4.722929819969475806e-01
4.716089837971216836e-01
4.715278421746350590e-01
4.720505406256628733e-01
4.731760057015773624e-01
4.749011028367591258e-01
4.772206437471820939e-01
4.801274054968068805e-01
4.836121612365211764e-01
4.876637225269836451e-01
4.922689930631811706e-01
4.974130335256692348e-01
5.030791371921073951e-01
5.092489158534636573e-01
5.159023954927774991e-01
5.230181211010944686e-01
5.305732699257863505e-01
5.385437723713311087e-01
5.469044397024647175e-01
5.556290976350439781e-01
5.646907248416896952e-01
5.740615953482043343e-01
5.837134237537260351e-01
5.936175121735658422e-01
6.037448977796761040e-01
6.140664998006086783e-01
6.245532648415865751e-01
6.351763093966374951e-01
6.459070584492019318e-01
6.567173790955844748e-01
6.675797081770962205e-01
6.784671729715545663e-01
6.893537040723110021e-01
7.002141396723957634e-01
7.110243205713381309e-01
7.217611753314016054e-01
7.324027951264502345e-01
7.429284979485789586e-01
7.533188819628170441e-01
7.635558679264560222e-01
7.736227307146332777e-01
7.835041201155114043e-01
7.931860711746279158e-01
8.026560044768197288e-01
8.119027168537646943e-01
8.209163630941435086e-01
8.296884293104462849e-01
8.382116986805743242e-01
8.464802103329687188e-01
8.544892121806907381e-01
8.622351085326402931e-01
8.697154033192148193e-01
8.769286397656926857e-01
8.838743373303106221e-01
8.905529266963985169e-01
8.969656835702844999e-01
9.031146619903550610e-01
9.090026277991591908e-01
9.146329928713369251e-01
9.200097506270205061e-01
9.251374132947722817e-01
9.300209513215833557e-01
9.346657352613670922e-01
9.390774804090137318e-01
9.432621943855242774e-01
9.472261278219590297e-01
9.509757282366472220e-01
9.545175971518615743e-01
9.578584504533212973e-01
9.610050819586204440e-01
9.639643301289984034e-01
9.667430478326342058e-01
9.693480750465856000e-01
9.717862143682572951e-01
9.740642091954038184e-01
9.761887244256814977e-01
9.781663295221245669e-01
9.800034837891122841e-01
9.817065237039087622e-01
9.832816521512199870e-01
9.847349294119911445e-01
9.860722657624926279e-01
9.872994155453130860e-01
9.884219725799360257e-01
9.894453667869603786e-01
9.903748619065984027e-01
9.912155541987746066e-01
9.919723720189149718e-01
9.926500761703345166e-01
9.932532609409860935e-01
9.937863557392155878e-01
9.942536272500286376e-01
9.946591820401761153e-01
9.950069695470081799e-01
9.953007853924543680e-01
9.955442749695132543e-01
9.957409372541792258e-01
9.958941288006616377e-01
9.960070678819602508e-01
9.960828387412936635e-01
9.961243959224815869e-01
9.961345686491928086e-01
9.961160652240559354e-01
9.960714774190971843e-01
9.960032848289994689e-01
9.959138591584513200e-01
9.958054684145997149e-01
9.956802809755435080e-01
9.955403695061213476e-01
9.953877146931221498e-01
9.952242087736227205e-01
9.950516588325025724e-01
9.948717898483449007e-01
9.946862474708503266e-01
9.944966005174986634e-01
9.943043431823467282e-01
9.941108969553912322e-01
9.939176122566426574e-01
9.937257697947692314e-01
9.935365816656488436e-01
9.933511922112446824e-01
9.931706786637110040e-01
9.929960516034150864e-01
9.928282552625167234e-01
9.926681677078238453e-01
9.925166009378098009e-01
9.923743009289546224e-01
9.922419476660020443e-01
9.921201551893906734e-01
9.920094716911181942e-01
9.919103796877616341e-01
9.918232962964251831e-01
9.917485736361711934e-01
9.916864993741191237e-01
9.916372974320132316e-01
9.916011288657496925e-01
9.915780929272032251e-01
9.915682283147595477e-01
9.915715146162674687e-01
9.915878739456885915e-01
9.916171727725087148e-01
9.916592239409748322e-01
9.917137888743681184e-01
9.917805799577865677e-01
9.918592630912409502e-01
9.919494604032322860e-01
9.920507531133623269e-01
9.921626845309242659e-01
9.922847631748554775e-01
9.924164659989235249e-01
9.925572417046321094e-01
9.927065141230972944e-01
9.928636856461392490e-01
9.930281406860902438e-01
9.931992491433839776e-01
9.933763698608818471e-01
9.935588540441226968e-01
9.937460486272314819e-01
9.939372995650623821e-01
9.941319550332464727e-01
9.943293685190955911e-01
9.945289017877383397e-01
9.947299277093648584e-01
9.949318329349889911e-01
9.951340204096521536e-01
9.953359117134712442e-01
9.955369492223470340e-01
9.957365980815071627e-01
9.959343479863562720e-01
9.961297147663716878e-01
9.963222417690236199e-01
9.965115010419562935e-01
9.966970943129371818e-01
9.968786537684044546e-01
9.970558426328088863e-01
9.972283555523636656e-01
9.973959187882657229e-01
9.975582902259211293e-01
9.977152592081497406e-01
9.978666462017287131e-01
9.980123023079058298e-01
9.981521086286165856e-01
9.982859755010181635e-01
9.984138416135585059e-01
9.985356730170744655e-01
9.986514620443349699e-01
9.987612261509886125e-01
9.988650066900459645e-01
9.989628676308532906e-01
9.990548942320532921e-01
9.991411916763575096e-01
9.992218836731840970e-01
9.992971110334630813e-01
9.993670302193183863e-01
9.994318118700342701e-01
9.994916393048330905e-01
9.995467070026292644e-01
9.995972190591603246e-01
9.996433876227501791e-01
9.996854313114194035e-01
9.997235736160428043e-01
9.997580412966561303e-01
9.997890627816558018e-01
