9.998001398524828387e-01
9.997710051091099892e-01
9.997386822920490967e-01
9.997029670617627595e-01
9.996636571788278802e-01
9.996205537938629426e-01
9.995734626892377461e-01
9.995221954618956905e-01
9.994665706400874816e-01
9.994064147301242595e-01
9.993415631922273334e-01
9.992718613470487066e-01
9.991971652163631479e-01
9.991173423027472911e-01
9.990322723137736727e-01
9.989418478363918386e-01
9.988459749668370247e-01
9.987445739006920453e-01
9.986375794867476952e-01
9.985249417471837585e-01
9.984066263654313156e-01
9.982826151419745830e-01
9.981529064173915167e-01
9.980175154611682364e-01
9.978764748242839877e-01
9.977298346532804674e-01
9.975776629634781623e-01
9.974200458691857563e-01
9.972570877691218083e-01
9.970889114858072499e-01
9.969156583583443920e-01
9.967374882887362064e-01
9.965545797426698105e-01
9.963671297064505827e-01
9.961753536024848810e-01
9.959794851663227311e-01
9.957797762887605764e-01
9.955764968268085990e-01
9.953699343874443661e-01
9.951603940879402144e-01
9.949481982961757565e-01
9.947336863536935248e-01
9.945172142833248463e-01
9.942991544820154459e-01
9.940798953980235497e-01
9.938598411899791651e-01
9.936394113634279268e-01
9.934190403784712853e-01
9.931991772200362556e-01
9.929802849202207238e-01
9.927628400201371495e-01
9.925473319568022257e-01
9.923342623589657130e-01
9.921241442344064243e-01
9.919175010302135886e-01
9.917148655469708585e-01
9.915167786875963563e-01
9.913237880218970233e-01
9.911364461486579236e-01
9.909553088383006303e-01
9.907809329407765153e-01
9.906138740453619418e-01
9.904546838813487186e-01
9.903039074512173245e-01
9.901620798906876075e-01
9.900297230530241688e-01
9.899073418180887041e-01
9.897954201298611032e-01
9.896944167694824435e-01
9.896047608743001600e-01
9.895268472169188589e-01
9.894610312618770109e-01
9.894076240212630324e-01
9.893668867343210493e-01
9.893390253998216588e-01
9.893241851936042108e-01
9.893224448071142874e-01
9.893338107458409247e-01
9.893582116291291806e-01
9.893954925347571150e-01
9.894454094327465032e-01
9.895076237529907281e-01
9.895816971303067477e-01
9.896670863683798558e-01
9.897631386607547155e-01
9.898690871025569438e-01
9.899840465211073859e-01
9.901070096471663584e-01
9.902368436414016317e-01
9.903722869830624553e-01
9.905119467200020900e-01
9.906542960714078694e-01
9.907976723671129138e-01
9.909402753004425968e-01
9.910801654653902393e-01
9.912152631437068928e-01
9.913433473033677057e-01
9.914620547669313888e-01
9.915688795065975558e-01
9.916611720223013071e-01
9.917361387599540334e-01
9.917908415288969604e-01
9.918221968807349187e-01
9.918269754158857143e-01
9.918018009893605491e-01
9.917431497934250384e-01
9.916473493018242991e-01
9.915105770681686970e-01
9.913288593798538217e-01
9.910980697785177762e-01
9.908139274685577869e-01
9.904719956466220276e-01
9.900676797973024801e-01
9.895962260134428812e-01
9.890527194135207978e-01
9.884320827433625833e-01
9.877290752648556493e-01
9.869382920501168499e-01
9.860541638154478594e-01
9.850709574449909578e-01
9.839827773688324397e-01
9.827835679738833319e-01
9.814671172376422392e-01
9.800270617843629406e-01
9.784568935696422720e-01
9.767499684025245932e-01
9.748995165134425323e-01
9.728986553713420138e-01
9.707404049439463112e-01
9.684177055812019930e-01
9.659234386835302555e-01
9.632504502937331292e-01
9.603915777245254359e-01
9.573396793030098939e-01
9.540876672794085245e-01
9.506285439104529278e-01
9.469554406885056785e-01
9.430616606462390861e-01
9.389407236240180366e-01
9.345864143435187454e-01
9.299928330870518289e-01
9.251544487379990134e-01
9.200661538942365159e-01
9.147233217238435188e-01
9.091218641913271226e-01
9.032582912435299649e-01
8.971297705078868923e-01
8.907341870223374203e-01
8.840702024865648712e-01
8.771373134989475240e-01
8.699359082232641649e-01
8.624673209144002595e-01
8.547338837236150288e-01
8.467389752018509297e-01
8.384870649245377283e-01
8.299837536736787147e-01
8.212358086329077933e-01
8.122511930787186252e-01
8.030390900860637782e-01
7.936099198086794537e-01
7.839753499433093076e-01
7.741482990417368759e-01
7.641429323943246255e-01
7.539746502724888888e-01
7.436600683840276504e-01
7.332169904631736790e-01
7.226643729852941789e-01
7.120222820630361937e-01
7.013118426451372400e-01
6.905551802000368111e-01
6.797753551228900015e-01
6.689962901559860509e-01
6.582426911584725593e-01
6.475399616015968807e-01
6.369141112005357597e-01
6.263916591237175258e-01
6.159995322459612677e-01
6.057649589335474261e-01
5.957153588683784529e-01
5.858782294355975306e-01
5.762810292152751312e-01
5.669510591348176920e-01
5.579153418552120769e-01
5.492004999814976696e-01
5.408326337060944677e-01
5.328371985127657862e-01
5.252388835886597773e-01
5.180614916115124924e-01
5.113278205979154833e-01
5.050595485155606745e-01
4.992771213765739846e-01
4.939996455392713370e-01
4.892447849508287927e-01
4.850286640624367207e-01
4.813657771405531749e-01
4.782689046821870793e-01
4.757490376181857661e-01
4.738153099559460069e-01
4.724749404718401324e-01
4.717331840140382981e-01
4.715932929188183520e-01
4.720564889784338858e-01
4.731219463269781267e-01
4.747867855332951192e-01
4.770460791078193763e-01
4.798928685443140107e-01
4.833181929287473366e-01
4.873111290570197873e-01
4.918588429117678462e-01
4.969466522568978251e-01
5.025581000175536328e-01
5.086750380235761648e-01
5.152777206068552829e-01
5.223449074578332407e-01
5.298539750644846169e-01
5.377810359789669814e-01
5.461010650834978719e-01
5.547880319586792064e-01
5.638150383952713618e-01
5.731544600352265206e-01
5.827780910807083270e-01
5.926572909717694460e-01
6.027631319054936876e-01
6.130665460526785182e-01
6.235384713234990439e-01
6.341499945418380690e-01
6.448724909096921198e-01
6.556777586786285417e-01
6.665381479947694032e-01
6.774266829469357543e-01
6.883171759239251619e-01
6.991843334754148653e-01
7.100038529705569035e-01
7.207525094573954405e-01
7.314082322430188743e-01
7.419501708369091730e-01
7.523587500260631167e-01
7.626157139779736749e-01
7.727041593941411657e-01
7.826085578602507420e-01
7.923147676573260023e-01
8.018100354090854642e-01
8.110829880425668437e-01
8.201236156302971203e-01
8.289232457615831606e-01
8.374745101568507044e-01
8.457713042917263113e-01
8.538087408363029818e-01
8.615830977397248569e-01
8.690917618011065882e-01
8.763331685653700243e-01
8.833067393676571344e-01
8.900128163235559997e-01
8.964525960257062609e-01
9.026280626617955161e-01
9.085419212160218416e-01
9.141975313573542650e-01
9.195988425549612710e-01
9.247503308955733470e-01
9.296569380108072878e-01
9.343240124560341364e-01
9.387572538174830949e-01
9.429626597620835993e-01
9.469464761859845980e-01
9.507151505635426103e-01
9.542752885493802628e-01
9.576336138422870681e-01
9.607969312814591545e-01
9.637720931128846980e-01
9.665659683364781207e-01
9.691854150225933662e-01
9.716372554694737707e-01
9.739282540605894711e-01
9.760650976722006211e-01
9.780543784763409132e-01
9.799025789822364274e-01
9.816160591594232931e-01
9.832010454880456551e-01
9.846636217855395667e-01
9.860097216637695450e-01
9.872451224763468813e-01
9.883754406220673916e-01
9.894061280769667066e-01
9.903424700342521314e-01
9.911895835382567022e-01
9.919524170055067369e-01
9.926357505329695963e-01
9.932441969005456617e-01
9.937822031818427382e-01
9.942540528842157554e-01
9.946638685458857321e-01
9.950156147246225213e-01
9.953131013188614151e-01
9.955599871681369839e-01
9.957597838852176864e-01
9.959158598772164250e-01
9.960314445171273290e-01
9.961096324306354388e-01
9.961533878656437802e-01
9.961655491137691998e-01
9.961488329541573483e-01
9.961058390904744542e-01
9.960390545519999250e-01
9.959508580295803881e-01
9.958435241170010555e-01
9.957192274283124256e-01
9.955800465620100459e-01
9.954279678838726664e-01
9.952648891018549548e-01
9.950926226087764004e-01
9.949128985716834128e-01
9.947273677506506262e-01
9.945376040343539836e-01
9.943451066848606468e-01
9.941513022895871465e-01
9.939575464240835156e-01
9.937651250350115761e-01
9.935752555582112455e-01
9.933890877918847284e-01
9.932077045495266709e-01
9.930321221211331206e-01
9.928632905743308701e-01
9.927020939293141888e-01
9.925493502428108794e-01
9.924058116367417970e-01
9.922721643068109776e-01
9.921490285450463853e-01
9.920369588083914891e-01
9.919364438629486580e-01
9.918479070305233902e-01
9.917717065608443461e-01
9.917081361493932379e-01
9.916574256172656643e-01
9.916197417660488345e-01
9.915951894173966608e-01
9.915838126439080469e-01
9.915855961950819086e-01
9.916004671195639553e-01
9.916282965825956586e-01
9.916689018755019402e-01
9.917220486121630652e-01
9.917874531056674048e-01
9.918647849166833952e-01
9.919536695634877388e-01
9.920536913820144909e-01
9.921643965227437967e-01
9.922852960697327029e-01
9.924158692656424030e-01
9.925555668252636909e-01
9.927038143188472441e-01
9.928600156055510384e-01
9.930235562965811225e-01
9.931938072271498941e-01
9.933701279162525655e-01
9.935518699934556830e-01
9.937383805724075980e-01
9.939290055515869193e-01
9.941230928238568021e-01
9.943199953776533651e-01
9.945190742740319667e-01
9.947197014852884323e-01
9.949212625823989908e-01
9.951231592600520148e-01
9.953248116895367925e-01
9.955256606912001871e-01
9.957251697195690365e-01
9.959228266555730791e-01
9.961181454016013737e-01
9.963106672764036054e-01
9.964999622081256447e-01
9.966856297250641372e-01
9.968672997450543916e-01
9.970446331657700778e-01
9.972173222596193431e-01
9.973850908783505886e-01
9.975476944739166685e-01
9.977049199435547022e-01
9.978565853083806170e-01
9.980025392360313274e-01
9.981426604189498342e-01
9.982768568207625037e-01
9.984050648037793296e-01
9.985272481509179787e-01
9.986433969952818179e-01
9.987535266701832448e-01
9.988576764916125006e-01
9.989559084840192726e-01
9.990483060588725150e-01
9.991349726538448772e-01
9.992160303387578324e-01
9.992916183927202933e-01
9.993618918553444086e-01
9.994270200536419235e-01
9.994871851053361844e-01
9.995425803989506086e-01
9.995934090512399450e-01
9.996398823433410019e-01
9.996822181384186212e-01
9.997206392855025880e-01
9.997553720165415214e-01
9.997866443462792851e-01
