9.997967189370214891e-01
9.997671391978354416e-01
9.997343337749462489e-01
9.996980979080807295e-01
9.996582292736766462e-01
9.996145292925030512e-01
9.995668043833056959e-01
9.995148671514905159e-01
9.994585375055049514e-01
9.993976436970612998e-01
9.993320232844841167e-01
9.992615240211241145e-01
9.991860046728470168e-01
9.991053357700490078e-01
9.990194003004582157e-01
9.989280943492064857e-01
9.988313276923698192e-01
9.987290243494865161e-01
9.986211230995816202e-01
9.985075779640760762e-01
9.983883586587477543e-01
9.982634510157475383e-01
9.981328573756231837e-01
9.979965969484411170e-01
9.978547061424484221e-01
9.977072388583099194e-01
9.975542667467820479e-01
9.973958794277389961e-01
9.972321846687172142e-01
9.970633085215632185e-01
9.968893954163186022e-01
9.967106082121159893e-01
9.965271282055503388e-01
9.963391550976860023e-01
9.961469069215250771e-01
9.959506199323546749e-01
9.957505484638631277e-01
9.955469647532395605e-01
9.953401587386063731e-01
9.951304378320470212e-01
9.949181266711620841e-01
9.947035668514947471e-01
9.944871166413008501e-01
9.942691506790067857e-01
9.940500596523098586e-01
9.938302499562549075e-01
9.936101433258142102e-01
9.933901764365417053e-01
9.931708004648374111e-01
9.929524805973084511e-01
9.927356954767184716e-01
9.925209365701621600e-01
9.923087074434525645e-01
9.920995229243514402e-01
9.918939081362531107e-01
9.916923973833219330e-01
9.914955328679108115e-01
9.913038632213773127e-01
9.911179418301723221e-01
9.909383249402943239e-01
9.907655695248459571e-01
9.906002309014629859e-01
9.904428600887649203e-01
9.902940008936325089e-01
9.901541867240202244e-01
9.900239371250940668e-01
9.899037540397228607e-01
9.897941177977103155e-01
9.896954828416195671e-01
9.896082732006032945e-01
9.895328777272988097e-01
9.894696451165758688e-01
9.894188787287055975e-01
9.893808312433159946e-01
9.893556991742582518e-01
9.893436172791232330e-01
9.893446529005166523e-01
9.893588002791817715e-01
9.893859748814760602e-01
9.894260077854163393e-01
9.894786401703289380e-01
9.895435179549296745e-01
9.896201866273175440e-01
9.897080863078037138e-01
9.898065470817237754e-01
9.899147846344276136e-01
9.900318962146255064e-01
9.901568569453543800e-01
9.902885164942381024e-01
9.904255961067023328e-01
9.905666859976457461e-01
9.907102430890677436e-01
9.908545890735627193e-01
9.909979087766982442e-01
9.911382487852965495e-01
9.912735163037316166e-01
9.914014781966580259e-01
9.915197601741904121e-01
9.916258460744838965e-01
9.917170771989261002e-01
9.917906516566913355e-01
9.918436236781686954e-01
9.918729028606771969e-01
9.918752533148306183e-01
9.918472926858276084e-01
9.917854910307564165e-01
9.916861695406333777e-01
9.915454991043256561e-01
9.913594987206958420e-01
9.911240337752635909e-01
9.908348142084013599e-01
9.904873926135906448e-01
9.900771623165732782e-01
9.895993554993239849e-01
9.890490414466135416e-01
9.884211250074462773e-01
9.877103453786864051e-01
9.869112753335314014e-01
9.860183210328627990e-01
9.850257225725194132e-01
9.839275554337825191e-01
9.827177330173196834e-01
9.813900104519734935e-01
9.799379898785497423e-01
9.783551274146092824e-01
9.766347420086993747e-01
9.747700263910429319e-01
9.727540603220937721e-01
9.705798263303427875e-01
9.682402281162187929e-01
9.657281117798958148e-01
9.630362900074416199e-01
9.601575693222803576e-01
9.570847804777392609e-01
9.538108120319298555e-01
9.503286471088333576e-01
9.466314033097250613e-01
9.427123756974721269e-01
9.385650827332786550e-01
9.341833150016274345e-01
9.295611865149446817e-01
9.246931883453874956e-01
9.195742442875768363e-01
9.141997682135752923e-01
9.085657227404283498e-01
9.026686787916813337e-01
8.965058755980216398e-01
8.900752806491372127e-01
8.833756490796739191e-01
8.764065819474026187e-01
8.691685828420433468e-01
8.616631122492039996e-01
8.538926390861862892e-01
8.458606888254821543e-01
8.375718876280537906e-01
8.290320019222899850e-01
8.202479728860067043e-01
8.112279453180476496e-01
8.019812904227430206e-01
7.925186220743739574e-01
7.828518061792334448e-01
7.729939628091777593e-01
7.629594608416869761e-01
7.527639049063375998e-01
7.424241145049255142e-01
7.319580952409672214e-01
7.213850021625651809e-01
7.107250952892955054e-01
6.999996874576743799e-01
6.892310846797451429e-01
6.784425192645626712e-01
6.676580760022123862e-01
6.569026117541338916e-01
6.462016688319045521e-01
6.355813825795133543e-01
6.250683836020032302e-01
6.146896951069398263e-01
6.044726258453452239e-01
5.944446591564447324e-01
5.846333386369098051e-01
5.750661509710701669e-01
5.657704064746855721e-01
5.567731179219406190e-01
5.481008782437229998e-01
5.397797377050996825e-01
5.318350811910830256e-01
5.242915062518118674e-01
5.171727025804863098e-01
5.105013336188920503e-01
5.042989210049687587e-01
4.985857325935429962e-01
4.933806747936335668e-01
4.887011899726080300e-01
4.845631596775820116e-01
4.809808144169710475e-01
4.779666507290939448e-01
4.755313562396946692e-01
4.736837433758367411e-01
4.724306923598123875e-01
4.717771040536958838e-01
4.717258631634875243e-01
4.722778122420379088e-01
4.734317368531045789e-01
4.751843621758925496e-01
4.775303612414303345e-01
4.804623749002544519e-01
4.839710435263087085e-01
4.880450503657584038e-01
4.926711763427545909e-01
4.978343660379148661e-01
5.035178044604384784e-01
5.097030041421100055e-01
5.163699019917360467e-01
5.234969652625696135e-01
5.310613059036315420e-01
5.390388024892640573e-01
5.474042288504730180e-01
5.561313884672893781e-01
5.651932536243970961e-01
5.745621082833377580e-01
5.842096935846631256e-01
5.941073548632495038e-01
6.042261890405025149e-01
6.145371912491468525e-01
6.250113995504065212e-01
6.356200366201887331e-01
6.463346473107793866e-01
6.571272310376542469e-01
6.679703679972628372e-01
6.788373382905401598e-01
6.897022331079175617e-01
7.005400572235789269e-01
7.113268221485238296e-01
7.220396294020126060e-01
7.326567434774846621e-01
7.431576542001345764e-01
7.535231282968924971e-01
7.637352501235382674e-01
7.737774516158777427e-01
7.836345316503054992e-01
7.932926651116262162e-01
8.027394020709496258e-01
8.119636575721037586e-01
8.209556926099826901e-01
8.297070869573701657e-01
8.382107045572250170e-01
8.464606522445714543e-01
8.544522325957302211e-01
8.621818917226876655e-01
8.696471628371839069e-01
8.768466064031981144e-01
8.837797476787150330e-01
8.904470124189953761e-01
8.968496614752622387e-01
9.029897249761118516e-01
9.088699367255272943e-01
9.144936693926635218e-01
9.198648710061126943e-01
9.249880032007093966e-01
9.298679815995376519e-01
9.345101186490417655e-01
9.389200691622338057e-01
9.431037787650260462e-01
9.470674353845626170e-01
9.508174238668151146e-01
9.543602837641316228e-01
9.577026702922204482e-01
9.608513184203528734e-01
9.638130100283655022e-01
9.665945440391645604e-01
9.692027094156101530e-01
9.716442608954976023e-01
9.739258973274166342e-01
9.760542424630545000e-01
9.780358280574970031e-01
9.798770791277607861e-01
9.815843012206474372e-01
9.831636695435882478e-01
9.846212198160245732e-01
9.859628407036794551e-01
9.871942677035285829e-01
9.883210783531265475e-01
9.893486886440278072e-01
9.902823505252322800e-01
9.911271503888168244e-01
9.918880084361547667e-01
9.925696788293585371e-01
9.931767505388013895e-01
9.937136488037938697e-01
9.941846371296677587e-01
9.945938197506427603e-01
9.949451444938446354e-01
9.952424059856327387e-01
9.954892491468779747e-01
9.956891729289079063e-01
9.958455342463873317e-01
9.959615520673462674e-01
9.960403116238306653e-01
9.960847687092008185e-01
9.960977540299593702e-01
9.960819775811987631e-01
9.960400330154364212e-01
9.959744019748938415e-01
9.958874583573501527e-01
9.957814724857632083e-01
9.956586151520971928e-01
9.955209615064140038e-01
9.953704947634429701e-01
9.952091097006557918e-01
9.950386159244181128e-01
9.948607408840878241e-01
9.946771326179449924e-01
9.944893622194852512e-01
9.942989260177597099e-01
9.941072474709303775e-01
9.939156787778490321e-01
9.937255022180582209e-01
9.935379312359655657e-01
9.933541112898642833e-01
9.931751204908255692e-01
9.930019700601142585e-01
9.928356046366133558e-01
9.926769024677063458e-01
9.925266755181486600e-01
9.923856695316772836e-01
9.922545640795031874e-01
9.921339726284871263e-01
9.920244426598106013e-01
9.919264558664385723e-01
9.918404284547491789e-01
9.917667115725135041e-01
9.917055918820669724e-01
9.916572922941329082e-01
9.916219728744528616e-01
9.915997319322090719e-01
9.915906072962700213e-01
9.915945777825665441e-01
9.916115648534422622e-01
9.916414344675951176e-01
9.916839991172220481e-01
9.917390200471497552e-01
9.918062096490514179e-01
9.918852340222539254e-01
9.919757156911199747e-01
9.920772364674943500e-01
9.921893404452576393e-01
9.923115371126058903e-01
9.924433045663221264e-01
9.925840928110459815e-01
9.927333271254192848e-01
9.928904114760518373e-01
9.930547319595350864e-01
9.932256602522836486e-01
9.934025570478257627e-01
9.935847754612986416e-01
9.937716643813377937e-01
9.939625717502496016e-01
9.941568477543003546e-01
9.943538479070908043e-01
9.945529360102731697e-01
9.947534869772526323e-01
9.949548895069559862e-01
9.951565485962113877e-01
9.953578878807247676e-01
9.955583517960647777e-01
9.957574075514434853e-01
9.959545469104386095e-01
9.961492877741241481e-01
9.963411755634012934e-01
9.965297843986464787e-01
9.967147180761466441e-01
9.968956108421747064e-01
9.970721279669836346e-01
9.972439661224549168e-01
9.974108535686168064e-01
9.975725501557280994e-01
9.977288471500688205e-01
9.978795668929552054e-01
9.980245623037455882e-01
9.981637162386883810e-01
9.982969407183140964e-01
9.984241760366531215e-01
9.985453897658130851e-01
9.986605756693537339e-01
9.987697525374260588e-01
9.988729629558084078e-01
9.989702720197976005e-01
9.990617660024608826e-01
9.991475509850938908e-01
9.992277514559778639e-01
9.993025088817952817e-01
9.993719802544924757e-01
9.994363366150921246e-01
9.994957615550925656e-01
9.995504496957412499e-01
9.996006051457024810e-01
9.996464399384913380e-01
9.996881724524901980e-01
9.997260258183238157e-01
9.997602263207431283e-01
9.997910018047660996e-01
