9.997986902052503622e-01
9.997694043767431094e-01
9.997369241633994319e-01
9.997010461902682277e-01
9.996615693133922287e-01
9.996182958949657582e-01
9.995710330272741251e-01
9.995195936953107374e-01
9.994637978715353865e-01
9.994034735396049030e-01
9.993384576469157565e-01
9.992685969882805219e-01
9.991937490249590548e-01
9.991137826445053438e-01
9.990285788675126177e-01
9.989380315073715932e-01
9.988420477886986726e-01
9.987405489292418004e-01
9.986334706889646862e-01
9.985207638887603210e-01
9.984023948999658504e-01
9.982783461046587092e-01
9.981486163256693134e-01
9.980132212244209322e-01
9.978721936641357093e-01
9.977255840356327177e-01
9.975734605428978607e-01
9.974159094457970554e-01
9.972530352577068102e-01
9.970849608964147404e-01
9.969118277873458833e-01
9.967337959189679353e-01
9.965510438510558622e-01
9.963637686773266777e-01
9.961721859447291161e-01
9.959765295323544931e-01
9.957770514934813910e-01
9.955740218646363937e-01
9.953677284457123076e-01
9.951584765551031442e-01
9.949465887634678651e-01
9.947324046091045036e-01
9.945162802969986782e-01
9.942985883824139171e-01
9.940797174384193857e-01
9.938600717050545263e-01
9.936400707159259715e-01
9.934201488959927273e-01
9.932007551221740949e-01
9.929823522362816179e-01
9.927654164977107731e-01
9.925504369614085443e-01
9.923379147649349363e-01
9.921283623070353830e-01
9.919223022991026095e-01
9.917202666702835678e-01
9.915227953068178612e-01
9.913304346065049399e-01
9.911437358299902689e-01
9.909632532318166653e-01
9.907895419558905292e-01
9.906231556821007977e-01
9.904646440132627294e-01
9.903145495942750065e-01
9.901734049583155173e-01
9.900417290980153551e-01
9.899200237627874266e-01
9.898087694868239472e-01
9.897084213556870402e-01
9.896194045228903224e-01
9.895421094914016447e-01
9.894768871785721842e-01
9.894240437866094195e-01
9.893838355043138577e-01
9.893564630693520989e-01
9.893420662237472074e-01
9.893407180984374882e-01
9.893524195655437614e-01
9.893770935992549642e-01
9.894145796878253130e-01
9.894646283399286535e-01
9.895268957283971378e-01
9.896009385130793978e-01
9.896862088821296588e-01
9.897820498474722006e-01
9.898876908255315188e-01
9.900022435286874867e-01
9.901246981864619823e-01
9.902539201083967457e-01
9.903886465931709404e-01
9.905274841810032260e-01
9.906689062390519052e-01
9.908112508626197856e-01
9.909527190687227316e-01
9.910913732531706488e-01
9.912251358779021748e-01
9.913517883519901153e-01
9.914689700675657358e-01
9.915741775508905009e-01
9.916647636889280859e-01
9.917379369929724131e-01
9.917907608631110206e-01
9.918201528204779738e-01
9.918228836782940760e-01
9.917955766275688978e-01
9.917347062189764140e-01
9.916365972288341268e-01
9.914974234042759349e-01
9.913132060906755250e-01
9.910798127531659230e-01
9.907929554137854256e-01
9.904481890364024155e-01
9.900409099031932669e-01
9.895663540390718937e-01
9.890195957540873772e-01
9.883955463883355996e-01
9.876889533592241310e-01
9.868943996267568464e-01
9.860063037085557980e-01
9.850189203922029568e-01
9.839263423076881621e-01
9.827225025367458677e-01
9.814011784480586309e-01
9.799559969571076667e-01
9.783804414162545759e-01
9.766678603439243878e-01
9.748114782010515178e-01
9.728044084178981699e-01
9.706396688647309645e-01
9.683101999455530073e-01
9.658088854751695207e-01
9.631285764765191715e-01
9.602621180076905683e-01
9.572023790967858492e-01
9.539422858282230466e-01
9.504748575867135729e-01
9.467932464255144343e-01
9.428907794841759893e-01
9.387610043383913805e-01
9.343977371211937832e-01
9.297951132111177408e-01
9.249476402394861685e-01
9.198502531261587567e-01
9.144983708113274545e-01
9.088879543107282188e-01
9.030155656834464306e-01
8.968784274658480049e-01
8.904744820926067117e-01
8.838024507969078902e-01
8.768618914572872125e-01
8.696532548388189454e-01
8.621779386620970209e-01
8.544383389252288019e-01
8.464378979024026473e-01
8.381811482479234465e-01
8.296737526472793833e-01
8.209225384769902600e-01
8.119355269627446248e-01
8.027219563605072494e-01
7.932922987275461413e-01
7.836582698991354512e-01
7.738328323413132814e-01
7.638301906095699145e-01
7.536657792066044914e-01
7.433562426981182858e-01
7.329194080126734123e-01
7.223742489185921434e-01
7.117408427364388945e-01
7.010403194085625955e-01
6.902948031064529699e-01
6.795273466114537531e-01
6.687618587540791193e-01
6.580230252415049108e-01
6.473362232417345652e-01
6.367274301267662473e-01
6.262231268062419254e-01
6.158501961083925336e-01
6.056358166872984894e-01
5.956073529556210611e-01
5.857922415608505240e-01
5.762178749416726475e-01
5.669114825198846574e-01
5.579000101029950587e-01
5.492099980933510261e-01
5.408674591214194249e-01
5.328977557433445256e-01
5.253254788655921104e-01
5.181743275815415828e-01
5.114669911253554302e-01
5.052250336661709973e-01
4.994687826794993457e-01
4.942172216414555397e-01
4.894878877940056494e-01
4.852967757247811376e-01
4.816582474924478996e-01
4.785849500075340934e-01
4.760877403486912796e-01
4.741756196556419223e-01
4.728556761926915319e-01
4.721330381212027749e-01
4.720108364565203107e-01
4.724901786153552496e-01
4.735701328845881575e-01
4.752477240629009447e-01
4.775179404436138419e-01
4.803737522217149669e-01
4.838061413212318973e-01
4.878041425516610463e-01
4.923548959150261251e-01
4.974437097987161049e-01
5.030541347043033795e-01
5.091680470793527036e-01
5.157657427382473792e-01
5.228260392796655331e-01
5.303263868328784714e-01
5.382429863929386604e-01
5.465509149366689634e-01
5.552242564476519426e-01
5.642362379200243083e-01
5.735593693585615549e-01
5.831655867473167776e-01
5.930263969219731202e-01
6.031130232532022628e-01
6.133965510307175517e-01
6.238480714314511566e-01
6.344388229612161201e-01
6.451403292780947263e-01
6.559245323380709092e-01
6.667639198493182651e-01
6.776316460809725939e-01
6.885016451446526187e-01
6.993487359517134294e-01
7.101487181450526487e-01
7.208784584098093529e-01
7.315159666807897754e-01
7.420404618839822053e-01
7.524324269729709691e-01
7.626736531462153801e-01
7.727472732557945090e-01
7.826377845400678268e-01
7.923310609296584373e-01
8.018143552862218026e-01
8.110762920347971416e-01
8.201068507415957276e-01
8.288973412685320952e-01
8.374403712026192714e-01
8.457298063118374731e-01
8.537607248187681908e-01
8.615293663091426746e-01
8.690330761045943486e-01
8.762702459278819411e-01
8.832402516753682375e-01
8.899433890865988683e-01
8.963808080656154864e-01
9.025544463645038817e-01
9.084669632881007262e-01
9.141216740213113923e-01
9.195224851187183690e-01
9.246738316316409634e-01
9.295806162820733354e-01
9.342481510273801248e-01
9.386821012955559596e-01
9.428884331093926319e-01
9.468733632599733996e-01
9.506433126363084130e-01
9.542048627691807061e-01
9.575647156037750962e-01
9.607296564775964498e-01
9.637065202475726400e-01
9.665021604829672208e-01
9.691234216185450334e-01
9.715771139450037897e-01
9.738699913005857134e-01
9.760087313185580316e-01
9.779999180793942370e-01
9.798500270135273027e-01
9.815654118999764810e-01
9.831522938075446527e-01
9.846167518282200604e-01
9.859647154565535088e-01
9.872019584738103148e-01
9.883340942013898456e-01
9.893665719941664438e-01
9.903046748509150010e-01
9.911535180257389221e-01
9.919180485313601192e-01
9.926030454322195551e-01
9.932131208325286620e-01
9.937527214716693758e-01
9.942261308466086023e-01
9.946374717881880656e-01
9.949907094251890793e-01
9.952896544768243814e-01
9.955379668206563171e-01
9.957391592887449017e-01
9.958966016499631868e-01
9.960135247407855275e-01
9.960930247103735313e-01
9.961380673484351300e-01
9.961514924661406534e-01
9.961360183014051906e-01
9.960942459202442034e-01
9.960286635858233151e-01
9.959416510664845790e-01
9.958354838536439546e-01
9.957123372602639799e-01
9.955742903708095781e-01
9.954233298143804198e-01
9.952613533342191676e-01
9.950901731290958674e-01
9.949115189451979147e-01
9.947270409010661174e-01
9.945383120327266901e-01
9.943468305513315508e-01
9.941540218111656335e-01
9.939612399916064600e-01
9.937697695023240962e-01
9.935808261264835739e-01
9.933955579217695897e-01
9.932150459035277157e-01
9.930403045380843396e-01
9.928722820772617474e-01
9.927118607672070771e-01
9.925598569658672377e-01
9.924170212038031513e-01
9.922840382225800449e-01
9.921615270237881257e-01
9.920500409599243286e-01
9.919500678960261331e-01
9.918620304682034261e-01
9.917862864621938002e-01
9.917231293318833352e-01
9.916727888744997221e-01
9.916354320759848129e-01
9.916111641369675933e-01
9.916000296868322517e-01
9.916020141906446428e-01
9.916170455511696957e-01
9.916449959058745156e-01
9.916856836166445532e-01
9.917388754479131707e-01
9.918042889269806928e-01
9.918815948784529546e-01
9.919704201229312401e-01
9.920703503283320179e-01
9.921809330005040284e-01
9.923016805981700328e-01
9.924320737556683314e-01
9.925715645955714983e-01
9.927195801120352048e-01
9.928755256047587796e-01
9.930387881427369390e-01
9.932087400366003127e-01
9.933847422982873265e-01
9.935661480670698875e-01
9.937523059815497328e-01
9.939425634781209329e-01
9.941362699975131445e-01
9.943327800823302809e-01
9.945314563499364491e-01
9.947316723265400285e-01
9.949328151298614253e-01
9.951342879892788318e-01
9.953355125938163628e-01
9.955359312597512611e-01
9.957350089109667790e-01
9.959322348664763069e-01
9.961271244308099737e-01
9.963192202842063860e-01
9.965080936708141657e-01
9.966933453843969115e-01
9.968746065523738098e-01
9.970515392204145622e-01
9.972238367412479265e-01
9.973912239728145446e-01
9.975534572923866472e-01
9.977103244347407252e-01
9.978616441638715751e-01
9.980072657890184384e-01
9.981470685368871720e-01
9.982809607928322393e-01
9.984088792243571708e-01
9.985307878005595938e-01
9.986466767210420148e-01
9.987565612673231508e-01
9.988604805889196303e-01
9.989584964350491925e-01
9.990506918413942783e-01
9.991371697796465057e-01
9.992180517757216496e-01
9.992934765007348563e-01
9.993635983371842446e-01
9.994285859214432355e-01
9.994886206627497938e-01
9.995438952384947395e-01
9.995946120658363299e-01
9.996409817505269579e-01
9.996832215153138579e-01
9.997215536123003066e-01
9.997562037260965262e-01
9.997873993772999901e-01
