9.997979386432258586e-01
9.997685172757152516e-01
9.997358833481956308e-01
9.996998321267972498e-01
9.996601611629626349e-01
9.996166715908311184e-01
9.995691693729779059e-01
9.995174664838112344e-01
9.994613820235170865e-01
9.994007432588629669e-01
9.993353865902371291e-01
9.992651584468793535e-01
9.991899161142462349e-01
9.991095284988131819e-01
9.990238768363458588e-01
9.989328553498190155e-01
9.988363718628098242e-01
9.987343483734419936e-01
9.986267215929316432e-01
9.985134434516016455e-01
9.983944815740062317e-01
9.982698197236387072e-01
9.981394582166667195e-01
9.980034143033074123e-01
9.978617225148589398e-01
9.977144349740579843e-01
9.975616216663355518e-01
9.974033706696808776e-01
9.972397883411581176e-01
9.970709994586318681e-01
9.968971473168914965e-01
9.967183937780867975e-01
9.965349192771510989e-01
9.963469227836465603e-01
9.961546217221850519e-01
9.959582518542035023e-01
9.957580671243725368e-01
9.955543394752521813e-01
9.953473586339365298e-01
9.951374318743364533e-01
9.949248837583910543e-01
9.947100558588765074e-01
9.944933064655803179e-01
9.942750102754337460e-01
9.940555580657606249e-01
9.938353563481411301e-01
9.936148269985297654e-01
9.933944068572768682e-01
9.931745472906200467e-01
9.929557137031316261e-01
9.927383849885761391e-01
9.925230529047489592e-01
9.923102213561966201e-01
9.921004055673329214e-01
9.918941311274380723e-01
9.916919328883968543e-01
9.914943536958522596e-01
9.913019429347352807e-01
9.911152548708812571e-01
9.909348467716621034e-01
9.907612767902046480e-01
9.905951015997971343e-01
9.904368737674645873e-01
9.902871388583470713e-01
9.901464322654142114e-01
9.900152757621276667e-01
9.898941737788917727e-01
9.897836094074853319e-01
9.896840401411199917e-01
9.895958933613191455e-01
9.895195615864470495e-01
9.894553975004272139e-01
9.894037087839615552e-01
9.893647527743402170e-01
9.893387309836828569e-01
9.893257835090544239e-01
9.893259833712706453e-01
9.893393308221810623e-01
9.893657476626551706e-01
9.894050716152239522e-01
9.894570507961825134e-01
9.895213383318088862e-01
9.895974871620706326e-01
9.896849450727258635e-01
9.897830499930514447e-01
9.898910255916060219e-01
9.900079771965532016e-01
9.901328880603134097e-01
9.902646159808711213e-01
9.904018902842119942e-01
9.905433091643576216e-01
9.906873373695926910e-01
9.908323042160174232e-01
9.909764019027476056e-01
9.911176840971538393e-01
9.912540647536475236e-01
9.913833171258140675e-01
9.915030729292472200e-01
9.916108216112763385e-01
9.917039096839054269e-01
9.917795400776484582e-01
9.918347714764925716e-01
9.918665175978615967e-01
9.918715463861096371e-01
9.918464790936596387e-01
9.917877892303431642e-01
9.916918013687483491e-01
9.915546898014000465e-01
9.913724770543693721e-01
9.911410322714580001e-01
9.908560694934310797e-01
9.905131458679306000e-01
9.901076598377025473e-01
9.896348493676336844e-01
9.890897902847910483e-01
9.884673948201159188e-01
9.877624104555207118e-01
9.869694191956426277e-01
9.860828373991638029e-01
9.850969163200054002e-01
9.840057435234293992e-01
9.828032453555931580e-01
9.814831906568645126e-01
9.800391959186212087e-01
9.784647320897846834e-01
9.767531332424213009e-01
9.748976073049587798e-01
9.728912490665257984e-01
9.707270556464067113e-01
9.683979446084862719e-01
9.658967748818595433e-01
9.632163706256489100e-01
9.603495481487613894e-01
9.572891459641830192e-01
9.540280580228805984e-01
9.505592701349449003e-01
9.468758995457573491e-01
9.429712375932394197e-01
9.388387953291423837e-01
9.344723519433827397e-01
9.298660057861061201e-01
9.250142277379662659e-01
9.199119166355045341e-01
9.145544564160071888e-01
9.089377746052876850e-01
9.030584017330138824e-01
8.969135312240101854e-01
8.905010792809812115e-01
8.838197442449060581e-01
8.768690648945526300e-01
8.696494771267485602e-01
8.621623684448213032e-01
8.544101296745413299e-01
8.463962033254623929e-01
8.381251280211996502e-01
8.296025784352112353e-01
8.208354001892814722e-01
8.118316392001350135e-01
8.026005649953499299e-01
7.931526875626143669e-01
7.834997673458596879e-01
7.736548180571944933e-01
7.636321020338675547e-01
7.534471179336794666e-01
7.431165806290294107e-01
7.326583932278695199e-01
7.220916112178259461e-01
7.114363987963271407e-01
7.007139775135183823e-01
6.899465674148924643e-01
6.791573209261211330e-01
6.683702497728092329e-01
6.576101452725244823e-01
6.469024923753892153e-01
6.362733778629743320e-01
6.257493931437236867e-01
6.153575321073523341e-01
6.051250845214721785e-01
5.950795254720562255e-01
5.852484013662754281e-01
5.756592130326481094e-01
5.663392964700750820e-01
5.573157018149466069e-01
5.486150711143504832e-01
5.402635155136820133e-01
5.322864924884722626e-01
5.247086837725707387e-01
5.175538746572054816e-01
5.108448353570482769e-01
5.046032051590148004e-01
4.988493800860688276e-01
4.936024048203569992e-01
4.888798696364980989e-01
4.846978130955174047e-01
4.810706312418762121e-01
4.780109940294541282e-01
4.755297696766694893e-01
4.736359576159701046e-01
4.723366306586397334e-01
4.716368869425474619e-01
4.715398121687546240e-01
4.720464525633699671e-01
4.731557989248461604e-01
4.748647820349403137e-01
4.771682796250258374e-01
4.800591349994993706e-01
4.835281873257577523e-01
4.875643135067562195e-01
4.921544814584150052e-01
4.972838145210959349e-01
5.029356666426774147e-01
5.090917078812194907e-01
5.157320196883763419e-01
5.228351993511479723e-01
5.303784728898184309e-01
5.383378156345872689e-01
5.466880796329820491e-01
5.554031269754089450e-01
5.644559680677900815e-01
5.738189038290515409e-01
5.834636707480941320e-01
5.933615877007746287e-01
6.034837034033035952e-01
6.138009433652371616e-01
6.242842552038039283e-01
6.349047511923864295e-01
6.456338469401039504e-01
6.564433951370232112e-01
6.673058133505372913e-01
6.781942049227452918e-01
6.890824720956165717e-01
6.999454205795114792e-01
7.107588548800221062e-01
7.214996638066355494e-01
7.321458957026326653e-01
7.426768230570194307e-01
7.530729962840039260e-01
7.633162865813980513e-01
7.733899179041268113e-01
7.832784882105776614e-01
7.929679802557119128e-01
8.024457623137521978e-01
8.117005793130911417e-01
8.207225349553254334e-01
8.295030654677253423e-01
8.380349057030661575e-01
8.463120483518846715e-01
8.543296970695155590e-01
8.620842143436977523e-01
8.695730649383073274e-01
8.767947557454568441e-01
8.837487728625446071e-01
8.904355166838864299e-01
8.968562357595190049e-01
9.030129601279939244e-01
9.089084347769962324e-01
9.145460538269326589e-01
9.199297959698801153e-01
9.250641616309778215e-01
9.299541122530230464e-01
9.346050120390756444e-01
9.390225724235671256e-01
9.432127994808666704e-01
9.471819444223985585e-01
9.509364572800002025e-01
9.544829438247959263e-01
9.578281257278149496e-01
9.609788039310752650e-01
9.639418251659143122e-01
9.667240515288326730e-01
9.693323330037779684e-01
9.717734828032663641e-01
9.740542553885855881e-01
9.761813270210609739e-01
9.781612786914637425e-01
9.800005812726007015e-01
9.817055827404117530e-01
9.832824973110675382e-01
9.847373963451568901e-01
9.860762008747241403e-01
9.873046756143463165e-01
9.884284243233846246e-01
9.894528863928294671e-01
9.903833345366493957e-01
9.912248734741810896e-01
9.919824394968133063e-01
9.926608008189965471e-01
9.932645586204463806e-01
9.937981486932708775e-01
9.942658436146207812e-01
9.946717553722669303e-01
9.950198383771854393e-01
9.953138928036655564e-01
9.955575682035388008e-01
9.957543673467302847e-01
9.959076502453314550e-01
9.960206383226918314e-01
9.960964186925422847e-01
9.961379485158696756e-01
9.961480594051708159e-01
9.961294618468898854e-01
9.960847496134100920e-01
9.960164041360781706e-01
9.959267988105852121e-01
9.958182032058326971e-01
9.956927871473715275e-01
9.955526246468457963e-01
9.953996976497545557e-01
9.952358995754112536e-01
9.950630386253104254e-01
9.948828408392386136e-01
9.946969528823471629e-01
9.945069445509779893e-01
9.943143109901487753e-01
9.941204746211056431e-01
9.939267867830497982e-01
9.937345290988286450e-01
9.935449145798576076e-01
9.933590884906066121e-01
9.931781289974904725e-01
9.930030476307856180e-01
9.928347895911773247e-01
9.926742339346363853e-01
9.925221936705150849e-01
9.923794158080533334e-01
9.922465813859367989e-01
9.921243055182300541e-01
9.920131374880266639e-01
9.919135609176261692e-01
9.918259940411038311e-01
9.917507901019181338e-01
9.916882378948271848e-01
9.916385624679945332e-01
9.916019259978389178e-01
9.915784288460246509e-01
9.915681108050445891e-01
9.915709525361434684e-01
9.915868772008875620e-01
9.916157522854699424e-01
9.916573916148387902e-01
9.917115575518882231e-01
9.917779633752188406e-01
9.918562758273155033e-01
9.919461178233666132e-01
9.920470713093404447e-01
9.921586802563429064e-01
9.922804537767173638e-01
9.924118693458487961e-01
9.925523761122378996e-01
9.927013982771757394e-01
9.928583385243290316e-01
9.930225814787831951e-01
9.931934971746354535e-01
9.933704445100954850e-01
9.935527746692564000e-01
9.937398344902231839e-01
9.939309697601020899e-01
9.941255284184329355e-01
9.943228636519110264e-01
9.945223368646655127e-01
9.947233205098606756e-01
9.949252007699223022e-01
9.951273800742219677e-01
9.953292794445445235e-01
9.955303406600978233e-01
9.957300282352020693e-01
9.959278312041168757e-01
9.961232647087432390e-01
9.963158713862009241e-01
9.965052225545402154e-01
9.966909191961287329e-01
9.968725927395741815e-01
9.970499056424018125e-01
9.972225517781141413e-01
9.973902566326953156e-01
9.975527773170757007e-01
9.977099024034981056e-01
9.978614515950973152e-01
9.980072752392655788e-01
9.981472536964706155e-01
9.982812965770749836e-01
9.984093418593147362e-01
9.985313549018858259e-01
9.986473273645273263e-01
9.987572760495618818e-01
9.988612416765513258e-01
9.989592876010860989e-01
9.990514984872937987e-01
9.991379789420113955e-01
9.992188521168117177e-01
9.992942582823403086e-01
9.993643533778241439e-01
9.994293075373040791e-01
9.994893035932395087e-01
9.995445355577391444e-01
9.995952070818628910e-01
9.996415298942469274e-01
9.996837222217040964e-01
9.997220071963904831e-01
9.997566112564731933e-01
9.997877625498399201e-01
