9.997980863246062055e-01
9.997686834680235002e-01
9.997360695160505406e-01
9.997000397412245665e-01
9.996603916892361497e-01
9.996169264761525231e-01
9.995694500342222621e-01
9.995177742955544398e-01
9.994617183065489519e-01
9.994011092693632081e-01
9.993357835097653741e-01
9.992655873732972927e-01
9.991903780536567359e-01
9.991100243585657736e-01
9.990244074191231283e-01
9.989334213487870429e-01
9.988369738577869139e-01
9.987349868280137599e-01
9.986273968524210787e-01
9.985141557417877012e-01
9.983952310004720054e-01
9.982706062716273365e-01
9.981402817513201908e-01
9.980042745701682705e-01
9.978626191405201018e-01
9.977153674668569616e-01
9.975625894170022656e-01
9.974043729518592416e-01
9.972408243117411031e-01
9.970720681578620903e-01
9.968982476681976790e-01
9.967195245876414589e-01
9.965360792331475759e-01
9.963481104553123524e-01
9.961558355585554692e-01
9.959594901826950286e-01
9.957593281492019832e-01
9.955556212757561418e-01
9.953486591628533109e-01
9.951387489561147603e-01
9.949262150875937127e-01
9.947113989987499405e-01
9.944946588468607240e-01
9.942763691954589200e-01
9.940569206879589226e-01
9.938367197019637445e-01
9.936161879798959262e-01
9.933957622295941370e-01
9.931758936864476528e-01
9.929570476265490164e-01
9.927397028183225780e-01
9.925243508982004581e-01
9.923114956542498089e-01
9.921016522002680249e-01
9.918953460218383755e-01
9.916931118752070340e-01
9.914954925196642899e-01
9.913030372643921728e-01
9.911163003114966674e-01
9.909358388781517313e-01
9.907622110824250150e-01
9.905959735793812282e-01
9.904376789364323086e-01
9.902878727395528768e-01
9.901470904248705907e-01
9.900158538332134439e-01
9.898946674884181451e-01
9.897840146035518094e-01
9.896843528226411113e-01
9.895961097090530956e-01
9.895196779952994959e-01
9.894554106127472215e-01
9.894036155234854357e-01
9.893645503803885077e-01
9.893384170451563486e-01
9.893253559977372991e-01
9.893254406739060425e-01
9.893386717707618461e-01
9.893649715623605845e-01
9.894041782694341647e-01
9.894560405280267146e-01
9.895202120017391190e-01
9.895962461810158262e-01
9.896835914104569198e-01
9.897815861814874827e-01
9.898894547229060148e-01
9.900063029159704708e-01
9.901311145539278824e-01
9.902627479584669157e-01
9.903999329577186650e-01
9.905412682224190579e-01
9.906852189489702143e-01
9.908301148706551986e-01
9.909741485714360643e-01
9.911153740708024129e-01
9.912517056432340601e-01
9.913809168320948384e-01
9.915006396153017709e-01
9.916083636789148059e-01
9.917014357548912251e-01
9.917770589805851023e-01
9.918322922400923947e-01
9.918640494511675731e-01
9.918690987660749858e-01
9.918440616603156901e-01
9.917854118896114457e-01
9.916894743027738768e-01
9.915524235061143887e-01
9.913702823838342892e-01
9.911389204883950255e-01
9.908540523252147292e-01
9.905112355672125446e-01
9.901058692467424871e-01
9.896331919853373904e-01
9.890882803353979735e-01
9.884660473224352595e-01
9.877612412915776074e-01
9.869684451775766476e-01
9.860820763331963335e-01
9.850963870662805544e-01
9.840054660505161976e-01
9.828032407884221833e-01
9.814834813168576977e-01
9.800398053547630939e-01
9.784656850993690425e-01
9.767544558802118138e-01
9.748993268795032030e-01
9.728933941223902870e-01
9.707296559311368034e-01
9.684010310231635499e-01
9.659003794142149157e-01
9.632205262648106947e-01
9.603542887808652617e-01
9.572945062482467460e-01
9.540340732465542040e-01
9.505659760499749478e-01
9.468833321832594851e-01
9.429794330591388940e-01
9.388477895804250295e-01
9.344821805460822306e-01
9.298767036562439747e-01
9.250258288669340745e-01
9.199244538016551065e-01
9.145679608844707875e-01
9.089522758182648765e-01
9.030739269930092572e-01
8.969301053726560502e-01
8.905187243762526794e-01
8.838384792396567491e-01
8.768889053193872352e-01
8.696704347803024815e-01
8.621844510945320117e-01
8.544333407709715500e-01
8.464205417331720493e-01
8.381505877690482720e-01
8.296291484888310697e-01
8.208630642482598327e-01
8.118603755222177920e-01
8.026303462497008656e-01
7.931834807138615773e-01
7.835315335703268991e-01
7.736875126923519197e-01
7.636656745616767772e-01
7.534815119981247422e-01
7.431517340877715760e-01
7.326942382376109286e-01
7.221280743526645729e-01
7.114734011981198591e-01
7.007514350730539299e-01
6.899843909825498223e-01
6.791954165506046692e-01
6.684085189665720517e-01
6.576484853025765798e-01
6.469407965783287029e-01
6.363115359833209084e-01
6.257872916948796771e-01
6.153950547548209249e-01
6.051621124882594627e-01
5.951159379664676674e-01
5.852840760325617175e-01
5.756940264251093620e-01
5.663731245513243806e-01
5.573484204789782570e-01
5.486465567348823846e-01
5.402936455179259134e-01
5.323151459560138132e-01
5.247357420584227716e-01
5.175792220373616193e-01
5.108683596939886939e-01
5.046247985836916916e-01
4.988689396918781771e-01
4.936198333636149238e-01
4.888950762369316250e-01
4.847107139293851397e-01
4.810811502195158074e-01
4.780190634484066114e-01
4.755353308410635860e-01
4.736389614125897651e-01
4.723370380800774315e-01
4.716346695480794216e-01
4.715349524740340970e-01
4.720389443507633231e-01
4.731456474671869028e-01
4.748520042266174412e-01
4.771529040156731183e-01
4.800412017270146992e-01
4.835077479469714890e-01
4.875414307257025515e-01
4.921292287538313603e-01
4.972562756764054015e-01
5.029059351832918523e-01
5.090598864254818334e-01
5.156982192197938630e-01
5.227995384207526630e-01
5.303410767584948449e-01
5.382988153659888919e-01
5.466476111482541089e-01
5.553613300812850762e-01
5.644129854697914617e-01
5.737748801414428446e-01
5.834187515119872991e-01
5.933159184213218085e-01
6.034374286162964562e-01
6.137542057426581543e-01
6.242371947069859095e-01
6.348575042804234236e-01
6.455865458400968926e-01
6.563961671815938814e-01
6.672587803868903489e-01
6.781474827963820395e-01
6.890361702106400088e-01
6.998996415363467616e-01
7.107136941902881810e-01
7.214552096838930950e-01
7.321022289268098726e-01
7.426340169094736154e-01
7.530311165494329995e-01
7.632753916121839399e-01
7.733500587421739958e-01
7.832397087612923414e-01
7.929303175084705391e-01
8.024092466030123827e-01
8.116652346142192442e-01
8.206883792092118934e-01
8.294701109283675322e-01
8.380031593024782621e-01
8.462815120769338062e-01
8.543003683456099617e-01
8.620560864206003870e-01
8.695461272737611269e-01
8.767689943827308152e-01
8.837241707984682115e-01
8.904120542244028380e-01
8.968338908602528914e-01
9.029917087177995461e-01
9.088882510628952804e-01
9.145269105792940278e-01
9.199116647870997365e-01
9.250470131833024023e-01
9.299379165055072782e-01
9.345897384539756381e-01
9.390081901427448363e-01
9.431992774890050057e-01
9.471692516920140470e-01
9.509245628993771016e-01
9.544718171100656789e-01
9.578177363204543049e-01
9.609691218821171388e-01
9.639328210081457016e-01
9.667156963382047552e-01
9.693245984511851265e-01
9.717663411977564003e-01
9.740476797129649089e-01
9.761752909607452899e-01
9.781557566573194640e-01
9.799955484184093013e-01
9.817010149754960002e-01
9.832783713085258004e-01
9.847336895460768735e-01
9.860728914886887075e-01
9.873017426164920618e-01
9.884258474482470191e-01
9.894506461251832974e-01
9.903814120995505510e-01
9.912232508144142029e-01
9.919810992679618522e-01
9.926597263623646583e-01
9.932637339440820723e-01
9.937975584493569103e-01
9.942654730755178250e-01
9.946715904055091206e-01
9.950198654197359716e-01
9.953140988357479513e-01
9.955579407223567046e-01
9.957548943403807806e-01
9.959083201672065400e-01
9.960214400666403955e-01
9.960973415690457244e-01
9.961389822294547391e-01
9.961491940332559691e-01
9.961306878202305093e-01
9.960860576982769610e-01
9.960177854182730162e-01
9.959282446813683132e-01
9.958197053498076823e-01
9.956943375323469292e-01
9.955542155156651418e-01
9.954013215140600224e-01
9.952375492112823796e-01
9.950647070706915009e-01
9.948845213930417319e-01
9.946986391050921528e-01
9.945086302668039169e-01
9.943159902900038372e-01
9.941221418669011767e-01
9.939284366125410441e-01
9.937361564309706852e-01
9.935465146203708020e-01
9.933606567374868579e-01
9.931796612461983864e-01
9.930045399788665073e-01
9.928362384420790221e-01
9.926756360005228874e-01
9.925235459739085719e-01
9.923807156821746744e-01
9.922478264736581677e-01
9.921254937695970222e-01
9.920142671563493275e-01
9.919146305541770570e-01
9.918270024884975333e-01
9.917517364862723506e-01
9.916891216168310930e-01
9.916393831930186975e-01
9.916026836452334070e-01
9.915791235777493551e-01
9.915687430137682945e-01
9.915715228329434749e-01
9.915873864026608642e-01
9.916162014021593363e-01
9.916577818365545083e-01
9.917118902359943755e-01
9.917782400334378412e-01
9.918564981128934477e-01
9.919462875183319150e-01
9.920471903118807111e-01
9.921587505683225894e-01
9.922804774913556169e-01
9.924118486355766322e-01
9.925523132167548557e-01
9.927012954917290299e-01
9.928581981882392826e-01
9.930224059642440704e-01
9.931932888758140399e-01
9.933702058325638573e-01
9.935525080197824543e-01
9.937395422669466072e-01
9.939306543431238872e-01
9.941251921608379449e-01
9.943225088712444037e-01
9.945219658348776193e-01
9.947229354537316937e-01
9.949248038519760140e-01
9.951269733941336959e-01
9.953288650310461172e-01
9.955299204653840217e-01
9.957296041298402400e-01
9.959274049724631261e-01
9.961228380448720054e-01
9.963154458903558108e-01
9.965047997301161864e-01
9.966905004472010887e-01
9.968721793689886423e-01
9.970494988504444711e-01
9.972221526617761622e-01
9.973898661855502557e-01
9.975523964297784429e-01
9.977095318649107369e-01
9.978610920940399476e-01
9.980069273668769059e-01
9.981469179491536670e-01
9.982809733599896651e-01
9.984090314903653063e-01
9.985310576161374740e-01
9.986470433189780227e-01
9.987570053281815685e-01
9.988609842954975226e-01
9.989590435140007774e-01
9.990512675905880435e-01
9.991377610800499243e-01
9.992186470869192094e-01
9.992940658395644826e-01
9.993641732394074051e-01
9.994291393868355300e-01
9.994891470844752268e-01
9.995443903181016054e-01
9.995950727156461824e-01
9.996414059855671663e-01
9.996836083372498960e-01
9.997219028880298675e-01
9.997565160637770232e-01
9.997876760025780074e-01
