9.997973155106960608e-01
9.997678149384461310e-01
9.997350953462252887e-01
9.996989519481270792e-01
9.996591822998174282e-01
9.996155875983884220e-01
9.995679739296949862e-01
9.995161534524595881e-01
9.994599455120393161e-01
9.993991776801933735e-01
9.993336867202723406e-01
9.992633194798488105e-01
9.991879337148058537e-01
9.991073988502733316e-01
9.990215966845319429e-01
9.989304220421650893e-01
9.988337833823777157e-01
9.987316033676607585e-01
9.986238193969461108e-01
9.985103841062137331e-01
9.983912658382811944e-01
9.982664490823335290e-01
9.981359348827186784e-01
9.979997412156895731e-01
9.978579033321759439e-01
9.977104740643085723e-01
9.975575240933145515e-01
9.973991421765244780e-01
9.972354353315584508e-01
9.970665289762542516e-01
9.968925670235240233e-01
9.967137119310313098e-01
9.965301447063349416e-01
9.963420648688934289e-01
9.961496903710285178e-01
9.959532574805661786e-01
9.957530206283659036e-01
9.955492522242773701e-01
9.953422424451934258e-01
9.951322989987675394e-01
9.949197468660123667e-01
9.947049280253753567e-01
9.944882011599880389e-01
9.942699413486171256e-01
9.940505397394188147e-01
9.938304032039401159e-01
9.936099539669620562e-01
9.933896292057925459e-01
9.931698806105436761e-01
9.929511738948501032e-01
9.927339882444605745e-01
9.925188156892557068e-01
9.923061603825800159e-01
9.920965377703943044e-01
9.918904736317319948e-01
9.916885029713198296e-01
9.914911687450510547e-01
9.912990203992875227e-01
9.911126122057358767e-01
9.909325013748649935e-01
9.907592459324917611e-01
9.905934023462106275e-01
9.904355228907314457e-01
9.902861527438664435e-01
9.901458268078223712e-01
9.900150662535452950e-01
9.898943747891145728e-01
9.897842346565454141e-01
9.896851023648221002e-01
9.895974041705430935e-01
9.895215313211938035e-01
9.894578350797763600e-01
9.894066215532859587e-01
9.893681463512971064e-01
9.893426091046488846e-01
9.893301478778053770e-01
9.893308335118023988e-01
9.893446639376355378e-01
9.893715585023357129e-01
9.894113523516614439e-01
9.894637909141419385e-01
9.895285245309959343e-01
9.896051032751189691e-01
9.896929719998081021e-01
9.897914656541703105e-01
9.898998048972853514e-01
9.900170920372743932e-01
9.901423073146324860e-01
9.902743055417251306e-01
9.904118131024804983e-01
9.905534253083121410e-01
9.906976040984454279e-01
9.908426760653926690e-01
9.909868307795486331e-01
9.911281193810058676e-01
9.912644534018600906e-01
9.913936037786419408e-01
9.915132000121320566e-01
9.916207294307295417e-01
9.917135365137392800e-01
9.917888222323787417e-01
9.918436433689128418e-01
9.918749117780217839e-01
9.918793935592142841e-01
9.918537081147256185e-01
9.917943270738199812e-01
9.916975730716994786e-01
9.915596183792708684e-01
9.913764833888258909e-01
9.911440349702655972e-01
9.908579847228673465e-01
9.905138871587773064e-01
9.901071378664579870e-01
9.896329717152131389e-01
9.890864611756502445e-01
9.884625148454351251e-01
9.877558762848072105e-01
9.869611232818586988e-01
9.860726676832265447e-01
9.850847559412386767e-01
9.839914705432369901e-01
9.827867325022593414e-01
9.814643050999325435e-01
9.800177990817416918e-01
9.784406795112262634e-01
9.767262744925847562e-01
9.748677859702088444e-01
9.728583028084379913e-01
9.706908163451221094e-01
9.683582385982582030e-01
9.658534232860878088e-01
9.631691897977295858e-01
9.602983502239506031e-01
9.572337395264194360e-01
9.539682488891425560e-01
9.504948622582738427e-01
9.468066960365905116e-01
9.428970418571789303e-01
9.387594123177855909e-01
9.343875895133588738e-01
9.297756761600379782e-01
9.249181490597028210e-01
9.198099146106758495e-01
9.144463660277286632e-01
9.088234418936971259e-01
9.029376856262603113e-01
8.967863054073270668e-01
8.903672340895685267e-01
8.836791885655238543e-01
8.767217280599872709e-01
8.694953107866781883e-01
8.620013483960718981e-01
8.542422576333281725e-01
8.462215086239553985e-01
8.379436692106700946e-01
8.294144447781262031e-01
8.206407130230318758e-01
8.116305531556397002e-01
8.023932690545593216e-01
7.929394059399682559e-01
7.832807601800189090e-01
7.734303819008288006e-01
7.634025701309489209e-01
7.532128602755360225e-01
7.428780037823130566e-01
7.324159399295557815e-01
7.218457597343077570e-01
7.111876620455560571e-01
7.004629019509248655e-01
6.896937316854447886e-01
6.789033342863182163e-01
6.681157502876375887e-01
6.573557977934333385e-01
6.466489863061450905e-01
6.360214247209037275e-01
6.254997239243598184e-01
6.151108944608880691e-01
6.048822397498241354e-01
5.948412453557343493e-01
5.850154648307716032e-01
5.754324026646873147e-01
5.661193948949556631e-01
5.571034879472704926e-01
5.484113162958152987e-01
5.400689795532187532e-01
5.321019196218964575e-01
5.245347985609851715e-01
5.173913778456538104e-01
5.106943997172417316e-01
5.044654713423297743e-01
4.987249525152550600e-01
4.934918476505472107e-01
4.887837028179239374e-01
4.846165085718965315e-01
4.810046093195270434e-01
4.779606199528608768e-01
4.754953504463815817e-01
4.736177390843565593e-01
4.723347949381057065e-01
4.716515501594564785e-01
4.715710225943383627e-01
4.720941891505812116e-01
4.732199702772781347e-01
4.749452258307615971e-01
4.772647625153219053e-01
4.801713529965547789e-01
4.836557666926668553e-01
4.877068121553216340e-01
4.923113908576698394e-01
4.974545621138928286e-01
5.031196187627362537e-01
5.092881731577938442e-01
5.159402529203125365e-01
5.230544058266433094e-01
5.306078131226801275e-01
5.385764104822865495e-01
5.469350157564378812e-01
5.556574625952601654e-01
5.647167389670599835e-01
5.740851295477068517e-01
5.837343609111369513e-01
5.936357484183492073e-01
6.037603436789300559e-01
6.140790814468231051e-01
6.245629248116315591e-01
6.351830075588531521e-01
6.459107725977002445e-01
6.567181053938172530e-01
6.675774613963167958e-01
6.784619865138651340e-01
6.893456297724365189e-01
7.002032473769751464e-01
7.110106974992581597e-01
7.217449252233321122e-01
7.323840371961551909e-01
7.429073656526208325e-01
7.532955216088514927e-01
7.635304371433161430e-01
7.735953968097860622e-01
7.834750583471570273e-01
7.931554629667268985e-01
8.026240356056397740e-01
8.118695756341887115e-01
8.208822385930167886e-01
8.296535096127092279e-01
8.381761692319197321e-01
8.464442523803469287e-01
8.544530013292509496e-01
8.621988134347398081e-01
8.696791845080198424e-01
8.768926486427336409e-01
8.838387153132057916e-01
8.905178045299000367e-01
8.969311808008836318e-01
9.030808866019652825e-01
9.089696760049116309e-01
9.146009490543067777e-01
9.199786874207785958e-01
9.251073917930316970e-01
9.299920214049013367e-01
9.346379360278577186e-01
9.390508406953291809e-01
9.432367333639561924e-01
9.472018556593844174e-01
9.509526468011728628e-01
9.544957007533912963e-01
9.578377266048475613e-01
9.609855121458096283e-01
9.639458905765598828e-01
9.667257102570091520e-01
9.693318073856392880e-01
9.717709814798600743e-01
9.740499735180357943e-01
9.761754465954461946e-01
9.781539689417905192e-01
9.799919991459993263e-01
9.816958734345755389e-01
9.832717948519734685e-01
9.847258241952240310e-01
9.860638725597458132e-01
9.872916953587552724e-01
9.884148876846481357e-01
9.894388808870102636e-01
9.903689402483826232e-01
9.912101636455014075e-01
9.919674810903958972e-01
9.926456550524487277e-01
9.932492814692801542e-01
9.937827913611014807e-01
9.942504529699537352e-01
9.946563743519543088e-01
9.950045063572398041e-01
9.952986459386193863e-01
9.955424397359201594e-01
9.957393878884965854e-01
9.958928480332686073e-01
9.960060394498468916e-01
9.960820473177327550e-01
9.961238270532063455e-01
9.961342086953630659e-01
9.961159013118919825e-01
9.960714973957213170e-01
9.960034772237590373e-01
9.959142131488045724e-01
9.958059737955302637e-01
9.956809281314313864e-01
9.955411493840230497e-01
9.953886187764998672e-01
9.952252290556944381e-01
9.950527877885545491e-01
9.948730204065383553e-01
9.946875729812549860e-01
9.944980147192842290e-01
9.943058401692554948e-01
9.941124711397761882e-01
9.939192583325033858e-01
9.937274827003216293e-01
9.935383565460428335e-01
9.933530243820825056e-01
9.931725635760242366e-01
9.929979848107304274e-01
9.928302323905875415e-01
9.926701844275249709e-01
9.925186529415992442e-01
9.923763839112004215e-01
9.922440573073645353e-01
9.921222871453433401e-01
9.920116215845931062e-01
9.919125431058187781e-01
9.918254687907768208e-01
9.917507507273348732e-01
9.916886765589381092e-01
9.916394701942564671e-01
9.916032926894892130e-01
9.915802433126605919e-01
9.915703607963032296e-01
9.915736247822402039e-01
9.915899574597242250e-01
9.916192253959834613e-01
9.916612415562086058e-01
9.917157675081601509e-01
9.917825158048388934e-01
9.918611525369901427e-01
9.919513000455926210e-01
9.920525397828736658e-01
9.921644153088120532e-01
9.922864354085406680e-01
9.924180773145845347e-01
9.925587900164957178e-01
9.927079976392432226e-01
9.928651028707196069e-01
9.930294904179935989e-01
9.932005304715023630e-01
9.933775821562638164e-01
9.935599969494018913e-01
9.937471220438072184e-01
9.939383036385680548e-01
9.941328901378705396e-01
9.943302352413165845e-01
9.945297009100050323e-01
9.947306601941934279e-01
9.949324999098700939e-01
9.951346231530683317e-01
9.953364516422249508e-01
9.955374278802994192e-01
9.957370171297338368e-01
9.959347091946453290e-01
9.961300200059214349e-01
9.963224930061495010e-01
9.965117003325855149e-01
9.966972437976548971e-01
9.968787556678186945e-01
9.970558992430118561e-01
9.972283692402911237e-01
9.973958919867810247e-01
9.975582254284794947e-01
9.977151589629239536e-01
9.978665131051027704e-01
9.980121389972619328e-01
9.981519177743556348e-01
9.982857597977677910e-01
9.984136037705311217e-01
9.985354157475485604e-01
9.986511880542453534e-01
9.987609381266264741e-01
9.988647072848920727e-01
9.989625594515980644e-01
9.990545798238916753e-01
9.991408735076927616e-01
9.992215641199214682e-01
9.992967923631264071e-01
9.993667145752745951e-01
9.994315012561575395e-01
9.994913355709780234e-01
9.995464118313104329e-01
9.995969339538438581e-01
9.996431138981565212e-01
9.996851700862036116e-01
9.997233258081728025e-01
9.997578076217361609e-01
9.997888437543567264e-01
