9.997970232327648699e-01
9.997674961950989703e-01
9.997347506134574013e-01
9.996985823182134023e-01
9.996587895607306207e-01
9.996151743088090846e-01
9.995675434874077281e-01
9.995157101539723365e-01
9.994594946013889425e-01
9.993987253851041030e-01
9.993332402741164078e-01
9.992628871282042136e-01
9.991875247058082943e-01
9.991070234083995194e-01
9.990212659679152951e-01
9.989301480840058201e-01
9.988335790174628359e-01
9.987314821454208458e-01
9.986237954828408592e-01
9.985104721735365008e-01
9.983914809526970302e-01
9.982668065816051595e-01
9.981364502541274497e-01
9.980004299736296991e-01
9.978587808982837259e-01
9.977115556523048490e-01
9.975588246004866155e-01
9.974006760834713825e-01
9.972372166114882308e-01
9.970685710147579872e-01
9.968948825493814114e-01
9.967163129582404801e-01
9.965330424872098636e-01
9.963452698577517364e-01
9.961532121977121346e-01
9.959571049327952119e-01
9.957572016417332028e-01
9.955537738785491531e-01
9.953471109654851157e-01
9.951375197601219913e-01
9.949253243999081064e-01
9.947108660267347524e-01
9.944945024933387057e-01
9.942766080521744376e-01
9.940575730259979537e-01
9.938378034577699527e-01
9.936177207356517993e-01
9.933977611868893831e-01
9.931783756323103729e-01
9.929600288910788164e-01
9.927431992233188840e-01
9.925283776963256255e-01
9.923160674583952900e-01
9.921067829029077689e-01
9.919010487042401181e-01
9.916993987064454119e-01
9.915023746454260101e-01
9.913105246855979935e-01
9.911244017527839345e-01
9.909445616462764228e-01
9.907715609146557911e-01
9.906059544819865170e-01
9.904482930133976515e-01
9.902991200117376991e-01
9.901589686399059342e-01
9.900283582665798665e-01
9.899077907363169615e-01
9.897977463684011212e-01
9.896986796922967455e-01
9.896110149311587723e-01
9.895351412485235976e-01
9.894714077770493388e-01
9.894201184519698655e-01
9.893815266757293170e-01
9.893558298440136012e-01
9.893431637669949374e-01
9.893435970229375043e-01
9.893571252842432440e-01
9.893836656583695488e-01
9.894230510876801388e-01
9.894750248530178593e-01
9.895392352254837043e-01
9.896152303094615243e-01
9.897024531172765593e-01
9.898002369120176835e-01
9.899078008500382664e-01
9.900242459485989466e-01
9.901485513971921559e-01
9.902795712235258341e-01
9.904160313171930241e-01
9.905565268059919326e-01
9.906995197719907775e-01
9.908433372870075750e-01
9.909861697404717118e-01
9.911260694268498872e-01
9.912609493551500783e-01
9.913885822395633873e-01
9.915065996281624550e-01
9.916124911257619967e-01
9.917036036675472843e-01
9.917771408018489776e-01
9.918301619433974592e-01
9.918595815624480228e-01
9.918621682802155615e-01
9.918345438470077546e-01
9.917731819862056764e-01
9.916744070947378642e-01
9.915343927988887751e-01
9.913491603731461321e-01
9.911145770393209320e-01
9.908263541733990376e-01
9.904800454585277469e-01
9.900710450342375957e-01
9.895945857044771143e-01
9.890457372802787805e-01
9.884194051468314646e-01
9.877103291592983503e-01
9.869130829866892274e-01
9.860220740382295013e-01
9.850315441215820034e-01
9.839355709965709185e-01
9.827280710012028520e-01
9.814028029382489970e-01
9.799533734198579982e-01
9.783732438740528892e-01
9.766557394199899544e-01
9.747940598180652172e-01
9.727812926959663598e-01
9.706104292423392010e-01
9.682743825457289510e-01
9.657660087378778790e-01
9.630781310774397808e-01
9.602035670829525138e-01
9.571351587928424998e-01
9.538658061957328016e-01
9.503885038368733440e-01
9.466963805666043230e-01
9.427827423549430819e-01
9.386411180531560872e-01
9.342653079390755844e-01
9.296494348384535256e-01
9.247879975703050537e-01
9.196759264204985573e-01
9.143086403052913536e-01
9.086821052456056647e-01
9.027928937341327398e-01
8.966382445413734192e-01
8.902161224740677836e-01
8.835252775706947670e-01
8.765653031944463658e-01
8.693366924648879834e-01
8.618408924559614048e-01
8.540803555806418812e-01
8.460585875818589230e-01
8.377801915556816192e-01
8.292509074465119756e-01
8.204776464753134047e-01
8.114685199907453184e-01
8.022328622693173372e-01
7.927812468339741070e-01
7.831254959103391977e-01
7.732786826954425319e-01
7.632551261741823412e-01
7.530703782829526460e-01
7.427412032865433611e-01
7.322855493022959461e-01
7.217225119731660588e-01
7.110722903575343867e-01
7.003561351670282153e-01
6.895962895431934081e-01
6.788159226187362449e-01
6.680390561585642928e-01
6.572904846197082929e-01
6.465956890073243368e-01
6.359807449366141618e-01
6.254722253381927999e-01
6.150970982678873877e-01
6.048826203020771786e-01
5.948562260175069838e-01
5.850454140709544504e-01
5.754776304102988682e-01
5.661801491650924056e-01
5.571799517824751469e-01
5.485036049934552960e-01
5.401771382154310075e-01
5.322259210190951606e-01
5.246745413111506551e-01
5.175466849077526854e-01
5.108650171964043141e-01
5.046510676048880928e-01
4.989251176135751642e-01
4.937060930606368414e-01
4.890114614971164952e-01
4.848571353491615277e-01
4.812573816370020463e-01
4.782247389835788676e-01
4.757699426195324266e-01
4.739018580552474269e-01
4.726274240448029573e-01
4.719516054113583881e-01
4.718773562392317711e-01
4.724055938655923326e-01
4.735351840252801647e-01
4.752629374169857757e-01
4.775836178691323930e-01
4.804899621906013607e-01
4.839727116962161402e-01
4.880206553008654691e-01
4.926206839804359028e-01
4.977578563033125958e-01
5.034154746440087091e-01
5.095751716012000276e-01
5.162170060567425889e-01
5.233195682306812646e-01
5.308600930103068993e-01
5.388145807594592052e-01
5.471579247479975150e-01
5.558640442812086135e-01
5.649060225554138892e-01
5.742562482199125018e-01
5.838865595872839709e-01
5.937683904048303152e-01
6.038729160803000262e-01
6.141711992458319669e-01
6.246343335460604607e-01
6.352335845501096978e-01
6.459405267133702111e-01
6.567271753537087253e-01
6.675661126582460581e-01
6.784306068007687207e-01
6.892947233257891160e-01
7.001334280423380241e-01
7.109226807677121451e-01
7.216395193672058284e-01
7.322621336486521137e-01
7.427699287886017077e-01
7.531435780881244879e-01
7.633650649784815556e-01
7.734177143181243386e-01
7.832862131405422534e-01
7.929566211253926689e-01
8.024163711711824742e-01
8.116542605448653358e-01
8.206604331705539268e-01
8.294263536949142424e-01
8.379447740297270020e-01
8.462096931219348361e-01
8.542163107378567544e-01
8.619609760710807977e-01
8.694411319930894777e-01
8.766552557623988884e-01
8.836027969927098269e-01
8.902841136542070100e-01
8.967004068459534238e-01
9.028536550325757526e-01
9.087465483866428162e-01
9.143824238207807209e-01
9.197652012322168336e-01
9.248993214186238543e-01
9.297896860593138912e-01
9.344416000913908782e-01
9.388607167476339388e-01
9.430529854627663910e-01
9.470246027982496262e-01
9.507819664835859275e-01
9.543316326248278969e-01
9.576802760889591148e-01
9.608346540361774046e-01
9.638015725409132539e-01
9.665878562165083343e-01
9.692003207376114204e-01
9.716457481381632899e-01
9.739308647509126171e-01
9.760623216462411822e-01
9.780466774231770799e-01
9.798903832033151184e-01
9.815997696784559690e-01
9.831810360646360269e-01
9.846402408184488086e-01
9.859832939757746662e-01
9.872159509779544484e-01
9.883438078558296480e-01
9.893722976477531406e-01
9.903066879335574724e-01
9.911520793724719613e-01
9.919134051390970930e-01
9.925954311577609435e-01
9.932027570419006413e-01
9.937398176515361836e-01
9.942108851884020604e-01
9.946200717548312475e-01
9.949713323089766082e-01
9.952684679552954439e-01
9.955151295152946389e-01
9.957148213292043026e-01
9.958709052443828202e-01
9.959866047507353048e-01
9.960650092271655653e-01
9.961090782660285692e-01
9.961216460447100962e-01
9.961054257148730384e-01
9.960630137807054973e-01
9.959968944378044808e-01
9.959094438443457653e-01
9.958029342961152164e-01
9.956795382770311509e-01
9.955413323571773443e-01
9.953903009112610167e-01
9.952283396319567821e-01
9.950572588148764996e-01
9.948787863949521970e-01
9.946945707178123097e-01
9.945061830341902498e-01
9.943151197104074246e-01
9.941228041533618498e-01
9.939305884540390323e-01
9.937397547591496627e-01
9.935515163858870125e-01
9.933670186998030394e-01
9.931873397802517545e-01
9.930134909016057332e-01
9.928464168614157259e-01
9.926869961887743177e-01
9.925360412673437382e-01
9.923942984078184537e-01
9.922624479040507151e-01
9.921411041057663915e-01
9.920308155388091187e-01
9.919320651013279200e-01
9.918452703613691579e-01
9.917707839781104706e-01
9.917088942655980510e-01
9.916598259144651095e-01
9.916237408838012302e-01
9.916007394722240464e-01
9.915908615743083132e-01
9.915940881259066586e-01
9.916103427395408509e-01
9.916394935289400969e-01
9.916813551199187282e-01
9.917356908430566831e-01
9.918022151020358113e-01
9.918805959099258329e-01
9.919704575841727934e-01
9.920713835894920951e-01
9.921829195163018866e-01
9.923045761807618437e-01
9.924358328309427213e-01
9.925761404421902245e-01
9.927249250834199179e-01
9.928815913349503530e-01
9.930455257376061828e-01
9.932161002522468252e-01
9.933926757086377624e-01
9.935746052226867020e-01
9.937612375615143545e-01
9.939519204365951932e-01
9.941460037062407329e-01
9.943428424699612966e-01
9.945418000386652135e-01
9.947422507661852764e-01
9.949435827291950307e-01
9.951452002441583122e-01
9.953465262114974399e-01
9.955470042786528362e-01
9.957461008151331505e-01
9.959433066940180934e-01
9.961381388756895827e-01
9.963301417908571045e-01
9.965188885212187264e-01
9.967039817773933885e-01
9.968850546750781527e-01
9.970617713117487790e-01
9.972338271476174354e-01
9.974009491959962004e-01
9.975628960296555325e-01
9.977194576111899638e-01
9.978704549567695148e-01
9.980157396439087725e-01
9.981551931749867990e-01
9.982887262091287850e-01
9.984162776756754232e-01
9.985378137827604084e-01
9.986533269344602948e-01
9.987628345695513943e-01
9.988663779341100390e-01
9.989640207990441167e-01
9.990558481322089346e-01
9.991419647331022391e-01
9.992224938363710729e-01
9.992975756886044447e-01
9.993673661012759668e-01
9.994320349813659021e-01
9.994917648402688037e-01
9.995467492811723753e-01
9.995971914652714840e-01
9.996433025579626319e-01
9.996853001575576325e-01
9.997234067109778133e-01
9.997578479232311910e-01
9.997888511700772085e-01
