9.997972770693808187e-01
9.997677712372757819e-01
9.997350459028865322e-01
9.996988962719929317e-01
9.996591198971972458e-01
9.996155179783658973e-01
9.995678966104936114e-01
9.995160679682578708e-01
9.994598514201424866e-01
9.993990745684515620e-01
9.993335742146237655e-01
9.992631972518551953e-01
9.991878014890401838e-01
9.991072564114157339e-01
9.990214438840316902e-01
9.989302588043263986e-01
9.988336097097426647e-01
9.987314193455681943e-01
9.986236251971676303e-01
9.985101799895846897e-01
9.983910521562691098e-01
9.982662262775122697e-01
9.981357034881399581e-01
9.979995018531744311e-01
9.978576567095710503e-01
9.977102209717780834e-01
9.975572653987613281e-01
9.973988788202500233e-01
9.972351683202893557e-01
9.970662593766708159e-01
9.968922959554333829e-01
9.967134405603290670e-01
9.965298742378966290e-01
9.963417965395283682e-01
9.961494254426188633e-01
9.959529972334999481e-01
9.957527663553555897e-01
9.955490052246378507e-01
9.953420040196331309e-01
9.951320704447276233e-01
9.949195294735683204e-01
9.947047230736976164e-01
9.944880099143397212e-01
9.942697650578519175e-01
9.940503796339278386e-01
9.938302604939841522e-01
9.936098298413174046e-01
9.933895248306304770e-01
9.931697971284583204e-01
9.929511124239468467e-01
9.927339498774172544e-01
9.925188014922691204e-01
9.923061713941119244e-01
9.920965749996397687e-01
9.918905380567327734e-01
9.916885955366585570e-01
9.914912903590651361e-01
9.912991719307523431e-01
9.911127944799751344e-01
9.909327151692549629e-01
9.907594919713349491e-01
9.905936812949615033e-01
9.904358353495649192e-01
9.902864992405892020e-01
9.901462077901277414e-01
9.900154820806226219e-01
9.898948257226258818e-01
9.897847208509866768e-01
9.896856238572894204e-01
9.895979608699277952e-01
9.895221229968328425e-01
9.894584613495894798e-01
9.894072818714331197e-01
9.893688399953969315e-01
9.893433351626037542e-01
9.893309052342884602e-01
9.893316208344695717e-01
9.893454796631382386e-01
9.893724008222237742e-01
9.894122191982799297e-01
9.894646799466423337e-01
9.895294331216011319e-01
9.896060284957985953e-01
9.896939106095388183e-01
9.897924140869720500e-01
9.899007592512382159e-01
9.900180480647322590e-01
9.901432604138509230e-01
9.902752507501231261e-01
9.904127450917441511e-01
9.905543383815312852e-01
9.906984921894481655e-01
9.908435327404053750e-01
9.909876492412669213e-01
9.911288924751031626e-01
9.912651736259047164e-01
9.913942632933221422e-01
9.915137906546160895e-01
9.916212427299140320e-01
9.917139637070613301e-01
9.917891542837953267e-01
9.918438709875775361e-01
9.918750254371311303e-01
9.918793835144393833e-01
9.918535644216076586e-01
9.917940396034830020e-01
9.916971315242276708e-01
9.915590122941131401e-01
9.913757021516252932e-01
9.911430678155734864e-01
9.908568207322840937e-01
9.905125152541708333e-01
9.901055467980381941e-01
9.896311500443932818e-01
9.890843972527895156e-01
9.884601967827346680e-01
9.877532919248175336e-01
9.869582601622394202e-01
9.860695129985809215e-01
9.850812965030112389e-01
9.839876927388159222e-01
9.827826222545482659e-01
9.814598478287580585e-01
9.800129796685290717e-01
9.784354822684105946e-01
9.767206831392245547e-01
9.748617836152322358e-01
9.728518719428892458e-01
9.706839388446757422e-01
9.683508957371522730e-01
9.658455957634823896e-01
9.631608577773425051e-01
9.602894933876544581e-01
9.572243371423118097e-01
9.539582798944273856e-01
9.504843053571228051e-01
9.467955298129868691e-01
9.428852449025895144e-01
9.387469633733601659e-01
9.343744676262127902e-01
9.297618608530446860e-01
9.249036205140949152e-01
9.197946538606289746e-01
9.144303551659800355e-01
9.088066642871250878e-01
9.029201261402189926e-01
8.967679506373930076e-01
8.903480725992092282e-01
8.836592111280425765e-01
8.767009279029379654e-01
8.694736838367738141e-01
8.619788935224514947e-01
8.542189768868737598e-01
8.461974074702122151e-01
8.379187567537818015e-01
8.293887339730953157e-01
8.206142208735378585e-01
8.116033008946129668e-01
8.023652823047098259e-01
7.929107148515293080e-01
7.832513995430560039e-01
7.734003912296216754e-01
7.633719937181530080e-01
7.531817472140540648e-01
7.428464079531116315e-01
7.323839199539573519e-01
7.218133788896368142e-01
7.111549881433870679e-01
7.004300071775504399e-01
6.896606924045782794e-01
6.788702308044303191e-01
6.680826665827168664e-01
6.573228212083307431e-01
6.466162072080379186e-01
6.359889361287521803e-01
6.254676211065448577e-01
6.150792745055297939e-01
6.048512011105255937e-01
5.948108873757333992e-01
5.849858872486732864e-01
5.754037051050915341e-01
5.660916763474062030e-01
5.570768462370140339e-01
5.483858475498616381e-01
5.400447776651796650e-01
5.320790757189910458e-01
5.245134004764955282e-01
5.173715095999560365e-01
5.106761410103640708e-01
5.044488970607770018e-01
4.987101322556418692e-01
4.934788452623455335e-01
4.887725759674496073e-01
4.846073083294601958e-01
4.809973797715496602e-01
4.779553978406314574e-01
4.754921648331155160e-01
4.736166110522121997e-01
4.723357373169158047e-01
4.716545672890550822e-01
4.715761101225909302e-01
4.721013338694474148e-01
4.732291499995364692e-01
4.749564093102831563e-01
4.772779094140798817e-01
4.801864139017533173e-01
4.836726831875398647e-01
4.877255169472095586e-01
4.923318079668934644e-01
4.974766071267290313e-01
5.031431991514039304e-01
5.093131886697812583e-01
5.159665960386281558e-01
5.230819623016282893e-01
5.306364625749337982e-01
5.386060270750065992e-01
5.469654689341404419e-01
5.556886178844180346e-01
5.647484588327622568e-01
5.741172742990138245e-01
5.837667896464575623e-01
5.936683200009351680e-01
6.037929177315106699e-01
6.141115193535571226e-01
6.245950907149167008e-01
6.352147693381992033e-01
6.459420028177946804e-01
6.567486822091384013e-01
6.676072694001652374e-01
6.784909175204694165e-01
6.893735835218337549e-01
7.002301321536323897e-01
7.110364306568682791e-01
7.217694336098112728e-01
7.324072574745887909e-01
7.429292445156825409e-01
7.533160158859883992e-01
7.635495138017731609e-01
7.736130328522071720e-01
7.834912406100993376e-01
7.931701878258506921e-01
8.026373085946193475e-01
8.118814109854820549e-01
8.208926587095111138e-01
8.296625444799565763e-01
8.381838557811330803e-01
8.464506338126001062e-01
8.544581264113852992e-01
8.622027357773517364e-01
8.696819618356057546e-01
8.768943420656113430e-01
8.838393886102344776e-01
8.905175234503145409e-01
8.969300123927526069e-01
9.030788985739035546e-01
9.089669361267517234e-01
9.145975246014708127e-01
9.199746446661221100e-01
9.251027955489650179e-01
9.299869346176528051e-01
9.346324194248405437e-01
9.390449524857209518e-01
9.432305289918136992e-01
9.471953876078982315e-01
9.509459644460341865e-01
9.544888502626879268e-01
9.578307508824481786e-01
9.609784508148201398e-01
9.639387799991527839e-01
9.667185835867292409e-01
9.693246946481743898e-01
9.717639096782282326e-01
9.740429667581737005e-01
9.761685262282777664e-01
9.781471537180127518e-01
9.799853053800180458e-01
9.816893151742689394e-01
9.832653840512329824e-01
9.847195708865227326e-01
9.860577850243000819e-01
9.872857802921743975e-01
9.884091503563005032e-01
9.894333252916637234e-01
9.903635692490059261e-01
9.912049791064218018e-01
9.919624840003072874e-01
9.926408456370350297e-01
9.932446592934675023e-01
9.937783554211696568e-01
9.942462017759210458e-01
9.946523060007997907e-01
9.950006185976406625e-01
9.952949362279590595e-01
9.955389052903634850e-01
9.957360257269404213e-01
9.958896550159547223e-01
9.960030123123806423e-01
9.960791827011824529e-01
9.961211215308805045e-01
9.961316587967679048e-01
9.961135035442780783e-01
9.960692482635328249e-01
9.960013732462053015e-01
9.959122508756956815e-01
9.958041498214461607e-01
9.956792391082358584e-01
9.955395920316939540e-01
9.953871898922196371e-01
9.952239255211312585e-01
9.950516065752679218e-01
9.948719585794536524e-01
9.946866277001766843e-01
9.944971832384471577e-01
9.943051198349485142e-01
9.941118593861130170e-01
9.939187526754523772e-01
9.937270807301433750e-01
9.935380559183197846e-01
9.933528228075495514e-01
9.931724588094348327e-01
9.929979746390037443e-01
9.928303146204926488e-01
9.926703568731568561e-01
9.925189134118956868e-01
9.923767301977386435e-01
9.922444871726583404e-01
9.921227983118434679e-01
9.920122117245732118e-01
9.919132098323053537e-01
9.918262096496609503e-01
9.917515631907807272e-01
9.916895580201827709e-01
9.916404179638741434e-01
9.916043039931753400e-01
9.915813152905658123e-01
9.915714905039325622e-01
9.915748091929047492e-01
9.915911934685115448e-01
9.916205098251873462e-01
9.916625711621300798e-01
9.917171389891679123e-01
9.917839258105455302e-01
9.918625976783821407e-01
9.919527769059248712e-01
9.920540449291261886e-01
9.921659453034944454e-01
9.922879868216289978e-01
9.924196467353766371e-01
9.925603740651866014e-01
9.927095929780421768e-01
9.928667062143551325e-01
9.930310985434875892e-01
9.932021402271268284e-01
9.933791904696330777e-01
9.935616008346858097e-01
9.937487186080847801e-01
9.939398900873707143e-01
9.941344637799813810e-01
9.943317934929138957e-01
9.945312412982406647e-01
9.947321803603007551e-01
9.949339976118906081e-01
9.951360962682752609e-01
9.953378981693080663e-01
9.955388459413565538e-01
9.957384049720990893e-01
9.959360651925637242e-01
9.961313426620631573e-01
9.963237809529451594e-01
9.965129523333501327e-01
9.966984587474628787e-01
9.968799325940878031e-01
9.970570373057550118e-01
9.972294677319955003e-01
9.973969503318844687e-01
9.975592431824157336e-01
9.977161358107236033e-01
9.978674488595405956e-01
9.980130335965547994e-01
9.981527712794213691e-01
9.982865723890618215e-01
9.984143757444852163e-01
9.985361475126360853e-01
9.986518801267003642e-01
9.987615911258418411e-01
9.988653219285192897e-01
9.989631365503655047e-01
9.990551202761556171e-01
9.991413782937252908e-01
9.992220342959383661e-01
9.992972290550510284e-01
9.993671189722319603e-01
9.994318746036934265e-01
9.994916791639983922e-01
9.995467270067435184e-01
9.995972220830350308e-01
9.996433763790161242e-01
9.996854083351429665e-01
9.997235412518775677e-01
9.997580016888412136e-01
9.997890178671033912e-01
