9.997974593224395745e-01
9.997679787379114558e-01
9.997352810468410622e-01
9.996991615168118184e-01
9.996594177398128167e-01
9.996158509298049832e-01
9.995682671679163578e-01
9.995164785846104571e-01
9.994603044717819129e-01
9.993995723211701598e-01
9.993341187885695920e-01
9.992637905858980929e-01
9.991884453051818049e-01
9.991079521798742480e-01
9.990221927896478782e-01
9.989310617149407268e-01
9.988344671471718339e-01
9.987323314597760238e-01
9.986245917441676223e-01
9.985112003135392378e-01
9.983921251761633808e-01
9.982673504786768737e-01
9.981368769187866086e-01
9.980007221259907801e-01
9.978589210082994265e-01
9.977115260625897264e-01
9.975586076461206986e-01
9.974002542068682864e-01
9.972365724706763190e-01
9.970676875837261033e-01
9.968937432094654438e-01
9.967149015798616452e-01
9.965313435016087684e-01
9.963432683186871364e-01
9.961508938333916152e-01
9.959544561885772529e-01
9.957542097143791127e-01
9.955504267429987619e-01
9.953433973952863223e-01
9.951334293427566147e-01
9.949208475483243275e-01
9.947059939884236313e-01
9.944892273582807141e-01
9.942709227609310974e-01
9.940514713791452905e-01
9.938312801277604525e-01
9.936107712820629878e-01
9.933903820758673842e-01
9.931705642608625872e-01
9.929517836167018885e-01
9.927345193992900274e-01
9.925192637128273931e-01
9.923065207894988804e-01
9.920968061593117282e-01
9.918906456915512759e-01
9.916885744887001808e-01
9.914911356134833431e-01
9.912988786299935517e-01
9.911123579406093675e-01
9.909321309016427826e-01
9.907587557023120883e-01
9.905927889936795294e-01
9.904347832565886245e-01
9.902852839003105645e-01
9.901448260865266526e-01
9.900139312763669430e-01
9.898931035014814084e-01
9.897828253634771700e-01
9.896835537695292118e-01
9.895957154155257118e-01
9.895197020317488823e-01
9.894558654098042361e-01
9.894045122332700837e-01
9.893658987383113779e-01
9.893402252342259340e-01
9.893276305174721896e-01
9.893281862160580031e-01
9.893418911041099717e-01
9.893686654288277316e-01
9.894083452937018075e-01
9.894606771426777136e-01
9.895253123897312930e-01
9.896018022369869049e-01
9.896895927219838685e-01
9.897880200309783216e-01
9.898963061102925565e-01
9.900135546018195010e-01
9.901387471220042258e-01
9.902707398961879681e-01
9.904082607523526649e-01
9.905499064703296996e-01
9.906941404747109381e-01
9.908392908522924980e-01
9.909835486681531913e-01
9.911249665486167038e-01
9.912614574945579626e-01
9.913907938849025880e-01
9.915106066278130958e-01
9.916183844159878191e-01
9.917114730427065705e-01
9.917870747366912543e-01
9.918422474764592156e-01
9.918739042485266166e-01
9.918788122185042688e-01
9.918535917897215448e-01
9.917947155304550622e-01
9.916985069580618317e-01
9.915611391763110571e-01
9.913786333709355691e-01
9.911468571779278314e-01
9.908615229493829002e-01
9.905181859527969479e-01
9.901122425516845071e-01
9.896389284281937870e-01
9.890933169220593735e-01
9.884703175746610837e-01
9.877646749820259142e-01
9.869709680761091786e-01
9.860836099693256473e-01
9.850968485127045149e-01
9.840047677327564690e-01
9.828012903256517774e-01
9.814801813990605694e-01
9.800350536614066410e-01
9.784593742647844650e-01
9.767464735108394303e-01
9.748895556280712249e-01
9.728817118239244666e-01
9.707159358054365805e-01
9.683851419480198341e-01
9.658821862731622465e-01
9.631998903726146644e-01
9.603310683892269939e-01
9.572685571333834353e-01
9.540052493793834687e-01
9.505341303486142257e-01
9.468483173464672387e-01
9.429411024781900741e-01
9.388059983257550645e-01
9.344367864238716237e-01
9.298275683289706217e-01
9.249728190308236231e-01
9.198674424129101856e-01
9.145068284251963719e-01
9.088869115921335284e-01
9.030042304399389375e-01
8.968559873911183811e-01
8.904401086413107347e-01
8.837553035044367622e-01
8.768011226874509179e-01
8.695780149362956069e-01
8.620873814805598556e-01
8.543316276963867084e-01
8.463142114058727072e-01
8.380396872369644257e-01
8.295137464810322658e-01
8.207432519060304799e-01
8.117362670115302326e-01
8.025020792477249865e-01
7.930512167634879983e-01
7.833954582981116355e-01
7.735478358867758919e-01
7.635226301101152302e-01
7.533353576824103337e-01
7.430027512396323308e-01
7.325427312565513382e-01
7.219743700899706740e-01
7.113178482115577461e-01
7.005944027574771971e-01
6.898262685819804840e-01
6.790366120574172770e-01
6.682494579131625922e-01
6.574896094503843713e-01
6.467825625083083452e-01
6.361544135909975584e-01
6.256317625920512215e-01
6.152416105788375278e-01
6.050112531187568088e-01
5.949681696485258353e-01
5.851399094046143556e-01
5.755539744496447341e-01
5.662377003465719483e-01
5.572181350504319397e-01
5.485219166067425434e-01
5.401751502663116877e-01
5.322032856481604401e-01
5.246309946049292350e-01
5.174820504678792066e-01
5.107792093703696912e-01
5.045440943685006729e-01
4.987970830940873235e-01
4.935571996871493949e-01
4.888420117613149207e-01
4.846675331548987442e-01
4.810481332118785591e-01
4.779964533198512999e-01
4.755233314057643046e-01
4.736377350545301068e-01
4.723467038706472554e-01
4.716553016489092309e-01
4.715665788578250472e-01
4.720815458692351196e-01
4.731991572907776611e-01
4.749163076753940560e-01
4.772278387951411904e-01
4.801265585763158095e-01
4.836032717004888903e-01
4.876468217825230544e-01
4.922441449430097204e-01
4.973803344996718945e-01
5.030387164109320075e-01
5.092009350156911918e-01
5.158470485270016948e-01
5.229556336543023098e-01
5.305038986497500053e-01
5.384678039994276189e-01
5.468221899104621642e-01
5.555409096809678093e-01
5.645969679819552445e-01
5.739626630297363086e-01
5.836097315847880163e-01
5.935094956794153553e-01
6.036330099528842696e-01
6.139512084598347519e-01
6.244350498166659769e-01
6.350556595618922495e-01
6.457844686307860904e-01
6.565933468822844343e-01
6.674547306672105051e-01
6.783417434911102051e-01
6.892283089018892417e-01
7.000892548210719823e-01
7.109004086367296527e-01
7.216386824844134296e-01
7.322821482581105546e-01
7.428101020143116351e-01
7.532031175566855641e-01
7.634430891144134979e-01
7.735132631516943302e-01
7.833982594671452526e-01
7.930840818577018503e-01
8.025581187301805697e-01
8.118091341432100982e-01
8.208272498512183546e-01
8.296039189993148488e-01
8.381318921823044388e-01
8.464051766320037640e-01
8.544189893341724851e-01
8.621697048996562751e-01
8.696547990240174331e-01
8.768727883665277112e-01
8.838231676636985057e-01
8.905063448655528013e-01
8.969235750457992262e-01
9.030768937913311589e-01
9.089690507235287376e-01
9.146034437452267296e-01
9.199840545445319151e-01
9.251153858214755665e-01
9.300024006372633600e-01
9.346504642200619273e-01
9.390652884970782655e-01
9.432528795612754591e-01
9.472194882233531121e-01
9.509715637463427296e-01
9.545157108118851319e-01
9.578586497243268827e-01
9.610071798213751793e-01
9.639681460281996905e-01
9.667484084654326404e-01
9.693548150002386787e-01
9.717941766131354964e-01
9.740732454411203944e-01
9.761986953493974051e-01
9.781771048790992573e-01
9.800149424163309142e-01
9.817185534281287485e-01
9.832941496130539472e-01
9.847477998177033287e-01
9.860854225750451674e-01
9.873127801258821945e-01
9.884354737906486665e-01
9.894589405650018321e-01
9.903884508191308500e-01
9.912291069873134797e-01
9.919858431409478428e-01
9.926634253450618006e-01
9.932664527051321413e-01
9.937993590179134973e-01
9.942664149468520840e-01
9.946717306494764488e-01
9.950192587908470720e-01
9.953127978835981660e-01
9.955559959012020288e-01
9.957523541167041525e-01
9.959052311241907152e-01
9.960178470045563115e-01
9.960932876006650671e-01
9.961345088697106664e-01
9.961443412824887433e-01
9.961254942404768054e-01
9.960805604821754144e-01
9.960120204502731500e-01
9.959222465910414490e-01
9.958135075571613593e-01
9.956879722851512682e-01
9.955477139188978475e-01
9.953947135516824085e-01
9.952308637606597230e-01
9.950579719100776099e-01
9.948777632026554185e-01
9.946918834624198791e-01
9.945019016368685794e-01
9.943093120114377959e-01
9.941155361347483455e-01
9.939219244587844670e-01
9.937297577038277652e-01
9.935402479634255490e-01
9.933545395697144231e-01
9.931737097439029549e-01
9.929987690604759054e-01
9.928306617566414749e-01
9.926702659206189105e-01
9.925183935935422141e-01
9.923757908200436795e-01
9.922431376820332050e-01
9.921210483488722698e-01
9.920100711751681510e-01
9.919106888748961959e-01
9.918233187976354115e-01
9.917483133294937581e-01
9.916859604379579807e-01
9.916364843765212989e-01
9.916000465616453541e-01
9.915767466314671097e-01
9.915666236927279664e-01
9.915696577597123973e-01
9.915857713865423584e-01
9.916148314919621676e-01
9.916566513737428146e-01
9.917109929079809261e-01
9.917775689268351069e-01
9.918560457665686059e-01
9.919460459761413329e-01
9.920471511749759941e-01
9.921589050469254989e-01
9.922808164559052679e-01
9.924123626671430554e-01
9.925529926566095673e-01
9.927021304899530385e-01
9.928591787512428546e-01
9.930235220010659170e-01
9.931945302430679190e-01
9.933715623778998083e-01
9.935539696237394303e-01
9.937410988830801539e-01
9.939322960363072834e-01
9.941269091436498728e-01
9.943242915383716518e-01
9.945238047954783056e-01
9.947248215617177092e-01
9.949267282341858198e-01
9.951289274763740478e-01
9.953308405619871735e-01
9.955319095382889616e-01
9.957315992021096296e-01
9.959293988829642785e-01
9.961248240290140332e-01
9.963174175928579679e-01
9.965067512154078821e-01
9.966924262073811880e-01
9.968740743292672235e-01
9.970513583719909922e-01
9.972239725419087542e-01
9.973916426552146275e-01
9.975541261482968602e-01
9.977112119120158384e-01
9.978627199592554620e-01
9.980085009363626192e-01
9.981484354901897227e-01
9.982824335033391172e-01
9.984104332108130198e-01
9.985324002115621989e-01
9.986483263883566552e-01
9.987582287489623623e-01
9.988621482007922214e-01
9.989601482700452006e-01
9.990523137748966720e-01
9.991387494606442932e-01
9.992195786029486326e-01
9.992949415835555849e-01
9.993649944412844599e-01
9.994299073997552352e-01
9.994898633724168535e-01
9.995450564450557573e-01
9.995956903361632451e-01
9.996419768363575820e-01
9.996841342294836563e-01
9.997223856999627456e-01
9.997569577333389468e-01
9.997880785195905062e-01
