9.997972597969854158e-01
9.997677750197931923e-01
9.997350772902784399e-01
9.996989628239487669e-01
9.996592302281279707e-01
9.996156817885530899e-01
9.995681247014952531e-01
9.995163722410121965e-01
9.994602448546299200e-01
9.993995711842520446e-01
9.993341890122295901e-01
9.992639461351419117e-01
9.991887011698439292e-01
9.991083242976873668e-01
9.990226979535155039e-01
9.989317174661259680e-01
9.988352916564682271e-01
9.987333433990027709e-01
9.986258101505226525e-01
9.985126444494497600e-01
9.983938143872880255e-01
9.982693040526415817e-01
9.981391139470878748e-01
9.980032613712762624e-01
9.978617807789614824e-01
9.977147240962748187e-01
9.975621610034095532e-01
9.974041791760021036e-01
9.972408844838285269e-01
9.970724011449514368e-01
9.968988718341083022e-01
9.967204577448870451e-01
9.965373386060393246e-01
9.963497126530914683e-01
9.961577965571785098e-01
9.959618253137128008e-01
9.957620520940519970e-01
9.955587480637211328e-01
9.953522021709262368e-01
9.951427209090492054e-01
9.949306280565033411e-01
9.947162643967447648e-01
9.944999874203621637e-01
9.942821710100220312e-01
9.940632051076281339e-01
9.938434953613981548e-01
9.936234627487117166e-01
9.934035431685781514e-01
9.931841869954816104e-01
9.929658585842571217e-01
9.927490357135941856e-01
9.925342089538526924e-01
9.923218809431706422e-01
9.921125655544280608e-01
9.919067869345697952e-01
9.917050783971380623e-01
9.915079811486585681e-01
9.913160428297984605e-01
9.911298158529576741e-01
9.909498555191770253e-01
9.907767178988987622e-01
9.906109574631732917e-01
9.904531244543095525e-01
9.903037619876632336e-01
9.901634028791995723e-01
9.900325661965938551e-01
9.899117535349172270e-01
9.898014450213603599e-01
9.897020950569453968e-01
9.896141278067772662e-01
9.895379324540465316e-01
9.894738582367331725e-01
9.894222092897295706e-01
9.893832393188658481e-01
9.893571461370241904e-01
9.893440660960669542e-01
9.893440684515699690e-01
9.893571497002109361e-01
9.893832279319405565e-01
9.894221372406249992e-01
9.894736222375123402e-01
9.895373327115242201e-01
9.896128184788915982e-01
9.896995244619932741e-01
9.897967860334035972e-01
9.899038246561725485e-01
9.900197438453632870e-01
9.901435254690299503e-01
9.902740263993514702e-01
9.904099755168053187e-01
9.905499710623477672e-01
9.906924783248415300e-01
9.908358276437225776e-01
9.909782127003649022e-01
9.911176890660076122e-01
9.912521729696114337e-01
9.913794402457392074e-01
9.914971254205672269e-01
9.916027208934506953e-01
9.916935761720673259e-01
9.917668971209794293e-01
9.918197451864091407e-01
9.918490365640094675e-01
9.918515412813286858e-01
9.918238821724174592e-01
9.917625337285206344e-01
9.916638208159758161e-01
9.915239172602736684e-01
9.913388443037024489e-01
9.911044689531371965e-01
9.908165022443607972e-01
9.904704974599004563e-01
9.900618483487474419e-01
9.895857874085727257e-01
9.890373843041262436e-01
9.884115445094042718e-01
9.877030082757410900e-01
9.869063500430712566e-01
9.860159784269190153e-01
9.850261369288501045e-01
9.839309055327122300e-01
9.827242033624835615e-01
9.813997925893681584e-01
9.799512837853354696e-01
9.783721429270113568e-01
9.766557002571416568e-01
9.747951612102954133e-01
9.727836196046620865e-01
9.706140732924803949e-01
9.682794424476670603e-01
9.657725906506104963e-01
9.630863489069902972e-01
9.602135427101369247e-01
9.571470222252086435e-01
9.538796956387859405e-01
9.504045656798519870e-01
9.467147692780671919e-01
9.428036202833124380e-01
9.386646551271937700e-01
9.342916812631147927e-01
9.296788281771414253e-01
9.248206007177208754e-01
9.197119344488495774e-01
9.143482526890236439e-01
9.087255248577393862e-01
9.028403257129433701e-01
8.966898950272053082e-01
8.902721972180269727e-01
8.835859804191910083e-01
8.766308344559538002e-01
8.694072471677845027e-01
8.619166585088082755e-01
8.541615118486706182e-01
8.461453018956773819e-01
8.378726186702079026e-01
8.293491869698474961e-01
8.205819007886386851e-01
8.115788521813352974e-01
8.023493540994199869e-01
7.929039567685994827e-01
7.832544572269571903e-01
7.734139016982197745e-01
7.633965805347192601e-01
7.532180155285252976e-01
7.428949394556332297e-01
7.324452677856931881e-01
7.218880625572008380e-01
7.112434884839917704e-01
7.005327614220526744e-01
6.897780893850198325e-01
6.790026063513533439e-01
6.682302991555089111e-01
6.574859277990984241e-01
6.467949395560155246e-01
6.361833772781233520e-01
6.256777823357868584e-01
6.153050926511409724e-01
6.050925363023764714e-01
5.950675211954719046e-01
5.852575213168111912e-01
5.756899600968622410e-01
5.663920914324220846e-01
5.573908789334528491e-01
5.487128739806246269e-01
5.403840932013828091e-01
5.324298959954869570e-01
5.248748627649874043e-01
5.177426745276892950e-01
5.110559946163344414e-01
5.048363531867235965e-01
4.991040352755532483e-01
4.938779731614556523e-01
4.891756437892880172e-01
4.850129720169432668e-01
4.814042404347906867e-01
4.783620064895309776e-01
4.758970276162691748e-01
4.740181950447392989e-01
4.727324768979952463e-01
4.720448711449432011e-01
4.719583689024691164e-01
4.724739285096023478e-01
4.735904607162536584e-01
4.753048252437719334e-01
4.776118388852403918e-01
4.805042952213677276e-01
4.839729959342530252e-01
4.880067936074118373e-01
4.925926458072986680e-01
4.977156801499758032e-01
5.033592699673955506e-01
5.095051201015254883e-01
5.161333622717927394e-01
5.232226593824651495e-01
5.307503180620033456e-01
5.386924086564441883e-01
5.470238918340020184e-01
5.557187508986507485e-01
5.647501288571573630e-01
5.740904692374226848e-01
5.837116596168757665e-01
5.935851767888440378e-01
6.036822324731898615e-01
6.139739184659178672e-01
6.244313501218152762e-01
6.350258070751777506e-01
6.457288701269616737e-01
6.565125532626348015e-01
6.673494298137818692e-01
6.782127518379565956e-01
6.890765618649914437e-01
6.999157962431490354e-01
7.107063794140849877e-01
7.214253085502329021e-01
7.320507281002268662e-01
7.425619939055605467e-01
7.529397266727879678e-01
7.631658547080770738e-01
7.732236459427132003e-01
7.830977293969962894e-01
7.927741063439046609e-01
8.022401515408907891e-01
8.114846049965589447e-01
8.204975548271603580e-01
8.292704118346029274e-01
8.377958765019953846e-01
8.460678991539379856e-01
8.540816340664724171e-01
8.618333883356751324e-01
8.693205663245915371e-01
8.765416105060017671e-01
8.834959395041734886e-01
8.901838841132392321e-01
8.966066220343384963e-01
9.027661120295027430e-01
9.086650281388976014e-01
9.143066945509897847e-01
9.196950216540302758e-01
9.248344437334732326e-01
9.297298587150676363e-01
9.343865702887410585e-01
9.388102326853063895e-01
9.430067983175627333e-01
9.469824684404594128e-01
9.507436469323959916e-01
9.542968972519904058e-01
9.576489025821344203e-01
9.608064291360511877e-01
9.637762925683998061e-01
9.665653274081086321e-01
9.691803594083066020e-01
9.716281806921127639e-01
9.739155275607004336e-01
9.760490608214935637e-01
9.780353484890731419e-01
9.798808507088486719e-01
9.815919067532978826e-01
9.831747239421251283e-01
9.846353683406348090e-01
9.859797570945918466e-01
9.872136522645748036e-01
9.883426560280845763e-01
9.893722071232959880e-01
9.903075784142287841e-01
9.911538754632044368e-01
9.919160360027222678e-01
9.925988302053152523e-01
9.932068616565304930e-01
9.937445689429021956e-01
9.942162277736048548e-01
9.946259535613352076e-01
9.949777043947789501e-01
9.952752843416474704e-01
9.955223470276088893e-01
9.957223994423077817e-01
9.958788059289700456e-01
9.959947923186682761e-01
9.960734501741165259e-01
9.961177411108077528e-01
9.961305011654252306e-01
9.961144451827910196e-01
9.960721711932968292e-01
9.960061647529327988e-01
9.959188032178956096e-01
9.958123599255364056e-01
9.956890082533136344e-01
9.955508255276663832e-01
9.953997967555007209e-01
9.952378181524225154e-01
9.950667004440560959e-01
9.948881719197856244e-01
9.947038812220281301e-01
9.945153998586123700e-01
9.943242244308756472e-01
9.941317785755260372e-01
9.939394146239740602e-01
9.937484149884984186e-01
9.935599932900734954e-01
9.933752952477621356e-01
9.931953993540816317e-01
9.930213173645531244e-01
9.928539946326249144e-01
9.926943103232600540e-01
9.925430775396633098e-01
9.924010433979107981e-01
9.922688890836766085e-01
9.921472299239225690e-01
9.920366155044161305e-01
9.919375298614131475e-01
9.918503917729106778e-01
9.917755551716911366e-01
9.917133096990649044e-01
9.916638814149079106e-01
9.916274336763786224e-01
9.916040681946638458e-01
9.915938262762936661e-01
9.915966902530152227e-01
9.916125851019024218e-01
9.916413802552945800e-01
9.916828915982561776e-01
9.917368836494717677e-01
9.918030719198015488e-01
9.918811254410583311e-01
9.919706694559079496e-01
9.920712882581153025e-01
9.921825281706665445e-01
9.923039006476139789e-01
9.924348854838562772e-01
9.925749341155369887e-01
9.927234729923793966e-01
9.928799070021335771e-01
9.930436229264606451e-01
9.932139929070444850e-01
9.933903779005458512e-01
9.935721311011973533e-01
9.937586013103655302e-01
9.939491362332528723e-01
9.941430856840263175e-01
9.943398046819822422e-01
9.945386564228334558e-01
9.947390151107635692e-01
9.949402686384873906e-01
9.951418211041355155e-01
9.953430951553112749e-01
9.955435341521375880e-01
9.957426041425033736e-01
9.959397956440508848e-01
9.961346252287276437e-01
9.963266369069773143e-01
9.965154033098977404e-01
9.967005266689606957e-01
9.968816395941915154e-01
9.970584056530605865e-01
9.972305197537332244e-01
9.973977083377630892e-01
9.975597293887642492e-01
9.977163722650367328e-01
9.978674573655017532e-01
9.980128356395785438e-01
9.981523879527530729e-01
9.982860243204852990e-01
9.984136830237312354e-01
9.985353296196600725e-01
9.986509558610946469e-01
9.987605785377757783e-01
9.988642382517407547e-01
9.989619981379489477e-01
9.990539425398317075e-01
9.991401756477640284e-01
9.992208201066655748e-01
9.992960155971558622e-01
9.993659173930473649e-01
9.994306948966041881e-01
9.994905301520456975e-01
9.995456163373426239e-01
9.995961562345148099e-01
9.996423606794272443e-01
9.996844469934750288e-01
9.997226374014850370e-01
9.997571574425306862e-01
9.997882343829785912e-01
