9.997982541826061498e-01
9.997689013938426683e-01
9.997363467085348399e-01
9.997003863401853208e-01
9.996608187674026480e-01
9.996174460159223951e-01
9.995700748889401188e-01
9.995185181354904191e-01
9.994625955501844627e-01
9.994021350010162674e-01
9.993369733849791769e-01
9.992669575137547167e-01
9.991919449336598147e-01
9.991118046853222356e-01
9.990264180092032209e-01
9.989356790031493905e-01
9.988394952377296354e-01
9.987377883342823948e-01
9.986304945095137997e-01
9.985175650892437194e-01
9.983989669926340849e-01
9.982746831870337179e-01
9.981447131125307237e-01
9.980090730744708427e-01
9.978677966016112899e-01
9.977209347672568729e-01
9.975685564706552322e-01
9.974107486761035757e-01
9.972476166075974202e-01
9.970792838974108507e-01
9.969058926876787075e-01
9.967276036848264908e-01
9.965445961675024611e-01
9.963570679494789806e-01
9.961652352997441007e-01
9.959693328226788545e-01
9.957696133017420737e-01
9.955663475104530313e-01
9.953598239946124249e-01
9.951503488296180588e-01
9.949382453563850870e-01
9.947238538987560608e-01
9.945075314643758713e-01
9.942896514298132926e-01
9.940706032092626598e-01
9.938507919044621275e-01
9.936306379315865689e-01
9.934105766188409126e-01
9.931910577663741746e-01
9.929725451580132534e-01
9.927555160122617517e-01
9.925404603580966212e-01
9.923278803194064412e-01
9.921182892905138218e-01
9.919122109841914670e-01
9.917101783329518305e-01
9.915127322242190955e-01
9.913204200502956365e-01
9.911337940548119452e-01
9.909534094586033293e-01
9.907798223496339096e-01
9.906135873236756595e-01
9.904552548648614119e-01
9.903053684579452565e-01
9.901644614270281863e-01
9.900330534986256925e-01
9.899116470901924147e-01
9.898007233285732731e-01
9.897007378062817606e-01
9.896121160870100519e-01
9.895352489753450609e-01
9.894704875692883483e-01
9.894181381178369650e-01
9.893784567095399440e-01
9.893516438215538278e-01
9.893378387621797332e-01
9.893371140430846644e-01
9.893494697202416255e-01
9.893748277449232464e-01
9.894130263676894632e-01
9.894638146390711819e-01
9.895268470504247071e-01
9.896016783571159880e-01
9.896877586237309288e-01
9.897844285273781351e-01
9.898909149504226956e-01
9.900063268882548506e-01
9.901296516911367585e-01
9.902597516519896503e-01
9.903953609444262618e-01
9.905350829076836616e-01
9.906773876676142621e-01
9.908206100758392143e-01
9.909629479427671805e-01
9.911024605346464567e-01
9.912370673003034760e-01
9.913645467898221098e-01
9.914825357252130544e-01
9.915885281821119612e-01
9.916798748417169351e-01
9.917537822734812103e-01
9.918073122114424711e-01
9.918373807904274919e-01
9.918407577126340247e-01
9.918140653202054402e-01
9.917537775553166846e-01
9.916562187959574448e-01
9.915175625630229250e-01
9.913338301025153010e-01
9.911008888556599450e-01
9.908144508395914096e-01
9.904700709720188900e-01
9.900631453849806363e-01
9.895889097854581040e-01
9.890424379342287464e-01
9.884186403288108824e-01
9.877122631915573603e-01
9.869178878796650567e-01
9.860299308497728621e-01
9.850426443255365649e-01
9.839501178316164554e-01
9.827462807713570614e-01
9.814249062375045574e-01
9.799796162549888612e-01
9.784038886615206154e-01
9.766910658349746699e-01
9.748343654757978261e-01
9.728268936476208717e-01
9.706616602696527263e-01
9.683315972401764782e-01
9.658295793515946359e-01
9.631484481341520132e-01
9.602810387379879797e-01
9.572202099318989355e-01
9.539588772626073077e-01
9.504900493808989825e-01
9.468068675012610846e-01
9.429026479201298994e-01
9.387709274750649646e-01
9.344055117836125302e-01
9.298005260567620001e-01
9.249504682382233556e-01
9.198502641776978850e-01
9.144953245043562218e-01
9.088816028263283497e-01
9.030056548436692365e-01
8.968646979264905950e-01
8.904566706773144880e-01
8.837802919677734126e-01
8.768351189151653013e-01
8.696216032446683064e-01
8.621411454688205911e-01
8.543961463077612839e-01
8.463900547721876499e-01
8.381274123364853557e-01
8.296138926423144433e-01
8.208563361933222113e-01
8.118627795296045058e-01
8.026424784059379425e-01
7.932059245402997005e-01
7.835648555482466193e-01
7.737322577336129825e-01
7.637223614657411286e-01
7.535506289370180744e-01
7.432337341605996794e-01
7.327895351355415698e-01
7.222370381737981404e-01
7.115963544493630888e-01
7.008886488929857439e-01
6.901360816153769839e-01
6.793617420967261733e-01
6.685895764301161837e-01
6.578443079507476643e-01
6.471513516216849116e-01
6.365367225804663409e-01
6.260269392797961352e-01
6.156489216804326148e-01
6.054298849761654555e-01
5.953972293503349000e-01
5.855784262816803309e-01
5.760009019352518855e-01
5.666919181924019444e-01
5.576784518930602008e-01
5.489870728838038838e-01
5.406438214867643755e-01
5.326740860267983324e-01
5.251024810771601770e-01
5.179527271062718263e-01
5.112475322291959445e-01
5.050084767858687984e-01
4.992559014829647257e-01
4.940087998460636065e-01
4.892847157325842522e-01
4.850996466525846484e-01
4.814679536332411303e-01
4.784022783428860670e-01
4.759134681616794538e-01
4.740105098480626999e-01
4.727004724033938565e-01
4.719884596819737821e-01
4.718775732307207704e-01
4.723688857728529644e-01
4.734614256741749294e-01
4.751521726498777465e-01
4.774360648853732680e-01
4.803060176575998375e-01
4.837529534545614851e-01
4.877658435014340377e-01
4.923317605123473939e-01
4.974359423985411643e-01
5.030618665766364295e-01
5.091913344358320881e-01
5.158045654402512170e-01
5.228803002629798247e-01
5.303959122718935326e-01
5.383275266146134719e-01
5.466501460814607860e-01
5.553377828616503642e-01
5.643635952499339581e-01
5.737000283092925645e-01
5.833189574510656561e-01
5.931918338580071115e-01
6.032898306493328366e-01
6.135839886707974422e-01
6.240453607882349152e-01
6.346451535706824076e-01
6.453548652697569388e-01
6.561464190359433957e-01
6.669922903599107000e-01
6.778656277878634118e-01
6.887403660336823830e-01
6.995913306964904876e-01
7.103943338890751358e-01
7.211262601888920321e-01
7.317651424374618241e-01
7.422902270338722630e-01
7.526820284917615789e-01
7.629223731543376408e-01
7.729944320864821083e-01
7.828827432845584244e-01
7.925732234610860516e-01
8.020531697709682994e-01
8.113112519466694206e-01
8.203374954001083630e-01
8.291232559277130765e-01
8.376611867211275486e-01
8.459451984387097445e-01
8.539704131318566205e-01
8.617331128452214717e-01
8.692306837212788739e-01
8.764615564379313328e-01
8.834251437936946338e-01
8.901217762294496572e-01
8.965526360399926897e-01
9.027196909840150552e-01
9.086256279491655707e-01
9.142737872710630098e-01
9.196680982431026941e-01
9.248130162891974315e-01
9.297134622057519060e-01
9.343747638135541100e-01
9.388026002962008842e-01
9.430029494402468737e-01
9.469820379344389139e-01
9.507462948319171936e-01
9.543023082306879568e-01
9.576567851843721391e-01
9.608165148174003800e-01
9.637883345864666218e-01
9.665790996030599880e-01
9.691956549100053664e-01
9.716448105878197072e-01
9.739333195538976140e-01
9.760678579086221607e-01
9.780550076769315426e-01
9.799012417911872053e-01
9.816129111608657976e-01
9.831962336762081200e-01
9.846572849960689711e-01
9.860019909744837108e-01
9.872361215855852690e-01
9.883652862122421778e-01
9.893949301699593857e-01
9.903303323440536543e-01
9.911766038248114308e-01
9.919386874321852732e-01
9.926213580285662141e-01
9.932292235252425661e-01
9.937667264952869672e-01
9.942381463127588637e-01
9.946476017451938434e-01
9.949990539332808082e-01
9.952963096983016289e-01
9.955430251241793593e-01
9.957427093667445828e-01
9.958987286479294987e-01
9.960143103969643086e-01
9.960925475041768618e-01
9.961364026556784879e-01
9.961487127190624680e-01
9.961321931513236194e-01
9.960894424006574432e-01
9.960229462737745232e-01
9.959350822400827585e-01
9.958281236437586115e-01
9.957042437945828883e-01
9.955655199086570484e-01
9.954139368709271629e-01
9.952513907929634307e-01
9.950796923417474238e-01
9.949005698183446267e-01
9.947156719692378246e-01
9.945265705176923321e-01
9.943347624076697144e-01
9.941416717583361207e-01
9.939486515329269967e-01
9.937569849314225046e-01
9.935678865219579325e-01
9.933825031309511111e-01
9.932019145163999418e-01
9.930271338525750169e-01
9.928591080572801708e-01
9.926987179949473550e-01
9.925467785900283779e-01
9.924040388854815653e-01
9.922711820806564553e-01
9.921488255816538482e-01
9.920375210953611411e-01
9.919377547959642438e-01
9.918499475899374973e-01
9.917744555024329278e-01
9.917115702047600845e-01
9.916615196993734394e-01
9.916244691755592422e-01
9.916005220459184200e-01
9.915897211708200043e-01
9.915920502752926247e-01
9.916074355603231583e-01
9.916357475082410167e-01
9.916768028797566803e-01
9.917303668982477838e-01
9.917961556150279856e-01
9.918738384475358494e-01
9.919630408806369148e-01
9.920633473195135110e-01
9.921743040809399838e-01
9.922954225081145330e-01
9.924261821926780858e-01
9.925660342861466479e-01
9.927144048817534427e-01
9.928706984467042806e-01
9.930343012841283956e-01
9.932045850036023138e-01
9.933809099790443797e-01
9.935626287730360273e-01
9.937490895072002006e-01
9.939396391591319713e-01
9.941336267674806271e-01
9.943304065280791360e-01
9.945293407654473006e-01
9.947298027654996044e-01
9.949311794568187484e-01
9.951328739293791026e-01
9.953343077810758999e-01
9.955349232838361928e-01
9.957341853624444017e-01
9.959315833805219009e-01
9.961266327293654133e-01
9.963188762166050871e-01
9.965078852529006825e-01
9.966932608361839252e-01
9.968746343342841376e-01
9.970516680681545951e-01
9.972240556993472449e-01
9.973915224268484758e-01
9.975538249998661122e-01
9.977107515546158600e-01
9.978621212845496524e-01
9.980077839547475405e-01
9.981476192723012231e-01
9.982815361254053776e-01
9.984094717044685874e-01
9.985313905188342165e-01
9.986472833226061052e-01
9.987571659626075515e-01
9.988610781606507283e-01
9.989590822410954196e-01
9.990512618131859313e-01
9.991377204159508363e-01
9.992185801316425531e-01
9.992939801719046278e-01
9.993640754392251191e-01
9.994290350648955545e-01
9.994890409237796591e-01
9.995442861258101441e-01
9.995949734843453394e-01
9.996413139623618882e-01
9.996835250989177801e-01
9.997218294203199518e-01
9.997564528428521946e-01
9.997876230765987415e-01
