9.997979163530811286e-01
9.997685236088874605e-01
9.997359263886422820e-01
9.996999210252380808e-01
9.996603061535831447e-01
9.996168839914659765e-01
9.995694615678790695e-01
9.995178518885879937e-01
9.994618750323396306e-01
9.994013591745299907e-01
9.993361415382003843e-01
9.992660692747709072e-01
9.991910002788532141e-01
9.991108039427699650e-01
9.990253618570512639e-01
9.989345684632379152e-01
9.988383316648713484e-01
9.987365734017071839e-01
9.986292301910766334e-01
9.985162536390554955e-01
9.983976109228083207e-01
9.982732852442561811e-01
9.981432762541428971e-01
9.980076004447263616e-01
9.978662915087128660e-01
9.977194006617108313e-01
9.975669969254065128e-01
9.974091673688233461e-01
9.972460173054056298e-01
9.970776704442209093e-01
9.969042689942609892e-01
9.967259737215931059e-01
9.965429639599368006e-01
9.963554375760498294e-01
9.961636108920799426e-01
9.959677185677129341e-01
9.957680134454931498e-01
9.955647663630668998e-01
9.953582659362615326e-01
9.951488183168450963e-01
9.949367469284731147e-01
9.947223921837178295e-01
9.945061111841757562e-01
9.942882774044690120e-01
9.940692803595080340e-01
9.938495252527037582e-01
9.936294326009306177e-01
9.934094378300205586e-01
9.931899908324552939e-01
9.929715554768022701e-01
9.927546090563801329e-01
9.925396416627190188e-01
9.923271554676832418e-01
9.921176638967162953e-01
9.919116906746213713e-01
9.917097687246523297e-01
9.915124389015130824e-01
9.913202485391502394e-01
9.911337497950010178e-01
9.909534977735986461e-01
9.907800484141198183e-01
9.906139561285332018e-01
9.904557711794348407e-01
9.903060367893665727e-01
9.901652859763596659e-01
9.900340381135745993e-01
9.899127952141758557e-01
9.898020379459584461e-01
9.897022213837053384e-01
9.896137705107949101e-01
9.895370754851758877e-01
9.894724866884840875e-01
9.894203095807573289e-01
9.893807993868853901e-01
9.893541556445436536e-01
9.893405166468256517e-01
9.893399538159912687e-01
9.893524660475614407e-01
9.893779740662539401e-01
9.894163148368185778e-01
9.894672360735361494e-01
9.895303908918571256e-01
9.896053326442760811e-01
9.896915099799934445e-01
9.897882621642175582e-01
9.898948146881473287e-01
9.900102751948660629e-01
9.901336297397367314e-01
9.902637393966423618e-01
9.903993372137985807e-01
9.905390255151645951e-01
9.906812735359626920e-01
9.908244153737537641e-01
9.909666482301381363e-01
9.911060309126727974e-01
9.912404825621567994e-01
9.913677815671613214e-01
9.914855646256109933e-01
9.915913259123821932e-01
9.916824163122412994e-01
9.917560426789417960e-01
9.918092670838580815e-01
9.918390060210763304e-01
9.918420295402824438e-01
9.918149602840372614e-01
9.917542724120210762e-01
9.916562904015503443e-01
9.915171877210943174e-01
9.913329853816711390e-01
9.910995503799135964e-01
9.908125940563211609e-01
9.904676704028103629e-01
9.900601743651931130e-01
9.895853401986831610e-01
9.890382399479412667e-01
9.884137821374554544e-01
9.877067107730861384e-01
9.869116047711684603e-01
9.860228779473548810e-01
9.850347797130127869e-01
9.839413966419973123e-01
9.827366550844537363e-01
9.814143250163971377e-01
9.799680253235528715e-01
9.783912307247469853e-01
9.766772805434512650e-01
9.748193895354563265e-01
9.728106609756888012e-01
9.706441021976720540e-01
9.683126427649353385e-01
9.658091554348406937e-01
9.631264800519736546e-01
9.602574504807257494e-01
9.571949246553553836e-01
9.539318177911029206e-01
9.504611387623751462e-01
9.467760296141183307e-01
9.428698081308113377e-01
9.387360133445729060e-01
9.343684538201701972e-01
9.297612585107679628e-01
9.249089299345047976e-01
9.198063993789198367e-01
9.144490837983123566e-01
9.088329440288003269e-01
9.029545439076063218e-01
8.968111098474981224e-01
8.904005903848412062e-01
8.837217151910002899e-01
8.767740530124070730e-01
8.695580679851084849e-01
8.620751737556089367e-01
8.543277848318782119e-01
8.463193645870294990e-01
8.380544693438065629e-01
8.295387879809817955e-01
8.207791765232670400e-01
8.117836872043939778e-01
8.025615915285204682e-01
7.931233968976986182e-01
7.834808564222864868e-01
7.736469715861422625e-01
7.636359874982732165e-01
7.534633805262200834e-01
7.431458381725991602e-01
7.327012311235907571e-01
7.221485774653657597e-01
7.115079991302060147e-01
7.008006706971292576e-01
6.900487607311454052e-01
6.792753658999715061e-01
6.685044381565268257e-01
6.577607053195353437e-01
6.470695854229959743e-01
6.364570952385200098e-01
6.259497534029812016e-01
6.155744786084285103e-01
6.053584833325992287e-01
5.953291636075956905e-01
5.855139853424016216e-01
5.759403677326981885e-01
5.666355643097273909e-01
5.576265421992787630e-01
5.489398601824604373e-01
5.406015461719064774e-01
5.326369747400430121e-01
5.250707453595542251e-01
5.179265620393556091e-01
5.112271150612377468e-01
5.049939655416755269e-01
4.992474335588711343e-01
4.940064905956591534e-01
4.892886570531987944e-01
4.851099055873854260e-01
4.814845710087207742e-01
4.784252674663140859e-01
4.759428136074275173e-01
4.740461663653734448e-01
4.727423639808620015e-01
4.720364788055437799e-01
4.719315803721877423e-01
4.724287091446257580e-01
4.735268612832980173e-01
4.752229846801170332e-01
4.775119864305851225e-01
4.803867518228392974e-01
4.838381748335999211e-01
4.878552000308741254e-01
4.924248756936210336e-01
4.975324178700383237e-01
5.031612850094451250e-01
5.092932627182713556e-01
5.159085581089473127e-01
5.229859031318329077e-01
5.305026662051468556e-01
5.384349713865292930e-01
5.467578242628935437e-01
5.554452436731251996e-01
5.644703983216972087e-01
5.738057472910896850e-01
5.834231834180272358e-01
5.932941784638341431e-01
6.033899289837648672e-01
6.136815017849379661e-01
6.241399778584801883e-01
6.347365936795102970e-01
6.454428787893122799e-01
6.562307886079582486e-01
6.670728314728741060e-01
6.779421889593069128e-01
6.888128286118806454e-01
6.996596083016395351e-01
7.104583715190351256e-01
7.211860330188268886e-01
7.318206543461065472e-01
7.423415088917396654e-01
7.527291362483483628e-01
7.629653857623421853e-01
7.730334493012613883e-01
7.829178833765561007e-01
7.926046208778447788e-01
8.020809727836525349e-01
8.113356203138604172e-01
8.203585980790346621e-01
8.291412688601760284e-01
8.376762907181923845e-01
8.459575771848832915e-01
8.539802513260157379e-01
8.617405944920628613e-01
8.692359905836128942e-01
8.764648666567861346e-01
8.834266306800100388e-01
8.901216072281484815e-01
8.965509718644767423e-01
9.027166849166686768e-01
9.086214253012800945e-01
9.142685249937392289e-01
9.196619046791345564e-01
9.248060110547027257e-01
9.297057561893644628e-01
9.343664592803277991e-01
9.387937910829690091e-01
9.429937212290215864e-01
9.469724685905002159e-01
9.507364547935119869e-01
9.542922609377235688e-01
9.576465875341275691e-01
9.608062176360744333e-01
9.637779831063227887e-01
9.665687339359917418e-01
9.691853105095122878e-01
9.716345186926326205e-01
9.739231076077871085e-01
9.760577499522402611e-01
9.780450247088406934e-01
9.798914020964811789e-01
9.816032306069533142e-01
9.831867259763836797e-01
9.846479619423974539e-01
9.859928626422653775e-01
9.872271965122221271e-01
9.883565715536984930e-01
9.893864318381870859e-01
9.903220551287673645e-01
9.911685515028449966e-01
9.919308628673848549e-01
9.926137632647882292e-01
9.932218598745680138e-01
9.937595946230649568e-01
9.942312463205786877e-01
9.946409332523882263e-01
9.949926161571061023e-01
9.952901015325373857e-01
9.955370452155626326e-01
9.957369561884020781e-01
9.958932005688113653e-01
9.960090057461992163e-01
9.960874646292743329e-01
9.961315399735779508e-01
9.961440687591655019e-01
9.961277665898374822e-01
9.960852320857981335e-01
9.960189512416248725e-01
9.959313017211481878e-01
9.958245570605037678e-01
9.957008907504483197e-01
9.955623801692382591e-01
9.954110103381433872e-01
9.952486774731397201e-01
9.950771923085929282e-01
9.948982831718220510e-01
9.947135987913036104e-01
9.945247108258478130e-01
9.943331161072066493e-01
9.941402385941071618e-01
9.939474310414191383e-01
9.937559763938763613e-01
9.935670889192549371e-01
9.933819151009841697e-01
9.932015343146531894e-01
9.930269593166455300e-01
9.928591365760837117e-01
9.926989464833358978e-01
9.925472034695128620e-01
9.924046560716771603e-01
9.922719869779575985e-01
9.921498130854865538e-01
9.920386856021690125e-01
9.919390902208577998e-01
9.918514473916913987e-01
9.917761127152671108e-01
9.917133774761066611e-01
9.916634693326220606e-01
9.916265531766127461e-01
9.916027321722831189e-01
9.915920489819147754e-01
9.915944871826842810e-01
9.916099728766856192e-01
9.916383764939848966e-01
9.916795147864647664e-01
9.917331530082815760e-01
9.917990072769056198e-01
9.918767471069251940e-01
9.919659981070252375e-01
9.920663448288142838e-01
9.921773337544461668e-01
9.922984764083208065e-01
9.924292525765548989e-01
9.925691136164651596e-01
9.927174858370351185e-01
9.928737739303109544e-01
9.930373644329218985e-01
9.932076291965029613e-01
9.933839288457098071e-01
9.935656162027743932e-01
9.937520396581361881e-01
9.939425464675594180e-01
9.941364859572704438e-01
9.943332126199692089e-01
9.945320890860130936e-01
9.947324889555982930e-01
9.949337994793140405e-01
9.951354240759734404e-01
9.953367846781112638e-01
9.955373238969623673e-01
9.957365070000943064e-01
9.959338236961674529e-01
9.961287897225608035e-01
9.963209482328474476e-01
9.965098709823524414e-01
9.966951593113050345e-01
9.968764449264162497e-01
9.970533904830858329e-01
9.972256899718648926e-01
9.973930689142583850e-01
9.975552843744324161e-01
9.977121247948441685e-01
9.978634096652163610e-01
9.980089890355570148e-01
9.981487428850506216e-01
9.982825803595352099e-01
9.984104388908969785e-01
9.985322832119981618e-01
9.986481042806781838e-01
9.987579181259057526e-01
9.988617646283205476e-01
9.989597062462129973e-01
9.990518266964977245e-01
9.991382295985368200e-01
9.992190370868517801e-01
9.992943883969686025e-01
9.993644384269949610e-01
9.994293562761755734e-01
9.994893237607409553e-01
9.995445339069564117e-01
9.995951894214737399e-01
9.996415011399172323e-01
9.996836864560729730e-01
9.997219677360404955e-01
9.997565707241176103e-01
9.997877229498615126e-01
