9.997976842622546823e-01
9.997682313576827795e-01
9.997355634538597213e-01
9.996994758148192162e-01
9.996597660106768535e-01
9.996162352151476416e-01
9.995686894510326104e-01
9.995169407729949107e-01
9.994608083805515131e-01
9.994001196576309809e-01
9.993347111381288839e-01
9.992644293994706883e-01
9.991891318881886974e-01
9.991086876828745300e-01
9.990229782005984882e-01
9.989318978530273840e-01
9.988353546581176801e-01
9.987332708124989633e-01
9.986255832286305978e-01
9.985122440396229093e-01
9.983932210733760249e-01
9.982684982965166487e-01
9.981380762275746665e-01
9.980019723180016955e-01
9.978602212990331788e-01
9.977128754920443487e-01
9.975600050799484642e-01
9.974016983373197309e-01
9.972380618172612676e-01
9.970692204935432956e-01
9.968953178571763329e-01
9.967165159673055941e-01
9.965329954570757431e-01
9.963449554958839771e-01
9.961526137101499589e-01
9.959562060653688320e-01
9.957559867127104836e-01
9.955522278037680639e-01
9.953452192771911067e-01
9.951352686208446707e-01
9.949227006127832063e-01
9.947078570437060119e-01
9.944910964226617578e-01
9.942727936665952670e-01
9.940533397728988918e-01
9.938331414724655977e-01
9.936126208588874631e-01
9.933922149874481189e-01
9.931723754354773170e-01
9.929535678135513743e-01
9.927362712149918611e-01
9.925209775892296360e-01
9.923081910229274438e-01
9.920984269113719556e-01
9.918922110016096250e-01
9.916900782881782339e-01
9.914925717421032569e-01
9.913002408541105037e-01
9.911136399737702218e-01
9.909333264274989839e-01
9.907598584000020248e-01
9.905937925657766208e-01
9.904356814596796399e-01
9.902860705782329243e-01
9.901454952062450632e-01
9.900144769664186439e-01
9.898935200928508094e-01
9.897831074326961520e-01
9.896836961837213176e-01
9.895957133790369564e-01
9.895195511339265337e-01
9.894555616734090897e-01
9.894040521629339224e-01
9.893652793683864743e-01
9.893394441753169399e-01
9.893266860009001240e-01
9.893270771354827353e-01
9.893406170535302691e-01
9.893672267361978134e-01
9.894067430494456472e-01
9.894589132224496097e-01
9.895233894708658218e-01
9.895997238082048231e-01
9.896873630860634208e-01
9.897856443002689408e-01
9.898937901951351259e-01
9.900109051921298642e-01
9.901359716624850149e-01
9.902678465558313325e-01
9.904052583890927686e-01
9.905468045918816022e-01
9.906909491967840209e-01
9.908360208554936044e-01
9.909802111549810277e-01
9.911215732019981184e-01
9.912580204393822703e-01
9.913873256539728063e-01
9.915071201335519113e-01
9.916148929291181968e-01
9.917079901789681573e-01
9.917836144524713182e-01
9.918388240740060313e-01
9.918705323911868321e-01
9.918755069561930870e-01
9.918503685945961879e-01
9.917915903425305046e-01
9.916954962402886320e-01
9.915582599784255047e-01
9.913759034012125104e-01
9.911442948817954512e-01
9.908591475937226223e-01
9.905160177146279388e-01
9.901103026098366788e-01
9.896372390564905919e-01
9.890919015824687355e-01
9.884692010088184100e-01
9.877638832994910523e-01
9.869705288376775520e-01
9.860835522636811623e-01
9.850972030246678557e-01
9.840055668013489854e-01
9.828025679901702949e-01
9.814819734313330324e-01
9.800373975823886141e-01
9.784623093436565222e-01
9.767500407447909927e-01
9.748937977010008193e-01
9.728866730423707532e-01
9.707216620101679627e-01
9.683916803998663392e-01
9.658895855118727614e-01
9.632082000477595329e-01
9.603403390624494218e-01
9.572788400516163421e-01
9.540165962190019222e-01
9.505465929308675177e-01
9.468619473249285656e-01
9.429559509993706845e-01
9.388221156644352972e-01
9.344542215951096020e-01
9.298463686791408334e-01
9.249930298104106496e-01
9.198891063341341212e-01
9.145299852078652147e-01
9.089115975014012694e-01
9.030304778198912086e-01
8.968838241983145831e-01
8.904695579825597784e-01
8.837863831831961337e-01
8.768338447632888499e-01
8.696123853018551397e-01
8.621233994604078354e-01
8.543692856720128681e-01
8.463534944709234509e-01
8.380805728865675652e-01
8.295562043387635365e-01
8.207872434917289350e-01
8.117817455527593928e-01
8.025489895372321936e-01
7.930994950645262609e-01
7.834450322989745530e-01
7.735986247053756593e-01
7.635745443489075912e-01
7.533882995334634236e-01
7.430566146391726079e-01
7.325974020879002513e-01
7.220297264334293308e-01
7.113737606395456048e-01
7.006507346730443953e-01
6.898828765987486955e-01
6.790933464190349600e-01
6.683061629504896128e-01
6.575461240748364800e-01
6.468387207400891903e-01
6.362100451212873153e-01
6.256866933785816265e-01
6.152956634746492570e-01
6.050642485342409005e-01
5.950199262470954320e-01
5.851902448324797223e-01
5.756027061001462997e-01
5.662846461593498137e-01
5.572631143453488090e-01
5.485647509519102627e-01
5.402156643788345036e-01
5.322413083252711674e-01
5.246663596821092845e-01
5.175145977993362845e-01
5.108087858259593439e-01
5.045705548398187190e-01
4.988202915011653582e-01
4.935770299759216773e-01
4.888583488809074007e-01
4.846802740028598455e-01
4.810571875347524617e-01
4.780017445560661438e-01
4.755247974576687353e-01
4.736353289765986574e-01
4.723403944613945304e-01
4.716450739349039578e-01
4.715524344593613471e-01
4.720635032386636398e-01
4.731772518162173924e-01
4.748905916444612352e-01
4.771983812154119153e-01
4.800934448514306840e-01
4.835666031630544426e-01
4.876067150871994382e-01
4.922007313253572436e-01
4.973337589084050325e-01
5.029891365231506928e-01
5.091485201463739063e-01
5.157919784455566869e-01
5.228980973222063788e-01
5.304440928942754097e-01
5.384059321391477804e-01
5.467584603486284056e-01
5.554755344829669372e-01
5.645301614528858147e-01
5.738946403077505032e-01
5.835407072651581650e-01
5.934396824834324846e-01
6.035626174546133704e-01
6.138804418825322129e-01
6.243641089092966112e-01
6.349847375647204029e-01
6.457137513374769933e-01
6.565230118043707819e-01
6.673849463051875208e-01
6.782726687148417088e-01
6.891600924414570395e-01
7.000220348677429483e-01
7.108343125522955663e-01
7.215738266158888692e-01
7.322186378535870954e-01
7.427480312347302105e-01
7.531425695773912299e-01
7.633841363095984489e-01
7.734559673542343861e-01
7.833426722958911625e-01
7.930302451039761280e-01
8.025060647950790216e-01
8.117588865172851165e-01
8.207788236282222982e-01
8.295573214159073228e-01
8.380871231759439155e-01
8.463622294096613263e-01
8.543778509449886371e-01
8.621303568052134381e-01
8.696172176605001525e-01
8.768369456936686568e-01
8.837890316960711479e-01
8.904738801824298999e-01
8.968927432764631780e-01
9.030476540733730628e-01
9.089413601323006464e-01
9.145772576932127418e-01
9.199593271499635350e-01
9.250920702460259104e-01
9.299804493931211891e-01
9.346298294470853918e-01
9.390459222110729698e-01
9.432347338747226750e-01
9.472025155401284646e-01
9.509557169321212200e-01
9.545009433420277301e-01
9.578449158110815542e-01
9.609944345222201090e-01
9.639563453371085000e-01
9.667375093887566884e-01
9.693447756187932862e-01
9.717849561319480411e-01
9.740648042281611074e-01
9.761909949644724804e-01
9.781701080939465553e-01
9.800086132268306383e-01
9.817128570594219061e-01
9.832890525182614860e-01
9.847432696708512401e-01
9.860814282587355706e-01
9.873092917141967906e-01
9.884324625277381982e-01
9.894563788397909843e-01
9.903863121365591438e-01
9.912273659365297140e-01
9.919844753608794141e-01
9.926624074877873349e-01
9.932657623974912031e-01
9.937989748217950225e-01
9.942663163186017394e-01
9.946718978988621229e-01
9.950196730400108214e-01
9.953134410264082854e-01
9.955568505633964893e-01
9.957534036171903358e-01
9.959064594378327362e-01
9.960192387267488012e-01
9.960948279139505424e-01
9.961361835126625319e-01
9.961461365210401153e-01
9.961273968418399294e-01
9.960825576914570378e-01
9.960140999698593456e-01
9.959243965627890827e-01
9.958157165474019745e-01
9.956902292724802983e-01
9.955500082846908683e-01
9.953970350732449512e-01
9.952332026068821946e-01
9.950603186394344490e-01
9.948801087633450946e-01
9.946942191944115885e-01
9.945042192755804145e-01
9.943116036927431844e-01
9.941177944009770284e-01
9.939241422653636304e-01
9.937319284261979524e-01
9.935423654038605390e-01
9.933565979636863608e-01
9.931757037656491205e-01
9.930006938274583694e-01
9.928325128326284110e-01
9.926720393171658552e-01
9.925200857697048518e-01
9.923773986802139069e-01
9.922446585718451839e-01
9.921224800491824647e-01
9.920114118941643078e-01
9.919119372384336275e-01
9.918244738379339287e-01
9.917493744723560045e-01
9.916869274886841445e-01
9.916373575047036093e-01
9.916008262850238841e-01
9.915774337990203025e-01
9.915672194671559803e-01
9.915701635994575991e-01
9.915861890274683121e-01
9.916151629287965896e-01
9.916568988413697605e-01
9.917111588626550400e-01
9.917776560273753317e-01
9.918560568555822021e-01
9.919459840613222834e-01
9.920470194105192041e-01
9.921587067150996475e-01
9.922805549488268317e-01
9.924120414687988001e-01
9.925526153251762462e-01
9.927017006404682542e-01
9.928587000386794870e-01
9.930229981038666276e-01
9.931939648471926896e-01
9.933709591614385825e-01
9.935533322421358227e-01
9.937404309550097459e-01
9.939316011302447018e-01
9.941261907651535168e-01
9.943235531181096043e-01
9.945230496780107510e-01
9.947240529950472920e-01
9.949259493600833837e-01
9.951281413214856375e-01
9.953300500297264097e-01
9.955311174015227804e-01
9.957308080966444930e-01
9.959286113018481768e-01
9.961240423176699332e-01
9.963166439450731326e-01
9.965059876702045960e-01
9.966916746467977539e-01
9.968733364770815397e-01
9.970506357934120212e-01
9.972232666442606419e-01
9.973909546896267964e-01
9.975534572124010735e-01
9.977105629536351383e-01
9.978620917810503421e-01
9.980078942013763665e-01
9.981478507282125490e-01
9.982818711179853866e-01
9.984098934871837860e-01
9.985318833243440606e-01
9.986478324101923931e-01
9.987577576589196093e-01
9.988616998927520862e-01
9.989597225608384257e-01
9.990519104120274552e-01
9.991383681294648822e-01
9.992192189331750019e-01
9.992946031550496988e-01
9.993646767890714822e-01
9.994296100182795684e-01
9.994895857190888577e-01
9.995447979431751895e-01
9.995954503773389899e-01
9.996417547825695582e-01
9.996839294149469923e-01
9.997221974329600913e-01
9.997567852981794623e-01
9.997879211788387455e-01
