9.997980875212773011e-01
9.997687156168396649e-01
9.997361406812200757e-01
9.997001589999068294e-01
9.996605691409642391e-01
9.996171732362095774e-01
9.995697782102984652e-01
9.995181969474853378e-01
9.994622493894194104e-01
9.994017635607479466e-01
9.993365765223365393e-01
9.992665352544429780e-01
9.991914974741108457e-01
9.991113323923282996e-01
9.990259214171441915e-01
9.989351588089936396e-01
9.988389522940419596e-01
9.987372236405237524e-01
9.986299092019506052e-01
9.985169604298069768e-01
9.983983443570799698e-01
9.982740440527526626e-01
9.981440590463418472e-01
9.980084057207121440e-01
9.978671176708088231e-01
9.977202460256142658e-01
9.975678597305668305e-01
9.974100457878453119e-01
9.972469094523064292e-01
9.970785743814151170e-01
9.969051827381943953e-01
9.967268952469965360e-01
9.965438912027111407e-01
9.963563684348391014e-01
9.961645432286254653e-01
9.959686502061161351e-01
9.957689421705436805e-01
9.955656899178148000e-01
9.953591820190318407e-01
9.951497245779026279e-01
9.949376409665517951e-01
9.947232715426265193e-01
9.945069733496867403e-01
9.942891198016805543e-01
9.940701003508589650e-01
9.938503201367911988e-01
9.936301996122646196e-01
9.934101741398184693e-01
9.931906935505573353e-01
9.929722216547638425e-01
9.927552356917740406e-01
9.925402257046631593e-01
9.923276938235942035e-01
9.921181534402779834e-01
9.919121282549526741e-01
9.917101511766603927e-01
9.915127630574173123e-01
9.913205112411783704e-01
9.911339479092680094e-01
9.909536282051994993e-01
9.907801081234854923e-01
9.906139421491244601e-01
9.904556806368671751e-01
9.903058669220803356e-01
9.901650341579646408e-01
9.900337018770024589e-01
9.899123722777721790e-01
9.898015262416279825e-01
9.897016190871907870e-01
9.896130760741203014e-01
9.895362876712188172e-01
9.894716046075558991e-01
9.894193327289733109e-01
9.893797276859925827e-01
9.893529894827589599e-01
9.893392569201111542e-01
9.893386019690769695e-01
9.893510241139131800e-01
9.893764447060876543e-01
9.894147013721864559e-01
9.894655425194562870e-01
9.895286219824394047e-01
9.896034938528051050e-01
9.896896075319809860e-01
9.897863030425241293e-01
9.898928066294021555e-01
9.900082266765849459e-01
9.901315499577523216e-01
9.902616382327092959e-01
9.903972251935244664e-01
9.905369137567329174e-01
9.906791736904481116e-01
9.908223395581772230e-01
9.909646089547505809e-01
9.911040410042809556e-01
9.912385550855955518e-01
9.913659297472565690e-01
9.914838017721520069e-01
9.915896653507166869e-01
9.916808713221079152e-01
9.917546264440594284e-01
9.918079926545959601e-01
9.918378862922268002e-01
9.918410772455773516e-01
9.918141880085774575e-01
9.917536926232646266e-01
9.916559154989391667e-01
9.915170301038153111e-01
9.913330575334758921e-01
9.910998649693782969e-01
9.908131640504415083e-01
9.904685091914103845e-01
9.900612958933006080e-01
9.895867591037924571e-01
9.890399716989524137e-01
9.884158431720493354e-01
9.877091186303561532e-01
9.869143782164752077e-01
9.860260370865835400e-01
9.850383460936794622e-01
9.839453933389493701e-01
9.827411067682239043e-01
9.814192580025792312e-01
9.799734676018581059e-01
9.783972119666524137e-01
9.766838320875622648e-01
9.748265443498604910e-01
9.728184535966862834e-01
9.706525686443236989e-01
9.683218204288857045e-01
9.658190829448681791e-01
9.631371971127016263e-01
9.602689976849249076e-01
9.572073432692925765e-01
9.539451495124703362e-01
9.504754254504779176e-01
9.467913129922194138e-01
9.428861294608460453e-01
9.387534130748341754e-01
9.343869712070418387e-01
9.297809312161187112e-01
9.249297936009386323e-01
9.198284871856855505e-01
9.144724260012827566e-01
9.088575674885055466e-01
9.029804716098416284e-01
8.968383604214776872e-01
8.904291776242481138e-01
8.837516475835522911e-01
8.768053332837323355e-01
8.695906926627875455e-01
8.621091327592061981e-01
8.543630610946537640e-01
8.463559337148012229e-01
8.380922993161318280e-01
8.295778388994597963e-01
8.208194004113210651e-01
8.118250278624071781e-01
8.026039844476424712e-01
7.931667692350459209e-01
7.835251270396147438e-01
7.736920511533742495e-01
7.636817786625366145e-01
7.535097781462766209e-01
7.431927296177577302e-01
7.327484966353767781e-01
7.221960905794074792e-01
7.115556271550014245e-01
7.008482752455946763e-01
6.900961983001581146e-01
6.793224884925141982e-01
6.685510939405718833e-01
6.578067393174744648e-01
6.471148402252833165e-01
6.365014117352412182e-01
6.259929715273427897e-01
6.156164380866309127e-01
6.053990244352636108e-01
5.953681278988027792e-01
5.855512164234264461e-01
5.759757119786863555e-01
5.666688715987417968e-01
5.576576666342969446e-01
5.489686608079811236e-01
5.406278876876641215e-01
5.326607282149411482e-01
5.250917889491841795e-01
5.179447817103286500e-01
5.112424053249851053e-01
5.050062301993438751e-01
4.992565864574823875e-01
4.940124563938216307e-01
4.892913719924656402e-01
4.851093182628961609e-01
4.814806431301758005e-01
4.784179745977656939e-01
4.759321458719124598e-01
4.740321290982633107e-01
4.727249783140771155e-01
4.720157821635718731e-01
4.719076268603312752e-01
4.724015698100678673e-01
4.734966242305428397e-01
4.751897550240783419e-01
4.774758860730852206e-01
4.803479190414233768e-01
4.837967636753126577e-01
4.878113795078691250e-01
4.923788287819498288e-01
4.974843403176802958e-01
5.031113839642615826e-01
5.092417551910788376e-01
5.158556692910363228e-01
5.229318645899483364e-01
5.304477139800327645e-01
5.383793440235458139e-01
5.467017608048719834e-01
5.553889816464996354e-01
5.644141717470259056e-01
5.737497847484122060e-01
5.833677061960588217e-01
5.932393988199640145e-01
6.033360485391598971e-01
6.136287100759585389e-01
6.240884510621209635e-01
6.346864935268574648e-01
6.453943516771194489e-01
6.561839649145331244e-01
6.670278250806029874e-01
6.778990969824503221e-01
6.887717313247913031e-01
6.996205692593778780e-01
7.104214378595274937e-01
7.211512359332578059e-01
7.317880097022058106e-01
7.423110179929978125e-01
7.527007867110070416e-01
7.629391524912180200e-01
7.730092955450719172e-01
7.828957618434071453e-01
7.925844748918610128e-01
8.020627374643750640e-01
8.113192237609464508e-01
8.203439625459466589e-01
8.291283119018970638e-01
8.376649262995126133e-01
8.459477167374370721e-01
8.539718047439491810e-01
8.617334710579773738e-01
8.692300998181804461e-01
8.764601190871721403e-01
8.834229385239075194e-01
8.901188849918189039e-01
8.965491368546690820e-01
9.027156576676365063e-01
9.086211299193256430e-01
9.142688894227659624e-01
9.196628608915918823e-01
9.248074951730507198e-01
9.297077085437783772e-01
9.343688244088090844e-01
9.387965176803376721e-01
9.429967620514436710e-01
9.469757803222631498e-01
9.507399978827080211e-01
9.542959994073428875e-01
9.576504887748151784e-01
9.608102521864601009e-01
9.637821244264186404e-01
9.665729581786555169e-01
9.691895962944265808e-01
9.716388468866399286e-01
9.739274611147865635e-01
9.760621135151846817e-01
9.780493847257081264e-01
9.798957464514391758e-01
9.816075485173165749e-01
9.831910078553891541e-01
9.846521992773189513e-01
9.859970478869585220e-01
9.872313229928580958e-01
9.883606333861947313e-01
9.893904238557034159e-01
9.903259728175755061e-01
9.911723909449141612e-01
9.919346206881315409e-01
9.926174365846057723e-01
9.932254462629648284e-01
9.937630920544843205e-01
9.942346531312330482e-01
9.946442480976966927e-01
9.949958379695706956e-01
9.952932294801132285e-01
9.955400786607657704e-01
9.957398946485473967e-01
9.958960436778775405e-01
9.960117532188840217e-01
9.960901162278199550e-01
9.961340954779278611e-01
9.961465279409587037e-01
9.961301291906616839e-01
9.960874978000157087e-01
9.960211197039638975e-01
9.959333724991230596e-01
9.958265296516011222e-01
9.957027645838957275e-01
9.955641546120679308e-01
9.954126847051758542e-01
9.952502510404508396e-01
9.950786643299829315e-01
9.948996528977871456e-01
9.947148654900106468e-01
9.945258738056220738e-01
9.943341747400713526e-01
9.941411923399334771e-01
9.939482794722765968e-01
9.937567192181898657e-01
9.935677260053880078e-01
9.933824464998720627e-01
9.932019602811048564e-01
9.930272803289263983e-01
9.928593533533820459e-01
9.926990600007169485e-01
9.925472149699710034e-01
9.924045670749265247e-01
9.922717992856462388e-01
9.921495287825906617e-01
9.920383070544126491e-01
9.919386200681165056e-01
9.918508885374583972e-01
9.917754683123957138e-01
9.917126509091659381e-01
9.916626641973254053e-01
9.916256732568752286e-01
9.916017814155373422e-01
9.915910314733553665e-01
9.915934071191193633e-01
9.916088345406440796e-01
9.916371842286699767e-01
9.916782729720560186e-01
9.917318660399806474e-01
9.917976795450011984e-01
9.918753829790266652e-01
9.919646019124986891e-01
9.920649208453411472e-01
9.921758861965407350e-01
9.922970094175683764e-01
9.924277702132919821e-01
9.925676198526012239e-01
9.927159845497174340e-01
9.928722688961554299e-01
9.930358593225715458e-01
9.932061275693216951e-01
9.933824341444734696e-01
9.935641317482769574e-01
9.937505686436803876e-01
9.939410919533475663e-01
9.941350508647492923e-01
9.943317997262096641e-01
9.945307010182240504e-01
9.947311281858811638e-01
9.949324683197622310e-01
9.951341246742119173e-01
9.953355190133559294e-01
9.955360937766624119e-01
9.957353140571965078e-01
9.959326693870249603e-01
9.961276753254899585e-01
9.963198748473208743e-01
9.965088395288083101e-01
9.966941705315475186e-01
9.968754993845809764e-01
9.970524885671534498e-01
9.972248318957105395e-01
9.973922547202426214e-01
9.975545139365500358e-01
9.977113978224659840e-01
9.978627257074693668e-01
9.980083474864031023e-01
9.981481429891281287e-01
9.982820212188305842e-01
9.984099194723097259e-01
9.985318023558505951e-01
9.986476607102031666e-01
9.987575104577214313e-01
9.988613913838739755e-01
9.989593658641358065e-01
9.990515175457862496e-01
9.991379499924276653e-01
9.992187852972312934e-01
9.992941626691203005e-01
9.993642369944643056e-01
9.994291773755104025e-01
9.994891656458562146e-01
9.995443948628688347e-01
9.995950677771638926e-01
9.996413952800904390e-01
9.996835948316219467e-01
9.997218888730464714e-01
9.997565032312680788e-01
9.997876655242089461e-01
