9.997987782973056792e-01
9.997694801406088461e-01
9.997369823388422283e-01
9.997010807424759893e-01
9.996615734170306578e-01
9.996182619304365691e-01
9.995709525898947012e-01
9.995194576177742762e-01
9.994635962596251089e-01
9.994031958207533206e-01
9.993380926308209622e-01
9.992681329384494049e-01
9.991931737397384827e-01
9.991130835459182125e-01
9.990277430960263771e-01
9.989370460206129509e-01
9.988408994620809889e-01
9.987392246565011122e-01
9.986319574806903354e-01
9.985190489671577074e-01
9.984004657882942224e-01
9.982761907100272669e-01
9.981462230141464609e-01
9.980105788877043915e-01
9.978692917773213100e-01
9.977224127059165504e-01
9.975700105493223724e-01
9.974121722704101245e-01
9.972490031087329898e-01
9.970806267242363630e-01
9.969071852942535950e-01
9.967288395637634579e-01
9.965457688496761612e-01
9.963581710007013426e-01
9.961662623150899787e-01
9.959702774191849795e-01
9.957704691102268191e-01
9.955671081671982892e-01
9.953604831336250180e-01
9.951509000761448176e-01
9.949386823222916565e-01
9.947241701803035685e-01
9.945077206428415417e-01
9.942897070753105027e-01
9.940705188880156751e-01
9.938505611897033853e-01
9.936302544181536689e-01
9.934100339414770886e-01
9.931903496216709648e-01
9.929716653298874540e-01
9.927544584008271000e-01
9.925392190117769964e-01
9.923264494701394822e-01
9.921166633919171751e-01
9.919103847525971851e-01
9.917081467912642889e-01
9.915104907486139707e-01
9.913179644198407692e-01
9.911311205041621886e-01
9.909505147339852105e-01
9.907767037683891109e-01
9.906102428376650781e-01
9.904516831280394396e-01
9.903015688983818343e-01
9.901604343235863581e-01
9.900288000623771456e-01
9.899071695504857438e-01
9.897960250234442148e-01
9.896958232766253083e-01
9.896069911736273816e-01
9.895299209176430244e-01
9.894649651040579030e-01
9.894124315761945176e-01
9.893725781097897354e-01
9.893456069554447119e-01
9.893316592718024438e-01
9.893308094855010060e-01
9.893430596168715230e-01
9.893683336127478967e-01
9.894064717294764888e-01
9.894572250100877042e-01
9.895202498994876139e-01
9.895951030403394855e-01
9.896812362899556348e-01
9.897779919950118188e-01
9.898845985562659822e-01
9.900001663098181304e-01
9.901236837449457484e-01
9.902540140714015671e-01
9.903898921415005274e-01
9.905299217246179566e-01
9.906725731241389221e-01
9.908161811196926072e-01
9.909589432109167095e-01
9.910989181332269249e-01
9.912340246112727460e-01
9.913620403120674274e-01
9.914806009572564305e-01
9.915871995526698290e-01
9.916791856931831406e-01
9.917537649019562140e-01
9.918079979652839606e-01
9.918388002275021487e-01
9.918429408145887916e-01
9.918170417602201194e-01
9.917575770140286684e-01
9.916608713186415569e-01
9.915230989497211267e-01
9.913402823217046800e-01
9.911082904712519293e-01
9.908228374405998462e-01
9.904794805941121716e-01
9.900736189133404475e-01
9.896004913288677374e-01
9.890551751610657805e-01
9.884325847565724743e-01
9.877274704226380875e-01
9.869344177772729765e-01
9.860478476490517341e-01
9.850620166760941654e-01
9.839710187686907528e-01
9.827687876137495282e-01
9.814491004111324246e-01
9.800055830414501346e-01
9.784317168714334878e-01
9.767208474060554702e-01
9.748661949957244666e-01
9.728608678017344191e-01
9.706978772135373967e-01
9.683701558971922196e-01
9.658705786355751277e-01
9.631919860977912196e-01
9.603272116479506515e-01
9.572691112724551754e-01
9.540105966705977325e-01
9.505446715160981164e-01
9.468644708576716695e-01
9.429633035853698386e-01
9.388346978467437820e-01
9.344724492533373894e-01
9.298706716741155232e-01
9.250238503686084579e-01
9.199268971693029817e-01
9.145752073805777371e-01
9.089647180207748312e-01
9.030919669953081375e-01
8.969541527526072588e-01
8.905491939417089498e-01
8.838757885610615261e-01
8.769334720631936086e-01
8.697226738599317386e-01
8.622447716584213939e-01
8.545021430498954684e-01
8.464982137714249788e-01
8.382375020662380383e-01
8.297256585808884255e-01
8.209695012578320794e-01
8.119770447098151323e-01
8.027575235977878476e-01
7.933214095764816731e-01
7.836804214207870878e-01
7.738475280009382562e-01
7.638369438342687001e-01
7.536641170049472871e-01
7.433457093093063239e-01
7.328995685519407166e-01
7.223446929852445075e-01
7.117011879512386008e-01
7.009902148481399475e-01
6.902339326041259104e-01
6.794554318962346962e-01
6.686786624027646342e-01
6.579283534224844576e-01
6.472299282334548209e-01
6.366094125984518293e-01
6.260933378533928284e-01
6.157086390404298282e-01
6.054825485693449139e-01
5.954424859104574530e-01
5.856159438403385487e-01
5.760303717790847822e-01
5.667130567754787851e-01
5.576910027145557391e-01
5.489908083413067574e-01
5.406385447144208545e-01
5.326596327250454621e-01
5.250787213369447759e-01
5.179195672255290095e-01
5.112049165131152817e-01
5.049563893153983241e-01
4.991943678283635721e-01
4.939378886945727798e-01
4.892045403918261481e-01
4.850103663845766189e-01
4.813697747683753914e-01
4.782954551192957204e-01
4.757983032333914508e-01
4.738873544055440812e-01
4.725697258526843081e-01
4.718505688336037673e-01
4.717330309570197944e-01
4.722182291018610645e-01
4.733052332999072576e-01
4.749910618517755312e-01
4.772706878639632055e-01
4.801370573081645832e-01
4.835811186154289620e-01
4.875918637278519041e-01
4.921563804402032671e-01
4.972599157740303921e-01
5.028859500379172509e-01
5.090162811403851073e-01
5.156311186369180177e-01
5.227091869102673538e-01
5.302278368041020151e-01
5.381631649547360396e-01
5.464901399947377225e-01
5.551827347363471610e-01
5.642140633826768781e-01
5.735565227614398687e-01
5.831819365304715674e-01
5.930617012675829525e-01
6.031669333303518732e-01
6.134686153553494670e-01
6.239377412619443453e-01
6.345454586340733005e-01
6.452632073747894825e-01
6.560628535634476233e-01
6.669168174941453309e-01
6.777981949362845704e-01
6.886808707334166613e-01
6.995396239438804731e-01
7.103502238251107048e-01
7.210895160712516017e-01
7.317354988292195106e-01
7.422673881395833728e-01
7.526656725734999220e-01
7.629121569631989175e-01
7.729899952489486248e-01
7.828837125878028713e-01
7.925792169866172632e-01
8.020638008318508039e-01
8.113261327897525188e-01
8.203562406410940255e-01
8.291454856934019624e-01
8.376865294796185246e-01
8.459732935046277991e-01
8.540009128396947036e-01
8.617656843895425967e-01
8.692650106677366484e-01
8.764973399137743204e-01
8.834621033705778448e-01
8.901596505149532712e-01
8.965911829972326164e-01
9.027586880011219117e-01
9.086648716822383065e-01
9.143130932854720561e-01
9.197073004787865713e-01
9.248519663758903997e-01
9.297520286539366907e-01
9.344128311064096026e-01
9.388400679069295318e-01
9.430397307979743182e-01
9.470180593604009545e-01
9.507814944659290779e-01
9.543366349659523351e-01
9.576901976265737026e-01
9.608489802817764547e-01
9.638198281441945348e-01
9.666096031858995019e-01
9.692251564797340624e-01
9.716733033746560722e-01
9.739608013658784813e-01
9.760943305118391367e-01
9.780804762446957401e-01
9.799257144186176438e-01
9.816363984401266229e-01
9.832187483266715544e-01
9.846788415430637320e-01
9.860226054699973153e-01
9.872558113643028488e-01
9.883840696765938683e-01
9.894128265983634929e-01
9.903473617172492416e-01
9.911927866659959729e-01
9.919540446575815240e-01
9.926359108059620295e-01
9.932429931389450406e-01
9.937797342167626891e-01
9.942504132769586223e-01
9.946591488331615327e-01
9.950099016621074544e-01
9.953064781197934474e-01
9.955525337337707281e-01
9.957515770242016950e-01
9.959069735112834332e-01
9.960219498708863251e-01
9.960995982037018637e-01
9.961428803858091152e-01
9.961546324703769439e-01
9.961375691112938080e-01
9.960942879799800087e-01
9.960272741466548174e-01
9.959389043971034194e-01
9.958314514557293773e-01
9.957070880856051520e-01
9.955678910365534096e-01
9.954158448131765757e-01
9.952528452363255118e-01
9.950807027738581834e-01
9.949011456196793501e-01
9.947158225039728352e-01
9.945263052221150479e-01
9.943340908748946605e-01
9.941406038181614946e-01
9.939471973257172355e-01
9.937551549749331636e-01
9.935656917700383950e-01
9.933799550230780762e-01
9.931990250170410484e-01
9.930239154794550105e-01
9.928555738977549172e-01
9.926948817098747435e-01
9.925426544047816213e-01
9.923996415680569338e-01
9.922665269071893057e-01
9.921439282900407219e-01
9.920323978280822796e-01
9.919324220335713482e-01
9.918444220769974118e-01
9.917687541679713892e-01
9.917057100794103297e-01
9.916555178314921948e-01
9.916183425485158853e-01
9.915942874986026778e-01
9.915833953231569797e-01
9.915856494602161009e-01
9.916009757632723298e-01
9.916292443148282398e-01
9.916702714318383904e-01
9.917238218582437037e-01
9.917896111379910229e-01
9.918673081602047414e-01
9.919565378665021749e-01
9.920568841088159839e-01
9.921678926444825741e-01
9.922890742538057474e-01
9.924199079638239551e-01
9.925598443606513666e-01
9.927083089715645903e-01
9.928647056970282270e-01
9.930284202721308962e-01
9.931988237364847150e-01
9.933752758915397330e-01
9.935571287244919780e-01
9.937437297785041146e-01
9.939344254497880504e-01
9.941285641931695283e-01
9.943254996190244999e-01
9.945245934658789588e-01
9.947252184344574921e-01
9.949267608704824850e-01
9.951286232850447000e-01
9.953302267028427686e-01
9.955310128300154382e-01
9.957304460346606545e-01
9.959280151344552801e-01
9.961232349870702274e-01
9.963156478803494309e-01
9.965048247204897347e-01
9.966903660177602875e-01
9.968719026706343023e-01
9.970490965505912628e-01
9.972216408912712993e-01
9.973892604871226197e-01
9.975517117081460494e-01
9.977087823387867926e-01
9.978602912503911071e-01
9.980060879179110112e-01
9.981460517926245002e-01
9.982800915435057210e-01
9.984081441804629753e-01
9.985301740729281006e-01
9.986461718771826312e-01
9.987561533853399620e-01
9.988601583080598534e-01
9.989582490018925620e-01
9.990505091506785007e-01
9.991370424087550051e-01
9.992179710119459823e-01
9.992934343605548442e-01
9.993635875769834032e-01
9.994286000392947900e-01
9.994886538911490481e-01
9.995439425281757995e-01
9.995946690610739704e-01
9.996410447565807766e-01
9.996832874589051121e-01
9.997216199962073446e-01
9.997562685791119286e-01
9.997874612008904593e-01
