9.997969886878914636e-01
9.997674504928900641e-01
9.997346914399634077e-01
9.996985070684589747e-01
9.996586953323322033e-01
9.996150579004828840e-01
9.995674014028742560e-01
9.995155386116338914e-01
9.994592895499969654e-01
9.993984825254599302e-01
9.993329550866614230e-01
9.992625549061634471e-01
9.991871405933708816e-01
9.991065824432425746e-01
9.990207631272337574e-01
9.989295783330855993e-01
9.988329373597522043e-01
9.987307636730063942e-01
9.986229954262267894e-01
9.985095859496614379e-01
9.983905042101932636e-01
9.982657352424126884e-01
9.981352805507109904e-01
9.979991584812044625e-01
9.978574045616309673e-01
9.977100718069379370e-01
9.975572309881082234e-01
9.973989708618400396e-01
9.972353983589679061e-01
9.970666387299700339e-01
9.968928356464956675e-01
9.967141512585354635e-01
9.965307662076011708e-01
9.963428795970269425e-01
9.961507089212251476e-01
9.959544899563631537e-01
9.957544766154491356e-01
9.955509407711693459e-01
9.953441720499891510e-01
9.951344776009589665e-01
9.949221818423580332e-01
9.947076261887157766e-01
9.944911687598959604e-01
9.942731840727812020e-01
9.940540627147061992e-01
9.938342109961504356e-01
9.936140505783750410e-01
9.933940180697187206e-01
9.931745645822089852e-01
9.929561552380709033e-01
9.927392686137027633e-01
9.925243961068026533e-01
9.923120412106639643e-01
9.921027186782676033e-01
9.918969535577651930e-01
9.916952800803086054e-01
9.914982403809918798e-01
9.913063830339445826e-01
9.911202613833615116e-01
9.909404316534603518e-01
9.907674508220024601e-01
9.906018742440427793e-01
9.904442530149563106e-01
9.902951310644592109e-01
9.901550419762475963e-01
9.900245055309800923e-01
9.899040239735782398e-01
9.897940780091940560e-01
9.896951225356750426e-01
9.896075821239290748e-01
9.895318462612553434e-01
9.894682643764406427e-01
9.894171406692120474e-01
9.893787287704364219e-01
9.893532262632146468e-01
9.893407690986241176e-01
9.893414259432248281e-01
9.893551924983935431e-01
9.893819858339490958e-01
9.894216387801985091e-01
9.894738944233129052e-01
9.895384007486894840e-01
9.896147054755607408e-01
9.897022511235105124e-01
9.898003703477394888e-01
9.899082815749421504e-01
9.900250849656234697e-01
9.901497587217737983e-01
9.902811557512462004e-01
9.904180006922094215e-01
9.905588872929514954e-01
9.907022761343817763e-01
9.908464926750915058e-01
9.909897255920412373e-01
9.911300253840714669e-01
9.912653032006476517e-01
9.913933298546881989e-01
9.915117349760531607e-01
9.916180062613321189e-01
9.917094887759432265e-01
9.917833842662051591e-01
9.918367504418929004e-01
9.918665001937498893e-01
9.918694007154231773e-01
9.918420725051991793e-01
9.917809882296909629e-01
9.916824714391763163e-01
9.915426951325799765e-01
9.913576801790925375e-01
9.911232936131403326e-01
9.908352468298571303e-01
9.904890937193985279e-01
9.900802287903978094e-01
9.896038853455955131e-01
9.890551337861684944e-01
9.884288801354615961e-01
9.877198648875755715e-01
9.869226623013802602e-01
9.860316802757355115e-01
9.850411609566542825e-01
9.839451822414024829e-01
9.827376603576035707e-01
9.814123537067499514e-01
9.799628681705696565e-01
9.783826640848836131e-01
9.766650650884055596e-01
9.748032690529283562e-01
9.727903612961522617e-01
9.706193302687881053e-01
9.682830858934062812e-01
9.657744807137967902e-01
9.630863339905000320e-01
9.602114588509110815e-01
9.571426925712903655e-01
9.538729300335565542e-01
9.503951603623526090e-01
9.467025067080789835e-01
9.427882690998700133e-01
9.386459702493910040e-01
9.342694041423331708e-01
9.296526872101069650e-01
9.247903118299454217e-01
9.196772018579482122e-01
9.143087698569921651e-01
9.086809756404510274e-01
9.027903857138060983e-01
8.966342331600830606e-01
8.902104774821600897e-01
8.835178638860005096e-01
8.765559814643369974e-01
8.693253197209124261e-01
8.618273228616329940e-01
8.540644412714679667e-01
8.460401795951284498e-01
8.377591408458813227e-01
8.292270659805983657e-01
8.204508684004778729e-01
8.114386628658180056e-01
8.021997883496047033e-01
7.927448243981456422e-01
7.830856006169842898e-01
7.732351989561341288e-01
7.632079485292828647e-01
7.530194127660202463e-01
7.426863687629936539e-01
7.322267787679597184e-01
7.216597537985647293e-01
7.110055094640355122e-01
7.002853141215663602e-01
6.895214295589522369e-01
6.787370444500678834e-01
6.679562008795005834e-01
6.572037142766781193e-01
6.465050871381436970e-01
6.358864169494489182e-01
6.253742987459873781e-01
6.149957227756789324e-01
6.047779677466553760e-01
5.947484901609388919e-01
5.849348102515636860e-01
5.753643950566411647e-01
5.660645391802698878e-01
5.570622438076356930e-01
5.483840945605076289e-01
5.400561387997144802e-01
5.321037630029850085e-01
5.245515708692093382e-01
5.174232628231197895e-01
5.107415176165881476e-01
5.045278767430589895e-01
4.988026323989338540e-01
4.935847197385582197e-01
4.888916141767090107e-01
4.847392344928233010e-01
4.811418524837076660e-01
4.781120098952258424e-01
4.756604433379110208e-01
4.737960178563080937e-01
4.725256697770423564e-01
4.718543594064521507e-01
4.717850340856055702e-01
4.723186020394221085e-01
4.734539173784242383e-01
4.751877765273917475e-01
4.775149262661689820e-01
4.804280834752493456e-01
4.839179665837859412e-01
4.879733386215617807e-01
4.925810616802692721e-01
4.977261624942104223e-01
5.033919087571386841e-01
5.095598957012099639e-01
5.162101423765760311e-01
5.233211969866804480e-01
5.308702505553672957e-01
5.388332581280899092e-01
5.471850666412721997e-01
5.558995485320217256e-01
5.649497401053619194e-01
5.743079836288300655e-01
5.839460720853282272e-01
5.938353954853878847e-01
6.039470876202942540e-01
6.142521721286049452e-01
6.247217067512472743e-01
6.353269246651672697e-01
6.460393718128913942e-01
6.568310391856267971e-01
6.676744890706082236e-01
6.785429743390913870e-01
6.894105499290762440e-01
7.002521757656543500e-01
7.110438104606766618e-01
7.217624952407568628e-01
7.323864276668073936e-01
7.428950248274542867e-01
7.532689758108299660e-01
7.634902833822012624e-01
7.735422949166504969e-01
7.834097227543570519e-01
7.930786542590317900e-01
8.025365519657876590e-01
8.117722443015354949e-01
8.207759074474130223e-01
8.295390389875668680e-01
8.380544240508923659e-01
8.463160947014389812e-01
8.543192833688026955e-01
8.620603711318539641e-01
8.695368316778948614e-01
8.767471717552790533e-01
8.836908689214547641e-01
8.903683073613190002e-01
8.967807125138492763e-01
9.029300851996227006e-01
9.088191358894258665e-01
9.144512196962989448e-01
9.198302726115538119e-01
9.249607494411165032e-01
9.298475638334311455e-01
9.344960307254988052e-01
9.389118114706634932e-01
9.431008618515632769e-01
9.470693831251613126e-01
9.508237761946793931e-01
9.543705989560911096e-01
9.577165268249607788e-01
9.608683164129802057e-01
9.638327722925787988e-01
9.666167167623141987e-01
9.692269625051362913e-01
9.716702880156792288e-01
9.739534156610687443e-01
9.760829922318161600e-01
9.780655718347246452e-01
9.799076009778232565e-01
9.816154056976804654e-01
9.831951805815574152e-01
9.846529795403263785e-01
9.859947081925339862e-01
9.872261177251293596e-01
9.883528001019745712e-01
9.893801844971260584e-01
9.903135348359152212e-01
9.911579483329899798e-01
9.919183549226812113e-01
9.925995174833122103e-01
9.932060327633870367e-01
9.937423329239629677e-01
9.942126876179144812e-01
9.946212065331968555e-01
9.949718423335388584e-01
9.952683939361545162e-01
9.955145100719369200e-01
9.957136930790750906e-01
9.958693028859779695e-01
9.959845611437023738e-01
9.960625554716731056e-01
9.961062437833151373e-01
9.961184586602895852e-01
9.961019117453937533e-01
9.960591981249516946e-01
9.959928006718384852e-01
9.959050943203263673e-01
9.957983502439252677e-01
9.956747399075140947e-01
9.955363389655330630e-01
9.953851309789922830e-01
9.952230109256868795e-01
9.950517884803772306e-01
9.948731910448190829e-01
9.946888665113916561e-01
9.945003857485836818e-01
9.943092448016424001e-01
9.941168668071006520e-01
9.939246036254839600e-01
9.937337372020829118e-01
9.935454806710315445e-01
9.933609792229077806e-01
9.931813107604747781e-01
9.930074863708974187e-01
9.928404506456853795e-01
9.926810818816738102e-01
9.925301921975188124e-01
9.923885276004843492e-01
9.922567680377493149e-01
9.921355274651666445e-01
9.920253539644383611e-01
9.919267299371583579e-01
9.918400724012462755e-01
9.917657334120817403e-01
9.917040006272804797e-01
9.916550980306569896e-01
9.916191868275967547e-01
9.915963665208966660e-01
9.915866761731948476e-01
9.915900958594279224e-01
9.916065483103386757e-01
9.916359007458926955e-01
9.916779668955243432e-01
9.917325092003678177e-01
9.917992411909900552e-01
9.918778300325871156e-01
9.919678992280790419e-01
9.920690314680339350e-01
9.921807716148390854e-01
9.923026298070397599e-01
9.924340846683088468e-01
9.925745866041261189e-01
9.927235611679997573e-01
9.928804124779959661e-01
9.930445266635232748e-01
9.932152753217734498e-01
9.933920189630006670e-01
9.935741104239188548e-01
9.937608982289323212e-01
9.939517298796370914e-01
9.941459550540342471e-01
9.943429286981034787e-01
9.945420139937618531e-01
9.947425851887140569e-01
9.949440302752320386e-01
9.951457535064456295e-01
9.953471777402472798e-01
9.955477466023818778e-01
9.957469264617176963e-01
9.959442082120554263e-01
9.961391088561635243e-01
9.963311728890262842e-01
9.965199734785905594e-01
9.967051134436100135e-01
9.968862260295253686e-01
9.970629754846986881e-01
9.972350574407353729e-01
9.974021991020701750e-01
9.975641592514430389e-01
9.977207280793169986e-01
9.978717268466525958e-01
9.980170073917032925e-01
9.981564514925882481e-01
9.982899700982648117e-01
9.984175024411260368e-01
9.985390150447286395e-01
9.986545006400906477e-01
9.987639770035559028e-01
9.988674857284153275e-01
9.989650909413270163e-01
9.990568779731342497e-01
9.991429519920335123e-01
9.992234366052853423e-01
9.992984724339165625e-01
9.993682156632682778e-01
9.994328365709252981e-01
9.994925180326612590e-01
9.995474540066335845e-01
9.995978479962563945e-01
9.996439114929822622e-01
9.996858624016273787e-01
9.997239234528081386e-01
9.997583206094028396e-01
9.997892814765496627e-01
