9.997986829620566507e-01
9.997693757502781331e-01
9.997368687104049023e-01
9.997009577859730101e-01
9.996614411445197135e-01
9.996181204634949635e-01
9.995708021654514663e-01
9.995192985921013129e-01
9.994634291103748902e-01
9.994030211469943081e-01
9.993379111510830581e-01
9.992679454868590438e-01
9.991929812603778105e-01
9.991128870855963129e-01
9.990275437956946947e-01
9.989368451056880316e-01
9.988406982319624206e-01
9.987390244735813161e-01
9.986317597591538586e-01
9.985188551618555675e-01
9.984002773839589784e-01
9.982760092110664063e-01
9.981460499352164950e-01
9.980104157452291957e-01
9.978691400820762780e-01
9.977222739567559451e-01
9.975698862280862889e-01
9.974120638380035153e-01
9.972489120023340092e-01
9.970805543555527617e-01
9.969071330487208060e-01
9.967288088005478164e-01
9.965457609023309349e-01
9.963581871783082633e-01
9.961663039037115253e-01
9.959703456834499979e-01
9.957705652948762864e-01
9.955672334984280170e-01
9.953606388200735289e-01
9.951510873093931675e-01
9.949389022767636259e-01
9.947244240124756276e-01
9.945080094896963097e-01
9.942900320519900692e-01
9.940708810846555776e-01
9.938509616674459091e-01
9.936306942043572343e-01
9.934105140241532572e-01
9.931908709431898075e-01
9.929722287799979119e-01
9.927550648090408547e-01
9.925398691391622563e-01
9.923271440005654309e-01
9.921174029227780578e-01
9.919111697850351295e-01
9.917089777198941913e-01
9.915113678507363471e-01
9.913188878441154817e-01
9.911320902587004156e-01
9.909515306738042595e-01
9.907777655821724538e-01
9.906113500337675459e-01
9.904528350196906139e-01
9.903027645880585483e-01
9.901616726865578588e-01
9.900300797294708799e-01
9.899084888901729107e-01
9.897973821234106184e-01
9.896972159250642109e-01
9.896084168405643311e-01
9.895313767366807900e-01
9.894664478550044828e-01
9.894139376690977983e-01
9.893741035709632259e-01
9.893471474161016355e-01
9.893332099599403406e-01
9.893323652216747810e-01
9.893446148144682262e-01
9.893698822833265627e-01
9.894080074936560942e-01
9.894587411143639377e-01
9.895217392392263722e-01
9.895965581890369123e-01
9.896826495346753294e-01
9.897793553777073372e-01
9.898859039204822574e-01
9.900014053520369561e-01
9.901248480696156484e-01
9.902550952484697744e-01
9.903908817650629581e-01
9.905308114711275369e-01
9.906733548084774021e-01
9.908168467473237317e-01
9.909594850243155228e-01
9.910993286508154032e-01
9.912342966572053049e-01
9.913621670353923720e-01
9.914805758392292168e-01
9.915870164013103061e-01
9.916788386245336540e-01
9.917532483079025685e-01
9.918073064682291218e-01
9.918379286226138847e-01
9.918418840007585668e-01
9.918157946612593534e-01
9.917561344919652022e-01
9.916592280812541738e-01
9.915212494546573607e-01
9.913382206796512719e-01
9.911060103506743602e-01
9.908203319765327421e-01
9.904767423033774554e-01
9.900706396183989177e-01
9.895972620922853791e-01
9.890516862323170955e-01
9.884288255326134642e-01
9.877234294233910861e-01
9.869300826368733182e-01
9.860432051234397921e-01
9.850570526672943750e-01
9.839657183659232809e-01
9.827631351513592683e-01
9.814430795432110832e-01
9.799991768329590069e-01
9.784249079055989951e-01
9.767136179078066416e-01
9.748585269709458823e-01
9.728527431921178970e-01
9.706892780668052723e-01
9.683610645524290961e-01
9.658609779233241488e-01
9.631818595544389128e-01
9.603165437437385377e-01
9.572578876522105373e-01
9.539988044059812822e-01
9.505322993678260168e-01
9.468515095458023278e-01
9.429497460653677443e-01
9.388205395886560778e-01
9.344576885210723605e-01
9.298553098015043261e-01
9.250078920286812778e-01
9.199103506330309488e-01
9.145580847612286846e-01
9.089470355000037749e-01
9.030737450271631994e-01
8.969354162417623177e-01
8.905299723924352540e-01
8.838561161937172894e-01
8.769133878953285777e-01
8.697022217494638774e-01
8.622240003067497272e-01
8.544811059632383410e-01
8.464769691791379502e-01
8.382161127953385860e-01
8.297041918865188936e-01
8.209480286099016810e-01
8.119556415365900559e-01
8.027362689877363122e-01
7.933003859402152358e-01
7.836597141154797441e-01
7.738272249201245678e-01
7.638171349664231169e-01
7.536448939646995804e-01
7.433271648455632707e-01
7.328817960375013651e-01
7.223277858927457107e-01
7.116852393203881855e-01
7.009753167492061010e-01
6.902201756025070356e-01
6.794429045226559882e-01
6.686674506332148660e-01
6.579185401714362502e-01
6.472215928632124582e-01
6.366026304466774199e-01
6.260881797799955351e-01
6.157051709941265827e-01
6.054808311733455017e-01
5.954425740659585742e-01
5.856178863458838535e-01
5.760342109634252195e-01
5.667188281413608753e-01
5.576987345909905081e-01
5.490005215422391061e-01
5.406502522024678736e-01
5.326733392799750666e-01
5.250944232298691006e-01
5.179372519013044629e-01
5.112245622851189220e-01
5.049779650785910512e-01
4.992178327982783603e-01
4.939631921814521265e-01
4.892316216204989354e-01
4.850391543717134102e-01
4.814001882693639267e-01
4.783274026571412429e-01
4.758316832216334946e-01
4.739220553762458765e-01
4.726056267990390580e-01
4.718875396746803341e-01
4.717709331296651154e-01
4.722569162818999189e-01
4.733445522516013249e-01
4.750308534011562500e-01
4.773107879882535487e-01
4.801772983301828557e-01
4.836213304887468922e-01
4.876318753956659924e-01
4.921960212485025910e-01
4.972990169177438080e-01
5.029243460174048774e-01
5.090538112049237673e-01
5.156676281917220717e-01
5.227445288641106025e-01
5.302618728356989219e-01
5.381957666776886473e-01
5.465211900029584013e-01
5.552121275143813151e-01
5.642417060681824692e-01
5.735823357501099728e-01
5.832058539168755162e-01
5.930836711186043830e-01
6.031869177910753610e-01
6.134865905902814331e-01
6.239536972373032064e-01
6.345593987494664301e-01
6.452751479548978208e-01
6.560728232222770018e-01
6.669248563860105117e-01
6.778043539089214642e-01
6.886852103994592911e-01
6.995422136874622776e-01
7.103511407604692351e-01
7.210888439700713359e-01
7.317333270329613448e-01
7.422638104723378039e-01
7.526607862699279394e-01
7.629060616249853100e-01
7.729827918418815669e-01
7.828755024901613568e-01
7.925701010980337191e-01
8.020538787502536904e-01
8.113155020623991076e-01
8.203449960941346930e-01
8.291337188428803406e-01
8.376743280253453605e-01
8.459607409069827000e-01
8.539880879781499567e-01
8.617526613005459524e-01
8.692518583585896463e-01
8.764841222482713246e-01
8.834488790214568565e-01
8.901464729776316087e-01
8.965781006588736668e-01
9.027457442587850656e-01
9.086521051036903218e-01
9.143005378061950239e-01
9.196949856287641722e-01
9.248399175299054642e-01
9.297402672993471118e-01
9.344013751226715181e-01
9.388289318515126158e-01
9.430289261937385703e-01
9.470075949799822146e-01
9.507713766091939744e-01
9.543268677271348199e-01
9.576807831482705424e-01
9.608399189935626916e-01
9.638111189842021309e-01
9.666012438042708155e-01
9.692171434234081451e-01
9.716656322534532597e-01
9.739534670003056060e-01
9.760873270634360388e-01
9.780737973300708266e-01
9.799193532085701541e-01
9.816303477454282334e-01
9.832130006721705451e-01
9.846733892317972581e-01
9.860174406389433654e-01
9.872509260332972270e-01
9.883794557917791046e-01
9.894084760713447446e-01
9.903432664609165270e-01
9.911889386277502600e-01
9.919504358504773744e-01
9.926325333380742189e-01
9.932398392410757282e-01
9.937767962684507239e-01
9.942476838306226750e-01
9.946566206361219242e-01
9.950075676761735988e-01
9.953043315380865064e-01
9.955505679944618436e-01
9.957497858208885777e-01
9.959053507997903676e-01
9.960204898723543643e-01
9.960982954039309112e-01
9.961417295309080711e-01
9.961536285588775685e-01
9.961367073829711094e-01
9.960935639017008958e-01
9.960266833956388233e-01
9.959384428420227087e-01
9.958311151361000091e-01
9.957068731899287872e-01
9.955677938796606563e-01
9.954158618131976333e-01
9.952529728916867935e-01
9.950809376406630768e-01
9.949014842898010746e-01
9.947162615841483868e-01
9.945268413143081299e-01
9.943347205581707371e-01
9.941413236323078939e-01
9.939480037568316773e-01
9.937560444431968731e-01
9.935666606198825246e-01
9.933809995159369466e-01
9.932001413268636281e-01
9.930250996911069716e-01
9.928568220083948681e-01
9.926961896333246216e-01
9.925440179788304063e-01
9.924010565645557946e-01
9.922679890447023698e-01
9.921454332487300576e-01
9.920339412664247458e-01
9.919339996064409082e-01
9.918460294545982103e-01
9.917703870550883538e-01
9.917073642344442774e-01
9.916571890847766246e-01
9.916200268194681477e-01
9.915959808113324891e-01
9.915850938202473985e-01
9.915873494144878952e-01
9.916026735874445830e-01
9.916309365690855193e-01
9.916719548293994047e-01
9.917254932691020874e-01
9.917912675910531828e-01
9.918689468440845536e-01
9.919581561292504235e-01
9.920584794568595433e-01
9.921694627410302392e-01
9.922906169169481982e-01
9.924214211645132622e-01
9.925613262207033660e-01
9.927097577617793878e-01
9.928661198354794548e-01
9.930297983226368252e-01
9.932001644072380175e-01
9.933765780338503770e-01
9.935583913315783056e-01
9.937449519842601608e-01
9.939356065274521645e-01
9.941297035538251281e-01
9.943265968098720098e-01
9.945256481682330785e-01
9.947262304614346018e-01
9.949277301643597582e-01
9.951295499142847056e-01
9.953311108587865608e-01
9.955318548232557907e-01
9.957312462911099837e-01
9.959287741911202474e-01
9.961239534875470092e-01
9.963163265700403226e-01
9.965054644415387575e-01
9.966909677036931425e-01
9.968724673406805792e-01
9.970496253036591483e-01
9.972221348995403689e-01
9.973897209892189641e-01
9.975521400018699802e-01
9.977091797733693701e-01
9.978606592182722723e-01
9.980064278460495375e-01
9.981463651333748466e-01
9.982803797651214062e-01
9.984084087573157351e-01
9.985304164755600675e-01
9.986463935623343113e-01
9.987563557861202090e-01
9.988603428244405835e-01
9.989584169917203882e-01
9.990506619213975759e-01
9.991371812100263705e-01
9.992180970293317310e-01
9.992935487104080972e-01
9.993636913026512358e-01
9.994286941086991671e-01
9.994887391957655298e-01
9.995440198833815959e-01
9.995947392077899618e-01
9.996411083640894812e-01
9.996833451286856187e-01
9.997216722666020239e-01
9.997563159306152025e-01
9.997875040618420250e-01
