9.997988620545820160e-01
9.997695717547057104e-01
9.997370819471018688e-01
9.997011883983765168e-01
9.996616890825285040e-01
9.996183854696365501e-01
9.995710837642349800e-01
9.995195960828667792e-01
9.994637415638396583e-01
9.994033474055746824e-01
9.993382498329521635e-01
9.992682949935792758e-01
9.991933397878383083e-01
9.991132526378898593e-01
9.990279142014845126e-01
9.989372180365603260e-01
9.988410712222155485e-01
9.987393949408887028e-01
9.986321250255398851e-01
9.985192124744480813e-01
9.984006239350231571e-01
9.982763421568798812e-01
9.981463664134152536e-01
9.980107128903275004e-01
9.978694150389458839e-01
9.977225238919330552e-01
9.975701083388542889e-01
9.974122553592800200e-01
9.972490702114599204e-01
9.970806765751489831e-01
9.969072166478291086e-01
9.967288511943231955e-01
9.965457595505825550e-01
9.963581395832122878e-01
9.961662076070297855e-01
9.959701982635901230e-01
9.957703643641189206e-01
9.955669767006253279e-01
9.953603238290990030e-01
9.951507118285829456e-01
9.949384640395524393e-01
9.947239207843850961e-01
9.945074390717887347e-01
9.942893922858576650e-01
9.940701698589723412e-01
9.938501769260735808e-01
9.936298339559658244e-01
9.934095763532923007e-01
9.931898540227295236e-01
9.929711308848515605e-01
9.927538843310792505e-01
9.925386046032361742e-01
9.923257940815688460e-01
9.921159664637024811e-01
9.919096458159930574e-01
9.917073654781171088e-01
9.915096668015840331e-01
9.913170977031618980e-01
9.911302110149876610e-01
9.909495626143732805e-01
9.907757093179853092e-01
9.906092065271284719e-01
9.904506056132473812e-01
9.903004510354168621e-01
9.901592771844762719e-01
9.900276049515097654e-01
9.899059380215634585e-01
9.897947588967805910e-01
9.896945246565170828e-01
9.896056624654634426e-01
9.895285648443457038e-01
9.894635847213890667e-01
9.894110302864028705e-01
9.893711596730412339e-01
9.893441754984477754e-01
9.893302192930411021e-01
9.893293658565008863e-01
9.893416175789665479e-01
9.893668987688781780e-01
9.894050500306363904e-01
9.894558227361569536e-01
9.895188736343163427e-01
9.895937596411157333e-01
9.896799328510632598e-01
9.897767358067839361e-01
9.898833970592392228e-01
9.899990270453050689e-01
9.901226143029466797e-01
9.902530220370681091e-01
9.903889850415301677e-01
9.905291069750978838e-01
9.906718579814456360e-01
9.908155726360960980e-01
9.909584481965212355e-01
9.910985431257943734e-01
9.912337758553297906e-01
9.913619237484843083e-01
9.914806222242166234e-01
9.915873639986264587e-01
9.916794984020405046e-01
9.917542307303313098e-01
9.918086215913094472e-01
9.918395862102503679e-01
9.918438936628344305e-01
9.918181660089424589e-01
9.917588773067865793e-01
9.916623524937493439e-01
9.915247661280213176e-01
9.913421409936701290e-01
9.911103465811630375e-01
9.908250974656168664e-01
9.904819516162053361e-01
9.900763086822266246e-01
9.896034083143311344e-01
9.890583285932912361e-01
9.884359846533852245e-01
9.877311276028026832e-01
9.869383438592539415e-01
9.860520550348583768e-01
9.850665185200196960e-01
9.839758289309088468e-01
9.827739205988363924e-01
9.814545712916546982e-01
9.800114073667940406e-01
9.784379105620595318e-01
9.767274266333573207e-01
9.748731760476617714e-01
9.728682669344135281e-01
9.707057104889376120e-01
9.683784390073005843e-01
9.658793267132991245e-01
9.632012135151776233e-01
9.603369318024483903e-01
9.572793363622200680e-01
9.540213374601372864e-01
9.505559370938837516e-01
9.468762683876894570e-01
9.429756380549281225e-01
9.388475718131765735e-01
9.344858625925370754e-01
9.298846213340669076e-01
9.250383301312815609e-01
9.199418974243737113e-01
9.145907149144891779e-01
9.089807158246190344e-01
9.031084340949127043e-01
8.969710640640403687e-01
8.905665201551969945e-01
8.838934960560393961e-01
8.769515228568907084e-01
8.697410255915439814e-01
8.622633776105397274e-01
8.545209522084534770e-01
8.465171709249988963e-01
8.382565479450898582e-01
8.297447300356817212e-01
8.209885314774706400e-01
8.119959634773807888e-01
8.027762575830525993e-01
7.933398826629951550e-01
7.836985550650500398e-01
7.738652416207142393e-01
7.638541552226696396e-01
7.536807427665273007e-01
7.433616653140970865e-01
7.329147704031067079e-01
7.223590564959065929e-01
7.117146296259649896e-01
7.010026523647114871e-01
6.902452852913962822e-01
6.794656212042703425e-01
6.686876123619389656e-01
6.579359910888089580e-01
6.472361841181385467e-01
6.366142210804583979e-01
6.260966375745620205e-01
6.157103732835222942e-01
6.054826656200987811e-01
5.954409394053529203e-01
5.856126931021989890e-01
5.760253821428915622e-01
5.667062999067323803e-01
5.576824569222504913e-01
5.489804588869677815e-01
5.406263841178129415e-01
5.326456610660240676e-01
5.250629465515779248e-01
5.179020053931138179e-01
5.111855921291361682e-01
5.049353355438608304e-01
4.991716267254610040e-01
4.939135113943171618e-01
4.891785872432268256e-01
4.849829070292864808e-01
4.813408881474479095e-01
4.782652293979200442e-01
4.757668356331931081e-01
4.738547509352570852e-01
4.725361009297236459e-01
4.718160447912073119e-01
4.716977374341639884e-01
4.721823023159732458e-01
4.732688152053913244e-01
4.749542991904556200e-01
4.772337311165966156e-01
4.801000595590571018e-01
4.835442343448328462e-01
4.875552475490972926e-01
4.921201858003723117e-01
4.972242936383276524e-01
5.028510475787046907e-01
5.089822404521131549e-01
5.155980754978746194e-01
5.226772696112288452e-01
5.301971650626366994e-01
5.381338489321256802e-01
5.464622794303071185e-01
5.551564182115455992e-01
5.641893677245396477e-01
5.735335125922432775e-01
5.831606639674902226e-01
5.930422057739985764e-01
6.031492417155740471e-01
6.134527419203974485e-01
6.239236880831265930e-01
6.345332159760598278e-01
6.452527542223113199e-01
6.560541582593218957e-01
6.669098384701148685e-01
6.777928815222920012e-01
6.886771640303670505e-01
6.995374577447350806e-01
7.103495255692027222e-01
7.210902078170546847e-01
7.317374982313785692e-01
7.422706094168194380e-01
7.526700274549723568e-01
7.629175556020433291e-01
7.729963470929648306e-01
7.828909271985968754e-01
7.925872047999057424e-01
8.020724738530522480e-01
8.113354052204148070e-01
8.203660294330960001e-01
8.291557110292111510e-01
8.376971151781498204e-01
8.459841673534208573e-01
8.540120068551966259e-01
8.617769350082247204e-01
8.692763588715954892e-01
8.765087312944525033e-01
8.834734881368996318e-01
8.901709834490910689e-01
8.966024233650295994e-01
9.027697994222800837e-01
9.086758219661577041e-01
9.143238542385180301e-01
9.197178476886451737e-01
9.248622789784968212e-01
9.297620890882015710e-01
9.344226248616585018e-01
9.388495832675992636e-01
9.430489585896972837e-01
9.470269927011559785e-01
9.507901285254520829e-01
9.543449667360950350e-01
9.576982257047754743e-01
9.608567046692920721e-01
9.638272500602020898e-01
9.666167248981150095e-01
9.692319811516922901e-01
9.716798349293895853e-01
9.739670443653573040e-01
9.761002900512174563e-01
9.780861578601707240e-01
9.799311240075287976e-01
9.816415421918238682e-01
9.832236326626438983e-01
9.846834730648532652e-01
9.860269909135064292e-01
9.872599575592353460e-01
9.883879835099349531e-01
9.894165149809958093e-01
9.903508315529980788e-01
9.911960448226018183e-01
9.919570979392859922e-01
9.926387659275693887e-01
9.932456567013692172e-01
9.937822126841912018e-01
9.942527129558543786e-01
9.946612758533798226e-01
9.950118619604312320e-01
9.953082774261842181e-01
9.955541775606034927e-01
9.957530706586966707e-01
9.959083220112787682e-01
9.960231580640132032e-01
9.961006706899356855e-01
9.961438215432826260e-01
9.961554464642573548e-01
9.961382599054535714e-01
9.960948593511296245e-01
9.960277297005637465e-01
9.959392475865066485e-01
9.958316855995058559e-01
9.957072163888214256e-01
9.955679166109807632e-01
9.954157706979155362e-01
9.952526744182055296e-01
9.950804382073064058e-01
9.949007902457891461e-01
9.947153792685209384e-01
9.945257770922993901e-01
9.943334808545751802e-01
9.941399149613949771e-01
9.939464327483819028e-01
9.937543178642478381e-01
9.935647853917867200e-01
9.933789827263752592e-01
9.931979902365040136e-01
9.930228217346848130e-01
9.928544247900932262e-01
9.926936809164671471e-01
9.925414056700561094e-01
9.923983486928070752e-01
9.922651937355346785e-01
9.921425586946125419e-01
9.920309956938427876e-01
9.919309912407260343e-01
9.918429664834816917e-01
9.917672775919977868e-01
9.917042162825413509e-01
9.916540105026595553e-01
9.916168252893450274e-01
9.915927638103246844e-01
9.915818685952997313e-01
9.915841229611793706e-01
9.915994526327990277e-01
9.916277275583056383e-01
9.916687639162921064e-01
9.917223263098338126e-01
9.917881301407837080e-01
9.918658441559720096e-01
9.919550931553030582e-01
9.920554608501224170e-01
9.921664928586402254e-01
9.922876998236535018e-01
9.924185606363353784e-01
9.925585257485017854e-01
9.927070205545703852e-01
9.928634488234384659e-01
9.930271961597845198e-01
9.931976334738706891e-01
9.933741204388132351e-01
9.935560089145107909e-01
9.937426463179507286e-01
9.939333789204404246e-01
9.941275550533757999e-01
9.943245282054250511e-01
9.945236599954095924e-01
9.947243230066504793e-01
9.949259034700747018e-01
9.951278037848892977e-01
9.953294448671162753e-01
9.955302683177070788e-01
9.957297384033320098e-01
9.959273438442589610e-01
9.961225994050262322e-01
9.963150472848804062e-01
9.965042583062301285e-01
9.966898329006581569e-01
9.968714018933761967e-01
9.970486270883820445e-01
9.972212016580043192e-01
9.973888503419707785e-01
9.975513294626001670e-01
9.977084267641502802e-01
9.978599610857263880e-01
9.980057818784091594e-01
9.981457685783456935e-01
9.982798298484085731e-01
9.984079027016163899e-01
9.985299515197693099e-01
9.986459669806642125e-01
9.987559649067894174e-01
9.988599850475641251e-01
9.989580898060163028e-01
9.990503629193302482e-01
9.991369081010331721e-01
9.992178476508176699e-01
9.992933210362566765e-01
9.993634834490732199e-01
9.994285043373282162e-01
9.994885659140043677e-01
9.995438616420986300e-01
9.995945946965589801e-01
9.996409764042502033e-01
9.996832246645744879e-01
9.997215623553549202e-01
9.997562157309795028e-01
9.997874128224464307e-01
