9.997971622019948823e-01
9.997676411013877162e-01
9.997348992103456400e-01
9.996987317397187933e-01
9.996589362657920530e-01
9.996153140322799890e-01
9.995676711994592178e-01
9.995158200296514472e-01
9.994595800018885035e-01
9.993987788520387605e-01
9.993332535377766890e-01
9.992628511303849326e-01
9.991874296373955966e-01
9.991068587614678753e-01
9.990210206016484351e-01
9.989298103033391607e-01
9.988331366629562558e-01
9.987309226925382699e-01
9.986231061485427718e-01
9.985096400278975493e-01
9.983904930331505279e-01
9.982656500073915362e-01
9.981351123385845403e-01
9.979988983321051998e-01
9.978570435496625368e-01
9.977096011124190200e-01
9.975566419659978035e-01
9.973982551051719936e-01
9.972345477563381300e-01
9.970656455163509069e-01
9.968916924468986807e-01
9.967128511242892008e-01
9.965293026452490821e-01
9.963412465900743920e-01
9.961489009451633958e-01
9.959525019875724583e-01
9.957523041347234871e-01
9.955485797627161570e-01
9.953416189968289363e-01
9.951317294776947930e-01
9.949192361062924039e-01
9.947044807702762892e-01
9.944878220532833435e-01
9.942696349276904932e-01
9.940503104298820114e-01
9.938302553154386709e-01
9.936098916898212785e-01
9.933896566081427126e-01
9.931700016355619054e-01
9.929513923577578671e-01
9.927343078289314615e-01
9.925192399429068058e-01
9.923066927112426105e-01
9.920971814308935377e-01
9.918912317229341413e-01
9.916893784232464482e-01
9.914921643058910439e-01
9.913001386201798493e-01
9.911138554232289399e-01
9.909338716909942280e-01
9.907607451924483888e-01
9.905950321136004488e-01
9.904372844204475390e-01
9.902880469526202933e-01
9.901478542423902685e-01
9.900172270568026178e-01
9.898966686639383283e-01
9.897866608276721934e-01
9.896876595387591458e-01
9.896000904936332887e-01
9.895243443359490465e-01
9.894607716796052221e-01
9.894096779357575144e-01
9.893713179701100202e-01
9.893458906205019332e-01
9.893335331084068818e-01
9.893343153813004553e-01
9.893482344258097694e-01
9.893752085939525598e-01
9.894150719864692745e-01
9.894675689380558747e-01
9.895323486491023335e-01
9.896089600072075498e-01
9.896968466392096486e-01
9.897953422307369520e-01
9.899036661453951558e-01
9.900209193697595556e-01
9.901460808035226213e-01
9.902780039066547690e-01
9.904154137075311670e-01
9.905569041679391784e-01
9.907009358929840248e-01
9.908458341664342361e-01
9.909897872852492240e-01
9.911308451611166026e-01
9.912669181519783157e-01
9.913957760828703281e-01
9.915150474130106639e-01
9.916222185049844429e-01
9.917146329520828418e-01
9.917894909213074151e-01
9.918438484721947557e-01
9.918746168153614873e-01
9.918785614794305427e-01
9.918523013607003502e-01
9.917923076364788537e-01
9.916949025303726239e-01
9.915562579259705744e-01
9.913723938342642317e-01
9.911391767298245448e-01
9.908523177812150751e-01
9.905073710124060460e-01
9.900997314440643793e-01
9.896246332765649134e-01
9.890771481903309903e-01
9.884521838536356464e-01
9.877444827430935659e-01
9.869486213975747768e-01
9.860590102418527181e-01
9.850698941316051727e-01
9.839753537859602384e-01
9.827693082871074015e-01
9.814455188380319939e-01
9.799975939785938728e-01
9.784189964664161687e-01
9.767030520318412679e-01
9.748429602151198470e-01
9.728318074886659339e-01
9.706625828574041437e-01
9.683281961158551887e-01
9.658214989216699076e-01
9.631353088219871683e-01
9.602624363415187547e-01
9.571957152100082356e-01
9.539280357721047210e-01
9.504523815852117252e-01
9.467618691710203427e-01
9.428497908447288633e-01
9.387096605029036089e-01
9.343352622070371094e-01
9.297207013556152422e-01
9.248604581933700386e-01
9.197494433628690125e-01
9.143830551611324964e-01
9.087572381230971663e-01
9.028685425149490795e-01
8.967141842842027977e-01
8.902921049804498610e-01
8.836010311315547483e-01
8.766405325353389122e-01
8.694110789070752521e-01
8.619140943090287665e-01
8.541520087803664563e-01
8.461283065845617291e-01
8.378475704973317173e-01
8.293155215715133366e-01
8.205390538362793418e-01
8.115262634167500488e-01
8.022864715962172433e-01
7.928302413865160325e-01
7.831693872220067965e-01
7.733169774484033310e-01
7.632873293383726221e-01
7.530959964302967879e-01
7.427597480536078933e-01
7.322965409723261043e-01
7.217254831465063081e-01
7.110667896778563035e-01
7.003417310696435916e-01
6.895725739910183449e-01
6.787825147912009971e-01
6.679956060589885558e-01
6.572366765673856026e-01
6.465312449817901541e-01
6.359054277433755509e-01
6.253858415675139781e-01
6.149995010210831392e-01
6.047737116631202170e-01
5.947359592515307769e-01
5.849137955353851392e-01
5.753347211686947738e-01
5.660260662982392610e-01
5.570148693956422647e-01
5.483277549228091630e-01
5.399908104402260101e-01
5.320294637891690437e-01
5.244683610013082253e-01
5.173312456115999325e-01
5.106408400719952834e-01
5.044187299830897864e-01
4.986852518772961762e-01
4.934593852991377982e-01
4.887586499345820679e-01
4.845990085408964365e-01
4.809947764202635589e-01
4.779585381636096697e-01
4.755010723652400850e-01
4.736312849736613595e-01
4.723561518994475739e-01
4.716806714474458539e-01
4.716078270785276638e-01
4.721385609362868108e-01
4.732717584974106551e-01
4.750042446220102965e-01
4.773307911930808611e-01
4.802441364436413895e-01
4.837350159770724689e-01
4.877922053918510858e-01
4.924025743272291145e-01
4.975511516523634103e-01
5.032212014287376078e-01
5.093943091852332072e-01
5.160504779574479617e-01
5.231682334585481264e-01
5.307247376685977347e-01
5.386959100535592126e-01
5.470565555546549330e-01
5.557804984241951907e-01
5.648407209260870587e-01
5.742095058688678755e-01
5.838585818971459007e-01
5.937592704346850159e-01
6.038826331500116718e-01
6.141996188041709548e-01
6.246812083410022698e-01
6.352985570936453552e-01
6.460231330074833744e-01
6.568268498195664051e-01
6.676821941878172684e-01
6.785623458296223820e-01
6.894412898081954122e-01
7.002939201953972681e-01
7.110961344403068374e-01
7.218249178822233603e-01
7.324584179631887793e-01
7.429760078166138815e-01
7.533583390330544916e-01
7.635873835294815226e-01
7.736464645722795908e-01
7.835202771245858289e-01
7.931948978033732667e-01
8.026577848389842007e-01
8.118977685279351597e-01
8.209050327572697814e-01
8.296710882543117949e-01
8.381887382784720675e-01
8.464520375211098679e-01
8.544562450150920974e-01
8.621977718775435395e-01
8.696741247176512646e-01
8.768838455368106466e-01
8.838264489316705053e-01
8.905023573828003691e-01
8.969128353739468373e-01
9.030599230405754740e-01
9.089463699930583340e-01
9.145755699010409412e-01
9.199514963627593023e-01
9.250786405179411975e-01
9.299619507968989174e-01
9.346067751328910322e-01
9.390188059010563526e-01
9.432040277862977495e-01
9.471686687253342285e-01
9.509191540154765532e-01
9.544620636350499288e-01
9.578040927781316105e-01
9.609520155695536747e-01
9.639126518949511224e-01
9.666928372548515558e-01
9.692993955311460796e-01
9.717391145383815765e-01
9.740187242207170026e-01
9.761448773476134599e-01
9.781241325568456046e-01
9.799629395917257568e-01
9.816676265799948453e-01
9.832443892042124212e-01
9.846992816172243090e-01
9.860382089610510992e-01
9.872669213530116394e-01
9.883910092088369348e-01
9.894158997787686483e-01
9.903468547790411636e-01
9.911889690076532977e-01
9.919471698398969473e-01
9.926262175057094517e-01
9.932307060575400470e-01
9.937650649440614714e-01
9.942335611116734917e-01
9.946403015622996557e-01
9.949892363023947750e-01
9.952841616242553702e-01
9.955287236665664174e-01
9.957264222064858838e-01
9.958806146403675896e-01
9.959945201143369786e-01
9.960712237693161164e-01
9.961136810676873843e-01
9.961247221706290844e-01
9.961070563363036978e-01
9.960632763096446407e-01
9.959958626746353572e-01
9.959071881398834369e-01
9.957995217281767619e-01
9.956750328407751871e-01
9.955357951676384598e-01
9.953837904157880612e-01
9.952209118296759804e-01
9.950489674798650430e-01
9.948696832995393979e-01
9.946847058523184959e-01
9.944956048194726339e-01
9.943038751997822500e-01
9.941109392207982953e-01
9.939181479659420226e-01
9.937267827275387821e-01
9.935380561013023026e-01
9.933531128427981471e-01
9.931730305108386059e-01
9.929988199264806470e-01
9.928314254791941185e-01
9.926717253137974373e-01
9.925205314328888750e-01
9.923785897497485742e-01
9.922465801261066698e-01
9.921251164278339640e-01
9.920147466296225236e-01
9.919159529971993683e-01
9.918291523726898706e-01
9.917546965855462693e-01
9.916928730081098209e-01
9.916439052715052549e-01
9.916079541542636155e-01
9.915851186529210937e-01
9.915754372409054662e-01
9.915788893193177023e-01
9.915953968607655877e-01
9.916248262451873297e-01
9.916669902845863804e-01
9.917216504317488690e-01
9.917885191662869637e-01
9.918672625496968154e-01
9.919575029395218957e-01
9.920588218511341427e-01
9.921707629540953421e-01
9.922928351885512699e-01
9.924245159856632803e-01
9.925652545747442046e-01
9.927144753585880332e-01
9.928715813375017518e-01
9.930359575618292745e-01
9.932069745923212123e-01
9.933839919475825342e-01
9.935663615180247987e-01
9.937534309262571197e-01
9.939445468146312912e-01
9.941390580416897826e-01
9.943363187704845618e-01
9.945356914330962805e-01
9.947365495571348637e-01
9.949382804414895753e-01
9.951402876700857769e-01
9.953419934538659808e-01
9.955428407926277812e-01
9.957422954497161527e-01
9.959398477338908817e-01
9.961350140839789757e-01
9.963273384532008725e-01
9.965163934913445765e-01
9.967017815242721346e-01
9.968831353315902311e-01
9.970601187247110087e-01
9.972324269289624121e-01
9.973997867748722879e-01
9.975619567052216308e-01
9.977187266059082127e-01
9.978699174700407237e-01
9.980153809059476577e-01
9.981549985008767445e-01
9.982886810530361421e-01
9.984163676852166880e-01
9.985380248535116188e-01
9.986536452645629058e-01
9.987632467143078285e-01
9.988668708603708479e-01
9.989645819390814419e-01
9.990564654366370645e-01
9.991426267222766056e-01
9.992231896495579191e-01
9.992982951300970473e-01
9.993680996825331508e-01
9.994327739581877479e-01
9.994925012440006862e-01
9.995474759429607836e-01
9.995979020324717856e-01
9.996439915019342815e-01
9.996859627722650687e-01
9.997240391020412176e-01
9.997584469873339597e-01
9.997894145649146580e-01
