0.000000000000000000e+00
0.000000000000000000e+00
0.000000000000000000e+00
0.000000000000000000e+00
0.000000000000000000e+00
0.000000000000000000e+00
0.000000000000000000e+00
0.000000000000000000e+00
0.000000000000000000e+00
0.000000000000000000e+00
0.000000000000000000e+00
0.000000000000000000e+00
0.000000000000000000e+00
0.000000000000000000e+00
0.000000000000000000e+00
0.000000000000000000e+00
0.000000000000000000e+00
0.000000000000000000e+00
0.000000000000000000e+00
0.000000000000000000e+00
0.000000000000000000e+00
0.000000000000000000e+00
0.000000000000000000e+00
0.000000000000000000e+00
1.500000000000000118e-02
1.239999999999999991e-01
3.739999999999999991e-01
7.329999999999999849e-01
1.137999999999999901e+00
1.673999999999999932e+00
2.147000000000000242e+00
2.712000000000000188e+00
3.233999999999999986e+00
3.790000000000000036e+00
4.272999999999999687e+00
4.742999999999999439e+00
5.096999999999999531e+00
5.467999999999999972e+00
5.756000000000000227e+00
5.908000000000000362e+00
6.028000000000000469e+00
5.982000000000000206e+00
5.814999999999999503e+00
5.626000000000000334e+00
5.244999999999999218e+00
4.894000000000000128e+00
4.397000000000000242e+00
3.831000000000000405e+00
3.197999999999999954e+00
2.546000000000000263e+00
1.832999999999999963e+00
1.143000000000000016e+00
4.329999999999999960e-01
-2.530000000000000027e-01
-9.120000000000000329e-01
-1.515000000000000124e+00
-2.034999999999999698e+00
-2.537999999999999812e+00
-2.918000000000000149e+00
-3.250999999999999890e+00
-3.484999999999999876e+00
-3.602000000000000313e+00
-3.637000000000000011e+00
-3.572000000000000064e+00
-3.420999999999999819e+00
-3.259000000000000341e+00
-2.991999999999999993e+00
-2.697999999999999954e+00
-2.333000000000000185e+00
-1.978999999999999870e+00
-1.582000000000000073e+00
-1.241999999999999993e+00
-8.499999999999999778e-01
-5.490000000000000435e-01
-2.810000000000000275e-01
-9.299999999999999933e-02
-1.099999999999999936e-02
0.000000000000000000e+00
0.000000000000000000e+00
0.000000000000000000e+00
0.000000000000000000e+00
0.000000000000000000e+00
0.000000000000000000e+00
0.000000000000000000e+00
0.000000000000000000e+00
0.000000000000000000e+00
0.000000000000000000e+00
0.000000000000000000e+00
0.000000000000000000e+00
0.000000000000000000e+00
0.000000000000000000e+00
0.000000000000000000e+00
0.000000000000000000e+00
0.000000000000000000e+00
0.000000000000000000e+00
0.000000000000000000e+00
0.000000000000000000e+00
0.000000000000000000e+00
0.000000000000000000e+00
0.000000000000000000e+00
