0.000000000000000000e+00
0.000000000000000000e+00
0.000000000000000000e+00
0.000000000000000000e+00
0.000000000000000000e+00
0.000000000000000000e+00
0.000000000000000000e+00
0.000000000000000000e+00
0.000000000000000000e+00
0.000000000000000000e+00
0.000000000000000000e+00
0.000000000000000000e+00
0.000000000000000000e+00
0.000000000000000000e+00
0.000000000000000000e+00
0.000000000000000000e+00
0.000000000000000000e+00
0.000000000000000000e+00
0.000000000000000000e+00
0.000000000000000000e+00
0.000000000000000000e+00
0.000000000000000000e+00
0.000000000000000000e+00
0.000000000000000000e+00
2.099999999999999784e-02
1.209999999999999964e-01
3.400000000000000244e-01
6.640000000000000346e-01
1.051000000000000156e+00
1.507000000000000117e+00
1.951000000000000068e+00
2.496999999999999886e+00
2.994999999999999662e+00
3.474000000000000199e+00
3.893999999999999684e+00
4.322999999999999510e+00
4.698999999999999844e+00
5.002000000000000668e+00
5.245999999999999552e+00
5.366999999999999993e+00
5.420999999999999375e+00
5.415000000000000036e+00
5.312000000000000277e+00
5.108999999999999986e+00
4.832000000000000739e+00
4.491999999999999993e+00
4.047000000000000597e+00
3.521999999999999797e+00
2.943000000000000060e+00
2.367999999999999883e+00
1.739000000000000101e+00
1.100000000000000089e+00
4.690000000000000280e-01
-1.499999999999999944e-01
-7.439999999999999947e-01
-1.296000000000000041e+00
-1.778000000000000025e+00
-2.207000000000000295e+00
-2.566000000000000281e+00
-2.857000000000000206e+00
-3.041999999999999815e+00
-3.169000000000000039e+00
-3.232000000000000206e+00
-3.189000000000000057e+00
-3.084000000000000075e+00
-2.907000000000000028e+00
-2.694999999999999840e+00
-2.416000000000000369e+00
-2.118999999999999773e+00
-1.788000000000000034e+00
-1.411000000000000032e+00
-1.098999999999999977e+00
-7.699999999999999067e-01
-4.879999999999999893e-01
-2.500000000000000000e-01
-9.000000000000001055e-02
-1.600000000000000033e-02
0.000000000000000000e+00
0.000000000000000000e+00
0.000000000000000000e+00
0.000000000000000000e+00
0.000000000000000000e+00
0.000000000000000000e+00
0.000000000000000000e+00
0.000000000000000000e+00
0.000000000000000000e+00
0.000000000000000000e+00
0.000000000000000000e+00
0.000000000000000000e+00
0.000000000000000000e+00
0.000000000000000000e+00
0.000000000000000000e+00
0.000000000000000000e+00
0.000000000000000000e+00
0.000000000000000000e+00
0.000000000000000000e+00
0.000000000000000000e+00
0.000000000000000000e+00
0.000000000000000000e+00
0.000000000000000000e+00
