0.035095
0.035095
0.035095
0.035095
0.035095
0.035095
0.035095
0.035095
0.035095
0.035095
0.035095
0.035095
0.035095
0.035095
0.035095
0.035095
0.035095
0.035095
0.035095
0.035095
0.035095
0.035095
0.035095
0.035095
0.037943
0.051209
0.080629
0.12474
0.17822
0.24286
0.30839
0.39117
0.47077
0.55121
0.62561
0.70452
0.77748
0.83984
0.89223
0.92281
0.93862
0.93957
0.91764
0.87158
0.80441
0.71792
0.60529
0.47276
0.3243
0.17062
0.0056963
-0.15931
-0.32225
-0.4801
-0.63109
-0.76207
-0.86775
-0.95542
-1.0217
-1.0658
-1.0764
-1.073
-1.0517
-1.0015
-0.9367
-0.85548
-0.77025
-0.67053
-0.57125
-0.46715
-0.355
-0.26463
-0.17301
-0.095962
-0.031751
0.011309
0.030887
0.035095
0.035095
0.035095
0.035095
0.035095
0.035095
0.035095
0.035095
0.035095
0.035095
0.035095
0.035095
0.035095
0.035095
0.035095
0.035095
0.035095
0.035095
0.035095
0.035095
0.035095
0.035095
0.035095
