9.997977201879475473e-01
9.997682745390275016e-01
9.997356149658150892e-01
9.996995368244164792e-01
9.996598377750235409e-01
9.996163190779795427e-01
9.995687868377994834e-01
9.995170531845084527e-01
9.994609373852554324e-01
9.994002668825943125e-01
9.993348782588932222e-01
9.992646181289139840e-01
9.991893439645934683e-01
9.991089248574064330e-01
9.990232422244167410e-01
9.989321904642574079e-01
9.988356775689148925e-01
9.987336256964309822e-01
9.986259717085937959e-01
9.985126676764911613e-01
9.983936813555609469e-01
9.982689966305873241e-01
9.981386139300559845e-01
9.980025506084333475e-01
9.978608412943301698e-01
9.977135382021590226e-01
9.975607114047870816e-01
9.974024490648234487e-01
9.972388576225134083e-01
9.970700619387257158e-01
9.968962053921555100e-01
9.967174499305992974e-01
9.965339760769271749e-01
9.963459828911525040e-01
9.961536878907295556e-01
9.959573269318516830e-01
9.957571540550370637e-01
9.955534412986424275e-01
9.953464784840873048e-01
9.951365729764899415e-01
9.949240494240697563e-01
9.947092494790583661e-01
9.944925315019575995e-01
9.942742702498121865e-01
9.940548565477234089e-01
9.938346969411573362e-01
9.936142133247343189e-01
9.933938425411728002e-01
9.931740359419680697e-01
9.929552588992752726e-01
9.927379902564267278e-01
9.925227217026040272e-01
9.923099570555024007e-01
9.921002114344293910e-01
9.918940103052421575e-01
9.916918883779003435e-01
9.914943883372320244e-01
9.913020593878064668e-01
9.911154555945757005e-01
9.909351340021798071e-01
9.907616525174808286e-01
9.905955675419428896e-01
9.904374313428836452e-01
9.902877891552959166e-01
9.901471760088639273e-01
9.900161132778865225e-01
9.898951049550688275e-01
9.897846336534940059e-01
9.896851563445427935e-01
9.895970998430703158e-01
9.895208560547685828e-01
9.894567770043412036e-01
9.894051696668587637e-01
9.893662906284268477e-01
9.893403406060141680e-01
9.893274588598712782e-01
9.893277175353085706e-01
9.893411159735540084e-01
9.893675750338245534e-01
9.894069314704445617e-01
9.894589324096870753e-01
9.895232299708376367e-01
9.895993760746921719e-01
9.896868174802195828e-01
9.897848910864471828e-01
9.898928195317981960e-01
9.900097071172396790e-01
9.901345360728509570e-01
9.902661631800087072e-01
9.904033167535524207e-01
9.905445939803292354e-01
9.906884586026822870e-01
9.908332389280322117e-01
9.909771261389407337e-01
9.911181728721665252e-01
9.912542920303882843e-01
9.913832557866103512e-01
9.915026947388579925e-01
9.916100971716372836e-01
9.917028083807833960e-01
9.917780300196915588e-01
9.918328194274684817e-01
9.918640889031634655e-01
9.918686048948684997e-01
9.918429870780207658e-01
9.917837073036408491e-01
9.916870884044377554e-01
9.915493028546810139e-01
9.913663712884696055e-01
9.911341608905288592e-01
9.908483836839684367e-01
9.905045947505652926e-01
9.900981904311293436e-01
9.896244065663682976e-01
9.890783168523779034e-01
9.884548313993607449e-01
9.877486955972926141e-01
9.869544894077986186e-01
9.860666272171690894e-01
9.850793584008795678e-01
9.839867687647053662e-01
9.827827830410478249e-01
9.814611686308292171e-01
9.800155407907155114e-01
9.784393694718982459e-01
9.767259880197076694e-01
9.748686039424619976e-01
9.728603119528500542e-01
9.706941094755394683e-01
9.683629148004982978e-01
9.658595880427414127e-01
9.631769550460012042e-01
9.603078343404506390e-01
9.572450672334260613e-01
9.539815510775371266e-01
9.505102757231070898e-01
9.468243631220389922e-01
9.429171100085040891e-01
9.387820335387907500e-01
9.344129197287442956e-01
9.298038744829711932e-01
9.249493769658475584e-01
9.198443350208429514e-01
9.144841423022258553e-01
9.088647367423690060e-01
9.029826599390969877e-01
8.968351170114162718e-01
8.904200364390335576e-01
8.837361293719565580e-01
8.767829478717357183e-01
8.695609415261720265e-01
8.620715118651827158e-01
8.543170639975168346e-01
8.463010548866832794e-01
8.380280376901915185e-01
8.295037015993442786e-01
8.207349066375477786e-01
8.117297129034515279e-01
8.024974037810439498e-01
7.930485026817969407e-01
7.833947829334981794e-01
7.735492704858273338e-01
7.635262391630746048e-01
7.533411982585334066e-01
7.430108723318622488e-01
7.325531731386831780e-01
7.219871636895894840e-01
7.113330145021818929e-01
7.006119521735374445e-01
6.898462004605317999e-01
6.790589141108074323e-01
6.682741057372866278e-01
6.575165660736090878e-01
6.468117779867004202e-01
6.361858246560485597e-01
6.256652923577032954e-01
6.152771683152277182e-01
6.050487341006512976e-01
5.950074550869215440e-01
5.851808664703680440e-01
5.755964563981783577e-01
5.662815467527178015e-01
5.572631721621983392e-01
5.485679578262137035e-01
5.402219967649849464e-01
5.322507271227624459e-01
5.246788101781127978e-01
5.175300097362058871e-01
5.108270735996566225e-01
5.045916178339566738e-01
4.988440145598059816e-01
4.936032840164510382e-01
4.888869916463070009e-01
4.847111509504715698e-01
4.810901328563330637e-01
4.780365823215293464e-01
4.755613428725308234e-01
4.736733897408627048e-01
4.723797722154359224e-01
4.716855657760179454e-01
4.715938345109810248e-01
4.721056042529749863e-01
4.732198467899927374e-01
4.749334754274372461e-01
4.772413520904981166e-01
4.801363060664123328e-01
4.836091643942632690e-01
4.876487938168214686e-01
4.922421541156215552e-01
4.973743625577496941e-01
5.030287690915948851e-01
5.091870418396438058e-01
5.158292623499535212e-01
5.229340299847291540e-01
5.304785747450410094e-01
5.384388777556334826e-01
5.467897985636523961e-01
5.555052083405731533e-01
5.645581280183885609e-01
5.739208703400605627e-01
5.835651847611733611e-01
5.934624041056906218e-01
6.035835918545738865e-01
6.138996889327663631e-01
6.243816588585422434e-01
6.350006301301666101e-01
6.457280347488396632e-01
6.565357418142713231e-01
6.673961851800933598e-01
6.782824842203643012e-01
6.891685568351733071e-01
7.000292239118843796e-01
7.108403045577067481e-01
7.215787015275639815e-01
7.322224763869080721e-01
7.427509140702550638e-01
7.531445766207031101e-01
7.633853460213585462e-01
7.734564561541956706e-01
7.833425140432630496e-01
7.930295106551913387e-01
8.025048216387440370e-01
8.117571984849049072e-01
8.207767506781881162e-01
8.295549194872687826e-01
8.380844441076282791e-01
8.463593209200985790e-01
8.543747566665251814e-01
8.621271163672805660e-01
8.696138668152177953e-01
8.768335164774297974e-01
8.837855526206386259e-01
8.904703764491925799e-01
8.968892370077206078e-01
9.030441645548380469e-01
9.089379040614092853e-01
9.145738494283059961e-01
9.199559789559230705e-01
9.250887925325139705e-01
9.299772509421582178e-01
9.346267176272977650e-01
9.390429031765351597e-01
9.432318127468976021e-01
9.471996965719624573e-01
9.509530036538639264e-01
9.544983386888148402e-01
9.578424222327366344e-01
9.609920540760849006e-01
9.639540797650043569e-01
9.667353601794101969e-01
9.693427440572156550e-01
9.717830433373637611e-01
9.740630111821146908e-01
9.761893225307290978e-01
9.781685570317419920e-01
9.800071841989188570e-01
9.817115506362402710e-01
9.832878691793728310e-01
9.847422098046546557e-01
9.860804921612601470e-01
9.873084795876154729e-01
9.884317744790723781e-01
9.894558148801186892e-01
9.903858721808994625e-01
9.912270498044541966e-01
9.919842827778011518e-01
9.926623380867963808e-01
9.932658157215497052e-01
9.937991503260649173e-01
9.942666133726617561e-01
9.946723157885721811e-01
9.950202109687958929e-01
9.953140981157682088e-01
9.955576258524899691e-01
9.957542960613924299e-01
9.959074679062266400e-01
9.960203619985694701e-01
9.960960646740670832e-01
9.961375323462366982e-01
9.961475959075594133e-01
9.961289651487640340e-01
9.960842331677537409e-01
9.960158807397284653e-01
9.959262806198833085e-01
9.958177017498502925e-01
9.956923133390038760e-01
9.955521887920719681e-01
9.953993094553706955e-01
9.952355681555372646e-01
9.950627725069558505e-01
9.948826479671962764e-01
9.946968406236615934e-01
9.945069196992120109e-01
9.943143797696433195e-01
9.941206426914037664e-01
9.939270592436234564e-01
9.937349104942174716e-01
9.935454089052953019e-01
9.933596991981791247e-01
9.931788590028346464e-01
9.930038993203077480e-01
9.928357648297430060e-01
9.926753340736598208e-01
9.925234195563669148e-01
9.923807677906989477e-01
9.922480593277290817e-01
9.921259088027997164e-01
9.920148650292486270e-01
9.919154111686803166e-01
9.918279650037018502e-01
9.917528793358196815e-01
9.916904425278231239e-01
9.916408792065819489e-01
9.916043511388499265e-01
9.915809582894958840e-01
9.915707400686176731e-01
9.915736767712780564e-01
9.915896912111327177e-01
9.916186505469916090e-01
9.916603682993347935e-01
9.917146065519417686e-01
9.917810783320578638e-01
9.918594501608559710e-01
9.919493447643313866e-01
9.920503439331674889e-01
9.921619915185309058e-01
9.922837965492042889e-01
9.924152364539855498e-01
9.925557603719024069e-01
9.927047925315776178e-01
9.928617356800693017e-01
9.930259745407720162e-01
9.931968792795113909e-01
9.933738089578468822e-01
9.935561149528023828e-01
9.937431443227711103e-01
9.939342431001602085e-01
9.941287594924083093e-01
9.943260469742730701e-01
9.945254672556956832e-01
9.947263931110392754e-01
9.949282110570265569e-01
9.951303238682212005e-01
9.953321529203821294e-01
9.955331403534454227e-01
9.957327510472615550e-01
9.959304744045288649e-01
9.961258259366444490e-01
9.963183486494520125e-01
9.965076142271288573e-01
9.966932240137383880e-01
9.968748097932982333e-01
9.970520343705808752e-01
9.972245919562805483e-01
9.973922083616206802e-01
9.975546410089415339e-01
9.977116787662413389e-01
9.978631416150195443e-01
9.980088801620410344e-01
9.981487750067348230e-01
9.982827359768249309e-01
9.984107012453966590e-01
9.985326363428880247e-01
9.986485330774272917e-01
9.987584083764954324e-01
9.988623030620785714e-01
9.989602805703197141e-01
9.990524256252284463e-01
9.991388428743523953e-01
9.992196554925458774e-01
9.992950037582225553e-01
9.993650436048798769e-01
9.994299451493667830e-01
9.994898911974624545e-01
9.995450757269467301e-01
9.995957023485415593e-01
9.996419827459241958e-01
9.996841350974292606e-01
9.997223824840127948e-01
9.997569512904173061e-01
9.997880696090970520e-01
