9.997980914928483731e-01
9.997686973309549696e-01
9.997360942472557355e-01
9.997000777871520860e-01
9.996604457728287541e-01
9.996169995963317678e-01
9.995695454610077357e-01
9.995178955607141313e-01
9.994618691897945162e-01
9.994012937802257968e-01
9.993360058654061628e-01
9.992658519726138611e-01
9.991906894481473733e-01
9.991103872204952774e-01
9.990248265076003831e-01
9.989339014744111900e-01
9.988375198465465621e-01
9.987356034851311293e-01
9.986280889268209782e-01
9.985149278918392657e-01
9.983960877616047114e-01
9.982715520263572007e-01
9.981413207021440082e-01
9.980054107156910437e-01
9.978638562550794511e-01
9.977167090837959496e-01
9.975640388156211680e-01
9.974059331479566692e-01
9.972424980515265380e-01
9.970738579149008851e-01
9.969001556429322175e-01
9.967215527089234861e-01
9.965382291611303289e-01
9.963503835849732981e-01
9.961582330230797089e-01
9.959620128559274477e-01
9.957619766463930988e-01
9.955583959518727877e-01
9.953515601078074537e-01
9.951417759863775414e-01
9.949293677338060249e-01
9.947146764891051651e-01
9.944980600862202147e-01
9.942798927403487808e-01
9.940605647177880311e-01
9.938404819869762763e-01
9.936200658465279556e-01
9.933997525240284565e-01
9.931799927372437775e-01
9.929612512072690800e-01
9.927440061110694991e-01
9.925287484589315756e-01
9.923159813806344820e-01
9.921062193027281317e-01
9.918999869982457751e-01
9.916978184895364201e-01
9.915002557847124587e-01
9.913078474284975350e-01
9.911211468490350729e-01
9.909407104834538904e-01
9.907670956666732032e-01
9.906008582699985521e-01
9.904425500784811431e-01
9.902927158987087086e-01
9.901518903916295411e-01
9.900205946281160907e-01
9.898993323682195866e-01
9.897885860684196846e-01
9.896888126246180528e-01
9.896004388621458814e-01
9.895238567876545321e-01
9.894594186214279441e-01
9.894074316323648866e-01
9.893681528016149418e-01
9.893417833445387055e-01
9.893284631242229565e-01
9.893282649931067763e-01
9.893411891022236837e-01
9.893671572199826958e-01
9.894060071041377302e-01
9.894574869714678478e-01
9.895212501095663749e-01
9.895968496739043774e-01
9.896837337109293253e-01
9.897812404443563361e-01
9.898885938570677334e-01
9.900048995952429598e-01
9.901291412146745463e-01
9.902601767818788314e-01
9.903967358348451100e-01
9.905374167003483388e-01
9.906806841569509858e-01
9.908248674254233057e-01
9.909681584615513961e-01
9.911086105204036656e-01
9.912441369562571269e-01
9.913725102186714544e-01
9.914913610027195068e-01
9.915981775101725404e-01
9.916903047784846326e-01
9.917649440356969270e-01
9.918191520418043750e-01
9.918498403806489394e-01
9.918537746709096270e-01
9.918275736702025780e-01
9.917677082526028531e-01
9.916705002470092012e-01
9.915321211316659999e-01
9.913485905888355099e-01
9.911157749330725686e-01
9.908293854368455111e-01
9.904849765883824153e-01
9.900779443286430448e-01
9.896035243272244264e-01
9.890567903707779829e-01
9.884326529520714999e-01
9.877258581630297130e-01
9.869309870107119131e-01
9.860424552909456963e-01
9.850545141698403562e-01
9.839612516382022500e-01
9.827565950174468323e-01
9.814343147073836260e-01
9.799880293756615401e-01
9.784112127951459792e-01
9.766972025385122214e-01
9.748392107384619143e-01
9.728303371168197655e-01
9.706635844761318799e-01
9.683318768331583559e-01
9.658280803548459081e-01
9.631450272341537389e-01
9.602755426157378871e-01
9.572124746503438697e-01
9.539487277222467032e-01
9.504772988566863035e-01
9.467913172744854000e-01
9.428840870194211687e-01
9.387491325409620391e-01
9.343802470711717323e-01
9.297715435904249093e-01
9.249175081325242687e-01
9.198130551363643548e-01
9.144535845088962445e-01
9.088350400233319304e-01
9.029539686377832108e-01
8.968075802834057919e-01
8.903938076381809896e-01
8.837113653732996399e-01
8.767598083343295379e-01
8.695395880995495652e-01
8.620521073436172577e-01
8.542997714266739040e-01
8.462860366275717361e-01
8.380154544455777899e-01
8.294937114079790064e-01
8.207276638416739489e-01
8.117253670951261046e-01
8.024960987328235706e-01
7.930503752673072615e-01
7.833999620433464983e-01
7.735578759442311991e-01
7.635383806504539850e-01
7.533569742452017604e-01
7.430303690278052819e-01
7.325764634642998319e-01
7.220143062721505745e-01
7.113640527027005334e-01
7.006469131487214064e-01
6.898850942645453621e-01
6.791017328417204846e-01
6.683208227333506946e-01
6.575671351648977314e-01
6.468661328081752870e-01
6.362438780288006690e-01
6.257269357459398496e-01
6.153422713674974176e-01
6.051171442848586324e-01
5.950789974297546747e-01
5.852553434128340282e-01
5.756736477799699880e-01
5.663612099389603305e-01
5.573450423267682918e-01
5.486517484060915439e-01
5.403074001000047755e-01
5.323374152944833071e-01
5.247664360604002987e-01
5.176182082682916352e-01
5.109154632900567705e-01
5.046798025005501120e-01
4.989315853076938811e-01
4.936898214509998217e-01
4.889720683140394986e-01
4.847943339954327024e-01
4.811709868742398699e-01
4.781146723886919858e-01
4.756362377212817183e-01
4.737446650482891597e-01
4.724470139677608982e-01
4.717483736671149730e-01
4.716518253304944341e-01
4.721584152173848858e-01
4.732671387688670572e-01
4.749749360170987256e-01
4.772766984884143637e-01
4.801652877018142140e-01
4.836315652737268600e-01
4.876644345477659792e-01
4.922508935757122783e-01
4.973760991839916157e-01
5.030234417692138749e-01
5.091746303775714910e-01
5.158097875366496332e-01
5.229075532250300196e-01
5.304451972855235287e-01
5.383987395125118258e-01
5.467430765732903541e-01
5.554521148582236556e-01
5.644989082956382020e-01
5.738558001155852351e-01
5.834945675027872758e-01
5.933865680442086399e-01
6.035028868517623435e-01
6.138144832266032580e-01
6.242923357291795261e-01
6.349075845294631648e-01
6.456316699351023480e-01
6.564364660320529676e-01
6.672944084225311823e-01
6.781786151087447756e-01
6.890629996472110719e-01
6.999223757866903650e-01
7.107325529016801369e-01
7.214704216415195326e-01
7.321140293307433211e-01
7.426426447774100437e-01
7.530368122706578848e-01
7.632783946744835513e-01
7.733506056495006442e-01
7.832380311559985486e-01
7.929266405079312685e-01
8.024037873565165180e-01
8.116582010821976612e-01
8.206799691632764571e-01
8.294605111672745945e-01
8.379925450760827843e-01
8.462700467075237043e-01
8.542882030336724775e-01
8.620433602201797996e-01
8.695329672210531102e-01
8.767555157604809413e-01
8.837104775180536498e-01
8.903982393071837587e-01
8.968200369998459154e-01
9.029778889053273749e-01
9.088745292579677448e-01
9.145133424104365805e-01
9.198982982665324659e-01
9.250338894223391062e-01
9.299250704183554816e-01
9.345771994393307081e-01
9.389959827342414522e-01
9.431874219672892190e-01
9.471577646528799299e-01
9.509134577740452343e-01
9.544611046352310391e-01
9.578074249571724152e-01
9.609592181838990665e-01
9.639233299397738097e-01
9.667066215477531088e-01
9.693159424985062778e-01
9.717581057432939096e-01
9.740398656711489744e-01
9.761678986224548993e-01
9.781487857859443302e-01
9.799889983239506996e-01
9.816948845709155824e-01
9.832726591522211734e-01
9.847283938739505027e-01
9.860680102388075241e-01
9.872972734488436597e-01
9.884217877615895098e-01
9.894469930724991702e-01
9.903781626031507024e-01
9.912204015813217417e-01
9.919786468058356954e-01
9.926576669959187305e-01
9.932620638317063433e-01
9.937962735994685382e-01
9.942645693620461023e-01
9.946710635818596380e-01
9.950197111305708608e-01
9.953143126259609286e-01
9.955585180427067860e-01
9.957558305493652284e-01
9.959096105288998135e-01
9.960230797443898609e-01
9.960993256150868502e-01
9.961413055706836994e-01
9.961518514535631086e-01
9.961336739399528906e-01
9.960893669514576665e-01
9.960214120285210138e-01
9.959321826371886344e-01
9.958239483803110748e-01
9.956988790842610237e-01
9.955590487325424176e-01
9.954064392185241195e-01
9.952429438910701531e-01
9.950703708691391869e-01
9.948904461045320335e-01
9.947048161758319518e-01
9.945150508011367796e-01
9.943226450622929535e-01
9.941290213388372932e-01
9.939355309555530926e-01
9.937434555532416169e-01
9.935540081977968230e-01
9.933683342477693801e-01
9.931875120051307793e-01
9.930125531777792558e-01
9.928444031853488339e-01
9.926839413420256442e-01
9.925319809513259983e-01
9.923892693481383143e-01
9.922564879228392698e-01
9.921342521610223564e-01
9.920231117304352253e-01
9.919235506442219963e-01
9.918359875266382630e-01
9.917607760041846632e-01
9.916982052417241400e-01
9.916485006397165458e-01
9.916118247053445911e-01
9.915882781070848306e-01
9.915779009192663418e-01
9.915806740603907432e-01
9.915965209264665514e-01
9.916253092183349160e-01
9.916668529598944293e-01
9.917209147022415516e-01
9.917872079069736113e-01
9.918653995002244539e-01
9.919551125873743436e-01
9.920559293167815484e-01
9.921673938793175163e-01
9.922890156289612129e-01
9.924202723082556910e-01
9.925606133610843651e-01
9.927094633140436386e-01
9.928662252067135263e-01
9.930302840504168227e-01
9.932010102946355889e-01
9.933777632801554791e-01
9.935598946582282487e-01
9.937467517555826912e-01
9.939376808659355911e-01
9.941320304497196503e-01
9.943291542250073389e-01
9.945284141340074990e-01
9.947291831709909049e-01
9.949308480590175474e-01
9.951328117643448712e-01
9.953344958388673502e-01
9.955353425823530999e-01
9.957348170176052449e-01
9.959324086729837155e-01
9.961276331679950191e-01
9.963200335989138567e-01
9.965091817226600091e-01
9.966946789384401040e-01
9.968761570679868234e-01
9.970532789365987858e-01
9.972257387586028754e-01
9.973932623323077395e-01
9.975556070509831175e-01
9.977125617378387323e-01
9.978639463143544885e-01
9.980096113125864754e-01
9.981494372431669593e-01
9.982833338316066119e-01
9.984112391361049665e-01
9.985331185603658621e-01
9.986489637748408033e-01
9.987587915593792998e-01
9.988626425794461250e-01
9.989605801069096902e-01
9.990526886949493424e-01
9.991390728149711631e-01
9.992198554616548156e-01
9.992951767304996125e-01
9.993651923706410312e-01
9.994300723143902943e-01
9.994899991840500153e-01
9.995451667761677816e-01
9.995957785235963788e-01
9.996420459365458200e-01
9.996841870252366480e-01
9.997224247087186377e-01
9.997569852167871307e-01
9.997880964945524696e-01
