9.997977955448659193e-01
9.997683601081720495e-01
9.997357116983149883e-01
9.996996457011579906e-01
9.996599598008818477e-01
9.996164552755628652e-01
9.995689382407978441e-01
9.995172208307431250e-01
9.994611223095318797e-01
9.994004701094586496e-01
9.993351007953918952e-01
9.992648609574511509e-01
9.991896080359703447e-01
9.991092110841234275e-01
9.990235514743036616e-01
9.989325235544892490e-01
9.988360352604582770e-01
9.987340086889567869e-01
9.986263806358779416e-01
9.985131031023182224e-01
9.983941437701339128e-01
9.982694864474390695e-01
9.981391314834490158e-01
9.980030961512268428e-01
9.978614149962871105e-01
9.977141401486571137e-01
9.975613415958931585e-01
9.974031074146811893e-01
9.972395439589912813e-01
9.970707760032624378e-01
9.968969468397393952e-01
9.967182183298093356e-01
9.965347709099631190e-01
9.963468035537813572e-01
9.961545336920739624e-01
9.959581970939525020e-01
9.957580477121295015e-01
9.955543574960935560e-01
9.953474161769577666e-01
9.951375310276980857e-01
9.949250266021576472e-01
9.947102444555749878e-01
9.944935428485023321e-01
9.942752964347991718e-01
9.940558959329494071e-01
9.938357477782759908e-01
9.936152737517537359e-01
9.933949105791058942e-01
9.931751094917721234e-01
9.929563357392212630e-01
9.927390680400339784e-01
9.925237979572684166e-01
9.923110291819370321e-01
9.921012767070179761e-01
9.918950658733892700e-01
9.916929312684416020e-01
9.914954154579505019e-01
9.913030675320785301e-01
9.911164414471560491e-01
9.909360941461187178e-01
9.907625834421556199e-01
9.905964656521780709e-01
9.904382929691272208e-01
9.902886105648175397e-01
9.901479534179367104e-01
9.900168428649159802e-01
9.898957828746255405e-01
9.897852560512058195e-01
9.896857193727917057e-01
9.895975996774269978e-01
9.895212889110805987e-01
9.894571391563657947e-01
9.894054574643059707e-01
9.893665005152432190e-01
9.893404691387029937e-01
9.893275027256065446e-01
9.893276735695638591e-01
9.893409811769331430e-01
9.893673465877481643e-01
9.894066067513284102e-01
9.894585090012325557e-01
9.895227056740542038e-01
9.895987489152833216e-01
9.896860857129894384e-01
9.897840531964257060e-01
9.898918742318346675e-01
9.900086533418860357e-01
9.901333729684327345e-01
9.902648900908715968e-01
9.904019332045709278e-01
9.905430996558648449e-01
9.906868533222816797e-01
9.908315226192586644e-01
9.909752988078290858e-01
9.911162345718814715e-01
9.912522428287444676e-01
9.913810957331770091e-01
9.915004238324219843e-01
9.916077153288292978e-01
9.917003154066847959e-01
9.917754255812333275e-01
9.918301030304056409e-01
9.918612598733628216e-01
9.918656623645822901e-01
9.918399299777364009e-01
9.917805343600002432e-01
9.916837981446113837e-01
9.915458936174653681e-01
9.913628412422536007e-01
9.911305080581528371e-01
9.908446059743779566e-01
9.905006899970498768e-01
9.900941564358288760e-01
9.896202411506407337e-01
9.890740179125416809e-01
9.884503969672632229e-01
9.877441239051083510e-01
9.869497789564288803e-01
9.860617768475927747e-01
9.850743673677988532e-01
9.839816368118275980e-01
9.827775104773479597e-01
9.814557564071462181e-01
9.800099905760375485e-01
9.784336837286964350e-01
9.767201700776720896e-01
9.748626580699856214e-01
9.728542434255911253e-01
9.706879246413703255e-01
9.683566211401286594e-01
9.658531942252756020e-01
9.631704709786685914e-01
9.603012712117322547e-01
9.572384375487902330e-01
9.539748686870027639e-01
9.505035558398688966e-01
9.468176223314247464e-01
9.429103662665853092e-01
9.387753061600346838e-01
9.344062293621825388e-01
9.297972430764595009e-01
9.249428277181017677e-01
9.198378923210583924e-01
9.144778316572164112e-01
9.088585846912856647e-01
9.029766939559191741e-01
8.968293653955260458e-01
8.904145281943014467e-01
8.837308940748702657e-01
8.767780155291949873e-01
8.695563424236550931e-01
8.620672764060537396e-01
8.543132225343010866e-01
8.462976375451760624e-01
8.380250741873002118e-01
8.295012210555818832e-01
8.207329373851138810e-01
8.117282822908358231e-01
8.024965379750975680e-01
7.930482264682022775e-01
7.833951195165680392e-01
7.735502412885570944e-01
7.635278636283493459e-01
7.533434936524009418e-01
7.430138535497627927e-01
7.325568525155348176e-01
7.219915508146353966e-01
7.113381160395240155e-01
7.006177716893156049e-01
6.898527382577621658e-01
6.790661670729609689e-01
6.682820671817899516e-01
6.575252256165616815e-01
6.468211214202486126e-01
6.361958338400166557e-01
6.256759451272647654e-01
6.152884384065798740e-01
6.050605910968633872e-01
5.950198643862936176e-01
5.851937892798003693e-01
5.756098497541868309e-01
5.662953635727792090e-01
5.572773613291392980e-01
5.485824643082546359e-01
5.402367617739083361e-01
5.322656883123665361e-01
5.246939018847520675e-01
5.175451632626981713e-01
5.108422175432365542e-01
5.046066784582244891e-01
4.988589162098170382e-01
4.936179495752041069e-01
4.889013430299431473e-01
4.847251096385467584e-01
4.811036204525559468e-01
4.780495211394296673e-01
4.755736565396865290e-01
4.736850038145263841e-01
4.723906148017976703e-01
4.716955681448438131e-01
4.716029316970742347e-01
4.721137356357854031e-01
4.732269566427718122e-01
4.749395134276374053e-01
4.772462737835565516e-01
4.801400732757425960e-01
4.836117455710803315e-01
4.876501643244023354e-01
4.922422964436710124e-01
4.973732664637239287e-01
5.030264316670458591e-01
5.091834675009073718e-01
5.158244627537384996e-01
5.229280238703750694e-01
5.304713877063522709e-01
5.384305419462538378e-01
5.467803523408942823e-01
5.554946958534363599e-01
5.645465987462057189e-01
5.739083785887393319e-01
5.835517891244335065e-01
5.934481668989346481e-01
6.035685785291587946e-01
6.138839674784355438e-01
6.243652992016244241e-01
6.349837035349059633e-01
6.457106132288523703e-01
6.565178975606882350e-01
6.673779900124007236e-01
6.782640090653884180e-01
6.891498712389918513e-01
7.000103955887750917e-01
7.108213989795375554e-01
7.215597815563061790e-01
7.322036019522339956e-01
7.427321418934660358e-01
7.531259599855462117e-01
7.633669345916161975e-01
7.734382958373181571e-01
7.833246468987212774e-01
7.930119748457077344e-01
8.024876514220870005e-01
8.117404242435202200e-01
8.207603989836118608e-01
8.295390131959807789e-01
8.380690024848150843e-01
8.463443597876489921e-01
8.543602885715256834e-01
8.621131507672668004e-01
8.696004102764985921e-01
8.768205728829148171e-01
8.837731233837589073e-01
8.904584607307124422e-01
8.968778319324829384e-01
9.030332654257527958e-01
9.089275045682985166e-01
9.145639418495220552e-01
9.199465543509854903e-01
9.250798409243266018e-01
9.299687614876908093e-01
9.346186787759234171e-01
9.390353028155083992e-01
9.432246383337307138e-01
9.471929352537060698e-01
9.509466423735192242e-01
9.544923642792955132e-01
9.578368214989558815e-01
9.609868138658729242e-01
9.639491870296544862e-01
9.667308020247127320e-01
9.693385077858781562e-01
9.717791164837183970e-01
9.740593815400007127e-01
9.761859781754016474e-01
9.781654863366047170e-01
9.800043758478170774e-01
9.817089936319755017e-01
9.832855528490266339e-01
9.847401238022301939e-01
9.860786264680739821e-01
9.873068245108043151e-01
9.884303206485111071e-01
9.894545532439917856e-01
9.903847940001182515e-01
9.912261466460727810e-01
9.919835465075512726e-01
9.926617608608409027e-01
9.932653899775342188e-01
9.937988687735397342e-01
9.942664689829426861e-01
9.946723017841037073e-01
9.950203208120907972e-01
9.953143254979957000e-01
9.955579646817970252e-01
9.957547404510501687e-01
9.959080121627001958e-01
9.960210006096207325e-01
9.960967922970057620e-01
9.961383437964416165e-01
9.961484861473978158e-01
9.961299292770363634e-01
9.960852664097955556e-01
9.960169784382933988e-01
9.959274382269288628e-01
9.958189148193372642e-01
9.956935775208058947e-01
9.955534998270773039e-01
9.954006631718370635e-01
9.952369604667359315e-01
9.950641994101169230e-01
9.948841055437366299e-01
9.946983250406473687e-01
9.945084272119755209e-01
9.943159067254442318e-01
9.941221855339937852e-01
9.939286145185474153e-01
9.937364748546596571e-01
9.935469791182610644e-01
9.933612721507902865e-01
9.931804317085092260e-01
9.930054689245988442e-01
9.928373286156186861e-01
9.926768894660245035e-01
9.925249641256489452e-01
9.923822992553618105e-01
9.922495755555996721e-01
9.921274078111509409e-01
9.920163449836157943e-01
9.919168703804378540e-01
9.918294019264692896e-01
9.917542925608069382e-01
9.916918307782609521e-01
9.916422413314098794e-01
9.916056861058557548e-01
9.915822651781122099e-01
9.915720180625814395e-01
9.915749251513530371e-01
9.915909093480784753e-01
9.916198378949395709e-01
9.916615243897027865e-01
9.917157309879853777e-01
9.917821707841220080e-01
9.918605103623535646e-01
9.919503725084430901e-01
9.920513390702250245e-01
9.921629539540202103e-01
9.922847262423056813e-01
9.924161334165512161e-01
9.925566246677659521e-01
9.927056242760847748e-01
9.928625350397264349e-01
9.930267417329132762e-01
9.931976145718981464e-01
9.933745126681290394e-01
9.935567874477828632e-01
9.937437860174349602e-01
9.939348544564421406e-01
9.941293410176892387e-01
9.943265992196065328e-01
9.945259908137782379e-01
9.947268886139439825e-01
9.949286791737269597e-01
9.951307653019353383e-01
9.953325684057685585e-01
9.955335306536822193e-01
9.957331169510389435e-01
9.959308167229831144e-01
9.961261455002572429e-01
9.963186463049380492e-01
9.965078908343290021e-01
9.966934804425340300e-01
9.968750469205605036e-01
9.970522530771651626e-01
9.972247931240755259e-01
9.973923928706618369e-01
9.975548097345966481e-01
9.977118325764767759e-01
9.978632813677575930e-01
9.980090067026169409e-01
9.981488891654636264e-01
9.982828385666905335e-01
9.984107930598723479e-01
9.985327181539007668e-01
9.986486056334752393e-01
9.987584724009281878e-01
9.988623592515493144e-01
9.989603295934146310e-01
9.990524681212800129e-01
9.991388794524388439e-01
9.992196867306790686e-01
9.992950302027249210e-01
9.993650657699495454e-01
9.994299635168288898e-01
9.994899062167043047e-01
9.995450878150335949e-01
9.995957118905106631e-01
9.996419900952508986e-01
9.996841405766632160e-01
9.997223863855770887e-01
9.997569538775652465e-01
9.997880711170173962e-01
