9.997981587774699141e-01
9.997687744413977784e-01
9.997361822249041241e-01
9.997001777261360633e-01
9.996605588156108890e-01
9.996171269285040184e-01
9.995696883053506454e-01
9.995180551705871164e-01
9.994620468419398440e-01
9.994014907670787373e-01
9.993362234870104555e-01
9.992660915282515210e-01
9.991909522277876432e-01
9.991106744961737451e-01
9.990251395248298527e-01
9.989342414437264450e-01
9.988378879352726170e-01
9.987360008094596786e-01
9.986285165442675416e-01
9.985153867941440886e-01
9.983965788681288256e-01
9.982720761780154994e-01
9.981418786559050904e-01
9.980060031396643661e-01
9.978644837242007792e-01
9.977173720761098874e-01
9.975647377091548806e-01
9.974066682181648158e-01
9.972432694692812127e-01
9.970746657449887085e-01
9.969009998430120589e-01
9.967224331288881967e-01
9.965391455428037615e-01
9.963513355620666756e-01
9.961592201213207431e-01
9.959630344932683954e-01
9.957630321331991663e-01
9.955594844909875230e-01
9.953526807943959831e-01
9.951429278074506168e-01
9.949305495673390620e-01
9.947158871026814397e-01
9.944992981351442607e-01
9.942811567652034554e-01
9.940618531414306958e-01
9.938417931110055115e-01
9.936213978472775432e-01
9.934011034481787794e-01
9.931813604971705400e-01
9.929626335762723466e-01
9.927454007186481411e-01
9.925301527862830930e-01
9.923173927565671626e-01
9.921076349001740624e-01
9.919014038315557835e-01
9.916992334127247011e-01
9.915016654908014315e-01
9.913092484500889423e-01
9.911225355602062415e-01
9.909420831030549826e-01
9.907684482630717548e-01
9.906021867672964998e-01
9.904438502642081144e-01
9.902939834329811397e-01
9.901531208177560828e-01
9.900217833846212123e-01
9.899004748022605105e-01
9.897896774505696715e-01
9.896898481649946122e-01
9.896014137278629219e-01
9.895247661215799129e-01
9.894602575622178930e-01
9.894081953357407588e-01
9.893688364628233645e-01
9.893423822219103991e-01
9.893289725637066656e-01
9.893286804536097767e-01
9.893415061815373779e-01
9.893673716810122976e-01
9.894061149010978662e-01
9.894574842756430622e-01
9.895211333341825677e-01
9.895966154976103546e-01
9.896833790993498914e-01
9.897807626691611516e-01
9.898879905119934985e-01
9.900041686085264692e-01
9.901282808573882432e-01
9.902591856717216645e-01
9.903956129350208748e-01
9.905361613132604992e-01
9.906792959125606535e-01
9.908233462642451750e-01
9.909665046124029875e-01
9.911068244731680021e-01
9.912422194300665179e-01
9.913704621260635008e-01
9.914891834104535562e-01
9.915958715975167204e-01
9.916878717938945043e-01
9.917623852528898443e-01
9.918164687163031346e-01
9.918470337079026145e-01
9.918508457471123529e-01
9.918245234569137425e-01
9.917645375462256219e-01
9.916672096541088166e-01
9.915287110510125901e-01
9.913450612009290230e-01
9.911121261977668961e-01
9.908256170995298762e-01
9.904810881950103507e-01
9.900739352497253121e-01
9.895993937907329174e-01
9.890525375037402256e-01
9.884282768304855082e-01
9.877213578695899221e-01
9.869263616997224764e-01
9.860377042597027186e-01
9.850496369356921411e-01
9.839562480204498973e-01
9.827514652232168801e-01
9.814290594205944407e-01
9.799826498482081538e-01
9.784057109394370677e-01
9.766915810205103465e-01
9.748334730703903661e-01
9.728244877487096653e-01
9.706576288853866474e-01
9.683258216113007633e-01
9.658219332905992882e-01
9.631387973919797174e-01
9.602692404089190337e-01
9.572061119076636926e-01
9.539423177472817761e-01
9.504708564786971126e-01
9.467848588898717388e-01
9.428776306227069082e-01
9.387426977442894227e-01
9.343738551113285329e-01
9.297652173224908445e-01
9.249112720093188855e-01
9.198069351729920573e-01
9.144476082318280241e-01
9.088292364036192339e-01
9.029483680081765717e-01
8.968022142393347051e-01
8.903887089227386920e-01
8.837065677465620883e-01
8.767553464275229524e-01
8.695354972547427730e-01
8.620484234397752799e-01
8.542965306930403457e-01
8.462832754454656659e-01
8.380132091397879401e-01
8.294920180290082934e-01
8.207265579401481492e-01
8.117248834897132781e-01
8.024962712730333569e-01
7.930512365925408425e-01
7.834015433395614680e-01
7.735602066995592718e-01
7.635414884110821587e-01
7.533608843727781501e-01
7.430351044595846499e-01
7.325820444771827811e-01
7.220207502517062004e-01
7.113713739182006002e-01
7.006551225351460577e-01
6.898941992124676403e-01
6.791117369959293049e-01
6.683317258010467166e-01
6.575789327342861368e-01
6.468788161783206592e-01
6.362574340516673477e-01
6.257413466816391656e-01
6.153575147539399604e-01
6.051331928231837853e-01
5.950958188871634524e-01
5.852729005447280253e-01
5.756918982735996781e-01
5.663801063811145786e-01
5.573645321983389245e-01
5.486717741066499121e-01
5.403278990057578390e-01
5.323583198531643967e-01
5.247876739267036683e-01
5.176397024834388239e-01
5.109371325088833959e-01
5.047015612691672093e-01
4.989533443942819613e-01
4.937114882315989384e-01
4.889935472143837059e-01
4.848155269888537733e-01
4.811917940345611377e-01
4.781349924957704056e-01
4.756559689155719362e-01
4.737637055294401378e-01
4.724652627309383623e-01
4.717657312694694127e-01
4.716681946790273194e-01
4.721737023684495771e-01
4.732812537287122145e-01
4.749877935322616151e-01
4.772882188144205173e-01
4.801753973385490815e-01
4.836401976560493754e-01
4.876715306803937056e-01
4.922564026021558625e-01
4.973799788802827360e-01
5.030256589543871115e-01
5.091751612342261257e-01
5.158086178364589269e-01
5.229046784556828920e-01
5.304406226772784283e-01
5.383924799642315628e-01
5.467351564794995511e-01
5.554425678403293043e-01
5.644877768419476194e-01
5.738431351361146238e-01
5.834804278060570226e-01
5.933710197442474410e-01
6.034860027143733596e-01
6.137963419645851015e-01
6.242730212566434123e-01
6.348871851856192627e-01
6.456102776879708571e-01
6.564141756724175547e-01
6.672713167581920679e-01
6.781548201686997679e-01
6.890385999048335153e-01
6.998974694103170524e-01
7.107072370402512940e-01
7.214447917520776521e-01
7.320881785537058928e-01
7.426166633645843174e-01
7.530107870700055717e-01
7.632524086746690362e-01
7.733247375862873918e-01
7.832123551816108087e-01
7.929012259235836968e-01
8.023786984074455786e-01
8.116334968137230987e-01
8.206557033356668418e-01
8.294367322265361331e-01
8.379692961772009507e-01
8.462473657861859788e-01
8.542661229221121255e-01
8.620219088024506648e-01
8.695121676228463325e-01
8.767353865684577308e-01
8.836910330236397160e-01
8.903794897698116273e-01
8.968019889247609289e-01
9.029605453312644636e-01
9.088578900502621849e-01
9.144974045554439268e-01
9.198830561635837899e-01
9.250193351698486888e-01
9.299111940911102270e-01
9.345639893544205323e-01
9.389834257035282183e-01
9.431755035347457738e-01
9.471464693155551284e-01
9.509027691858201736e-01
9.544510057929112001e-01
9.577978983688167913e-01
9.609502460195966655e-01
9.639148941653598035e-01
9.666987040421866073e-01
9.693085251558205551e-01
9.717511705601731276e-01
9.740333948212862580e-01
9.761618745189031277e-01
9.781431911326909923e-01
9.799838161579330631e-01
9.816900982956475730e-01
9.832682525641353033e-01
9.847243511824732565e-01
9.860643160810850238e-01
9.872939128999302927e-01
9.884187463408041774e-01
9.894442567465484561e-01
9.903757177865183392e-01
9.912182351343338249e-01
9.919767460307306051e-01
9.926560196311847717e-01
9.932606580448913869e-01
9.937950979786254191e-01
9.942636129059441163e-01
9.946703156890692732e-01
9.950191615875179085e-01
9.953139515940383486e-01
9.955583360445336982e-01
9.957558184542872892e-01
9.959097595378317846e-01
9.960233813741141695e-01
9.960997716821299308e-01
9.961418881749077858e-01
9.961525629616196920e-01
9.961345069687574938e-01
9.960903143518538005e-01
9.960224668693100636e-01
9.959333381897071957e-01
9.958251981037401501e-01
9.957002166118510411e-01
9.955604678589322631e-01
9.954079338883257133e-01
9.952445081888736667e-01
9.950719990110784563e-01
9.948921324315245229e-01
9.947065551485803070e-01
9.945168369969453748e-01
9.943244731737156394e-01
9.941308861741318115e-01
9.939374274408752097e-01
9.937453787364646240e-01
9.935559532538011940e-01
9.933702964850001926e-01
9.931894868731845349e-01
9.930145362757466510e-01
9.928463902706106126e-01
9.926859283391846756e-01
9.925339639609466191e-01
9.923912446549695288e-01
9.922584520032113886e-01
9.921362016891346336e-01
9.920250435832889124e-01
9.919254619050009714e-01
9.918378754863950153e-01
9.917626381617520304e-01
9.917000393018370330e-01
9.916503045093939539e-01
9.916135964886436671e-01
9.915900160983951439e-01
9.915796035953609033e-01
9.915823400714864899e-01
9.915981490865709569e-01
9.916268984951681631e-01
9.916684024646718054e-01
9.917224236795857406e-01
9.917886757252013519e-01
9.918668256422126239e-01
9.919564966421687835e-01
9.920572709720634208e-01
9.921686929147913725e-01
9.922902719106821978e-01
9.924214857838684622e-01
9.925617840559066707e-01
9.927105913278966298e-01
9.928673107113797913e-01
9.930313272875892494e-01
9.932020115742193900e-01
9.933787229787829354e-01
9.935608132178590512e-01
9.937476296820740851e-01
9.939385187274862865e-01
9.941328288751115627e-01
9.943299139015910892e-01
9.945291358053959252e-01
9.947298676344479285e-01
9.949314961625439491e-01
9.951334244034766296e-01
9.953350739532138558e-01
9.955358871519095487e-01
9.957353290588776273e-01
9.959328892349671447e-01
9.961280833280452551e-01
9.963204544585487765e-01
9.965095744033257708e-01
9.966950445772703171e-01
9.968764968135799265e-01
9.970535939448338381e-01
9.972260301885095268e-01
9.973935313420040361e-01
9.975558547936923537e-01
9.977127893579954554e-01
9.978641549438107550e-01
9.980098020669292413e-01
9.981496112181630354e-01
9.982834920997893935e-01
9.984113827435250332e-01
9.985332485235278721e-01
9.986490810778525518e-01
9.987588971513392533e-01
9.988627373721005176e-01
9.989606649726038290e-01
9.990527644649004335e-01
9.991391402778859732e-01
9.992199153627071562e-01
9.992952297706819698e-01
9.993652392064925616e-01
9.994301135580994089e-01
9.994900354039188972e-01
9.995451984974214055e-01
9.995958062295086100e-01
9.996420700698505080e-01
9.996842079897850786e-01
9.997224428713431532e-01
9.997570009093249555e-01
9.997881100159882184e-01
