9.997982269276687317e-01
9.997688644458848639e-01
9.997362984133552066e-01
9.997003249424928351e-01
9.996607424305178347e-01
9.996173528452083623e-01
9.995699629585325097e-01
9.995183855177378618e-01
9.994624403470779850e-01
9.994019553767716779e-01
9.993367675988515941e-01
9.992667239521156874e-01
9.991916821403532545e-01
9.991115113893430655e-01
9.990260931488048612e-01
9.989353217455910761e-01
9.988391049940045230e-01
9.987373647683327471e-01
9.986300375416192754e-01
9.985170748934711904e-01
9.983984439884381334e-01
9.982741280253062399e-01
9.981441266565922454e-01
9.980084563766806749e-01
9.978671508764319631e-01
9.977202613617426330e-01
9.975678568334317431e-01
9.974100243259669263e-01
9.972468691028810728e-01
9.970785148072410786e-01
9.969051035661711246e-01
9.967267960491582590e-01
9.965437714806385516e-01
9.963562276081306956e-01
9.961643806279110169e-01
9.959684650708671150e-01
9.957687336516862775e-01
9.955654570848975204e-01
9.953589238714466436e-01
9.951494400594286249e-01
9.949373289822927013e-01
9.947229309772632755e-01
9.945066030858726869e-01
9.942887187373826707e-01
9.940696674144963163e-01
9.938498542991420770e-01
9.936296998943038306e-01
9.934096396158997866e-01
9.931901233466543522e-01
9.929716149418155169e-01
9.927545916745260657e-01
9.925395436067314670e-01
9.923269728697847736e-01
9.921173928374548145e-01
9.919113271729387282e-01
9.917093087307677912e-01
9.915118782942331510e-01
9.913195831291611304e-01
9.911329753355624383e-01
9.909526099798361409e-01
9.907790429918278408e-01
9.906128288130612303e-01
9.904545177848488313e-01
9.903046532676776925e-01
9.901637684862086841e-01
9.900323830973676298e-01
9.899109994823011016e-01
9.898000987663861938e-01
9.897001365749944490e-01
9.896115385363013495e-01
9.895346955460905258e-01
9.894699588132137569e-01
9.894176347081037326e-01
9.893779794404699013e-01
9.893511935959619086e-01
9.893374165650946628e-01
9.893367209009662488e-01
9.893491066451460814e-01
9.893744956634084042e-01
9.894127260345876307e-01
9.894635465365729798e-01
9.895266112732266084e-01
9.896014744846747258e-01
9.896875855809530442e-01
9.897842844353497149e-01
9.898907969690542430e-01
9.900062310529809118e-01
9.901295727460587281e-01
9.902596828820734443e-01
9.903952940095523960e-01
9.905350076814672944e-01
9.906772920839613805e-01
9.908204799861453083e-01
9.909627669864928823e-01
9.911022100257063094e-01
9.912367261312685640e-01
9.913640913553863898e-01
9.914819398657077620e-01
9.915877631471111675e-01
9.916789092729926258e-01
9.917525822057746687e-01
9.918058410887775622e-01
9.918355994950313059e-01
9.918386246030048703e-01
9.918115362745013597e-01
9.917508060160560301e-01
9.916527558120382668e-01
9.915135568252725351e-01
9.913292279693664000e-01
9.910956343660828338e-01
9.908084857110628363e-01
9.904633345820320622e-01
9.900555747353619873e-01
9.895804394495069101e-01
9.890329999874035716e-01
9.884081642643214316e-01
9.877006758227628858e-01
9.869051132316162267e-01
9.860158900425658457e-01
9.850272554523812341e-01
9.839332958346687086e-01
9.827279373184530931e-01
9.814049496029796371e-01
9.799579512077987165e-01
9.783804163639276963e-01
9.766656837551397352e-01
9.748069673177479633e-01
9.727973693022574642e-01
9.706298957907214531e-01
9.682974748494441730e-01
9.657929774778498677e-01
9.631092414910471522e-01
9.602390984461413037e-01
9.571754036910447017e-01
9.539110695798763695e-01
9.504391018615000464e-01
9.467526392078696729e-01
9.428449958071490888e-01
9.387097069035789110e-01
9.343405771222824674e-01
9.297317313731285893e-01
9.248776680838681763e-01
9.197733144695156016e-01
9.144140835028048420e-01
9.087959322100125359e-01
9.029154208779861523e-01
8.967697727223833404e-01
8.903569335344561075e-01
8.836756307947836175e-01
8.767254317177616274e-01
8.695067996709888725e-01
8.620211483995512403e-01
8.542708934771425788e-01
8.462595004045072589e-01
8.379915287812449431e-01
8.294726719899587764e-01
8.207097918522032742e-01
8.117109477437894904e-01
8.024854196925637062e-01
7.930437250244843916e-01
7.833976281731362956e-01
7.735601433230090418e-01
7.635455296169939565e-01
7.533692787225172438e-01
7.430480946172882684e-01
7.325998655234833290e-01
7.220436279869295593e-01
7.113995231641891959e-01
7.006887454441221852e-01
6.899334835904475938e-01
6.791568546471689061e-01
6.683828308988297717e-01
6.576361602221405533e-01
6.469422802044541010e-01
6.363272264381918397e-01
6.258175354290329562e-01
6.154401425802946690e-01
6.052222757372275330e-01
5.951913447939134461e-01
5.853748278830568363e-01
5.758001546860458397e-01
5.664945874180336016e-01
5.574851000610149265e-01
5.487982564372193561e-01
5.404600877357605970e-01
5.324959701270499668e-01
5.249305031216091599e-01
5.177873893517341841e-01
5.110893164751628692e-01
5.048578419182384591e-01
4.991132811909420042e-01
4.938746005163212605e-01
4.891593145211078353e-01
4.849833897316363496e-01
4.813611546086461468e-01
4.783052168355452771e-01
4.758263885467272081e-01
4.739336201455325304e-01
4.726339433154779224e-01
4.719324237738539152e-01
4.718321242543659366e-01
4.723340781359591789e-01
4.734372740592893702e-01
4.751386517915864305e-01
4.774331095159607408e-01
4.803135226336741059e-01
4.837707740785540667e-01
4.877937960525945416e-01
4.923696230016514352e-01
4.974834555608599329e-01
5.031187351115375961e-01
5.092572285054992598e-01
5.158791224293693967e-01
5.229631268010830336e-01
5.304865865137766701e-01
5.384256007691632373e-01
5.467551491737856484e-01
5.554492237079373673e-01
5.644809656191598357e-01
5.738228062410385411e-01
5.834466106942896024e-01
5.933238233919889693e-01
6.034256142451507321e-01
6.137230244498117493e-01
6.241871107331444790e-01
6.347890869448604700e-01
6.455004619017763456e-01
6.562931724283844748e-01
6.671397105847103326e-01
6.780132441344677297e-01
6.888877293810142799e-01
6.997380155850818628e-01
7.105399402755039340e-01
7.212704148707125285e-01
7.319075001429837801e-01
7.424304711772387044e-01
7.528198715996490265e-01
7.630575569761036681e-01
7.731267274045947602e-01
7.830119494465377361e-01
7.926991676578901691e-01
8.021757060897092284e-01
8.114302602277120302e-01
8.204528799299563024e-01
8.292349439996795635e-01
8.377691270955991421e-01
8.460493597339604488e-01
8.540707821748687589e-01
8.618296930099551556e-01
8.693234932793711955e-01
8.765506269440097586e-01
8.835105185244734871e-01
8.902035086926365359e-01
8.966307885658644228e-01
9.027943334094292727e-01
9.086968364008243260e-01
9.143416430521096316e-01
9.197326868246575859e-01
9.248744264062620513e-01
9.297717850550450969e-01
9.344300923492984134e-01
9.388550286186380101e-01
9.430525722707110425e-01
9.470289501701331103e-01
9.507905911730801796e-01
9.543440828725910929e-01
9.576961315665012409e-01
9.608535254222417832e-01
9.638231007804966000e-01
9.666117115128225468e-01
9.692262013265350307e-01
9.716733788931154470e-01
9.739599956636760814e-01
9.760927262261605009e-01
9.780781510534564127e-01
9.799227414889524201e-01
9.816328468157969889e-01
9.832146832577409734e-01
9.846743247625773243e-01
9.860176954234383118e-01
9.872505633983092999e-01
9.883785361937930114e-01
9.894070571852583429e-01
9.903414032518877974e-01
9.911866834117190050e-01
9.919478383485115236e-01
9.926296407291211876e-01
9.932366962170072755e-01
9.937734450945091558e-01
9.942441644135536771e-01
9.946529706014327621e-01
9.950038224551404076e-01
9.953005244643531313e-01
9.955467304093772452e-01
9.957459471861181965e-01
9.959015388152433479e-01
9.960167305971000529e-01
9.960946133775374634e-01
9.961381478925392940e-01
9.961501691615165521e-01
9.961333909003032838e-01
9.960904099254644928e-01
9.960237105216224185e-01
9.959356687433378319e-01
9.958285566228484154e-01
9.957045462549012349e-01
9.955657137302068582e-01
9.954140428898849979e-01
9.952514288747809079e-01
9.950796814458104933e-01
9.949005280545519803e-01
9.947156166471303740e-01
9.945265181889398898e-01
9.943347289028042768e-01
9.941416722186114940e-01
9.939487004380911372e-01
9.937570961240361767e-01
9.935680732286927830e-01
9.933827779810798786e-01
9.932022895574796895e-01
9.930276205631289876e-01
9.928597173561387601e-01
9.926994602468117712e-01
9.925476636067901426e-01
9.924050759228568719e-01
9.922723798297830022e-01
9.921501921554300996e-01
9.920390640094813861e-01
9.919394809447966699e-01
9.918518632175986616e-01
9.917765661696159585e-01
9.917138807520656796e-01
9.916640342080623727e-01
9.916271909267917462e-01
9.916034534796576150e-01
9.915928638456591449e-01
9.915954048305141155e-01
9.916110016815088413e-01
9.916395238977352422e-01
9.916807872332230600e-01
9.917345558884730350e-01
9.918005448839968263e-01
9.918784226076418076e-01
9.919678135256984053e-01
9.920683010460444873e-01
9.921794305198782249e-01
9.923007123669491669e-01
9.924316253076508332e-01
9.925716196839362571e-01
9.927201208498040996e-01
9.928765326111347322e-01
9.930402406939711213e-01
9.932106162199787480e-01
9.933870191677889316e-01
9.935688017992417853e-01
9.937553120301743093e-01
9.939458967263121725e-01
9.941399049059764792e-01
9.943366908326520814e-01
9.945356169819208336e-01
9.947360568687915183e-01
9.949373977229989396e-01
9.951390430013649091e-01
9.953404147277837843e-01
9.955409556527966553e-01
9.957401312260570903e-01
9.959374313762704434e-01
9.961323720944285087e-01
9.963244968173839977e-01
9.965133776100365548e-01
9.966986161456592441e-01
9.968798444851929563e-01
9.970567256576886583e-01
9.972289540454766232e-01
9.973962555790905071e-01
9.975583877484264228e-01
9.977151394380657790e-01
9.978663305960748797e-01
9.980118117468704808e-01
9.981514633598567166e-01
9.982851950864306545e-01
9.984129448785736827e-01
9.985346780025429192e-01
9.986503859611152167e-01
9.987600853373961307e-01
9.988638165723935369e-01
9.989616426873919597e-01
9.990536479607077247e-01
9.991399365667321675e-01
9.992206311833912169e-01
9.992958715723812002e-01
9.993658131349263396e-01
9.994306254444670357e-01
9.994904907567768726e-01
9.995456024976006049e-01
9.995961637281046697e-01
9.996423855892425658e-01
9.996844857275661855e-01
9.997226867069683998e-01
9.997572144132244043e-01
9.997882964608332257e-01
