9.997982652152574978e-01
9.997689063913256513e-01
9.997363440709390314e-01
9.997003743190560066e-01
9.996607954796924433e-01
9.996174094621346207e-01
9.995700229751688370e-01
9.995184486988950567e-01
9.994625063872843995e-01
9.994020238980588777e-01
9.993368381495252306e-01
9.992667960065506616e-01
9.991917550998289377e-01
9.991115845839064757e-01
9.990261658401274891e-01
9.989353931307606294e-01
9.988391742101756510e-01
9.987374308981425974e-01
9.986300996192640778e-01
9.985171319113282928e-01
9.983984949041160295e-01
9.982741717690011285e-01
9.981441621386337726e-01
9.980084824951500622e-01
9.978671665247449418e-01
9.977202654360919354e-01
9.975678482399954472e-01
9.974100019877921719e-01
9.972468319663606584e-01
9.970784618481070005e-01
9.969050337949340035e-01
9.967267085159272622e-01
9.965436652792639682e-01
9.963561018796150970e-01
9.961642345630487005e-01
9.959682979120781932e-01
9.957685446940316432e-01
9.955652456762738023e-01
9.953586894119861306e-01
9.951491820001536759e-01
9.949370468231003573e-01
9.947226242643469885e-01
9.945062714087161693e-01
9.942883617254906214e-01
9.940692847340483196e-01
9.938494456497760643e-01
9.936292650062452658e-01
9.934091782476546229e-01
9.931896352834752584e-01
9.929710999951305572e-01
9.927540496824894811e-01
9.925389744360182398e-01
9.923263764187002511e-01
9.921167690403810413e-01
9.919106760060832917e-01
9.917086302191253644e-01
9.915111725196211756e-01
9.913188502391473422e-01
9.911322155530678524e-01
9.909518236131750202e-01
9.907782304449374022e-01
9.906119905956763949e-01
9.904536545223938671e-01
9.903037657106694702e-01
9.901628575190030146e-01
9.900314497461122354e-01
9.899100449219988551e-01
9.897991243270061190e-01
9.896991437465921804e-01
9.896105289731301768e-01
9.895336710696885918e-01
9.894689214144442024e-01
9.894165865481053812e-01
9.893769228504437629e-01
9.893501310756790401e-01
9.893363507799642909e-01
9.893356546774590976e-01
9.893480429643245477e-01
9.893734376522851370e-01
9.894116769550133084e-01
9.894625097713584116e-01
9.895255903092217142e-01
9.896004728925776872e-01
9.896866069916867570e-01
9.897833325129411497e-01
9.898898753800604577e-01
9.900053434326406832e-01
9.901287226614853276e-01
9.902588737929555185e-01
9.903945292269739076e-01
9.905342903255950349e-01
9.906766250414735797e-01
9.908198658683741167e-01
9.909622080893304430e-01
9.911017082923662125e-01
9.912362831190040247e-01
9.913637082072389584e-01
9.914816172882946477e-01
9.915875013953612260e-01
9.916787081426021722e-01
9.917524410339945140e-01
9.918057587639482753e-01
9.918355744750735337e-01
9.918386549428471755e-01
9.918116196621937775e-01
9.917509398170861745e-01
9.916529371211383337e-01
9.915137825247986036e-01
9.913294947931368117e-01
9.910959389674071085e-01
9.908088247335621324e-01
9.904637047317712550e-01
9.900559728527663639e-01
9.895808625795432523e-01
9.890334454465541381e-01
9.884086297029712753e-01
9.877011592817562802e-01
9.869056131919037300e-01
9.860164054670587097e-01
9.850277858193394742e-01
9.839338411621665337e-01
9.827284981796786667e-01
9.814055271323270935e-01
9.799585470978842139e-01
9.783810328538090628e-01
9.766663236101305046e-01
9.748076338012869879e-01
9.727980661403322626e-01
9.706306271293451138e-01
9.682982452056591027e-01
9.657937916846832671e-01
9.631101046367898100e-01
9.602400158082592396e-01
9.571763806649902229e-01
9.539121116030311320e-01
9.504402143324807151e-01
9.467538274014538624e-01
9.428462647851338918e-01
9.387110614219782434e-01
9.343420215353822611e-01
9.297332695350590814e-01
9.248793032485010945e-01
9.197750491896480307e-01
9.144159195297356657e-01
9.087978703947445780e-01
9.029174610753877284e-01
8.967719136997071017e-01
8.903591728856372622e-01
8.836779648619229599e-01
8.767278555211361901e-01
8.695093068488284338e-01
8.620237311586824713e-01
8.542735425554319750e-01
8.462622050458422640e-01
8.379942767235902812e-01
8.294754494668133971e-01
8.207125836075777059e-01
8.117137370606268831e-01
8.024881884343473271e-01
7.930464536896112415e-01
7.834002959614992934e-01
7.735627282141083194e-01
7.635480084588122107e-01
7.533716273303112665e-01
7.430502878814054801e-01
7.326018775252804982e-01
7.220454321218590099e-01
7.114010922711321294e-01
7.006900519400827143e-01
6.899344996097880323e-01
6.791575521846460184e-01
6.683831819558281317e-01
6.576361369556399383e-01
6.469418550784697963e-01
6.363263723776300118e-01
6.258162259761596014e-01
6.154383520542725527e-01
6.052199793974328834e-01
5.951885190080064003e-01
5.853714503009833647e-01
5.757962044213219555e-01
5.664900452377494844e-01
5.574799485859678327e-01
5.487924803534671714e-01
5.404536740185976740e-01
5.324889082780019933e-01
5.249227854184386199e-01
5.177790111107578586e-01
5.110802763242885405e-01
5.048481420781737450e-01
4.991029277609685399e-01
4.938636037599409834e-01
4.891476891457858800e-01
4.849711551558636424e-01
4.813483352086543876e-01
4.782918421632944561e-01
4.758124935103220654e-01
4.739192451430251918e-01
4.726191343131199707e-01
4.719172323203323360e-01
4.718166074233429708e-01
4.723182983903767562e-01
4.734212990323564130e-01
4.751225539810970400e-01
4.774169658905489388e-01
4.802974141517315498e-01
4.837547851227530504e-01
4.877780137851867037e-01
4.923541366478654258e-01
4.974683556297514464e-01
5.031041125654456270e-01
5.092431738907896577e-01
5.158657249823555002e-01
5.229504735438499363e-01
5.304747613550848673e-01
5.384146836256565871e-01
5.467452151264069471e-01
5.554403422077318631e-01
5.644731997556253766e-01
5.738162120848251391e-01
5.834412367244877773e-01
5.933197100164582238e-01
6.034227934204536847e-01
6.137215194053189382e-01
6.241869358018965475e-01
6.347902475017888069e-01
6.455029544080026493e-01
6.562969845785389111e-01
6.671448215525866976e-01
6.780196249108720874e-01
6.888953431964137675e-01
6.997468184085969822e-01
7.105498813809263403e-01
7.212814374596098199e-01
7.319195420144910535e-01
7.424434654339067130e-01
7.528337473786559375e-01
7.630722401952557687e-01
7.731421415128147956e-01
7.830280161689611163e-01
7.927158077262426161e-01
8.021928399493072348e-01
8.114478087131868911e-01
8.204707649026631300e-01
8.292530889406547479e-01
8.377874576489050540e-01
8.460678041962466089e-01
8.540892719279944423e-01
8.618481628945244832e-01
8.693418819080245274e-01
8.765688769542727687e-01
8.835285767718672467e-01
8.902213263855958125e-01
8.966483213447835610e-01
9.028115413728283745e-01
9.087136840822288564e-01
9.143580993517240740e-01
9.197487249003044596e-01
9.248900235283554760e-01
9.297869224305491676e-01
9.344447549197218983e-01
9.388692048371105603e-01
9.430662538631033875e-01
9.470421318850116288e-01
9.508032705250498706e-01
9.543562598832744381e-01
9.577078085070442892e-01
9.608647065608321158e-01
9.638337921379451778e-01
9.666219206287972598e-01
9.692359370385631445e-01
9.716826511299950786e-01
9.739688152544752064e-01
9.761011047255332418e-01
9.780861005835925770e-01
9.799302745980985607e-01
9.816399763529513045e-01
9.832214222628464784e-01
9.846806863713034597e-01
9.860236927854733047e-01
9.872562096079628979e-01
9.883838442316460471e-01
9.894120398695775975e-01
9.903460731985483934e-01
9.911910530014392817e-01
9.919519197002926170e-01
9.926334456788935556e-01
9.932402363006107571e-01
9.937767315342574959e-01
9.942472081077657897e-01
9.946557821164340174e-01
9.950064120193478079e-01
9.953029019641611574e-01
9.955489053866433125e-01
9.957479288371194892e-01
9.959033359910314243e-01
9.960183518052202478e-01
9.960960667851093131e-01
9.961394413307118612e-01
9.961513101313186347e-01
9.961343865799079378e-01
9.960912671788783035e-01
9.960244359087985222e-01
9.959362685316885955e-01
9.958290368001164738e-01
9.957049125433160564e-01
9.955659716018314676e-01
9.954141975830230749e-01
9.952514854112862741e-01
9.950796446491070313e-01
9.949004025681456032e-01
9.947154069533603593e-01
9.945262286276957964e-01
9.943343636899101279e-01
9.941412354635620341e-01
9.939481961608175320e-01
9.937565282703755276e-01
9.935674456842433777e-01
9.933820945831443039e-01
9.932015541048259122e-01
9.930268368233403642e-01
9.928588890703785586e-01
9.926985911318882971e-01
9.925467573544832778e-01
9.924041361965443286e-01
9.922714102584908602e-01
9.921491963255166802e-01
9.920380454542462312e-01
9.919384431323835516e-01
9.918508095376279421e-01
9.917754999190303566e-01
9.917128051207105832e-01
9.916629522645317163e-01
9.916261056050625911e-01
9.916023675670034843e-01
9.915917799722807624e-01
9.915943254612481494e-01
9.916099291098915414e-01
9.916384602425908357e-01
9.916797344378424084e-01
9.917335157223383657e-01
9.917995189469047679e-01
9.918774123359830330e-01
9.919668202005765822e-01
9.920673258028563923e-01
9.921784743589410205e-01
9.922997761647458503e-01
9.924307098282730832e-01
9.925707255903317705e-01
9.927192487144821387e-01
9.928756829260417804e-01
9.930394138793195991e-01
9.932098126318832376e-01
9.933862391046374141e-01
9.935680455068008898e-01
9.937545797054848640e-01
9.939451885204850790e-01
9.941392209260350166e-01
9.943360311425920584e-01
9.945349816031743284e-01
9.947354457802775052e-01
9.949368108609367711e-01
9.951384802590087508e-01
9.953398759552108954e-01
9.955404406568567621e-01
9.957396397705619018e-01
9.959369631824731561e-01
9.961319268418187267e-01
9.963240741447992876e-01
9.965129771170762041e-01
9.966982373943704676e-01
9.968794870019901389e-01
9.970563889354622233e-01
9.972286375458493390e-01
9.973959587347779321e-01
9.975581099656665174e-01
9.977148800990897071e-01
9.978660890615980161e-01
9.980115873585932995e-01
9.981512554429706752e-01
9.982850029521348478e-01
9.984127678266108141e-01
9.985345153237672466e-01
9.986502369401059065e-01
9.987599492551290092e-01
9.988636927089782347e-01
9.989615303248784439e-01
9.990535463859553378e-01
9.991398450743284032e-01
9.992205490785970312e-01
9.992957981740712148e-01
9.993657477784839704e-01
9.994305674845894716e-01
9.994904395701396105e-01
9.995455574853305825e-01
9.995961243180107036e-01
9.996423512377579090e-01
9.996844559213617920e-01
9.997226609642057005e-01
9.997571922844251668e-01
9.997882775293566171e-01
