9.997976924602905990e-01
9.997682545473317584e-01
9.997356059873984124e-01
9.996995427685957392e-01
9.996598632400842677e-01
9.996163694046171777e-01
9.995688681576136991e-01
9.995171724621421117e-01
9.994611024528329279e-01
9.994004864652100695e-01
9.993351619900467941e-01
9.992649765549667107e-01
9.991897885375311539e-01
9.991094679154309821e-01
9.990238969601391572e-01
9.989329708805262387e-01
9.988365984225748839e-01
9.987347024305560650e-01
9.986272203739738895e-01
9.985141048433621158e-01
9.983953240167483534e-01
9.982708620973844704e-01
9.981407197222668115e-01
9.980049143400882006e-01
9.978634805566217736e-01
9.977164704451503274e-01
9.975639538194159828e-01
9.974060184666736495e-01
9.972427703387399811e-01
9.970743336994221107e-01
9.969008512273316303e-01
9.967224840738047043e-01
9.965394118764090425e-01
9.963518327292851806e-01
9.961599631122862730e-01
9.959640377815190959e-01
9.957643096243943281e-01
9.955610494826385715e-01
9.953545459468573497e-01
9.951451051261521741e-01
9.949330503959407102e-01
9.947187221265182400e-01
9.945024773939987739e-01
9.942846896741110996e-01
9.940657485178995278e-01
9.938460592067350774e-01
9.936260423822034227e-01
9.934061336444700574e-01
9.931867831106768740e-01
9.929684549228765533e-01
9.927516266930287436e-01
9.925367888707433695e-01
9.923244440178388137e-01
9.921151059724454546e-01
9.919092988844053771e-01
9.917075561031313269e-01
9.915104188989406486e-01
9.913184349991832622e-01
9.911321569212486748e-01
9.909521400857412843e-01
9.907789406947411504e-01
9.906131133620615925e-01
9.904552084847474402e-01
9.903057693476552403e-01
9.901653289557933446e-01
9.900344065921111714e-01
9.899135041015935110e-01
9.898031019058105562e-01
9.897036547554733943e-01
9.896155872320636648e-01
9.895392890132079788e-01
9.894751099201772870e-01
9.894233547696542619e-01
9.893842780557141614e-01
9.893580784917203053e-01
9.893448934454682764e-01
9.893447933042873732e-01
9.893577758097951147e-01
9.893837604044188883e-01
9.894225826335006913e-01
9.894739886476026092e-01
9.895376298494029665e-01
9.896130577282022944e-01
9.896997189224758795e-01
9.897969505471216900e-01
9.899039758170968817e-01
9.900198999931427712e-01
9.901437066684312116e-01
9.902742544074575326e-01
9.904102737406041967e-01
9.905503645097978316e-01
9.906929935528645537e-01
9.908364927068237238e-01
9.909790571037129236e-01
9.911187437268085265e-01
9.912534701904786028e-01
9.913810137034828607e-01
9.914990101734051375e-01
9.916049534090709550e-01
9.916961943782595101e-01
9.917699404797037932e-01
9.918232547912106956e-01
9.918530552596316330e-01
9.918561138032747637e-01
9.918290553030856271e-01
9.917683564654559136e-01
9.916703445467840439e-01
9.915311959378870776e-01
9.913469346150211026e-01
9.911134304736380907e-01
9.908263975711024685e-01
9.904813923154642819e-01
9.900738116490618301e-01
9.895988912882304200e-01
9.890517040937144566e-01
9.884271586604503890e-01
9.877199982300924885e-01
9.869248000447944369e-01
9.860359752760498031e-01
9.850477696774864178e-01
9.839542651249483241e-01
9.827493822204897977e-01
9.814268841484854455e-01
9.799803819813722727e-01
9.784033416389960047e-01
9.766890927086294694e-01
9.748308393319924381e-01
9.728216733606726008e-01
9.706545899719702941e-01
9.683225059232443144e-01
9.658182806043347224e-01
9.631347400246914603e-01
9.602647038447281735e-01
9.572010155299526257e-01
9.539365756720511458e-01
9.504643784837758513e-01
9.467775514347189780e-01
9.428693979533686598e-01
9.387334430777554140e-01
9.343634818930220964e-01
9.297536305499009002e-01
9.248983796138410263e-01
9.197926494509085504e-01
9.144318473140607972e-01
9.088119257525070216e-01
9.029294419281135298e-01
8.967816173867630969e-01
8.903663977997857693e-01
8.836825121616396217e-01
8.767295309055285202e-01
8.695079223791933876e-01
8.620191071092787594e-01
8.542655092750119916e-01
8.462506048109087464e-01
8.379789655642601032e-01
8.294562989465540381e-01
8.206894825389198234e-01
8.116865931401791023e-01
8.024569297819835745e-01
7.930110302784995069e-01
7.833606809275801552e-01
7.735189190356699385e-01
7.635000279988304328e-01
7.533195247361984537e-01
7.429941393386566562e-01
7.325417868631998175e-01
7.219815312710442523e-01
7.113335415736794509e-01
7.006190403145217127e-01
6.898602445735355637e-01
6.790802997372945571e-01
6.683032063267773104e-01
6.575537402194643333e-01
6.468573666409054290e-01
6.362401483341760811e-01
6.257286483439340463e-01
6.153498278759634843e-01
6.051309397139377211e-01
5.950994176936332813e-01
5.852827627520289511e-01
5.757084260854850033e-01
5.664036899683527748e-01
5.573955468015413528e-01
5.487105769801075006e-01
5.403748261899606886e-01
5.324136827660534976e-01
5.248517557675567158e-01
5.177127544486583854e-01
5.110193698258849171e-01
5.047931590630290177e-01
4.990544334116434610e-01
4.938221504572918308e-01
4.891138114281250449e-01
4.849453643216120602e-01
4.813311135964629672e-01
4.782836371591271396e-01
4.758137113471549995e-01
4.739302445750228632e-01
4.726402202616915016e-01
4.719486496036189305e-01
4.718585346927512969e-01
4.723708424069897882e-01
4.734844894219004674e-01
4.751963386080069185e-01
4.775012069892822231e-01
4.803918853465614092e-01
4.838591694558428413e-01
4.878919028569446148e-01
4.924770309538255564e-01
4.975996661549478839e-01
5.032431636712330070e-01
5.093892075010538756e-01
5.160179060469693990e-01
5.231078967280093917e-01
5.306364588747314315e-01
5.385796341225101980e-01
5.469123534519741980e-01
5.556085699648078968e-01
5.646413964288279352e-01
5.739832465790439819e-01
5.836059791220723492e-01
5.934810433606120261e-01
6.035796253335943273e-01
6.138727933568919326e-01
6.243316418499649245e-01
6.349274323462001934e-01
6.456317306095253894e-01
6.564165388174898474e-01
6.672544218214818690e-01
6.781186265579270955e-01
6.889831937596715417e-01
6.998230612034940235e-01
7.106141578267155534e-01
7.213334881517441399e-01
7.319592065704845218e-01
7.424706811589769639e-01
7.528485468143729653e-01
7.630747476292892850e-01
7.731325685405714410e-01
7.830066564083495440e-01
7.926830307949928045e-01
8.021490848202020851e-01
8.113935765663192745e-01
8.204066115954453675e-01
8.291796172159395795e-01
8.377053091992949785e-01
8.459776516986527994e-01
8.539918111568869374e-01
8.617441050152793158e-01
8.692319460434818623e-01
8.764537831082840347e-01
8.834090391834208411e-01
8.900980473762796219e-01
8.965219857110785506e-01
9.026828113632576756e-01
9.085831949878966363e-01
9.142264557274951686e-01
9.196164974229734668e-01
9.247577464878133924e-01
9.296550918403343466e-01
9.343138272245676834e-01
9.387395961872948558e-01
9.429383399186412884e-01
9.469162481070827475e-01
9.506797129075451602e-01
9.542352860739975462e-01
9.575896392659121181e-01
9.607495275013399061e-01
9.637217556981610977e-01
9.665131482191540169e-01
9.691305213156454768e-01
9.715806583482797798e-01
9.738702876514601092e-01
9.760060628997766496e-01
9.779945458297406580e-01
9.798421911678797391e-01
9.815553336162232689e-01
9.831401767479521769e-01
9.846027836691068069e-01
9.859490693063603928e-01
9.871847941857122555e-01
9.883155595722818987e-01
9.893468038470452086e-01
9.902838000022340381e-01
9.911316541431520744e-01
9.918953048903274006e-01
9.925795235821999185e-01
9.931889151849385700e-01
9.937279198224794330e-01
9.942008148464457351e-01
9.946117173722003324e-01
9.949645872138087599e-01
9.952632301570536466e-01
9.955113015157083245e-01
9.957123099219227225e-01
9.958696213066603464e-01
9.959864630305423905e-01
9.960659281291096567e-01
9.961109796393826654e-01
9.961244549766604672e-01
9.961090703318391526e-01
9.960674250602381541e-01
9.960020060331682412e-01
9.959151919234363604e-01
9.958092573958862159e-01
9.956863771741160107e-01
9.955486299549233253e-01
9.953980021429545966e-01
9.952363913796390404e-01
9.950656098428342089e-01
9.948873872967380905e-01
9.947033738755041155e-01
9.945151425885391250e-01
9.943241915405519604e-01
9.941319458648775198e-01
9.939397593742413939e-01
9.937489159387530302e-01
9.935606306063134996e-01
9.933760504856182783e-01
9.931962554163485946e-01
9.930222584548547005e-01
9.928550062065247817e-01
9.926953790380582676e-01
9.925441912039829617e-01
9.924021909220045456e-01
9.922700604311853745e-01
9.921484160656115492e-01
9.920378083742245057e-01
9.919387223149767063e-01
9.918515775485732267e-01
9.917767288538981152e-01
9.917144666839361467e-01
9.916650178777097757e-01
9.916285465405461075e-01
9.916051551019621213e-01
9.915948855576470766e-01
9.915977208994686265e-01
9.916135867351221211e-01
9.916423530969644684e-01
9.916838364376903137e-01
9.917378018087621427e-01
9.918039652158467945e-01
9.918819961439020449e-01
9.919715202429399969e-01
9.920721221638723053e-01
9.921833485321894797e-01
9.923047110455842645e-01
9.924356896800083927e-01
9.925757359871280050e-01
9.927242764647533635e-01
9.928807159806393168e-01
9.930444412291409284e-01
9.932148241996003879e-01
9.933912256350849734e-01
9.935729984601932019e-01
9.937594911570960532e-01
9.939500510697536484e-01
9.941440276173098001e-01
9.943407753989544906e-01
9.945396571740058311e-01
9.947400467025333537e-01
9.949413314334630831e-01
9.951429150287325331e-01
9.953442197136512792e-01
9.955446884451595313e-01
9.957437868911360734e-01
9.959410052153112591e-01
9.961358596636781249e-01
9.963278939496037490e-01
9.965166804361320629e-01
9.967018211152610663e-01
9.968829483852995610e-01
9.970597256287503374e-01
9.972318475945578520e-01
9.973990405899635370e-01
9.975610624886345201e-01
9.977177025631289720e-01
9.978687811510993377e-01
9.980141491658671704e-01
9.981536874630769773e-01
9.982873060759948070e-01
9.984149433326091616e-01
9.985365648679715989e-01
9.986521625451432183e-01
9.987617532976721391e-01
9.988653779057267146e-01
9.989630997168551518e-01
9.990550033209133485e-01
9.991411931870539664e-01
9.992217922689178300e-01
9.992969405824310147e-01
9.993667937590187123e-01
9.994315215757388904e-01
9.994913064629377120e-01
9.995463419896387647e-01
9.995968313270728878e-01
9.996429856915680645e-01
9.996850227694273894e-01
9.997231651283597920e-01
9.997576386223848699e-01
9.997886707997375444e-01
