9.997978158397692328e-01
9.997683989715314690e-01
9.997357741431550648e-01
9.996997375263200203e-01
9.996600876418298975e-01
9.996166266482796603e-01
9.995691615773047989e-01
9.995175055048927115e-01
9.994614786518849492e-01
9.994009094102607182e-01
9.993356352949039900e-01
9.992655038231555986e-01
9.991903733264561049e-01
9.991101136997447840e-01
9.990246070949949653e-01
9.989337485653911886e-01
9.988374466662643947e-01
9.987356240181105571e-01
9.986282178359395800e-01
9.985151804279652765e-01
9.983964796653661544e-01
9.982720994236223833e-01
9.981420399948530697e-01
9.980063184696997824e-01
9.978649690866597810e-01
9.977180435463942620e-01
9.975656112884099258e-01
9.974077597276260754e-01
9.972445944486650893e-01
9.970762393562041526e-01
9.969028367803604018e-01
9.967245475368068375e-01
9.965415509420828544e-01
9.963540447853349580e-01
9.961622452584454335e-01
9.959663868471444470e-01
9.957667221862086526e-01
9.955635218821921040e-01
9.953570743072736038e-01
9.951476853677165835e-01
9.949356782500932139e-01
9.947213931478138260e-01
9.945051869696183156e-01
9.942874330305336850e-01
9.940685207243987742e-01
9.938488551754264266e-01
9.936288568644656705e-01
9.934089612236752798e-01
9.931896181912979182e-01
9.929712917161949148e-01
9.927544591998264112e-01
9.925396108615324176e-01
9.923272490113403954e-01
9.921178872131800608e-01
9.919120493203756883e-01
9.917102683646675798e-01
9.915130852798219596e-01
9.913210474411466855e-01
9.911347070029439266e-01
9.909546190170849256e-01
9.907813393174750294e-01
9.906154221571327190e-01
9.904574175869078623e-01
9.903078685674521209e-01
9.901673078088829572e-01
9.900362543356121536e-01
9.899152097770007597e-01
9.898046543878343817e-01
9.897050428060610860e-01
9.896167995588016630e-01
9.895403143312980765e-01
9.894759370172205859e-01
9.894239725725599843e-01
9.893846756991564462e-01
9.893582453876893501e-01
9.893448193535758772e-01
9.893444684025873848e-01
9.893571907659330922e-01
9.893829064469421564e-01
9.894214516231073508e-01
9.894725731480001896e-01
9.895359231972775671e-01
9.896110541015705753e-01
9.896974134064300266e-01
9.897943391956826042e-01
9.899010557095984097e-01
9.900166692832952364e-01
9.901401646239830212e-01
9.902704014382121001e-01
9.904061114124766974e-01
9.905458955426315049e-01
9.906882217998785878e-01
9.908314231138423134e-01
9.909736956467255498e-01
9.911130973269279831e-01
9.912475466059813556e-01
9.913748213993164304e-01
9.914925581693020407e-01
9.915982511081946615e-01
9.916892513790884767e-01
9.917627663746091393e-01
9.918158589558662142e-01
9.918454466379891254e-01
9.918483006933096480e-01
9.918210451488584933e-01
9.917601556612146707e-01
9.916619582588538373e-01
9.915226279499397277e-01
9.913381872019978447e-01
9.911045043091131213e-01
9.908172916722389756e-01
9.904721040289411471e-01
9.900643366804605661e-01
9.895892237763953547e-01
9.890418367305588987e-01
9.884170828556155808e-01
9.877097043188035608e-01
9.869142775362382825e-01
9.860252131386568752e-01
9.850367566566644584e-01
9.839429900881234703e-01
9.827378345237809398e-01
9.814150540189937599e-01
9.799682609089089835e-01
9.783909227711103940e-01
9.766763712430128752e-01
9.748178129007115666e-01
9.728083424011897407e-01
9.706409580805089865e-01
9.683085801867127307e-01
9.658040719076737002e-01
9.631202633311439776e-01
9.602499784470719391e-01
9.571860652711815520e-01
9.539214291343045549e-01
9.504490691444887895e-01
9.467621177890003237e-01
9.428538836015277758e-01
9.387178967767074722e-01
9.343479575700553985e-01
9.297381872770119626e-01
9.248830815405968409e-01
9.197775656936039157e-01
9.144170517988640112e-01
9.087974970103421812e-01
9.029154628392447313e-01
8.967681748734341873e-01
8.903535824658199704e-01
8.836704178786123354e-01
8.767182543459537403e-01
8.694975624980819662e-01
8.620097645763915573e-01
8.542572858610932851e-01
8.462436027321013077e-01
8.379732867897298210e-01
8.294520444750539401e-01
8.206867516505678140e-01
8.116854826300993198e-01
8.024575331826599989e-01
7.930134370777075503e-01
7.833649757886240739e-01
7.735251810263706895e-01
7.635083298353125825e-01
7.533299320470437932e-01
7.430067099544581666e-01
7.325565701359796345e-01
7.219985674274426168e-01
7.113528611052672979e-01
7.006406634080715179e-01
6.898841805836136709e-01
6.791065467030982239e-01
6.683317505347585730e-01
6.575845558129493895e-01
6.468904152776361327e-01
6.362753788924649934e-01
6.257659966779887117e-01
6.153892166208525527e-01
6.051722781407088414e-01
5.951426016152665532e-01
5.853276744812158094e-01
5.757549344457242313e-01
5.664516503605314668e-01
5.574448013290687065e-01
5.487609546367323565e-01
5.404261431156573980e-01
5.324657425777334918e-01
5.249043499728032192e-01
5.177656629520936971e-01
5.110723615390690977e-01
5.048459926298471956e-01
4.991068580618124306e-01
4.938739070008096865e-01
4.891646334030582688e-01
4.849949793064461945e-01
4.813792446962960048e-01
4.783300046721460363e-01
4.758580346141594308e-01
4.739722440102354106e-01
4.726796195578359949e-01
4.719851780983711498e-01
4.718919298773690540e-01
4.724008525514348245e-01
4.735108762843085461e-01
4.752188801902502702e-01
4.775197002948555758e-01
4.804061490924262934e-01
4.838690466863796447e-01
4.878972634060869673e-01
4.924777737008644296e-01
4.975957210206023440e-01
5.032344933033355838e-01
5.093758086036521693e-01
5.159998103126344215e-01
5.230851713405274550e-01
5.306092065579444128e-01
5.385479927204965822e-01
5.468764950358444565e-01
5.555686994716710903e-01
5.645977498487120272e-01
5.739360887153738267e-01
5.835556009604077055e-01
5.934277590884728948e-01
6.035237690611281458e-01
6.138147155936850563e-01
6.242717057973674599e-01
6.348660100670766582e-01
6.455691991383216699e-01
6.563532762730142078e-01
6.671908035829270389e-01
6.780550215615046561e-01
6.889199609690053183e-01
6.997605463017835259e-01
7.105526901728007605e-01
7.212733780358342450e-01
7.319007427985791958e-01
7.424141289881325267e-01
7.527941462540804762e-01
7.630227121175096050e-01
7.730830839964939472e-01
7.829598806578567105e-01
7.926390933591567212e-01
8.021080870520128636e-01
8.113555921162597384e-01
8.203716871825492696e-01
8.291477736775803020e-01
8.376765427902010952e-01
8.459519356074942653e-01
8.539690972072560005e-01
8.617243255169588778e-01
8.692150157595525117e-01
8.764396013038426858e-01
8.833974917224339807e-01
8.900890088343476059e-01
8.965153214735905873e-01
9.026783796805355475e-01
9.085808489613917960e-01
9.142260452038729612e-01
9.196178707759166127e-01
9.247607522705398875e-01
9.296595802950932130e-01
9.343196516386736983e-01
9.387466140885305510e-01
9.429464141060311944e-01
9.469252475160764293e-01
9.506895133114795504e-01
9.542457706263126616e-01
9.576006988899232741e-01
9.607610611364054698e-01
9.637336704128061093e-01
9.665253592031051166e-01
9.691429517637930591e-01
9.715932392503150439e-01
9.738829575013401296e-01
9.760187673392596297e-01
9.780072372400288039e-01
9.798548282229231354e-01
9.815678808105054998e-01
9.831526039106293080e-01
9.846150654752334752e-01
9.859611847946619934e-01
9.871967262909772112e-01
9.883272946790107039e-01
9.893583313695378800e-01
9.902951119948687486e-01
9.911427449432551606e-01
9.919061707947771644e-01
9.925901625577921994e-01
9.931993266115829444e-01
9.937381042675090814e-01
9.942107738677218309e-01
9.946214533472702568e-01
9.949741031921289780e-01
9.952725297321977083e-01
9.955203887145294139e-01
9.957211891078060484e-01
9.958782970942534618e-01
9.959949402096692772e-01
9.960742115959367871e-01
9.961190743332751785e-01
9.961323658215421872e-01
9.961168021812237816e-01
9.960749826454239342e-01
9.960093939143740416e-01
9.959224144439033921e-01
9.958163186391657540e-01
9.956932809249224858e-01
9.955553796640430608e-01
9.954046008967737391e-01
9.952428418748916483e-01
9.950719143671727940e-01
9.948935477157019314e-01
9.947093916264027058e-01
9.945210186816855202e-01
9.943299265681728727e-01
9.941375400178976696e-01
9.939452124669898581e-01
9.937542274414704613e-01
9.935657996851606777e-01
9.933810760496916137e-01
9.932011361710125774e-01
9.930269929605035628e-01
9.928595929416935695e-01
9.926998164656244406e-01
9.925484778390453178e-01
9.924063253998911538e-01
9.922740415739546016e-01
9.921522429453584202e-01
9.920414803715065233e-01
9.919422391707334308e-01
9.918549394080304893e-01
9.917799363011283731e-01
9.917175207659891800e-01
9.916679201175204739e-01
9.916312989381732557e-01
9.916077601240899098e-01
9.915973461156841751e-01
9.916000403169845656e-01
9.916157687057511883e-01
9.916444016342668144e-01
9.916857558187588406e-01
9.917395965135976654e-01
9.918056398646707406e-01
9.918835554346218109e-01
9.919729688909382226e-01
9.920734648461337901e-01
9.921845898375443173e-01
9.923058554325172587e-01
9.924367414431041201e-01
9.925766992327943461e-01
9.927251550964232285e-01
9.928815136932188645e-01
9.930451615120687858e-01
9.932154703475338797e-01
9.933918007649524817e-01
9.935735055331538224e-01
9.937599330038423551e-01
9.939504304175744709e-01
9.941443471173971869e-01
9.943410376525777528e-01
9.945398647563751249e-01
9.947402021834169661e-01
9.949414373938860745e-01
9.951429740733584994e-01
9.953442344787080120e-01
9.955446616020040551e-01
9.957437211457573767e-01
9.959409033042224690e-01
9.961357243467625633e-01
9.963277280005409242e-01
9.965164866310478597e-01
9.967016022202304093e-01
9.968827071432759812e-01
9.970594647464249283e-01
9.972315697295605075e-01
9.973987483387239950e-01
9.975607583751252561e-01
9.977173890286201718e-01
9.978684605449812395e-01
9.980138237375261179e-01
9.981533593547651240e-01
9.982869773166005434e-01
9.984146158322196873e-01
9.985362404131189473e-01
9.986518427946360354e-01
9.987614397789426057e-01
9.988650720116478698e-01
9.989628027030245105e-01
9.990547163034319000e-01
9.991409171408661694e-01
9.992215280268075261e-01
9.992966888347891707e-01
9.993665550545134391e-01
9.994312963230180813e-01
9.994910949334830930e-01
9.995461443218698339e-01
9.995966475317662470e-01
9.996428156586160130e-01
9.996848662759106885e-01
9.997230218478618813e-01
9.997575081354203030e-01
9.997885526051221161e-01
