9.997975956670966946e-01
9.997681394661198651e-01
9.997354698586996546e-01
9.996993825525044564e-01
9.996596756107556381e-01
9.996161507483777298e-01
9.995686145750648510e-01
9.995168797745646039e-01
9.994607662131114179e-01
9.994001019733960156e-01
9.993347243135678459e-01
9.992644805533773544e-01
9.991892288915830145e-01
9.991088391601319341e-01
9.990231935213643721e-01
9.989321871146576992e-01
9.988357286585662909e-01
9.987337410137675509e-01
9.986261617110825384e-01
9.985129434476402999e-01
9.983940545530072264e-01
9.982694794259084903e-01
9.981392189411080196e-01
9.980032908251512680e-01
9.978617299990438783e-01
9.977145888855620814e-01
9.975619376787586701e-01
9.974038645733371844e-01
9.972404759518761486e-01
9.970718965283710267e-01
9.968982694471786310e-01
9.967197563371553715e-01
9.965365373215343547e-01
9.963488109848396279e-01
9.961567942988523994e-01
9.959607225102691253e-01
9.957608489931975004e-01
9.955574450699731237e-01
9.953507998039190507e-01
9.951412197675777449e-01
9.949290287895968810e-01
9.947145676828329508e-01
9.944981939553377837e-01
9.942802815047225851e-01
9.940612202949633547e-01
9.938414160130518704e-01
9.936212897010453515e-01
9.934012773570775057e-01
9.931818294968282057e-01
9.929634106648718150e-01
9.927464988833197834e-01
9.925315850233047410e-01
9.923191720832155172e-01
9.921097743562388160e-01
9.919039164687728505e-01
9.917021322706881525e-01
9.915049635582757759e-01
9.913129586110426272e-01
9.911266705243111375e-01
9.909466553208237105e-01
9.907734698262239403e-01
9.906076692953351692e-01
9.904498047785360582e-01
9.903004202201867168e-01
9.901600492839329748e-01
9.900292119027683801e-01
9.899084105549232904e-01
9.897981262699545590e-01
9.896988143728098208e-01
9.896108999771369152e-01
9.895347732426899023e-01
9.894707844153470822e-01
9.894192386719803389e-01
9.893803907961641331e-01
9.893544397144311553e-01
9.893415229263635702e-01
9.893417108651680891e-01
9.893550012283397477e-01
9.893813133204493182e-01
9.894204824517975894e-01
9.894722544375175177e-01
9.895362802415207382e-01
9.896121108083674178e-01
9.896991921236220069e-01
9.897968605395266461e-01
9.899043383979304611e-01
9.900207299764632873e-01
9.901450177771141670e-01
9.902760591688729574e-01
9.904125833881874952e-01
9.905531888929528517e-01
9.906963410578703000e-01
9.908403701915682316e-01
9.909834698491268856e-01
9.911236954078039840e-01
9.912589628689968402e-01
9.913870478459286817e-01
9.915055846942811835e-01
9.916120657420450790e-01
9.917038405752086616e-01
9.917781153375074821e-01
9.918319520052334415e-01
9.918622676019712703e-01
9.918658333229903867e-01
9.918392735447885133e-01
9.917790647018732697e-01
9.916815340202280726e-01
9.915428581049935408e-01
9.913590613886967828e-01
9.911260144558813323e-01
9.908394322702585022e-01
9.904948723415452072e-01
9.900877328810100408e-01
9.896132510074285848e-01
9.890665010786308109e-01
9.884423932380494993e-01
9.877356722805150646e-01
9.869409169567878726e-01
9.860525398516927220e-01
9.850647879858528411e-01
9.839717443054756263e-01
9.827673302379008602e-01
9.814453095021430373e-01
9.799992933728690625e-01
9.784227476025799675e-01
9.767090012097071616e-01
9.748512573394195746e-01
9.728426063988258043e-01
9.706760416586991402e-01
9.683444774997379545e-01
9.658407704627154367e-01
9.631577432388193083e-01
9.602882117092724767e-01
9.572250151123264938e-01
9.539610493813348580e-01
9.504893036603226930e-01
9.468028999637765342e-01
9.428951359057820003e-01
9.387595303806648417e-01
9.343898720334331554e-01
9.297802703140766178e-01
9.249252088656308990e-01
9.198196009523548211e-01
9.144588465918778164e-01
9.088388910142640720e-01
9.029562840321356809e-01
8.968082398698483670e-01
8.903926969667858016e-01
8.837083772407522408e-01
8.767548442727662872e-01
8.695325598549378254e-01
8.620429383291071668e-01
8.542883981361035772e-01
8.462724099943498279e-01
8.379995411324885346e-01
8.294754950140713623e-01
8.207071460132959739e-01
8.117025685293139947e-01
8.024710600626314694e-01
7.930231578202148190e-01
7.833706484655563740e-01
7.735265706854079770e-01
7.635052103052153427e-01
7.533220877493650436e-01
7.429939377089802566e-01
7.325386809478324768e-01
7.219753882446198201e-01
7.113242365360896713e-01
7.006064573890078417e-01
6.898442779887332676e-01
6.790608548872546502e-01
6.682802008034101071e-01
6.575271048122417472e-01
6.468270462990582947e-01
6.362061030869790024e-01
6.256908541750257902e-01
6.153082775479683519e-01
6.050856435399191158e-01
5.950504042521422843e-01
5.852300795426604862e-01
5.756521401218981371e-01
5.663438883056428619e-01
5.573323369946262540e-01
5.486440874693870873e-01
5.403052066098741335e-01
5.323411041713443925e-01
5.247764107709964598e-01
5.176348572627080813e-01
5.109391561993574804e-01
5.047108861022648885e-01
4.989703792741321253e-01
4.937366139041833302e-01
4.890271112207286164e-01
4.848578384460002777e-01
4.812431182997510826e-01
4.781955457810498356e-01
4.757259129313534673e-01
4.738431422460637199e-01
4.725542293563820273e-01
4.718641955486652106e-01
4.717760506252545172e-01
4.722907665396419707e-01
4.734072621608801379e-01
4.751223994384071725e-01
4.774309911501376513e-01
4.803258203250295733e-01
4.837976713374716464e-01
4.878353725760152804e-01
4.924258504941264603e-01
4.975541947567758694e-01
5.032037341046424750e-01
5.093561224681579791e-01
5.159914347772729393e-01
5.230882718301861356e-01
5.306238735059524148e-01
5.385742395323220855e-01
5.469142569519922503e-01
5.556178333682396664e-01
5.646580349953093103e-01
5.740072284907000721e-01
5.836372255064463666e-01
5.935194288653921069e-01
6.036249792473136200e-01
6.139249012592356003e-01
6.243902477653205940e-01
6.349922413649091713e-01
6.457024119331314926e-01
6.564927291773403617e-01
6.673357292144510566e-01
6.782046342388532434e-01
6.890734644273796006e-01
6.999171413159992472e-01
7.107115819812865887e-01
7.214337834668718141e-01
7.320618970093345501e-01
7.425752917374428552e-01
7.529546076412423350e-01
7.631817977311479151e-01
7.732401594297040326e-01
7.831143553579241745e-01
7.927904237920841979e-01
8.022557791735860366e-01
8.114992031523260430e-01
8.205108267314114023e-01
8.292821041568188001e-01
8.378057792587445540e-01
8.460758450012826337e-01
8.540874970333400817e-01
8.618370820563130419e-01
8.693220418332285870e-01
8.765408536603428447e-01
8.834929681063459217e-01
8.901787447973712464e-01
8.965993869891413226e-01
9.027568756221586721e-01
9.086539035033522893e-01
9.142938101995480293e-01
9.196805181661169559e-01
9.248184705697202190e-01
9.297125711986847785e-01
9.343681267896065679e-01
9.387907920355305080e-01
9.429865174805985850e-01
9.469615004492933918e-01
9.507221391060772797e-01
9.542749896938541587e-01
9.576267269576191898e-01
9.607841077230780957e-01
9.637539375689014864e-01
9.665430405055077667e-01
9.691582315525572033e-01
9.716062920913308698e-01
9.738939478564300201e-01
9.760278494232562663e-01
9.780145550430294765e-01
9.798605156751319933e-01
9.815720620668465513e-01
9.831553937326085180e-01
9.846165696883059093e-01
9.859615008005672143e-01
9.871959436160838708e-01
9.883254955415933241e-01
9.893555912510119121e-01
9.902915002022728563e-01
9.911383251525922589e-01
9.919010015671502201e-01
9.925842978225118962e-01
9.931928161125190835e-01
9.937309939708575124e-01
9.942031063310109440e-01
9.946132680508134039e-01
9.949654368352197631e-01
9.952634164971477793e-01
9.955108605021693036e-01
9.957112757483268517e-01
9.958680265373029972e-01
9.959843386974492896e-01
9.960633038227332259e-01
9.961078835944222609e-01
9.961209141543163614e-01
9.961051104996183625e-01
9.960630708702039593e-01
9.959972810992756553e-01
9.959101188983444652e-01
9.958038580473896895e-01
9.956806724611103609e-01
9.955426401026102878e-01
9.953917467168165167e-01
9.952298893575607375e-01
9.950588796846353556e-01
9.948804470102927677e-01
9.946962410785706865e-01
9.945078345654002616e-01
9.943167252925727562e-01
9.941243381541261526e-01
9.939320267593863001e-01
9.937410748025432561e-01
9.935526971740757940e-01
9.933680408343540380e-01
9.931881854741891891e-01
9.930141439908315437e-01
9.928468628108259031e-01
9.926872220931722834e-01
9.925360358473692690e-01
9.923940520011669264e-01
9.922619524522573453e-01
9.921403531367836148e-01
9.920298041455327676e-01
9.919307899161401432e-01
9.918437295266830933e-01
9.917689771128372911e-01
9.917068224274177002e-01
9.916574915577752725e-01
9.916211478132477275e-01
9.915978927917665775e-01
9.915877676318531897e-01
9.915907544536177731e-01
9.916067779900216150e-01
9.916357074075503597e-01
9.916773583135335413e-01
9.917314949456045303e-01
9.917978325371487047e-01
9.918760398510169107e-01
9.919657418722225284e-01
9.920665226487890287e-01
9.921779282683537149e-01
9.922994699565819143e-01
9.924306272819271024e-01
9.925708514498454704e-01
9.927195686682686038e-01
9.928761835650392609e-01
9.930400826371528211e-01
9.932106377110807571e-01
9.933872093932041292e-01
9.935691504894738069e-01
9.937558093738292353e-01
9.939465332856305402e-01
9.941406715373559688e-01
9.943375786150242535e-01
9.945366171551855983e-01
9.947371607838149110e-01
9.949385968039852202e-01
9.951403287207647441e-01
9.953417785933196260e-01
9.955423892057030377e-01
9.957416260492588655e-01
9.959389791109626300e-01
9.961339644633776524e-01
9.963261256532311982e-01
9.965150348869392660e-01
9.967002940127384081e-01
9.968815353004387703e-01
9.970584220212009852e-01
9.972306488311595274e-01
9.973979419641541000e-01
9.975600592402792399e-01
9.977167898983714256e-01
9.978679542619111054e-01
9.980134032490453055e-01
9.981530177385157243e-01
9.982867078041238740e-01
9.984144118309533633e-01
9.985360955268308691e-01
9.986517508424268552e-01
9.987613948129406838e-01
9.988650683334973079e-01
9.989628348792233270e-01
9.990547791795226784e-01
9.991410058544192285e-01
9.992216380190769298e-01
9.992968158608639406e-01
9.993666951917391517e-01
9.994314459774352732e-01
9.994912508440128018e-01
9.995463035619860381e-01
9.995968075084222804e-01
9.996429741082423215e-01
9.996850212573676897e-01
9.997231717323148414e-01
9.997576515931959618e-01
9.997886885897029341e-01
