9.997975081436215605e-01
9.997680355506346483e-01
9.997353469469014708e-01
9.996992377194837687e-01
9.996595055887459447e-01
9.996159519059355514e-01
9.995683828982474539e-01
9.995166108506918778e-01
9.994604552176988843e-01
9.993997436608320628e-01
9.993343130120743156e-01
9.992640101647387585e-01
9.991886928960611591e-01
9.991082306268925795e-01
9.990225051246459653e-01
9.989314111557962006e-01
9.988348570938727633e-01
9.987327654881326122e-01
9.986250735970586545e-01
9.985117338896373207e-01
9.983927145161288763e-01
9.982679997488609347e-01
9.981375903925351345e-01
9.980015041626864036e-01
9.978597760303301589e-01
9.977124585304665283e-01
9.975596220320087637e-01
9.974013549668202527e-01
9.972377640158807122e-01
9.970689742510945308e-01
9.968951292318896096e-01
9.967163910564681428e-01
9.965329403683317322e-01
9.963449763194607289e-01
9.961527164922459043e-01
9.959563967828952702e-01
9.957562712495423574e-01
9.955526119286187692e-01
9.953457086231882744e-01
9.951358686668441145e-01
9.949234166664241430e-01
9.947086942261745834e-01
9.944920596550952396e-01
9.942738876580292651e-01
9.940545690096227460e-01
9.938345102086236782e-01
9.936141331081271844e-01
9.933938745153840788e-01
9.931741857527063289e-01
9.929555321689180758e-01
9.927383925887715010e-01
9.925232586858642181e-01
9.923106342629213206e-01
9.921010344219314270e-01
9.918949846055996611e-01
9.916930194909646668e-01
9.914956817158601110e-01
9.913035204192021110e-01
9.911170895768590672e-01
9.909369461160996151e-01
9.907636477932824093e-01
9.905977508215118021e-01
9.904398072373832296e-01
9.902903619986265227e-01
9.901499498073669248e-01
9.900190916568217814e-01
9.898982911024902798e-01
9.897880302622447113e-01
9.896887655531833028e-01
9.896009231766420555e-01
9.895248943663773611e-01
9.894610304186224337e-01
9.894096375264535004e-01
9.893709714446581316e-01
9.893452320149981327e-01
9.893325575853301190e-01
9.893330193593706801e-01
9.893466157168225861e-01
9.893732665459721298e-01
9.894128076325444665e-01
9.894649851494177195e-01
9.895294502915936707e-01
9.896057540995020219e-01
9.896933425112056648e-01
9.897915516803630354e-01
9.898996035919445102e-01
9.900166020017955315e-01
9.901415287193559012e-01
9.902732402454005323e-01
9.904104647688135588e-01
9.905517995184142110e-01
9.906957084580110262e-01
9.908405203054350130e-01
9.909844268495516806e-01
9.911254815333839785e-01
9.912615982666732606e-01
9.913905504275911662e-01
9.915099700109539782e-01
9.916173468792405243e-01
9.917100280729319595e-01
9.917852171381653648e-01
9.918399734323299910e-01
9.918712113719673207e-01
9.918756995920691155e-01
9.918500599915207605e-01
9.917907666459307992e-01
9.916941445763772789e-01
9.915563683706380971e-01
9.913734606622599532e-01
9.911412904823537762e-01
9.908555715093202432e-01
9.905118602528275584e-01
9.901055542203260895e-01
9.896318901271926594e-01
9.890859422252356037e-01
9.884626208386851909e-01
9.877566712118194259e-01
9.869626727878104688e-01
9.860750390539512189e-01
9.850880181037444672e-01
9.839956940809712060e-01
9.827919896842867153e-01
9.814706699225503872e-01
9.800253473204227905e-01
9.784494887801753471e-01
9.767364243086404940e-01
9.748793578173271523e-01
9.728713801985789944e-01
9.707054848710288120e-01
9.683745859733811079e-01
9.658715393667682836e-01
9.631891665827156945e-01
9.603202818263807394e-01
9.572577221135623038e-01
9.539943805854299574e-01
9.505232430074921357e-01
9.468374274194997220e-01
9.429302268612990146e-01
9.387951550566107084e-01
9.344259948928280712e-01
9.298168494906877690e-01
9.249621956135506418e-01
9.198569391225162040e-01
9.144964721411700248e-01
9.088767315529111546e-01
9.029942584150649765e-01
8.968462578378688654e-01
8.904306588435171310e-01
8.837461736913441168e-01
8.767923561305013269e-01
8.695696580217902039e-01
8.620794837561900348e-01
8.543242418896727086e-01
8.463073934126006392e-01
8.380334960777984232e-01
8.295082442245852450e-01
8.207385035568410814e-01
8.117323403615983590e-01
8.024990446905215791e-01
7.930491470696695577e-01
7.833944283525371421e-01
7.735479223868331200e-01
7.635239112258036531e-01
7.533379126790902269e-01
7.430066600648188579e-01
7.325480740925901513e-01
7.219812268748609929e-01
7.113262981305952248e-01
7.006045237087270561e-01
6.898381366188919284e-01
6.790503008121101525e-01
6.682650380040886517e-01
6.575071478781518985e-01
6.468021220435105079e-01
6.361760521578505578e-01
6.256555326515881310e-01
6.152675585152911353e-01
6.050394186326226720e-01
5.949985851596273356e-01
5.851725994683115717e-01
5.755889551891335554e-01
5.662749789040214532e-01
5.572577090595260962e-01
5.485637736890007776e-01
5.402192675534005506e-01
5.322496293322824812e-01
5.246795195192601735e-01
5.175326996989675354e-01
5.108319139044232848e-01
5.045987727735321560e-01
4.988536412400671471e-01
4.936155305065186294e-01
4.889019950525830271e-01
4.847290354324637063e-01
4.811110076057790730e-01
4.780605395297714555e-01
4.755884557143521540e-01
4.737037104058502424e-01
4.724133300203795516e-01
4.717223653936766237e-01
4.716338543517282211e-01
4.721487950362308617e-01
4.732661303419202214e-01
4.749827437400698793e-01
4.772934666752375321e-01
4.801910976317028679e-01
4.836664328732338536e-01
4.877083087658211635e-01
4.923036554989729252e-01
4.974375619277771055e-01
5.030933511662030178e-01
5.092526664725480767e-01
5.158955668812951201e-01
5.230006319523906599e-01
5.305450749297150326e-01
5.385048635257565497e-01
5.468548474799022063e-01
5.555688919738837050e-01
5.646200159305487798e-01
5.739805341720188858e-01
5.836222023713448781e-01
5.935163636988636249e-01
6.036340960415347290e-01
6.139463586615168111e-01
6.244241371599110746e-01
6.350385856237229509e-01
6.457611648591705666e-01
6.565637756528108770e-01
6.674188860536220957e-01
6.782996517339291431e-01
6.891800285642843971e-01
7.000348766263178035e-01
7.108400549868558738e-01
7.215725066648980279e-01
7.322103333385270307e-01
7.427328594596467326e-01
7.531206855684577928e-01
7.633557307246670032e-01
7.734212640963549212e-01
7.833019258680570251e-01
7.929837377448580860e-01
8.024541034372471016e-01
8.117017996103729205e-01
8.207169578697178780e-01
8.294910384317650820e-01
8.380167961920927944e-01
8.462882399537490219e-01
8.543005856154707311e-01
8.620502041421892470e-01
8.695345651496235728e-01
8.767521769310795410e-01
8.837025237386717524e-01
8.903860011040526379e-01
8.968038499466001179e-01
9.029580901712315200e-01
9.088514544050765309e-01
9.144873224636894671e-01
9.198696570749027579e-01
9.250029413233711306e-01
9.298921182128184748e-01
9.345425326773907360e-01
9.389598763095842182e-01
9.431501350110720328e-01
9.471195397153298057e-01
9.508745202779781414e-01
9.544216625827962597e-01
9.577676688687308815e-01
9.609193212461430988e-01
9.638834483389777663e-01
9.666668949633923091e-01
9.692764947323629920e-01
9.717190454595415749e-01
9.740012872237290287e-01
9.761298829472574434e-01
9.781114013368351623e-01
9.799523020334658385e-01
9.816589228184208205e-01
9.832374687244300748e-01
9.846940029048558696e-01
9.860344391182453982e-01
9.872645356910261238e-01
9.883898908269638239e-01
9.894159391381860402e-01
9.903479492789397653e-01
9.911910225697504462e-01
9.919500925062210150e-01
9.926299250533489049e-01
9.932351196329255449e-01
9.937701107183077864e-01
9.942391699575775510e-01
9.946464087527884246e-01
9.949957812295509019e-01
9.952910875375415856e-01
9.955359774285136298e-01
9.957339540639064124e-01
9.958883780090981297e-01
9.960024713755882830e-01
9.960793220758885624e-01
9.961218881585829354e-01
9.961330021929236667e-01
9.961153756735133813e-01
9.960716034161998245e-01
9.960041679164423067e-01
9.959154436412859246e-01
9.958077012259078931e-01
9.956831115457068782e-01
9.955437496352742555e-01
9.953915984265134798e-01
9.952285522797656991e-01
9.950564202841681860e-01
9.948769293066157537e-01
9.946917267726068657e-01
9.945023831668337033e-01
9.943103942465039147e-01
9.941171829658791426e-01
9.939241011162082140e-01
9.937324306909016691e-01
9.935433849912458371e-01
9.933581094930066246e-01
9.931776824987366137e-01
9.930031156043649387e-01
9.928353540115908427e-01
9.926752767196732608e-01
9.925236966313717435e-01
9.923813606080714722e-01
9.922489495085619060e-01
9.921270782446056646e-01
9.920162958844476186e-01
9.919170858328798523e-01
9.918298661135412919e-01
9.917549897759120325e-01
9.916927454461071934e-01
9.916433580371907253e-01
9.916069896314273491e-01
9.915837405437460950e-01
9.915736505727635874e-01
9.915767004430363629e-01
9.915928134397834492e-01
9.916218572351349625e-01
9.916636459029790629e-01
9.917179421176585130e-01
9.917844595300633337e-01
9.918628653130341366e-01
9.919527828663903257e-01
9.920537946703196219e-01
9.921654452742961761e-01
9.922872444071514364e-01
9.924186701924411214e-01
9.925591724518643133e-01
9.927081760782632269e-01
9.928650844587039170e-01
9.930292829273680288e-01
9.932001422275115177e-01
9.933770219615860597e-01
9.935592740087925145e-01
9.937462458898247419e-01
9.939372840593430070e-01
9.941317371077487142e-01
9.943289588550692226e-01
9.945283113211375037e-01
9.947291675577295544e-01
9.949309143298314950e-01
9.951329546347245092e-01
9.953347100490630428e-01
9.955356228955517528e-01
9.957351582222209174e-01
9.959328055886261799e-01
9.961280806546085609e-01
9.963205265685289858e-01
9.965097151531839836e-01
9.966952478889177236e-01
9.968767566947891456e-01
9.970539045100432762e-01
9.972263856795621217e-01
9.973939261484296992e-01
9.975562834722089267e-01
9.977132466509687214e-01
9.978646357964758851e-01
9.980103016432233520e-01
9.981501249150641630e-01
9.982840155600890553e-01
9.984119118669859683e-01
9.985337794763933239e-01
9.986496103006848868e-01
9.987594213651700414e-01
9.988632535828737558e-01
9.989611704738980968e-01
9.990532568389133283e-01
9.991396173946646142e-01
9.992203753776164321e-01
9.992956711201013142e-01
9.993656606017475852e-01
9.994305139776420432e-01
9.994904140837881368e-01
9.995455549200336076e-01
9.995961401108494071e-01
9.996423813451633666e-01
9.996844967978805174e-01
9.997227095376767236e-01
9.997572459280247292e-01
9.997883340310358413e-01
