0.000000000000000000e+00
0.000000000000000000e+00
0.000000000000000000e+00
0.000000000000000000e+00
0.000000000000000000e+00
0.000000000000000000e+00
0.000000000000000000e+00
0.000000000000000000e+00
0.000000000000000000e+00
0.000000000000000000e+00
0.000000000000000000e+00
0.000000000000000000e+00
0.000000000000000000e+00
2.000000000000000042e-03
2.000000000000000042e-03
2.000000000000000042e-03
4.000000000000000083e-03
4.000000000000000083e-03
6.000000000000000125e-03
6.000000000000000125e-03
1.099999999999999936e-02
1.299999999999999940e-02
1.700000000000000122e-02
1.700000000000000122e-02
2.199999999999999872e-02
2.599999999999999881e-02
3.099999999999999978e-02
3.300000000000000155e-02
3.699999999999999817e-02
4.399999999999999745e-02
4.800000000000000100e-02
5.199999999999999761e-02
5.600000000000000117e-02
6.000000000000000472e-02
6.600000000000000311e-02
6.899999999999999190e-02
7.599999999999999811e-02
7.699999999999999900e-02
8.200000000000000344e-02
8.500000000000000611e-02
8.699999999999999400e-02
8.699999999999999400e-02
9.099999999999999756e-02
9.000000000000001055e-02
8.899999999999999578e-02
8.799999999999999489e-02
8.799999999999999489e-02
8.699999999999999400e-02
8.500000000000000611e-02
8.300000000000000433e-02
7.699999999999999900e-02
7.499999999999999722e-02
7.299999999999999545e-02
6.700000000000000400e-02
6.400000000000000133e-02
5.800000000000000294e-02
5.600000000000000117e-02
5.099999999999999672e-02
4.800000000000000100e-02
4.300000000000000350e-02
3.899999999999999994e-02
3.499999999999999639e-02
3.200000000000000067e-02
2.800000000000000058e-02
2.500000000000000139e-02
2.000000000000000042e-02
1.800000000000000211e-02
1.500000000000000118e-02
1.299999999999999940e-02
1.200000000000000025e-02
1.000000000000000021e-02
9.000000000000001055e-03
7.000000000000000146e-03
6.000000000000000125e-03
5.000000000000000104e-03
4.000000000000000083e-03
3.000000000000000062e-03
3.000000000000000062e-03
3.000000000000000062e-03
2.000000000000000042e-03
1.000000000000000021e-03
1.000000000000000021e-03
1.000000000000000021e-03
1.000000000000000021e-03
1.000000000000000021e-03
0.000000000000000000e+00
0.000000000000000000e+00
0.000000000000000000e+00
0.000000000000000000e+00
0.000000000000000000e+00
0.000000000000000000e+00
0.000000000000000000e+00
0.000000000000000000e+00
0.000000000000000000e+00
0.000000000000000000e+00
0.000000000000000000e+00
0.000000000000000000e+00
0.000000000000000000e+00
0.000000000000000000e+00
0.000000000000000000e+00
