3.042843831579334
3.0432749627842113
3.043680796201798
3.044112277959316
3.044607682734884
3.0450949391325324
3.045559778128677
3.0459676662643482
3.0462717291003605
3.046440543811016
3.0464779886359956
3.0463233521236814
3.0460010744543244
3.0454457888289093
3.0447088268381552
3.0437523787771914
3.042566963296963
3.0412151642676237
3.0396419747756913
3.037897079505349
3.0359719260134455
3.0338775869666676
3.0316803193230792
3.0293520182635656
3.0269799844093384
3.024596422412532
3.022200987902728
3.0199134833898182
3.0177635713145605
3.015758274631397
3.0140301981933035
3.0125619617483226
3.01134086017548
3.010499561310742
3.009925733279429
3.009665563988329
3.0096986321949633
3.0099735871239064
3.0105137706073584
3.0112234856969318
3.0121110303130436
3.0131219522002293
3.0142016209995157
3.015355626535573
3.016454658351196
3.017439225067128
3.0182707089515985
3.018682076858112
3.0185163589905275
3.0175149389590628
3.016338858610465
3.0123347401098637
3.0060405445285316
2.996761238182588
2.983690425211453
2.9659544502184834
2.942709846163561
2.912986527181938
2.875944448817248
2.8309108296411107
2.777305611231146
2.7149267340776424
2.643864663486647
2.5646410341774217
2.478215213124005
2.3860047621484695
2.289957305061177
2.1923573296618257
2.09582822984463
2.0033644171807534
1.9178808223535064
1.8423092224368862
1.7794608340739806
1.7316306933201828
1.7006144248226285
1.6877140551989767
1.6934538888797033
1.7175826124925289
1.759215495257662
1.8167784932053355
1.8881087994967318
1.9706239079578802
2.061431269614565
2.1575443574599524
2.2559674781104504
2.3539035246265785
2.44882144732326
2.5386426192596945
2.621691594698075
2.6967667948135707
2.763202649887133
2.8207086423799614
2.8694043738400414
2.909717125924254
2.942307082231292
2.9680170325910815
2.9877645070935746
3.0024470738950164
3.012970769403937
3.0201419711406174
3.024700398825474
3.0272545208944956
3.028334050721282
3.0283781824724847
3.027717281804142
3.0265984860726793
3.0252489674275216
3.0238004852409635
3.0223890677154204
3.0210599680151953
3.0198612779718284
3.018881484446201
3.0180798264340143
3.017492511258262
3.0171652623831626
3.0170609394294305
3.017184839383611
3.0191461914701914
3.0196964251762415
3.02040245201788
3.0212615881411518
3.0222398042972762
3.0232534450130593
3.0243519669547427
3.0254472595669264
3.0265129654502143
3.0275977711082813
3.0286032986310265
3.029563463115087
3.0305185999190107
3.031398002010678
3.032287147834431
3.0331766250921888
3.0340279848085236
3.034960999502508
3.0358718762690717
3.038982979036364
3.0398956655124274
3.0407587314894498
3.0415278962063423
3.042189699388958
3.0427381359456676
3.0430919427063943
3.0432869437628605
3.0432939919877096
3.043055619475915
3.042663632850298
3.042078958242658
3.0413566369769733
3.040558842421173
3.0396662497559936
