3.0428401651396824
3.043270957938658
3.0436764317055776
3.0441075415465613
3.044602575046926
3.045089481779111
3.0455540066366167
3.0459616292956935
3.046265487427686
3.0464341630652165
3.0464715374834714
3.046316897056474
3.045994675319197
3.0454394967044687
3.0447026810422217
3.043746405176896
3.042561171263383
3.0412095515486213
3.0396365262223286
3.0378917753115258
3.035966741397302
3.0338724919983924
3.031675284360705
3.02934701672865
3.0269749903369605
3.0245914108615404
3.0221959380705936
3.019908371196853
3.017758372744339
3.015752966297283
3.014024754498004
3.012556354750755
3.011335058987804
3.0104935306308716
3.0099194369860607
3.0096589659389954
3.0096916952152286
3.0099662759691075
3.0105060504252226
3.0112153196024734
3.012102379907806
3.0131127739852417
3.0141918656875974
3.015345240784186
3.0164435775150524
3.017427369345973
3.0182579826408373
3.0186683642208973
3.0185015230069054
3.0174988223468757
3.016321237722359
3.012315486247619
3.0060194666339974
2.9967381624191263
2.983665214699136
2.9659270263812703
2.9426802151085565
2.9129548096542504
2.8759109050179057
2.830875880259605
2.7772698445701827
2.7148909028501436
2.643829674488276
2.5646079140034477
2.478185064235699
2.3859786943022305
2.2899363641063046
2.1923424035717716
2.095819951605713
2.003363079611372
1.9178863110050575
1.8423209899870523
1.7794779053230836
1.7316517223857424
1.7006377703278936
1.68773787159288
1.6934762399751082
1.7176015961534723
1.7592293631984928
1.8167857657647095
1.88810837023679
1.970615113759299
2.0614139358651884
2.157518790656148
2.2559344196492312
2.3538640760387763
2.448776969489181
2.5385946216545108
2.6216416201936683
2.6967163321755816
2.763153048762538
2.820661049480758
2.8693596898309
2.9096759752184154
2.9422698150061546
2.9679837396154722
2.987735061942064
3.002421195301341
3.0129480859271114
3.020122070337803
3.02468286949979
3.0272389835639504
3.028320165809772
3.028365657131906
3.0277058628923372
3.026587959380916
3.0252391543880424
3.0237912397405933
3.0223802696244277
3.021051521114176
3.019853109472769
3.018873533740008
3.0180720468359254
3.017484866519554
3.017157723524134
3.0170534779492124
3.0171774315537894
3.0191387444062476
3.019689012277585
3.0203950725856643
3.0212542483335953
3.022232515778075
3.023246225345564
3.0243448368264554
3.0254402406381216
3.026506083596687
3.0275910506409978
3.0285967630764197
3.0295571279981144
3.0305124693842345
3.0313920696914454
3.032281392913645
3.033171012422635
3.034022468612988
3.0349555244740447
3.0358663835089255
3.038977305853059
3.0398898740123736
3.040752781677151
3.041521758617684
3.042183362375761
3.042731602793011
3.043085234625819
3.0432801023109857
3.043287070926493
3.043048682077296
3.042656747864096
3.042072189601277
3.0413500420433346
3.0405524659386036
3.0396601226012585
