3.0428424912576233
3.043273536986665
3.0436793155176773
3.0441107809466708
3.0446062110928827
3.0450935329328694
3.0455584760137944
3.045966501468139
3.046270726093506
3.0464397189081347
3.046477349524925
3.046322896872301
3.0460007939099714
3.045445666529268
3.0447088434179825
3.043752513365287
3.042567195081872
3.0412154724114773
3.039642340628039
3.03789748508098
3.035972354080414
3.033878021769743
3.0316807408056037
3.0293524052610827
3.0269803145454524
3.0245966696617037
3.0222011256956955
3.0199134850157185
3.0177634097896604
3.0157579250702007
3.014029641137965
3.012561181659538
3.0113398478168993
3.0104983135412273
3.0099242512575195
3.0096638529706747
3.009696698702047
3.009971437424211
3.0105114117455303
3.011220922844645
3.0121082674098196
3.013118992130582
3.014198467261693
3.0153522855533734
3.016451146511532
3.0174355740882493
3.018266972488842
3.0186783422531027
3.01851275458345
3.0175116505630273
3.0163361376666518
3.012332913694265
3.006040016225628
2.996762487743746
2.9836940023316267
2.9659609565199467
2.94271990693926
2.913000751502069
2.875963388031333
2.8309349280076157
2.7773351463973817
2.7149617676398026
2.643904987443566
2.564686132631649
2.478264234887325
2.3860565143595407
2.2900102795788477
2.1924097573105055
2.0958781698164444
2.0034098602565167
1.917919814961962
1.8423399857112335
1.7794818778489272
1.7316409132829222
1.7006131798042015
1.6877012134369624
1.6934298376536203
1.7175482411002965
1.7591721403004654
1.8167278524565145
1.888052817322588
1.9705646512856678
2.061370800635025
2.1574846124032185
2.2559101687453644
2.353850062752212
2.4487729018266804
2.538599698853176
2.6216546537710785
2.696735861904055
2.7631774727445304
2.82068875156223
2.8693891472656783
2.9097058617341673
2.9422990652385246
2.968011583216226
2.9877610179806666
3.002445027941651
3.0129697479630297
3.020141645101334
3.0247005155180684
3.027254890674915
3.028334535390672
3.0283786821832734
3.027717727553553
3.0265988313972945
3.025249183899237
3.023800557108146
3.0223889883198236
3.0210597354269484
3.0198608926544654
3.0188809490181274
3.0180791435487375
3.01749168548824
3.0171643038337135
3.017059861966111
3.0171836601446804
3.019144936456248
3.0196951182591096
3.0204011179302697
3.0212602515817713
3.0222384876796404
3.0232521698079684
3.0243507489765538
3.025446108505564
3.026511883208299
3.02759675087174
3.0286023252318697
3.029562514619431
3.0305176504206273
3.0313970222407196
3.03228611209449
3.0331755130538562
3.0340267846884093
3.034959710012093
3.0358705068739047
3.038981553612431
3.0398942117871703
3.04075728399339
3.0415264939029205
3.042188382913813
3.0427369432851448
3.0430909045128507
3.043286082219222
3.043293316377132
3.0430551269026815
3.0426633082922794
3.042078776888201
3.041356566412482
3.0405588457562915
3.039666290006542
