3.042831526247229
3.0432617061415765
3.043666458496466
3.044096707286431
3.0445907409222723
3.045076541509003
3.045539870430244
3.0459462522165675
3.0462488889570114
3.046416400525951
3.0464527189110147
3.0462971694476804
3.0459742078821535
3.045418479252371
3.0446813003869657
3.043724834027177
3.0425395585060735
3.041188015737874
3.0396151402207026
3.037870575015337
3.0359457314665557
3.033851644657277
3.031654572600943
3.0293264117083543
3.0269544593983495
3.0245709427079293
3.0221755395582672
3.019888062401769
3.0177381872791273
3.015732944932221
3.0140049203191785
3.0125367264075384
3.011315634530969
3.0104742739976933
3.0099002866039077
3.009639820059321
3.0096724197350184
3.0099467222595275
3.010486044632332
3.011194688983302
3.0120809469103085
3.0130903517065324
3.0141682611759086
3.0153202442374214
3.0164169429901704
3.0173987971567957
3.0182271121781303
3.018634712659276
3.0184644667213725
3.017457538370275
3.0162745189223927
3.012262206629458
3.0059580539039565
2.9966667836957592
2.9835817770165236
2.965829253641881
2.942565758698347
2.9128214046741414
2.8757565440676696
2.830699016267709
2.7770696461485715
2.714667459282995
2.6435842292531215
2.5643429977030956
2.477904596285942
2.3856880066989126
2.289642097674565
2.192052303618432
2.095542521988392
2.003107158234133
1.917660511016557
1.842133118112995
1.7793343738461747
1.7315570709269428
1.7005943034538336
1.6877454564371326
1.6935323203155022
1.7177013151244678
1.7593658449268903
1.8169505379506115
1.8882919056738863
1.9708074240828848
2.0616052009906514
2.1576999761807887
2.2560977903001693
2.354003613508946
2.4488885803224663
2.5386761868714265
2.6216928936981745
2.696738712016421
2.763149259786902
2.8206347619277343
2.869315166060706
2.909617704598783
2.942202183303389
2.967910737215761
2.987660074483613
3.002346879469766
3.0128763262548133
3.020054043864752
3.024619180239913
3.0271798243183303
3.028265439686798
3.028315116320554
3.027659178157136
3.026544773760474
3.0251991061031203
3.023753970323324
3.022345435471428
3.0210188117195393
3.0198222510626493
3.0188442788891554
3.018044190736917
3.017458244600706
3.0171321947618024
3.0170289187381645
3.017153733231358
3.0191155517132673
3.0196664656060017
3.0203730669773314
3.0212326867666484
3.022211323815526
3.0232253420672035
3.0243242210258794
3.02541987495158
3.0264859732871834
3.0275712153432845
3.0285772479145034
3.0295379966849283
3.0304937906655365
3.031373925018353
3.032263836474142
3.033154069356086
3.0340061272383947
3.034939716562363
3.035850989998644
3.03896181421689
3.0398744247767837
3.0407371510613093
3.041505712743485
3.0421667016102885
3.0427141472486885
3.043066855460825
3.043260729730657
3.0432667049915745
3.043027398465865
3.0426347002351335
3.0420495869699398
3.0413271434964733
3.040529549253928
3.0396374586121215
