3.042840660235711
3.0432715166190345
3.043677036593526
3.0441081676910438
3.0446031875968087
3.045090045979757
3.0455544886787687
3.045961997669824
3.0462657188589217
3.0464342414319736
3.0464714529900174
3.046316649312731
3.045994271889369
3.0454389516485563
3.0447020125349304
3.043745633647119
3.0425603215642436
3.0412086464945425
3.039635581141021
3.03789080194822
3.035965752557373
3.033871497122281
3.0316742912555132
3.0293460347140653
3.0269740276249477
3.0245904798681487
3.02219505673254
3.019907557764469
3.0177576464226323
3.015752347277152
3.014024258506392
3.0125559980316274
3.0113348563027316
3.0104934885321164
3.009919555759278
3.009659241764755
3.0096921181532816
3.009966835119865
3.0105067322741537
3.0112161127421766
3.0121032766989297
3.0131137658336966
3.0141929437065937
3.0153463964522427
3.016444803035682
3.0174286523281353
3.0182593030365226
3.0186696866711875
3.018502789922865
3.0174999425617623
3.0163220779044737
3.012315877028306
3.00601917708996
2.9967368946336577
2.983662604315618
2.965922649733361
2.9426736002048526
2.9129454527989678
2.8758983003392635
2.8308595521214968
2.7772493983392383
2.7148660682271704
2.6438003462240593
2.5645741966128344
2.4781473106392644
2.385937534926818
2.2898927110240406
2.1922974487753857
2.095775133902877
2.003320022028164
1.917846723543552
1.8422865576536078
1.779450168923359
1.7316319695089244
1.7006269533873404
1.687736548510878
1.6934845360741873
1.7176191875002085
1.7592554907296878
1.8168192820455453
1.888147807148083
1.9706587770776036
2.0614600182477627
2.1575654968306193
2.255980082441496
2.353907248322283
2.448816491089565
2.5386296558151704
2.621671663588535
2.6967411905634022
2.763172805670555
2.8206760215969
2.86937037770147
2.9096830040534893
2.942273869064683
2.967985503532463
2.9877351651675945
3.0024201666074384
3.012946336973882
3.0201199096812323
3.024680516469595
3.0272365839753808
3.028317815958943
3.0283634251978953
3.027703793702276
3.026586077497777
3.02523747022754
3.0237897543553585
3.0223789753804295
3.0210504064567347
3.0198521617948018
3.0188727414118883
3.0180713986811494
3.0174843541032645
3.0171573399294855
3.01705321825584
3.017177287705059
3.0191386919175787
3.0196890354513766
3.0203951520451757
3.021254363970649
3.0222326467191483
3.023246352892668
3.024344946534188
3.025440321096529
3.0265061232392934
3.0275910448610013
3.0285967160861347
3.0295570510838323
3.0305123801561864
3.031391991793148
3.0322813510105817
3.0331710287625095
3.0340225619575603
3.0349557065640425
3.035866654629627
3.038977644512373
3.039890266848184
3.04075320095529
3.0415221746046335
3.042183741927172
3.0427319083421063
3.0430854318226723
3.043280161192583
3.0432869704821544
3.0430484139074343
3.042656315993338
3.0420716106708845
3.0413493438438843
3.0405516824997956
3.039659289388074
