3.042843238421447
3.043274314419979
3.0436800918504994
3.0441115203949662
3.044606877066485
3.04509409308431
3.0455589011256907
3.0459667679623412
3.0462708192071024
3.0464396317531643
3.0464770832054318
3.046322460608352
3.046000202714817
3.045444940750289
3.044708004699242
3.0437515830125763
3.0425661920712095
3.041214414855605
3.0396412440389797
3.0378963648616457
3.0359712244039736
3.03387689467216
3.031679632013088
3.0293513323213497
3.0269792960778252
3.0245957269756665
3.0222002806473602
3.019912758639456
3.017762823252281
3.0157574982235342
3.014029388644338
3.0125611138958717
3.0113399690184437
3.0104986221062466
3.0099247419086046
3.009664517639526
3.0096975281905123
3.0099724226281874
3.0105125428387005
3.011222190293542
3.0121096618648835
3.0131205041915563
3.01420008600876
3.0153539964779803
3.016452923341898
3.0174373730370543
3.0182687257977414
3.0186799477646944
3.0185140686532623
3.0175124732793956
3.0163361988632484
3.0123318844688605
3.0060374892902084
2.9967579896027488
2.983687003166327
2.965950888810082
2.942706195415873
2.912982854639088
2.8759408398390782
2.8309073859216864
2.777302444455856
2.714923961662829
2.6438624017606074
2.5646393904425118
2.478214276853846
2.386004593051385
2.2899579241856354
2.1923587084676734
2.0958302833231217
2.003367000896516
1.9178837389987025
1.8423122358109316
1.779463686561088
1.7316331255647168
1.7006161913725828
1.6877149374688085
1.6934537066723436
1.7175812375163515
1.759212859373833
1.8167745948630738
1.8881037052227607
1.9706177473730901
2.0614242262144478
2.1575366506132854
2.2559593442354564
2.3538951985122
2.44881314750178
2.5386345369304877
2.621683885751101
2.696759578728201
2.7631960087522005
2.8207026216417765
2.8693989830016506
2.909712341548561
2.942302855140782
2.9680132961561596
2.987761189272347
3.002444107490118
3.012968099285954
3.0201395536910702
3.0246981996644786
3.0272525117313833
3.0283322064770988
3.0283764794348853
3.027715696612913
3.0265969970731805
3.025247556351129
3.0237991374109594
3.022387771164855
3.0210587129756465
3.019860057057682
3.0188802910767105
3.0180786547285665
3.0174913561567243
3.0171641193400616
3.0170598033626423
3.0171837066257186
3.019145051524805
3.019695289869518
3.02040132399137
3.021260470673984
3.022238700457166
3.023252358466328
3.0243509012379914
3.0254462181059996
3.026511951943835
3.027596788755728
3.0286023496499337
3.0295625468201783
3.030517713313542
3.0313971400012645
3.0322863036864387
3.0331757908051995
3.0340271518467903
3.034960159591637
3.035871022260689
3.038982092703193
3.039894758409483
3.0407578027729105
3.041526946296459
3.04218873050561
3.0427371524135847
3.043090951014823
3.043285952630408
3.043293009969481
3.043054654510237
3.042662691564841
3.0420780449768263
3.0413557542104908
3.0405579907579297
3.039665428423326
