3.0428316569553155
3.043261811856561
3.043666516824888
3.044096709684255
3.044590671307959
3.045076392739685
3.0455396541166926
3.0459459824712223
3.046248582791775
3.046416084546507
3.0464524138537383
3.046296895444896
3.0459739866939
3.045418326831779
3.044681226392398
3.0437248413214113
3.0425396494308483
3.0411881900599753
3.0396153781378166
3.0378708573827886
3.0359460513162033
3.033851999221396
3.031654949297825
3.0293268076251794
3.0269548741740904
3.0245713728998425
3.022175997296727
3.0198885506930835
3.0177387009216927
3.0157334807695055
3.0140054701317487
3.0125372805882975
3.011316188156872
3.010474814150051
3.009900790422461
3.0096402760965537
3.0096728169665523
3.009947053208072
3.0104863111805864
3.0111948916234943
3.01208109818363
3.0130904603323336
3.0141683269009807
3.015320271168406
3.0164169392724665
3.0173987692259776
3.0182270518866936
3.0186346095172527
3.0184642958437773
3.0174572599572373
3.016274084031825
3.0122615765660807
3.0059571730374013
2.9966655753523836
2.983580178258768
2.9658272251984066
2.9425632949881644
2.912818536835271
2.875753359348176
2.830695674438467
2.777066384605036
2.714664602995179
2.643582161740623
2.5643421502867283
2.477905444761065
2.385691033872539
2.289647758347688
2.1920609846762265
2.095554509879684
2.0031225710678684
1.9176792329800088
1.8421547715327882
1.7793583075246013
1.731582403616616
1.7006199967155333
1.687770401584647
1.6935553932030367
1.7177214442765627
1.7593820759962848
1.8169621006417145
1.888298267596561
1.9708083235043536
2.0616006895160073
2.1576904204114045
2.2560838503639644
2.3539861672739053
2.4488686415370307
2.5386548253015304
2.6216711432458926
2.6967175019014196
2.7631293626176467
2.820616785701225
2.8692995457156245
2.909604689393281
2.9421918393295545
2.9679029592821475
2.987654612545034
3.002343366246124
3.012874339707498
3.0200531902419727
3.024619128182713
3.0271803010440346
3.02826624325702
3.028316120071626
3.027660295707933
3.0265459355949336
3.025200257086537
3.0237550790944487
3.0223464789860257
3.0210197727232284
3.01982312595082
3.018845072217302
3.0180449069188917
3.017458889491136
3.017132778117391
3.017029449558563
3.017154213389732
3.019115961790374
3.019666801168195
3.020373329141136
3.0212328843866234
3.022211458193329
3.023225419055776
3.0243242556054826
3.0254198791537945
3.0264859512552635
3.0275711759749377
3.028577213388638
3.0295379849434347
3.0304938160459356
3.0313739976462863
3.032263961610029
3.03315424187336
3.034006333362129
3.034939943279425
3.035851213903358
3.038962000223778
3.0398745618628915
3.0407372208773626
3.041505714826766
3.042166636500861
3.042714013096689
3.0430666580517007
3.043260485821586
3.043266437593313
3.043027137076452
3.0426344766531654
3.042049429694848
3.04132707745042
3.0405295878915246
3.0396376018905253
