3.0428447323950234
3.0432759403019656
3.0436818567691653
3.0441134270000427
3.044608923501815
3.0450962709885423
3.0455611974379257
3.0459691658455146
3.0462732980059375
3.0464421690524697
3.0464796553077615
3.046325044776775
3.0460027780536
3.0454474891549395
3.0447105117759725
3.043754039313857
3.0425685935874833
3.041216760858262
3.039643537684359
3.037898611593403
3.035973431651109
3.03387907209429
3.03168179002743
3.0293534801703883
3.02698144328496
3.024597883583513
3.0222024552752447
3.0199149605619717
3.0177650616934963
3.0157597812228762
3.01403172487701
3.012563513304948
3.0113424417726082
3.010501179656596
3.0099273962199993
3.009667280531241
3.009700412568004
3.0099754416470565
3.010515710556028
3.0112255227927993
3.0121131765048568
3.013124220253954
3.014204024893388
3.0153581820938204
3.016457384077677
3.017442143360985
3.0182738464334453
3.0186854666712133
3.018520041345404
3.0175189628611694
3.016343295645455
3.0123396415236887
3.006045983639769
2.996767291997004
2.983697172003704
2.9659619629762575
2.94271818480373
2.91299572993851
2.8759545234871355
2.830921745245
2.777317289696506
2.7149390444897383
2.643877417954562
2.564653990727365
2.4782280804266126
2.386017209700367
2.2899689791957667
2.192367874855535
2.0958373131000547
2.003371752522836
1.9178861960268692
1.8423125133186955
1.7794620293937458
1.7316298938914618
1.7006118436717683
1.6877100068442805
1.6934487692241686
1.717576874390751
1.7592096211743935
1.816772963775088
1.8881040615595248
1.9706203472016253
2.061429186735561
2.1575439521416078
2.2559688412514287
2.353906638575812
2.448826196591611
2.5386488073892313
2.621698965367104
2.6967750539087314
2.7632114898523237
2.8207177642141326
2.8694135041412574
2.909726031328466
2.942315578356542
2.9680249894953032
2.9877718469173313
3.0024537659904524
3.0129768226388447
3.020147423481575
3.0247053050491797
3.0272589430445396
3.0283380531973334
3.028381825591982
3.0277206200113
3.0266015673516846
3.0252518337193823
3.0238031726299734
3.022391607086665
3.0210623852923315
3.0198635941336227
3.0188837173124052
3.018081990113031
3.017494617116102
3.017167319910196
3.017062956998643
3.0171868234318175
3.0191481674594867
3.019698376372011
3.0204043815615047
3.021263497472818
3.022241693354803
3.023255312587656
3.024353810644479
3.025449075581989
3.0265147491166053
3.0275995180870092
3.0286050041614168
3.029565123077577
3.030520212024396
3.0313995654566894
3.0322886647494274
3.033178100939282
3.034029427813885
3.0349624209653223
3.0358732892610116
3.0389844257922594
3.0398971308203526
3.0407602287983178
3.0415294372419623
3.042191291264496
3.0427397828430154
3.0430936444855923
3.043288695292934
3.043295784355477
3.0430574399825012
3.0426654657520205
3.042080787041333
3.041358444619848
3.0405606131409484
3.0396679706044
