3.0428430376235935
3.0432741141474664
3.0436798776957694
3.044111270775188
3.044606567117081
3.0450936989217716
3.0455584002256906
3.0459661431284797
3.0462700611267235
3.0464387367626697
3.046476054072354
3.04632130656985
3.0459989378660364
3.045443583918119
3.0447065757639056
3.0437501024535822
3.042564680093397
3.041212889058807
3.0396397154282226
3.037894839755809
3.035969706917794
3.0338753864962897
3.0316781350139936
3.0293498476194185
3.0269778253167194
3.024594275276876
3.0221988563700277
3.0199113722782207
3.0177614863470037
3.0157562222325636
3.0140281822281527
3.01255998567092
3.011338924919752
3.0104976631922526
3.0099238642571673
3.009663711806067
3.0096967810792106
3.009971719598826
3.0105118674934066
3.0112215283525887
3.012109000712391
3.0131198313329617
3.014199388400371
3.0153532608293796
3.0164521346518662
3.0174365127545744
3.0182677692538213
3.01867885618524
3.018512785849336
3.0175109159669633
3.016334243664769
3.0123293943995706
3.0060342750093705
2.9967538144563113
2.9836815822454126
2.9659438981085873
2.9426972832181684
2.912971658615395
2.875927009308352
2.8308906106663705
2.7772824931287605
2.714900713392309
2.6438358813386493
2.5646097933727354
2.478181994660848
2.3859702276250983
2.2899222854587356
2.192322800945203
2.095795270460848
2.0033341512814475
1.917854343531202
1.8422875172488191
1.7794447043659103
1.7316206976824295
1.7006108360857162
1.6877168393306612
1.6934627069146786
1.7175968358119151
1.7592342423125682
1.8168006831743018
1.8881332221715637
1.9706492988726545
2.0614563939200305
2.157568089832732
2.255988867938375
2.3539218459033524
2.448836220198461
2.5386536135404993
2.6216988117359414
2.6967704354182596
2.7632030727618226
2.820706318622082
2.8693998439449553
2.909710953038872
2.9422998109983007
2.968009151230934
2.987756420545655
3.002439089322687
3.01296309411507
3.0201347284080327
3.0246936468574086
3.0272482727363172
3.028328289751361
3.0283728799516334
3.027712401492267
3.026593988606434
3.0252448125040856
3.0237966333411217
3.022385480851551
3.0210566118112436
3.019858122628564
3.0188785035749666
3.0180769985210656
3.017489819257344
3.017162692228427
3.017058478901372
3.0171824766422706
3.0191438858783917
3.019694188689388
3.0204002710686337
3.0212594507750024
3.0222377006504124
3.023251366819749
3.024349909325285
3.025445219889106
3.0265109434331743
3.027595768758528
3.0286013226644766
3.0295615231364157
3.030516706735171
3.0313961682541235
3.0322853826278715
3.033174934104763
3.0340263683584956
3.034959451118434
3.035870382089483
3.038981481259962
3.039894175518138
3.0407572215341663
3.041526338201245
3.042188068689878
3.0427364091786284
3.0430901025008734
3.043284980060435
3.043291904046206
3.0430534160958387
3.0426613330786694
3.0420765879888805
3.0413542284962567
3.0405564296070233
3.0396638650901915
