3.04283236895216
3.043262528264699
3.043667459390198
3.044098158265704
3.0445929354584393
3.0450797507872154
3.0455443552074577
3.045952220628355
3.0462564651026707
3.046425645062567
3.046463611894244
3.0463096138476446
3.045988056344852
3.0454335273229587
3.044697319785981
3.0437415914359995
3.0425568408897012
3.0412056357408055
3.0396329514383362
3.0378884636813193
3.035963615822358
3.033869478865125
3.0316722980538224
3.0293439681721743
3.0269717804913814
3.0245879265401174
3.0221920674157667
3.019903999932563
3.0177533869011293
3.0157472545842
3.0140182182866475
3.0125489073696063
3.0113266384503934
3.01048409638358
3.0099089638935124
3.0096474458124725
3.009679125114591
3.0099526504559337
3.0104913611223885
3.0111995477167555
3.0120855055373603
3.013094767665467
3.0141726877003197
3.015324846277502
3.0164219350138435
3.0174044765645247
3.0182338873381225
3.0186432081884202
3.0184755544972663
3.0174724524864573
3.016295033296879
3.012290372510314
3.00599659458507
2.996718978212957
2.98365146506553
2.9659207297973205
2.9426836031067407
2.912970217217051
2.875940637539226
2.830922059761652
2.7773342098324356
2.7149746316660233
2.64393316612721
2.564730609861412
2.478325289969211
2.3861335386665896
2.2901016596575285
2.1925127983905304
2.095989138407125
2.003524098564945
1.9180319742048038
1.8424443114780757
1.7795725224403458
1.7317122805490297
1.700660268976664
1.6877199400607816
1.6934172872485773
1.7175028875245728
1.7590939497936824
1.8166183019265179
1.887914797827674
1.9704022510467625
2.061189034069078
2.1572890690185353
2.25570666420022
2.353644285982984
2.4485701249483625
2.538404539894495
2.6214708928519395
2.6965663446479633
2.7630240518378235
2.8205523255170477
2.869269741539655
2.9096027650889664
2.942211027735493
2.967937016258219
2.9876981739570736
3.002392133934681
3.012925130062769
3.020103785846843
3.0246680866977274
3.027226753621514
3.0283097325134385
3.028356430218623
3.027697394025178
3.0265799097956183
3.025231277910038
3.023783364369134
3.0223722748953907
3.021043320620466
3.019844644250053
3.018864763406021
3.0180629351591266
3.0174753827906864
3.017147860686662
3.017043254515953
3.017166890154442
3.019127895869395
3.0196780074726126
3.020383998497732
3.0212431986840995
3.022221577040815
3.0232354884612174
3.024334382928226
3.0254301360402516
3.026496367276792
3.027581724108261
3.0285877946226014
3.029548449832367
3.0305039873603086
3.0313836655691038
3.0322729473088272
3.0331624087793774
3.0340136122504044
3.0349463544557196
3.035856883514558
3.0389674179424597
3.039879748826189
3.0407425012682694
3.0415114358637476
3.042173136542497
3.042721626822072
3.0430756490054294
3.0432710344494387
3.0432786090425172
3.043040875570365
3.0426496004316954
3.042065665418174
3.04134407524499
3.0405469607957265
3.0396549664038055
