3.0428439267397263
3.043275060462442
3.043680908943464
3.044112422304338
3.0446078765034996
3.0450951988355905
3.0455601192118986
3.045968100868692
3.046272264183549
3.0464411822791293
3.0464787284652237
3.046324186648418
3.046001993931974
3.0454467802534233
3.044709875691437
3.0437534705441927
3.0425680848503216
3.0412163041610976
3.0396431240782933
3.0378982316462366
3.035973076393126
3.0338787330627888
3.031681458136698
3.0293531464319527
3.026981098131774
3.0245975160197665
3.022202054466181
3.0199145149737685
3.017764559231989
3.015759209924736
3.014031073637293
3.012562771423437
3.0113416007232034
3.0105002327001253
3.0099263382428663
3.0096661085039056
3.00969912472214
3.0099740368188725
3.010514187896725
3.01122388047244
3.0121114125850754
3.0131223320302256
3.014202008134227
3.0153560317350174
3.016455095386381
3.017439712835115
3.018271273376862
3.01868275705458
3.018517209404042
3.0175160361798
3.0163403131634956
3.012336677935447
3.006043133067104
2.996764678698992
2.983694952819162
2.965960327350579
2.942717351535062
2.9129959398069696
2.8759560288598554
2.830924796381721
2.7773221156421064
2.7149458348678053
2.6438863000945654
2.564665008061217
2.4782411724504985
2.38603219320996
2.289985538523493
2.192385558430101
2.0958555445345963
2.003389851639923
1.9179034139408448
1.8423280744644654
1.7794751773495303
1.7316399385945502
1.700618205106492
1.6877122538320202
1.6934466468112168
1.717570323669783
1.7591987843555352
1.8167581771544141
1.8880858340827311
1.9705993259063312
2.0614061145670606
2.1575196181768534
2.255944032469346
2.353882093551558
2.4488025688581816
2.538626638218366
2.6216786659586404
2.6967568997247007
2.7631956213818163
2.820704198940117
2.8694021532541707
2.909716722205914
2.9423080817976546
2.9680190463856153
2.987767193655441
3.002450151391352
3.012974022291078
3.020145245521175
3.024703591864976
3.027257568013738
3.0283369163791702
3.0283808498084035
3.0277197467042813
3.0266007522292666
3.0252510441504645
3.0238023857002636
3.0223908069576364
3.0210615609034313
3.019862738638349
3.018882826274739
3.018081060254443
3.0174936457318835
3.017166306066972
3.017061901327657
3.01718572890435
3.019147031877296
3.0196972163291087
3.020403205852186
3.02126231603029
3.0222405159135373
3.0232541493833036
3.024352671402003
3.025447968785828
3.0265136811582796
3.0275984920389547
3.0286040198544075
3.029564176457664
3.03051929530242
3.0313986673746802
3.032287772716654
3.0331772011904095
3.034028507606082
3.034961469937465
3.035872301279066
3.0389833881824715
3.0398960586022037
3.0407591277912926
3.041528317299357
3.042190165980392
3.042738668212614
3.0430925570468195
3.0432876517543734
3.043294798525811
3.0430565222781363
3.042664621975419
3.0420800180731966
3.0413577470397457
3.040559979341054
3.039667389651548
