3.0428359886596636
3.0432664627062915
3.0436715737561326
3.044102272249994
3.044596843307639
3.0450832577197247
3.045547273927041
3.045954389516713
3.046257770346692
3.046426014215625
3.0464630173871354
3.0463080797480755
3.0459856413501076
3.0454303285540236
3.0446934557006515
3.043737188842716
3.0425520209759163
3.0412005077069044
3.0396276031835856
3.037882971903885
3.0359580501605645
3.033863891919868
3.0316667512006066
3.0293385299132787
3.0269665258441423
3.0245829534642192
3.0221874856885496
3.0198999217326086
3.0177499279972
3.015744531646515
3.0140163262744966
3.0125479288180093
3.01132662765104
3.0104850682534288
3.009910906955704
3.009650321446
3.009682874680636
3.0099572160425003
3.010496679196712
3.011205565914296
3.0120921756748267
3.0131020438217755
3.014180527925374
3.0153332076827466
3.016430751431596
3.017413630424141
3.018243186762625
3.018652324001055
3.018483997331507
3.017479498328343
3.016299655468839
3.0122912580453676
3.0059920321561884
2.9967068749025785
2.983629353776561
2.9658858318227725
2.942632929541789
2.9129007333291805
2.875849466841621
2.830806708356534
2.777192859553299
2.7148063872208184
2.6437383327298623
2.5645109131089354
2.4780840541250413
2.3858757926565253
2.289834095005569
2.192243610158232
2.0957276556939135
2.0032803076338253
1.9178158761627548
1.8422652774784851
1.7794386686308554
1.7316299375538282
1.7006335565510784
1.6877504694579983
1.6935040543346438
1.717642285013891
1.7592799732303455
1.8168429202229113
1.8881684801532728
1.9706746035062752
2.0614694765451924
2.1575675123483258
2.255974076140717
2.3538931468300373
2.448794692336824
2.538600959138746
2.62163717452741
2.6967022176421063
2.7631307507367007
2.820632277509253
2.8693262458314392
2.909639622875277
2.942232166649818
2.967946165995553
2.9876986313055554
3.002386642088775
3.0129158323246354
3.020092288122982
3.0246555456597686
3.0272139839612175
3.028297289746277
3.0283446907873692
3.0276865902345342
3.026570170775045
3.0252226553384167
3.023775853776841
3.022365834282666
3.021037894297709
3.019840172424747
3.018861183739076
3.018060198916206
3.0174734537764287
3.017146693135662
3.017042785793973
3.0171670382100606
3.0191284974636785
3.0196789809453257
3.0203852237918234
3.021244553925245
3.022222953240404
3.0232367823326234
3.024335510194317
3.0254310344424185
3.0264970044535313
3.027582111895682
3.0285879888721823
3.0295485459072298
3.030504105927117
3.0313839514521623
3.0322735339655447
3.0331634094779667
3.0340151036590837
3.0349483577895464
3.0358593544730588
3.0389701852879307
3.0398827268029454
3.040745516579563
3.0415142903812957
3.0421756223143053
3.042723530180451
3.043076792576741
3.04327128162811
3.043277888725483
3.043039187501989
3.04264701780259
3.042062319482179
3.0413401427818343
3.040542648275802
3.0396504867110026
