3.0428272606056415
3.0432570602762845
3.0436613887059014
3.0440911819832346
3.044584726937775
3.045070036754993
3.0455328959632704
3.0459388438603225
3.046241106620025
3.046408319363907
3.0464444181587664
3.0462887340072125
3.0459657235966757
3.045410023473918
3.0446729385882305
3.0437166136304414
3.042531514320457
3.041180166214769
3.039607474262209
3.037863071126041
3.0359383702725964
3.0338443970769475
3.0316474024947224
3.0293192947573377
3.026947367466141
3.0245638511597237
3.022168441684453
3.019880942054737
3.017731027960747
3.015725734652033
3.013997636508208
3.012529344130768
3.011308130435318
3.01046660703426
3.0098924056544925
3.009631677503875
3.0096639569270844
3.0099378849551877
3.010476777555117
3.01118493387671
3.0120706535733586
3.013079460149938
3.014156699789397
3.0153079373061473
3.0164038059093463
3.017384721264465
3.0182119587587835
3.018618309420189
3.01844659378175
3.0174379203681982
3.0162527596913034
3.0122380114037597
3.0059309947999973
2.9966363920138908
2.9835475789023445
2.9657908042792185
2.9425226850177
2.912773450460291
2.875703633914765
2.830641304964523
2.777007572853159
2.71460178748535
2.64351604830277
2.5642737242294453
2.477835952053908
2.3856219496525193
2.289580727667897
2.191997744429486
2.09549677521673
2.0030719328577895
1.9176370528024742
1.8421220790545751
1.7793357170623385
1.731570052477208
1.7006175135619435
1.687776903578051
1.6935695431262294
1.7177415339199003
1.7594061278183761
1.8169879978596142
1.8883238880748443
1.9708316747941987
2.0616200228353265
2.1577043236379367
2.2560913139671657
2.3539866203386337
2.4488619589200504
2.5386412878309015
2.621651382164351
2.6966924216337747
2.763100053448895
2.8205844189237608
2.8692652855395364
2.909569620520193
2.9421569082956873
2.9678689379844703
2.987622086213363
3.002312733862665
3.0128458310198267
3.0200268794175553
3.0245949666356426
3.0271581616617147
3.0282459482424664
3.028297468071042
3.0276430818966813
3.026529968801885
3.025185366624455
3.023741110638274
3.022333294253113
3.021007253661654
3.0198111728331547
3.0188335959215804
3.018033834028787
3.0174481603082226
3.0171223416684505
3.017019259799947
3.017144234813057
3.0191060724741927
3.0196570816818857
3.0203637642299865
3.0212234593272864
3.02220216645443
3.023216262552991
3.0243152376463662
3.025411009277624
3.026477245962838
3.0275626529096917
3.0285688867545257
3.029529867251214
3.0304859142104035
3.0313663129109
3.032256484392723
3.0331469497078416
3.033999195897607
3.0349329133618497
3.0358442374998678
3.038954885613775
3.0398673856559553
3.0407299236421688
3.041498238770851
3.04215894079021
3.042706070963269
3.043058462919702
3.0432520516470367
3.0432577924917013
3.0430183288635875
3.042625566916824
3.0420404871111852
3.041318176967684
3.0405208029802053
3.039628998207875
