3.042843226770051
3.043274327549109
3.043680155732387
3.0441116631292178
3.0446071259507757
3.045094470027396
3.045559424233995
3.04596744972665
3.0462716639262846
3.0464406371037285
3.0464782402818744
3.046323754449304
3.0460016143775155
3.0454464482812047
3.0447095864240983
3.0437532189951533
3.0425678657347053
3.0412161115999816
3.039642952645784
3.037898075147235
3.035972928052551
3.033878585779072
3.0316813022533813
3.0293529717168086
3.0269808941491574
3.024597271245188
3.022201757684703
3.0199141556781055
3.0177641272403486
3.0157586967989296
3.0140304735601315
3.012562080443809
3.0113408172121408
3.010499356846913
3.009925371184025
3.0096650516096375
3.009697978607563
3.009972801499456
3.010512863310884
3.0112224659790656
3.012109906613337
3.0131207327601617
3.014200315067512
3.0153542464708782
3.016453225329431
3.0174377736154305
3.0182692917544562
3.018680774709952
3.0185152867804437
3.0175142585072017
3.0163387906747845
3.0123355531146165
3.006042573758525
2.9967648775113505
2.9836961213885926
2.9659626867050166
2.9427211186130773
2.9130013101849492
2.875963161127401
2.830933793705004
2.7773330048827654
2.714958551065156
2.6439006714651225
2.5646807467828556
2.4782578713657144
2.386049334018667
2.2900025120101
2.1924016955674124
2.095870157302871
2.0034022741093658
1.9179130442359411
1.8423344099201815
1.7794778453742526
1.7316387210516009
1.7006130544416547
1.6877032970047312
1.693434178355789
1.717554788435133
1.7591807482593957
1.8167382887244656
1.8880647797569572
1.9705777882756075
2.061384733198361
2.157498957482196
2.2559245596995248
2.353864166480233
2.448786431586655
2.538612423285716
2.621666402245496
2.696746525626975
2.763187002876818
2.820697152099485
2.869396466380803
2.909712179602256
2.9423044810118224
2.9680162049835106
2.9877649543341986
3.0024483827446655
3.0129726163345834
3.020144112835732
3.0247026586144723
3.0272567750939143
3.0283362172703714
3.0283802081928677
3.02771913567512
3.0266001521045585
3.02525044098289
3.02380176916542
3.022390169936237
3.0210608980952687
3.01986204533953
3.018882099005837
3.018080296799709
3.01749284640204
3.0171654743890484
3.01706104247895
3.017184849249709
3.019146138731924
3.019696320256285
3.0204023147788956
3.0212614379386453
3.022239658233433
3.023253318761106
3.0243518714457407
3.0254472006308424
3.026512942744646
3.027597777933935
3.028603321961113
3.0295634853371496
3.0305186010845278
3.0313979601896444
3.032287044974763
3.033176448370166
3.0340277288323447
3.0349606677379466
3.0358714809117116
3.0389825558955432
3.039895228431991
3.0407583118014014
3.041527528029757
3.0421894162781244
3.0427379681793703
3.043091913318581
3.043287067500161
3.043294272541381
3.0430560499288646
3.0426641960003664
3.042079629008282
3.0413573841031334
3.0405596317846006
3.039667048070729
