3.042838354926901
3.0432689759136475
3.0436743149826038
3.044105345789463
3.044600364698753
3.0450873229980315
3.045551966496628
3.045959768562347
3.0462638550642684
3.04643279669611
3.0464704599017978
3.0463161141861446
3.045994181108356
3.045439271796189
3.0447026954806087
3.04374662143845
3.0425615524678626
3.041210064999465
3.039637141713341
3.037892463540108
3.0359674770909373
3.033873253943984
3.031676048946332
3.02934775996035
3.0269756840084385
3.0245920192900986
3.0221964240909363
3.019908695465034
3.0177584941978344
3.0157528447742528
3.0140243533150577
3.0125556400806053
3.0113340080713784
3.0104921309437964
3.0099176845221205
3.0096568661443674
3.009689259240858
3.0099635163633742
3.010502979934479
3.0112119460194795
3.0120987109055184
3.013108816323952
3.0141876218212653
3.01534071017308
3.0164387639467414
3.0174222867213594
3.0182526619780417
3.0186628738261256
3.0184959744428914
3.0174933915488795
3.016316176709529
3.012311156660867
3.0060163437386236
2.9967368456742203
2.9836664302245635
2.965931617470983
2.9426891177960224
2.912969009279734
2.8759313795208086
2.8309035297747025
2.777305405061634
2.714934870180768
2.643882208918027
2.5646687617359056
2.478253490157701
2.386053428257104
2.290015587138929
2.1924237709281584
2.095900684142599
2.0034400956349847
1.9179564187337905
1.842381089933059
1.7795251926664994
1.731683864635478
1.7006530546813785
1.6877353288388521
1.693455706194265
1.7175637396102925
1.7591756494784732
1.8167183735281989
1.8880300482176864
1.9705289931219654
2.061323320487224
2.157426937844149
2.255844350933967
2.3537784113899685
2.4486978210354295
2.538523535978243
2.6215795645797035
2.6966637189368807
2.7631097821701553
2.820626608567229
2.8693332200432105
2.9096564007358126
2.9422559560477692
2.9679744267901027
2.9877292319803828
3.0024179289317203
3.0129466348093565
3.0201218507997174
3.0246834424006046
3.0272400197960163
3.0283214222754276
3.028366957326659
3.02770708484585
3.0265890200984717
3.025240002396842
3.0237918488588957
3.0223806304982284
3.021051632552333
3.019852976555293
3.0188731655340746
3.0180714498588603
3.0174840433749375
3.017156679570954
3.017052225612268
3.0171759934601585
3.019137153478331
3.019687307196657
3.0203932926214483
3.021252433408626
3.0222307017551424
3.023244447387524
3.0243431270511607
3.0254386262338544
3.0265045812026994
3.027589662964064
3.0285954783792977
3.0295559197229056
3.030511299793696
3.0313908906976885
3.0322801572925293
3.033169674563678
3.034020992556256
3.034953889691079
3.0358645911721567
3.038975377503313
3.0398878477078997
3.040750701599919
3.041519681536703
3.0421813523474808
3.0427297286352637
3.0430835601382
3.0432786820770406
3.043285940277649
3.0430478563024357
3.042656218220152
3.0420719276781183
3.04135000442267
3.040552597466746
3.039660360255251
