3.042844010965523
3.0432751674385323
3.043681040355737
3.0441125779888267
3.0446080548935117
3.045095397035411
3.045560333325979
3.04596832626509
3.046272495881832
3.0464414152614276
3.046478958330767
3.0463244094979993
3.0460022066193506
3.0454469810747513
3.04471006458281
3.043753648256757
3.042568252417121
3.041216462333442
3.0396432738251606
3.037898373973222
3.0359732117100204
3.0338788612707708
3.031681578682163
3.0293532586092837
3.026981201751802
3.024597611395282
3.022202142127309
3.019914595758142
3.017764634626644
3.015759282141292
3.0140311455700974
3.012562846534232
3.0113416819279286
3.0105003226712386
3.009926439003909
3.009666221036425
3.0096992495249424
3.0099741743102184
3.0105143386670075
3.011224045378124
3.012111592446357
3.013122528244871
3.0142022238088098
3.01535627219749
3.0164553692567018
3.01744003232048
3.018271654605602
3.018683220167719
3.018517779747974
3.017516744051795
3.0163411942983736
3.012337764300174
3.0060444572517087
2.996766267951233
2.9836968253301666
2.9659624873885906
2.9427197850301416
2.9129986112133794
2.8759588793090396
2.8309277429705912
2.7773250519609722
2.714948633348177
2.643888817028263
2.564667090842023
2.4782426692749047
2.3860329674135117
2.289985483228171
2.192384611285984
2.0958536974309663
2.003387154394139
1.9178999708127062
1.8423240369452296
1.7794707354325503
1.7316353098070438
1.7006136220338282
1.687707949124745
1.6934428384174225
1.7175671990875163
1.7591964871041519
1.8167567956114246
1.8880853963749658
1.9705998017320447
2.061407421733283
2.157521634201544
2.255946607745133
2.353885065781224
2.4488057745834686
2.5386299223298705
2.6216818896188503
2.696759946663259
2.7631984036075514
2.820706659819577
2.869404268918644
2.9097184985890587
2.942309546988357
2.9680202407410787
2.9877681610830793
3.0024509345916646
3.012974658375008
3.0201457648403003
3.0247040185390346
3.0272579221870686
3.028337214906066
3.028381106479239
3.027719972645
3.026600956207804
3.02525123273631
3.023802563312727
3.022390976664222
3.0210617247891274
3.0198628976280464
3.0188829812437024
3.0180812129144723
3.017493798825345
3.017166462537471
3.017062063558666
3.017185898240522
3.019147211920895
3.01969740364134
3.020403399578546
3.021262515206118
3.0222407192952185
3.0232543549970834
3.0243528760395564
3.0254481685640746
3.026513872095654
3.0275986706488
3.02860418357543
3.0295643242528962
3.0305194277613974
3.0313987867841354
3.0322878827973367
3.0331773073280424
3.0340286156149325
3.0349615853314793
3.035872428423491
3.038983534878006
3.0398962233068785
3.0407593124508416
3.041528522133553
3.042190389176336
3.042738905709729
3.0430928032725495
3.043287900027255
3.0432950423600413
3.043056755845859
3.0426648407910637
3.042080218910395
3.0413579281186367
3.040560140513604
3.0396675327148954
