3.0428360287787166
3.043266492195062
3.0436716412812794
3.0441024388885136
3.0445971792639717
3.045083827612756
3.0455481378496168
3.0459555952962094
3.0462593456821874
3.046427970750805
3.0464653497194463
3.0463107653576595
3.0459886443217474
3.0454336006866116
3.0446969448244356
3.0437408430923933
3.042555790634981
3.0412043473271853
3.0396314808405123
3.037886864501246
3.035961939148986
3.033867765752227
3.0316705969565563
3.0293423327171762
3.026970269819106
3.024586616337497
3.0221910371664054
3.019903329441661
3.0177531572967276
3.015747546434932
3.014019100020472
3.0125504386032436
3.011328858396667
3.01048701855675
3.0099125870922467
3.0096517528385736
3.0096840879801583
3.009958243931851
3.010497559321193
3.011206334301189
3.0120928651562946
3.013102686974168
3.0141811590330616
3.0153338646976646
3.016431482437876
3.017414503257551
3.018244297169539
3.0186538164338037
3.018486075857493
3.017482453912269
3.0163039055533236
3.0122972812330526
3.006000460122317
2.9967184726539746
2.983645013457612
2.9659065469912704
2.9426597533721175
2.912934718745574
2.8758915948065185
2.8308578060806666
2.7772534929166417
2.7148767670861313
2.6438182219018165
2.5645995532271284
2.4781801048978163
2.3859773038688905
2.2899385349706725
2.192347932490482
2.095828430604226
2.0033738933041967
1.9178986484904228
1.8423338655576829
1.7794901905718075
1.7316622043723284
1.7006452269246246
1.6877411435520764
1.6934743025019765
1.7175936276993233
1.7592147941588239
1.816764318395596
1.8880800682317638
1.9705802779458175
2.0613731672208164
2.157472934423901
2.255884512915858
2.353811284786527
2.4487225244048916
2.5385397466580293
2.62158746247442
2.6966639044770204
2.763103186488548
2.820614390373321
2.8693166676189614
2.909636827155839
2.9422346059228666
2.9679523847816243
2.987707351837154
3.0023968219908843
3.0129266851620695
3.020103255059296
3.024666254045333
3.0272242042126347
3.028306896783522
3.0283536200830574
3.0276948208652312
3.0265777117441126
3.0252295372170024
3.023782119508701
3.0223715348874975
3.0210430815036995
3.019844895201656
3.0188654862109683
3.018064117579378
3.0174770194976928
3.017149936270951
3.0170457357947704
3.017169725808369
3.0191310056974845
3.0196813164955367
3.0203874304539795
3.0212466737393733
3.022225024800554
3.023238840634693
3.0243375812554656
3.025433134356428
3.026499140887974
3.027584280842259
3.0285901711152565
3.029550709796566
3.0305062120991764
3.0313859533336363
3.032275390095693
3.0331650876864553
3.034016585891368
3.034949646413371
3.035860473148738
3.0389712376320883
3.039883719678607
3.0407465240503186
3.041515390899963
3.0421768925384907
3.042725045552822
3.04307861450234
3.0432734533002233
3.043280429724611
3.043042088940662
3.042650243262351
3.042065811232298
3.0413438232326877
3.04054642960518
3.0396542823885433
