3.042842331592919
3.0432734265821053
3.0436792023659027
3.0441105906402126
3.044605854478006
3.045092919960582
3.045557511210714
3.0459650956223863
3.046268813117064
3.0464372495463965
3.0464743004778785
3.0463192720306527
3.0459966197032173
3.0454409909093627
3.044703726989693
3.0437470272137905
3.0425614134845085
3.041209466135345
3.0396361720996277
3.0378912124952473
3.035966023853217
3.033871664031332
3.031674386764759
3.0293460865143667
3.0269740587240834
3.024590514429432
3.0221951121369566
3.0199076590736444
3.0177578259390536
3.0157526423389704
3.014024708741289
3.012556647780991
3.0113357473689466
3.0104946644069406
3.009921059798825
3.0096611077210818
3.0096943709828077
3.0099694871648306
3.0105097854808367
3.0112195653645126
3.0121071192942996
3.013117991293342
3.0141975530395166
3.015351393659897
3.0164501944588933
3.0174344513476408
3.018265533891917
3.0186763790616453
3.0185099787645653
3.017507656367306
3.0163303494060942
3.012324651556155
3.006028384861409
2.9967463999417125
2.983672176087347
2.9659319345239377
2.942682099655539
2.9129525171100217
2.875903122169154
2.8308611758661755
2.7772467503159577
2.714858002533366
2.643785718217073
2.5645519435753457
2.478116543934579
2.3858976426884
2.289843457415994
2.192239076285015
2.0957084452004118
2.003246436045621
1.9177682965750624
1.8422059323632118
1.7793704611020393
1.7315565788907021
1.700559337424252
1.6876799922016743
1.6934419404988073
1.7175928787471544
1.7592470754579221
1.8168295328792143
1.888176599345368
1.9707050876486782
2.061521976191473
2.157640507645504
2.2560650062668657
2.353998632990737
2.4489108116577403
2.5387235506953174
2.62176213521073
2.696825743670572
2.7632495425819803
2.8207436682415348
2.869428267991105
2.909731044881209
2.9423124648194854
2.9680154654143664
2.987757595292818
3.0024363247510615
3.0129575068580423
3.020127283713996
3.0246851159174635
3.0272392340289924
3.0283191540690346
3.028363920616873
3.027703786732954
3.0265858181517737
3.0252371436904824
3.0237894885103946
3.0223788570921917
3.0210504914186256
3.019852476538282
3.0188732953988473
3.0180721894696942
3.01748537521489
3.0171585817255986
3.017054673619129
3.017178952030089
3.0191405978358663
3.0196911376936693
3.020397433754709
3.0212567946284756
3.022235192182512
3.023248973568756
3.0243475995200555
3.025442964596921
3.0265087189060895
3.027593557652329
3.0285991129873158
3.0295593065257727
3.030514484477797
3.0313939548063544
3.032283196731149
3.033172801964384
3.0340243184103617
3.0349575072627624
3.035868559258474
3.0389797508927687
3.039892555454972
3.0407556891173413
3.04152485398839
3.042186583672464
3.042734868414252
3.0430884535134313
3.043283169540059
3.043289884293923
3.0430511499207507
3.042658798974421
3.0420737824162387
3.041351169787423
3.0405531543150466
3.039660425838036
