3.0428448611513836
3.043276076002497
3.043682000903909
3.044113581822093
3.0446090916637543
3.045096454862847
3.0455613995411706
3.04596938832406
3.046273541932807
3.046442434916646
3.04647994265467
3.0463253522057276
3.0460031035488475
3.045447830080209
3.0447108651921075
3.043754402157097
3.0425689628852286
3.041217134024316
3.0396439127109
3.03789898686994
3.03597380626352
3.0338794459023486
3.0316821629819932
3.0293538522024996
3.0269818146134826
3.0245982540170018
3.0222028243490193
3.0199153276043953
3.0177654255733577
3.015760140522705
3.014032078514269
3.012563860116548
3.011342780995661
3.0105015111798363
3.0099277203092782
3.009667598241935
3.009700725828857
3.009975752834482
3.0105160226847643
3.011225839018938
3.0121135001760893
3.013124554947042
3.014204374113306
3.0153585495197586
3.016457774001701
3.0174425609250575
3.018274297670726
3.018685959523317
3.0185205861674174
3.017519573513708
3.0163439925919118
3.012340445210155
3.0060469226996602
2.9967684007770967
2.9836984909131954
2.9659635379231974
2.942720065686191
2.9129979681266676
2.8759571688025467
2.8309248423792583
2.7773208732946686
2.7149431346661084
2.64388201509945
2.564659071446706
2.478233594011715
2.3860230759615875
2.2899750882449235
2.192374088611779
2.095843469654383
2.0033776725748877
1.9178916918374678
1.8423173995788673
1.7794661353766394
1.73163307523131
1.7006139929744957
1.6877110617309932
1.693448716489066
1.7175757515639525
1.7592075144995527
1.816770003180869
1.8881004126985719
1.970616201287923
2.0614247486996016
2.1575394277870097
2.2559644249755144
2.3539025018465805
2.4488224794599502
2.538645612964518
2.6216963575645362
2.6967730585266745
2.7632100980200534
2.8207169382673243
2.86941318420283
2.9097261422372807
2.9423160368901042
2.968025711049237
2.9877727513884538
3.002454782627785
3.0129778931697837
3.020148503348838
3.0247063631116866
3.027259959330687
3.0283390165083253
3.028382730820621
3.0277214662658625
3.026602356117504
3.025252567797016
3.023803855838005
3.0223922438583477
3.0210629800691504
3.0198641512492594
3.0188842409919534
3.018082484102138
3.0174950845116557
3.0171677634190948
3.0170633789939805
3.01718722598197
3.0191485563293874
3.0196987498031174
3.0204047415951867
3.0212638463606014
3.0222420330915174
3.0232556449492933
3.0243541371539266
3.0254493973783285
3.0265150668926477
3.027599832159363
3.028605314364515
3.0295654289149416
3.0305205125707424
3.0313998592200377
3.0322889504204014
3.033178377326096
3.0340296941337286
3.0349626772548692
3.0358735365088205
3.0389846712178756
3.0398973721406435
3.0407604695212704
3.0415296815046453
3.0421915431231294
3.042740046269964
3.0430939227497262
3.043288990972191
3.043296098980753
3.043057773800901
3.0426658175497843
3.042081154321959
3.041358823546674
3.040560999095354
3.0396683585261846
