3.04283790867551
3.0432685579336676
3.0436738495528792
3.0441047277846467
3.0445994717433695
3.045086042259803
3.0455501908117313
3.0459574098866984
3.046260860082935
3.0464291385954336
3.0464661422462207
3.046311173033769
3.0459886757724144
3.0454332823660493
3.0446963134768765
3.0437399424837333
3.0425546690475183
3.0412030550123172
3.039630060558085
3.0378853528108984
3.035960368826379
3.033866165647221
3.0316689974466273
3.029340764212348
3.0269687646393733
3.0245852127141264
3.022189779191498
3.0199022652740997
3.017752337334679
3.015747022041455
3.014018913706952
3.012550629779683
3.0113294578664296
3.010488045688364
3.009914048555773
3.009653643225154
3.00968639373206
3.0099609472782136
3.010500638237204
3.011209769119775
3.0120966398153546
3.0131067884998037
3.014185575418828
3.0153385828725
3.0164364821969096
3.0174197505368903
3.0182497338795664
3.018659340379781
3.018491529316078
3.017487593144753
3.01630838138536
3.0123006243586365
3.0060020653478876
2.996717580007099
2.983640705407357
2.96589776559657
2.9426453339722034
2.9129134428463614
2.8758622551864326
2.83081928903872
2.7772048898201867
2.7148174785490773
2.6437480683250834
2.5645188698468377
2.4780898294259717
2.3858790397556633
2.2898345572996326
2.1922411559508017
2.0957223111097516
2.003272280434546
1.9178055663047902
1.842253270344961
1.77942571217782
1.7316168997155033
1.7006213719598786
1.6877400830034501
1.6934963649825898
1.7176380852414952
1.7592798992927596
1.8168474083676474
1.88817773774685
1.970688595323546
2.061487926057237
2.157589925913762
2.2559997823461675
2.353921348584212
2.4488245240998685
2.538631546017734
2.6216676863813513
2.69673191123343
2.7631590031312205
2.8206586064488146
2.8693503196031633
2.909661260778772
2.9422513268440147
2.9679629264318543
2.9877131635547656
3.002399180733811
3.012926639278116
3.020101627508245
3.02466366688491
3.027221109046905
3.0283036104591865
3.02835036699492
3.0276917556593284
3.0265749367676977
3.0252271120725935
3.0237800735665097
3.022369875519797
3.021041802715626
3.0198439820778256
3.0188649220848665
3.0180638870752388
3.0174771080508975
3.0171503251606975
3.017046405872227
3.017170653763168
3.0191321479491635
3.0196826282700373
3.0203888633403393
3.0212481782222973
3.0222265531453516
3.0232403452539156
3.0243390229852443
3.0254344840607263
3.0265003785039797
3.0275853991639936
3.0285911804368513
3.0295516380025598
3.030507100426925
3.0313868562735395
3.0322763631562943
3.0331661842225515
3.034017848068642
3.0349510990193167
3.0358621193503157
3.038973046648949
3.0398856524021993
3.0407485199629427
3.0415173788654126
3.042178793922053
3.0427267764130077
3.043080097278474
3.043274620299144
3.0432812335875337
3.0430425077847834
3.0426502827089488
3.0420655019629534
3.0413432204508197
3.040545605813403
3.0396533161420622
