3.042844546550201
3.0432757394935153
3.0436816385494403
3.0441131885331694
3.044608662320889
3.045095985445311
3.045560886655796
3.0459688302245698
3.0462729392270425
3.046441789599858
3.0464792585778584
3.0463246346489776
3.0460023586573572
3.045447064778692
3.0447100862901135
3.04375361598588
3.0425681749554414
3.0412163487527506
3.039643132773488
3.037898213558558
3.0359730397597993
3.0338786852064095
3.031681407085693
3.029353100029988
3.026981064971304
3.0245975064784685
3.022202079195433
3.0199145856490066
3.0177646880882314
3.0157594090532354
3.014031353962305
3.0125631432229536
3.011342071784831
3.010500808420115
3.009927021765558
3.0096669002111227
3.0097000234045455
3.0099750405516144
3.0105152941582007
3.011225087909991
3.012112720014036
3.0131237389412204
3.0142035152184805
3.0153576401147992
3.01645680522264
3.0174415220172426
3.018273175690547
3.0186847371660237
3.0185192410509467
3.0175180759973492
3.0163422990774453
3.0123385150633037
3.0060446990049634
2.9967658168676428
2.98369547039522
2.9659599974508666
2.942715918926644
2.912993131341519
2.8759515671901315
2.830918417511122
2.777313592522063
2.714934998757327
2.643873066819067
2.5646494005240723
2.478223341169702
2.3860124340127022
2.2899642984850805
2.1923634337198745
2.0958332613613266
2.0033682362029097
1.917883345788701
1.8423104337342109
1.779460789162668
1.731629519748155
1.7006123173902863
1.6877112657975277
1.6934507106900847
1.7175793612863028
1.7592124901504294
1.8167760354639593
1.8881071523683741
1.9706232808374722
2.0614318056341485
2.157546127617724
2.255970480436519
2.353907688613851
2.4488266439673554
2.538648674499532
2.621698304680166
2.6967739406221147
2.763210013651167
2.820716021279779
2.8694115907792614
2.9097240374947493
2.9423135826567384
2.968023054943407
2.987770018906901
3.0024520722535932
3.012975274685741
3.0201460203711337
3.0247040380484282
3.0272577993619225
3.028337018132633
3.028380885103628
3.0277197613379565
3.0266007790540304
3.025251105449094
3.023802495147753
3.0223909722916327
3.0210617862643376
3.019863025176856
3.0188831736013677
3.0180814679185017
3.017494113510768
3.0171668324798757
3.0170624836876274
3.0171863624104387
3.0191477115509757
3.0196979288402024
3.020403940580171
3.02126306172087
3.0222412620353394
3.0232548851941017
3.0243533871727797
3.0254486564756746
3.026514335164296
3.0275991102112014
3.028604603785111
3.0295647320154853
3.0305198318839697
3.0313991977856145
3.0322883103061966
3.033177759577297
3.034029098433319
3.0349621012572836
3.035872975960163
3.0389841075096724
3.03989681035467
3.040759901448512
3.0415290985735064
3.0421909380304406
3.0427394123483653
3.043093255152093
3.043288287003362
3.0432953584844835
3.043056999407474
3.0426650148094154
3.0420803308303332
3.0413579887914994
3.0405601632788217
3.0396675316112614
