3.042838475132794
3.0432691665459704
3.043674590930171
3.0441057159249545
3.044600831511942
3.0450878783711506
3.045552593909023
3.045960445461128
3.0462645550554237
3.0464334906170762
3.046471120251016
3.0463167161664386
3.045994705250267
3.045439702672338
3.0447030246922604
3.0437468490770385
3.0425616867467467
3.041210114830516
3.0396371205716397
3.037892384773712
3.035967351990964
3.0338730921365875
3.0316758556827814
3.0293475374003016
3.0269754325519096
3.0245917400222053
3.022196117067953
3.0199083639249267
3.017758144698769
3.0157524853095277
3.0140239956459314
3.0125552998967615
3.01133370203769
3.0104918770205176
3.0099174992109874
3.0096567626187056
3.0096892459019364
3.0099635956819655
3.010503149993973
3.011212204462246
3.0120990533380194
3.013109237259332
3.0141881191328093
3.0153412839229743
3.0164394204026115
3.017423041207034
3.018253541992279
3.0186639191496205
3.018497237400266
3.0174949380422875
3.016318090170388
3.0123135138345156
3.0060192280571973
2.9967403266496038
2.9836705507031276
2.9659363770288776
2.942694456027855
2.9129747876294614
2.875937369152887
2.8309094068879586
2.7773107518283147
2.714939183359158
2.6438849169735352
2.5646692545109397
2.47825115271874
2.3860476887106907
2.290005967912933
2.192409954698174
2.0958825790695768
2.0034178832228835
1.9179305836563003
1.8423524124522197
1.779494712454084
1.7316528128142639
1.7006227812441148
1.687707214861914
1.6934310747373482
1.7175437703489447
1.759161301387295
1.816710318867889
1.888028617221312
1.9705341483539647
2.0613346593398068
2.157443731474403
2.255865609062032
2.3538029685577886
2.448724432764368
2.5385509713611647
2.621606687209821
2.6966895402726596
2.7631335063484364
2.820647656839126
2.8693512383762174
2.909671258986917
2.9422677297035698
2.9679833639075275
2.9877356951686984
3.002422342531908
3.0129494316134835
3.0201234309849494
3.0246841444190222
3.0272401113213236
3.0283211085990764
3.0283663906527485
3.027706375744342
3.026588248248728
3.0252392260602883
3.0237911073669514
3.0223799491407766
3.0210510258540433
3.0198524489237064
3.0188727166433442
3.0180710746940083
3.0174837375282495
3.0171564421247243
3.0170520601656126
3.0171759034529213
3.019137152965526
3.0196873856632047
3.020393447112649
3.0212526569941125
3.0222309844330457
3.0232447784579923
3.0243434927476054
3.025439011273413
3.026504967625117
3.0275900322180758
3.0285958117222753
3.0295562013714266
3.030511520782184
3.0313910494916705
3.032280259996851
3.0331697368151955
3.034021036659178
3.034953943156515
3.035864681180691
3.038975541859143
3.0398880874245626
3.040751029101795
3.0415201008007537
3.042181859918028
3.0427303128704937
3.043084199949139
3.0432793481427454
3.0432865984131037
3.0430484704718244
3.0426567547376457
3.042072360051077
3.041350315217553
3.0405527790880527
3.0396604163104706
