3.042844090820005
3.0432752513269015
3.043681124866934
3.0441126587311054
3.0446081269399445
3.045095455268344
3.0455603727018428
3.045968342513053
3.0462724859808477
3.0464413772000922
3.046478891334088
3.046324314287016
3.0460020848424825
3.045446835088314
3.044709897226291
3.043753463091436
3.0425680531160824
3.0412162526707025
3.0396430572489956
3.0378981531893587
3.035972989306172
3.033878639681611
3.0316813603360657
3.0293530457904057
3.026980996763527
3.0245974168386303
3.022201960718612
3.019914430813655
3.0177644891714577
3.0157591590260986
3.014031047010362
3.0125627743106342
3.011341637530389
3.0105003068356173
3.0099264518269484
3.009666261971207
3.009699317206783
3.009974266815741
3.01051445360104
3.0112241806617126
3.01211174586442
3.0131226974009575
3.0142024057674854
3.01535646276996
3.0164555622958513
3.0174402193074332
3.0182718239211903
3.018683355000907
3.0185178570727373
3.0175167326469716
3.0163410532620754
3.0123374459568204
3.0060439033427353
2.9967654112144384
2.9836955901693885
2.9659607932059813
2.942717550057695
2.912995756887016
2.875955336238489
2.830923457267172
2.777319993333192
2.7149428017148027
2.643882249697714
2.564659866616436
2.4782349110521587
2.3860248417761576
2.289977195903818
2.1923764008003177
2.0958458258527712
2.0033798967495144
1.9178936007913285
1.842318810785325
1.7794668738615598
1.7316329826635468
1.700612936128802
1.6877089404833403
1.6934454705487476
1.717571364697374
1.7592020148768028
1.8167634608019816
1.888092933933397
1.970607921458495
2.061415824605204
2.157530029685568
2.2559547293847197
2.3538926852498623
2.448812711257237
2.53863604897684
2.621687133773412
2.6967642865656174
2.7632018617468903
2.8207092937362424
2.8694061617796063
2.909719750792656
2.942310268513364
2.968020542587123
2.987768148107376
3.0024506999463405
3.0129742791307157
3.020145301127783
3.0247035146899766
3.027257409146325
3.0283367130026364
3.028380628842859
3.0277195274653126
3.0266005483250855
3.0252508643758445
3.0238022347259053
3.0223906868306694
3.0210614720670983
3.019862679914949
3.0188827960083016
3.018081057252708
3.0174936699304924
3.0171663577153005
3.0170619803523806
3.017185834268019
3.0191471623884247
3.019697366901197
3.020403372072498
3.0212624932293144
3.0222406997674662
3.023254335148133
3.024352854047004
3.025448143556196
3.026513843861518
3.0275986395571577
3.0286041507619768
3.029564291709613
3.030519397937177
3.031398762629972
3.032287866864949
3.0331773016104355
3.03402862146067
3.0349616030988926
3.035872456999156
3.038983568522049
3.039896260322658
3.0407593476700403
3.0415285498984748
3.0421904045230495
3.0427389037044588
3.043092779853699
3.043287852063927
3.043294968087039
3.0430566549832854
3.0426647149808006
3.042080071456427
3.0413577636179183
3.0405599645536783
3.039667350956507
