3.0428315202226335
3.0432617200045864
3.0436664815440015
3.0440967288078618
3.0445907420694422
3.045076501880207
3.045539773380275
3.045946082326586
3.0462486352804286
3.0464160583364452
3.0464522855102887
3.046296646026139
3.045973601983837
3.045417802224283
3.0446805636896452
3.0437240495726097
3.042538741657726
3.041187183039444
3.039614298140978
3.0378697261777248
3.035944880431743
3.03385079651174
3.031653727218119
3.02932557064874
3.026953624214218
3.024570114696349
3.0221747280225792
3.0198872762166236
3.017737434633572
3.015732236124189
3.014004261883529
3.0125361254520255
3.011315099903861
3.010473810422307
3.0098998908558574
3.009639488433903
3.009672144477793
3.0099464926906023
3.0104858509667043
3.011194520471559
3.0120807980850346
3.0130902166099807
3.014168130840803
3.015320110553869
3.0164168001613816
3.0173986406481297
3.0182269317263573
3.018634494400578
3.0184641868648288
3.017457154492342
3.016273966506604
3.0122614137264487
3.0059569182613766
2.99666516075077
2.983579486384175
2.965826084319014
2.9425614726244076
2.912815740083515
2.8757492316852074
2.8306897989322595
2.7770583009319108
2.714653829524403
2.6435682409674195
2.5643246786077585
2.477884108411352
2.385665656685432
2.2896183427824823
2.192027753180103
2.0955179343716814
2.0030834055180664
1.9176385238805227
1.8421138230984022
1.7793186163725783
1.73154555383251
1.7005875385372982
1.6877437436097147
1.6935357234903625
1.7177096519262003
1.7593786938431868
1.8169672642555499
1.888311698857133
1.9708293413499676
2.0616282387355653
2.157723141728945
2.256120174221334
2.354024441228677
2.448907245296916
2.5386922757621684
2.6217061853267003
2.696749156695459
2.76315695277402
2.8206399232661292
2.8693181136438826
2.909618819864125
2.9422018759742823
2.9679094090040206
2.9876580900021894
3.00234452959499
3.0128738156302775
3.020051513899617
3.024616722371981
3.0271774860670555
3.0282632413260675
3.028313073491934
3.0276572993062003
3.0265430579283734
3.0251975453088695
3.023752555246377
3.0223441538772224
3.021017649185514
3.0198211941258677
3.0188433172456004
3.018043314798886
3.017457446111299
3.0171314685153914
3.0170282638228194
3.0171531487506895
3.0191150202444694
3.0196659806162103
3.0203726174160623
3.02123226386444
3.022210916306822
3.023224938796875
3.0243238167200954
3.025419465741979
3.0264855516213958
3.027570775351296
3.0285767917243414
3.0295375292981026
3.030493321444792
3.031373466863519
3.032263402252627
3.0331536721206094
3.0340057757641414
3.034939418354077
3.0358507449223158
3.0389616039644247
3.0398742457669607
3.0407369847778756
3.0415055436546314
3.04216651288666
3.042713917247227
3.043066564281473
3.043260359871518
3.0432662447334464
3.043026842933029
3.04263405287789
3.0420488581574596
3.041326352650945
3.040528718067694
3.0396366076880605
