3.042838986603665
3.0432696870694644
3.0436750457744384
3.0441060162536826
3.0446008846677293
3.045087606520374
3.0455519335363537
3.045959353105095
3.0462630132403206
3.046431504520168
3.0464687148999956
3.0463139366938945
3.045991607486468
3.0454363540795
3.0446994948221233
3.0437432023519837
3.0425579752020226
3.041206381551158
3.039633390648165
3.037888675880358
3.0359636777791272
3.0338694606743264
3.0316722795036712
3.0293440345149554
3.0269720271555465
3.0245884650714165
3.022193014364378
3.0199054748521017
3.0177555089245245
3.015750141891533
3.0140219722409847
3.0125536154598684
3.011332361842764
3.0104908682362264
3.0099167953330577
3.009656327316411
3.0096890370444522
3.0099635742252477
3.0105032791932054
3.0112124524720003
3.012099392761673
3.013109640922318
3.0141885581019534
3.0153417272704672
3.016439821626778
3.017423325736189
3.018253592271299
3.018663547644635
3.0184961748829107
3.0174928014955165
3.016314339223994
3.012307516010388
3.006010158478929
2.9967272035987045
2.983652252826743
2.9659116846660263
2.9426621136350954
2.912933590610832
2.875886264977471
2.8308476055468237
2.7772378528102406
2.7148552796278524
2.6437907040854647
2.564566097451655
2.478141134360171
2.3859336123153696
2.2898912937374196
2.192298667532657
2.0957789697636153
2.0033262872804354
1.9178550569073258
1.8422964383930192
1.7794609405167772
1.7316428803432156
1.7006371948577086
1.6877453022567774
1.693491026821671
1.717622734749129
1.7592555523073565
1.8168154904407081
1.8881399998593689
1.9706470026517244
2.0614445314769405
2.157546730796045
2.2559586104379274
2.35388374205899
2.448791669239747
2.538604238393771
2.6216463279393922
2.696716544858738
2.7631493577141137
2.8206541604631883
2.869350365314643
2.9096649746675234
2.9422578430986466
2.967971402813739
2.987722843808202
3.0024094416046347
3.0129370082426092
3.020111773890204
3.0246733835208532
3.027230284784011
3.0283121993342164
3.028358360092213
3.027699169216713
3.02658180233355
3.0252334688354576
3.0237859657414536
3.0223753511935385
3.0210469082232083
3.0198487600416004
3.0188694116475934
3.018068122421384
3.017481116057909
3.01715412695578
3.017050017740308
3.017174091753801
3.0191354677544817
3.0196858174416192
3.0203919425323
3.021251169495311
3.022229476524006
3.0232432166632828
3.024341854883371
3.025437285882955
3.026503158159025
3.027588159598489
3.028593918529241
3.0295543441574475
3.030509760866242
3.0313894520430473
3.0322788766580366
3.033168601181581
3.0340201579828667
3.0349533014892565
3.0358642250795826
3.038975127417883
3.0398876930162126
3.040750558410264
3.0415194558711076
3.0421809489357594
3.0427290500077153
3.0430825232857304
3.0432772247304234
3.0432840315022407
3.0430454984566597
3.042653450235576
3.0420688161992646
3.0413466382941863
3.0405490782946973
3.0396567933073046
