3.0428305817080656
3.043260541708673
3.0436651921156033
3.044095521089827
3.0445898420359745
3.045076137903123
3.045540173366133
3.045947440989025
3.0462510906522406
3.0464197023098274
3.0464571500971287
3.0463027024639535
3.0459807727775656
3.0454259628423754
3.0446895629822115
3.043733716847052
3.042548906144686
3.0411976918604475
3.0396250340068787
3.03788059485875
3.035955811540571
3.0338617407761133
3.0316646343397737
3.0293363969824965
3.0269643173233884
3.0245805944477504
3.0221848969913383
3.0198970197767947
3.01774662805912
3.0157407525869977
3.01401199232438
3.012542964380758
3.0113209730649073
3.0104786829513963
3.0099037685024452
3.009642421585827
3.0096742153556093
3.009947802624697
3.010486514403396
3.0111946386407396
3.0120804679080164
3.0130895360560714
3.0141671924473443
3.0153190049120893
3.016415636358309
3.017397562434752
3.018226141818208
3.018634325534517
3.0184651314044815
3.0174599451117596
3.016279676430056
3.0122713517258797
3.0059728567250223
2.99668932108497
2.983614553385347
2.9658751536988293
2.942627956368284
2.912903213440268
2.8758612292164742
2.8308295497091143
2.7772283971887184
2.714855925470109
2.643802705219584
2.5645903203207947
2.478177920201747
2.3859826332980703
2.2899514477540897
2.192368003668202
2.095854703280422
2.003404890852179
1.9179324595745
1.8423682678486624
1.7795227838200436
1.7316905469591242
1.7006669543370072
1.6877541147378787
1.6934767381537355
1.7175842370881333
1.7591928629504912
1.8167297705907215
1.8880334788819737
1.9705228146897134
2.061306481598637
2.1573990165494035
2.2558055449116687
2.353729491621757
2.4486400416783494
2.5384585229501497
2.621509184469251
2.6965899501417456
2.7630345768289004
2.820551765055437
2.869260291895558
2.909586632326783
2.9421902530069826
2.9679133619791678
2.9876730911068776
3.0023667451349283
3.012900238497081
3.0200799229667057
3.024645572595954
3.027205752171662
3.028290284571469
3.0283385004750545
3.02768089816404
3.0265647385606194
3.025217310027707
3.023770476871795
3.022360349818484
3.0210322496278246
3.0198343348755703
3.018855130975295
3.018053912303012
3.017466911845371
3.0171398772873674
3.0170356869187813
3.0171596751988004
3.0191208729158356
3.0196712082672397
3.0203773698503333
3.021236689103803
3.0222151475857353
3.023229102185922
3.0243280176151215
3.025423787582076
3.0264900511826465
3.0275754728733895
3.0285816548287485
3.029542476689194
3.0304982329275676
3.0313781822039854
3.0322677691681736
3.033157546287595
3.0340090495389873
3.034942042364499
3.0358527456326065
3.0389632286693926
3.0398755329189187
3.040738141352716
3.041506811766616
3.042168142573462
3.0427161707553907
3.0430696792493395
3.0432645331379615
3.0432715982472267
3.0430334149041975
3.0426417822608958
3.0420576008580076
3.041335891812608
3.0405387926984533
3.0396469355948352
