3.042844427638531
3.043275623917259
3.0436815253165506
3.0441130753687746
3.0446085451545537
3.0450958589859614
3.0455607440345083
3.045968663483008
3.046272741063789
3.0464415532036
3.0464789788997164
3.046324308543498
3.0460019850871247
3.045446644609258
3.044709622053043
3.0437531121261854
3.0425676370282924
3.0412157824429653
3.039642543994181
3.037897608545178
3.0359724236858976
3.0338780613134557
3.0316807778549224
3.0293524677872234
3.0269804312384663
3.024596873229905
3.022201448315256
3.0199139595144207
3.0177640700979365
3.0157588037614174
3.0140307657824055
3.012562577091712
3.0113415320218078
3.0105002983184583
3.009926544077649
3.0096664563168294
3.009699612811081
3.009974660844945
3.0105149411835774
3.01122475664928
3.012112404231191
3.013123431935268
3.014203210639887
3.0153573317849944
3.016456486245102
3.0174411843742037
3.018272810424823
3.018684332956019
3.0185187834792573
3.0175175450847913
3.016341665533741
3.0123377442374326
3.0060437425760806
2.996764613489475
2.9836939441370225
2.965958056448981
2.9427134548395535
2.9129900225807694
2.8759476828962383
2.8309136234143137
2.777307759481621
2.7149280122844655
2.643864839281372
2.564639883339797
2.47821253733913
2.3860004082497803
2.289951184963395
2.192349442054768
2.095818676967368
2.0033534152673713
1.917868705461256
1.842296435479494
1.7794479153751401
1.731618244461167
1.7006030745318925
1.6877044186895322
1.693446526904483
1.7175779940950573
1.7592139688124373
1.8167802623258875
1.8881139073362905
1.9706322341031943
2.0614425370745098
2.157558152643642
2.2559832794101657
2.3539207399645923
2.448839455664234
2.538660812583762
2.621709414317686
2.6967837582050054
2.763218372720703
2.820722848546845
2.869416896431697
2.9097279027624703
2.942316143856644
2.968024487562807
2.987770520766444
3.002451845974589
3.0129745130718604
3.0201448943095395
3.0247026875035594
3.0272563315270484
3.028335510677022
3.0283793912079364
3.027718314623443
3.026599399781934
3.0252498057683814
3.0238012808276302
3.0223898444312396
3.021060742903516
3.019862062219106
3.0188822855341595
3.018080648454771
3.0174933569180187
3.017166133446183
3.0170618373679106
3.017185764502
3.019147154810688
3.019697412957563
3.0204034619473994
3.0212626152645825
3.022240842099265
3.023254486161799
3.024353003641039
3.0254482834187484
3.026513968204875
3.0275987461714005
3.0286042404892335
3.0295643677348885
3.030519466299064
3.0313988328356567
3.032287948718309
3.033177405490738
3.034028756503413
3.034961775648187
3.035872669593338
3.0389838165423475
3.039896537895746
3.0407596444915606
3.0415288512369103
3.0421906925838536
3.0427391597244418
3.0430929865967444
3.0432879936351513
3.0432950321809864
3.0430566334980034
3.0426646050192847
3.0420798757104377
3.0413574905071523
3.040559627111591
3.0396669656064677
