3.0428210622484193
3.0432501812676005
3.043654113387822
3.0440839093940717
3.0445779226578678
3.045064154759379
3.0455283833154674
3.0459360912820244
3.046240396612065
3.0464098409151927
3.0464482507067343
3.046294835847441
3.0459739647383515
3.0454201820879274
3.0446847355266407
3.0437297405993293
3.0425456692925
3.0411950762875932
3.0396229179794827
3.037878859411663
3.035954342552901
3.033860434060289
3.0316633750290327
3.0293350655472016
3.0269627847973695
3.0245787108079663
3.022182510269938
3.01989396974005
3.017742751481309
3.0157358849810163
3.014005987232757
3.012535690123805
3.011312330396281
3.0104686056029513
3.009892215832571
3.009629383705355
3.0096596998429765
3.009931818155387
3.010469073866994
3.0111757428510098
3.0120601171065515
3.0130677179333416
3.014143878031488
3.0152941607771266
3.016389243888539
3.017369640101029
3.018196772384317
3.0186037220864597
3.018433654067948
3.0174281872469777
3.016248475796655
3.0122420230016482
3.0059470683598306
2.996669183413057
2.983602642693621
2.9658744758398248
2.9426418683633164
2.912935274015892
2.875915004736917
2.8309083927422707
2.7773351400572253
2.7149926037571466
2.643970221015759
2.564788158294654
2.4784038911150335
2.386232660148394
2.290219509546428
2.1926461977216216
2.096133537100428
2.0036737007595677
1.9181800264607591
1.8425834772418765
1.7796953043935466
1.731811475936102
1.700729399659585
1.6877536710464058
1.6934117607290495
1.7174560064469826
1.759005524471581
1.816490089703537
1.8877503984530222
1.9702068434465554
2.060969018431396
2.157051606583581
2.2554592104957005
2.35339412378826
2.4483239735194564
2.538168248369727
2.6212492128878786
2.6963628198424603
2.7628409539835883
2.8203906992733834
2.869129511257908
2.9094829091508556
2.9421098209806646
2.9678523011201765
2.98762762940911
3.0023334527580077
3.0128761769662367
3.0200626684268985
3.024633187431472
3.0271967138072924
3.0282834228536673
3.0283329324275496
3.027675972818842
3.026559980369906
3.0252123866728122
3.0237651706265645
3.0223545217259913
3.021025811947694
3.019827241057607
3.0188473585985003
3.0180454426755396
3.017457727402065
3.017129987305649
3.017025129318673
3.0171485152157733
3.0191091543903563
3.0196591280278535
3.020365061089228
3.0212242964739024
3.0222028048866805
3.0232169513990352
3.024316186562894
3.0254123795394623
3.0264791352047533
3.027565065986625
3.028571726435124
3.0295329411198204
3.0304889623648186
3.0313690083685305
3.0322585171861003
3.033148041086283
3.0339991437061116
3.034931636962889
3.0358418094116852
3.038951712563815
3.0398636205545047
3.0407259625155243
3.0414945449872723
3.042156003255398
3.0427043998928367
3.0430585007981197
3.0432541548012706
3.043262170367215
3.0430250265959984
3.042634450057818
3.042051274009367
3.0413304635463074
3.0405341033680084
3.0396427956681435
