3.042840225676275
3.0432711415335163
3.0436767510329537
3.0441079951014354
3.0446031435879513
3.0450901283127543
3.045554676835378
3.0459622573867016
3.046266008477727
3.046434512049171
3.0464716587680725
3.046316747164849
3.0459942264294084
3.045438735835324
3.0447016094840293
3.0437450405178366
3.0425595472366425
3.0412077072599084
3.0396345045213335
3.037889618583305
3.035964485170566
3.0338701616245465
3.0316728998844678
3.0293445942589488
3.0269725384146478
3.024588940893322
3.0221934609417396
3.0199059047548173
3.0177559432599605
3.0157506067258906
3.0140224974103664
3.0125542395756923
3.0113331251221687
3.0104918142537462
3.009917970741124
3.009657771712984
3.009690781034242
3.0099656361525415
3.0105056655744455
3.011215166291839
3.0121024301249255
3.0131129985859824
3.0141922404274433
3.0153457429866966
3.016444187675116
3.017428072698157
3.0182587735766115
3.0186692408746376
3.0185024821087127
3.017499846375052
3.0163222870666404
3.012316480559204
3.0060202791058273
2.996738590821492
2.983664956847365
2.9659256591410177
2.94267717692055
2.912949396832241
2.8759022747752754
2.830863068010162
2.777251809560122
2.714866584165906
2.643798063623758
2.564568140874125
2.4781364911810373
2.385921012942291
2.289869681540938
2.19226733790897
2.095737704324547
2.003275468930104
1.9177957625228008
1.8422304493670572
1.7793906852764003
1.7315712860353392
1.7005674986944688
1.6876808413739266
1.6934350217185397
1.7175780827997178
1.759224648692808
1.8168000644860534
1.8881409829556062
1.9706644579139225
2.061477634675683
2.157593835267096
2.256017380406342
2.3539513489116146
2.4488650216089924
2.5386802184553514
2.6217220050524226
2.696789329300679
2.763217125541633
2.8207153167814707
2.86940386401864
2.9097103221871707
2.942295057368777
2.968000954033187
2.987745548620258
3.0024263265100135
3.012949179375835
3.0201202956114974
3.0246791847585013
3.027234122854483
3.0283146669347243
3.0283598990281946
3.0277001043973026
3.026582375255199
3.025233863542044
3.0237863136209615
3.0223757440133387
3.0210474070798874
3.019849396980904
3.0188702023139493
3.0180690678044373
3.017482212515348
3.017155370745876
3.0170514119538945
3.0171756429723806
3.0191372262483105
3.0196877447213915
3.020394035278598
3.0212534090464978
3.0222318374335
3.0232456693030745
3.0243443642052226
3.025439814359026
3.026505665853996
3.027590606616703
3.028596262522121
3.0295565469071235
3.0305117988853563
3.031391320130693
3.0322805869936906
3.0331701890924476
3.0340216763081704
3.034954814229624
3.0358658016216715
3.038976888479482
3.0398896274696394
3.0407527034024078
3.0415218258617696
3.042183536477223
3.0427318309688847
3.043085455720536
3.0432802426408605
3.0432870545146415
3.0430484379973857
3.0426562179450283
3.04207133706812
3.041348858245503
3.0405509670010127
3.039658347553638
