3.042821317271528
3.043250640355736
3.04365463918
3.044084296716198
3.044577930699181
3.0450635546507385
3.045526948289725
3.0459336263973587
3.046236769150613
3.0464049657752996
3.0464421051484667
3.046287462978431
3.0459654527000835
3.045410665667733
3.044674383469362
3.043718737734177
3.0425341906712355
3.041183268282382
3.0396108939081463
3.0378667127095498
3.0359421430442985
3.033848222343728
3.031651190219261
3.029322949013849
3.0269507856138884
3.0245669120284187
3.022171013580424
3.019882885549035
3.017732202810244
3.0157260022594037
3.013996884831731
3.0125274775888573
3.011305080553928
3.01046234165227
3.009886922766796
3.0096250027995786
3.0096561330020126
3.0099289575482437
3.010466799559909
3.011173948231342
3.0120586956535913
3.013066558879002
3.0141428835091055
3.015293241716084
3.0163882999015703
3.0173685336439084
3.0181953086612046
3.018601570034056
3.0184303238382473
3.0174229526567324
3.016240253006431
3.012229490360853
3.0059283917717474
2.9966420652411747
2.983564303820632
2.9658216978894565
2.9425710855321565
2.912842738289705
2.875797018473127
2.830761577245015
2.7771567826404433
2.7147809645439613
2.643724897716342
2.564510388030854
2.4780968082880053
2.3859015004686537
2.289871657468495
2.1922911053301695
2.095782373893894
2.0033388280643836
1.9178742210325086
1.8423190943752488
1.7794834327784494
1.7316612052049845
1.7006472183646073
1.6877429942351418
1.6934727081710055
1.7175853270358634
1.7591967623237668
1.8167339578185944
1.8880353689907616
1.9705199240718088
2.061296627899383
2.157380485209269
2.255777218007071
2.3536909244291175
2.4485914710933274
2.538400796736759
2.621443633568777
2.696518246993313
2.7629585878199014
2.820473427286556
2.8691815056835437
2.9095091573525287
2.942115629326521
2.9678428117377216
2.9876074349099477
3.0023063974241673
3.0128452591685035
3.020030088845266
3.024600462595175
3.0271648499818133
3.0282530526271674
3.0283044359298827
3.0276495357155557
3.0265356617613373
3.0251901562272705
3.0237449290666794
3.022336126103074
3.0210091122263267
3.0198120874829084
3.0188336033610175
3.0180329667984336
3.0174464508589915
3.017119840503023
3.017016031337042
3.0171403612384453
3.01910169350913
3.0196523221187554
3.020358759968556
3.0212183468738303
3.022197071867767
3.023211309916815
3.024310524940403
3.025406604121689
3.026473183471831
3.0275589239801857
3.028565433849118
3.0295265881036633
3.030482677850795
3.031362960029659
3.0322528646998013
3.0331429318663323
3.033994687808062
3.0349278773886743
3.035838700835155
3.038948971174908
3.0398612187467435
3.0407236857810256
3.0414921398904617
3.0421532025816713
3.0427009209929663
3.043054096173348
3.0432486247850035
3.043255395532357
3.0430169808747864
3.0426252123914894
3.0420410077901447
3.0413194015506755
3.040522523184549
3.0396309978471403
