3.0428441724651076
3.0432753608981504
3.0436812516322376
3.044112786723765
3.0446082362683686
3.0450955238539983
3.045560375474901
3.045968254440802
3.0462722857640188
3.0464410466752216
3.046478418548138
3.046323693808685
3.0460013175912426
3.0454459280661688
3.044708861431163
3.0437523138247053
3.0425668080725696
3.0412149295286763
3.0396416732799376
3.0378967255676406
3.035971533083928
3.033877165689287
3.03167987905279
3.02935156725591
3.0269795298823565
3.0245959726282994
3.0222005500719336
3.0199130660926667
3.017763184902927
3.015757931108125
3.0140299098673866
3.012561742543784
3.0113407226411826
3.010499516696034
3.0099257917993762
3.009665732766681
3.00969891567045
3.0099739858852597
3.0105142821596567
3.0112241065862433
3.01211175480919
3.0131227742774422
3.014202535719805
3.0153566302665937
3.0164557478529597
3.0174403970068764
3.0182719600959724
3.018683401444135
3.0185177478181147
3.0175163743478355
3.0163403145776204
3.012336164871583
3.0060418676954574
2.996762360512838
2.9836912135377025
2.9659547325414777
2.9427094071230027
2.9129851103884663
2.875941761321993
2.8309065520280132
2.777299413716141
2.714918294494442
2.643853693068114
2.564627305691282
2.4781985915373634
2.385985233225001
2.2899349996527163
2.1923325478626055
2.095801452828619
2.003336306780106
1.9178522070107489
1.8422810676182935
1.779434195962161
1.7316066565657318
1.7005940343424442
1.6876982458378735
1.6934434225429182
1.717578025442856
1.7592170642374656
1.8167862154679963
1.888122389060158
1.9706428109449814
2.0614546979817545
2.157571341168877
2.255996926167131
2.353934297263405
2.4488524276185366
2.5386727809436804
2.621720056324197
2.6967928540400474
2.7632258068678794
2.8207286018164752
2.869421033240849
2.909730554371235
2.9423174898536697
2.9680247374635638
2.9877698960690102
3.0024505633209744
3.012972770714348
3.020142862692111
3.0247005034248184
3.0272540971717206
3.0283332972834347
3.028377246609449
3.027716266919094
3.0265974634691855
3.0252479871235654
3.0237995802538897
3.0223882584082946
3.0210592653801305
3.019860685599739
3.0188810014365
3.0180794483807674
3.017492233219283
3.0171650790976288
3.0170608461293664
3.0171848307753164
3.019146266333971
3.019696571421112
3.0204026625302194
3.0212618523933337
3.0222401098183096
3.0232537784350333
3.0243523150457197
3.025447609424176
3.0265133049678776
3.027598091458402
3.0286035927791373
3.0295637266900792
3.030518832621761
3.0313982091303524
3.032287337929062
3.033176811276215
3.034028182438888
3.0349612239392494
3.0358721407150777
3.038983298789539
3.0398960361831477
3.0407591527505646
3.0415283608617676
3.042190193926351
3.042738642153042
3.043092440321047
3.043287409993238
3.0432944043505366
3.043055957022636
3.042663878551879
3.0420791011481274
3.0413566733730835
3.0405587765971838
3.039666092641352
