3.042838914714922
3.0432696626185622
3.0436750473016456
3.0441060077742734
3.0446008203762105
3.0450874376028283
3.045551609271589
3.045958828176351
3.0462622548101455
3.0464304888989466
3.046467430865044
3.046312386121025
3.0459898041713194
3.0454343235775894
3.0446972680422952
3.0437408153281464
3.0425554675358066
3.041203790321989
3.039630744289177
3.0378859953711945
3.0359609795838605
3.0338667554464154
3.031669577458902
3.0293413433772995
3.026969354236854
3.0245858237971284
3.0221904228302225
3.0199029560825785
3.017753089206579
3.0157478488677874
3.014019829074634
3.0125516463045416
3.0113305864934805
3.010489297924612
3.0099154323243784
3.0096551627841004
3.009688053642068
3.009962749039484
3.0105025838508235
3.0112118612044485
3.0120988811885194
3.0131091850086236
3.014188133907302
3.015341310719565
3.0164393868318253
3.01742284181861
3.018253019537414
3.0186628233293313
3.0184952072374793
3.0174914503397883
3.0163123948226094
3.0123047291943648
3.0060061848812185
2.9967216024919447
2.983644479621249
2.965901101757433
2.9426480044017627
2.9129151866150274
2.875862784376461
2.8308183042614345
2.7772020969976916
2.7148126117506193
2.6437409175532602
2.5645092984816227
2.4780778068507976
2.385864664539804
2.2898180745834784
2.192222967381151
2.095702977370071
2.003252508210279
1.917786175684281
1.842235151294521
1.7794097677619467
1.73160398943523
1.7006122506507366
1.6877353577434662
1.6934964584248506
1.717643202449197
1.7592900147813308
1.8168622626140745
1.888196855511989
1.9707113121312676
2.0615134332941047
2.157617327974263
2.256028155422355
2.353949804628072
2.4488522528969803
2.5386578587225905
2.6216920416977283
2.6967539261250213
2.763178450902891
2.8206754080229928
2.869364529141411
2.909673042295763
2.9422609266868536
2.9679706393812912
2.987719303781308
3.0024040541372043
3.0129305157620925
3.020104735945241
3.024666194910241
3.027223206929322
3.0283053932223183
3.028351925318988
3.02769316160765
3.0265762470532676
3.025228368368838
3.0237813050870743
3.0223711041441508
3.0210430437109332
3.019845244337038
3.018866212122537
3.0180652107128285
3.0174784689537555
3.0171517248634987
3.017047846088812
3.0171721349690084
3.0191336788470773
3.0196841873488025
3.020390439736352
3.021249761304319
3.022228132705571
3.023241907698962
3.024340556918575
3.0254359797812347
3.0265018281012925
3.0275867956610303
3.0285925210949194
3.029552925380055
3.030508342217205
3.031388065465043
3.032277554143407
3.0331673754311597
3.034019055896222
3.0349523388022748
3.0358634027851528
3.0389743964301523
3.039887050057075
3.040749960601615
3.0415188524408636
3.0421802873887787
3.042728272581579
3.0430815762575802
3.0432760597675292
3.043282614875949
3.0430438139104745
3.042651502913375
3.042066630740186
3.0413442588719537
3.0405465607895676
3.039654198914885
