3.0428330414451668
3.043263274152576
3.0436682226285763
3.044098863613076
3.0445935012108993
3.0450801064011537
3.0455444380901766
3.0459519799289243
3.0462558705661316
3.0464246832722965
3.0464622874059737
3.0463079521698795
3.045986090695783
3.0454313049098674
3.0446948970690144
3.0437390257363255
3.0425541776825322
3.041202908888708
3.039630185377497
3.0378856787073922
3.035960830191846
3.0338667003598463
3.0316695368927444
3.0293412402625384
3.0269691068845668
3.0245853403114324
3.0221896063466662
3.019901700870278
3.017751286011452
3.015745391470885
3.014016626832105
3.012547615460451
3.0113256609250825
3.010483428018709
3.0099085906005696
3.0096473423346133
3.0096792575847564
3.00995298966239
3.010491879154512
3.01120022396377
3.012086317184635
3.013095692375698
3.0141737077259196
3.015325948797703
3.0164231042551757
3.0174056798643543
3.0182350684124435
3.0186442580540978
3.0184763107542185
3.017472673417438
3.01629436373565
3.012288362374733
3.0059926262425023
2.9967122931955825
2.983641162114823
2.9659057882351654
2.9426629146144436
2.912942650475774
2.875905127415812
2.8308776925877566
2.7772803329348656
2.7149109397921154
2.643859813729399
2.5646482906448447
2.4782353011222
2.3860378262908704
2.290002811181414
2.192413983453039
2.09589394581928
2.0034363288336934
1.9179553570783554
1.8423822416656717
1.7795278223063618
1.7316870345002038
1.7006556862819562
1.687736252950652
1.6934537378800598
1.7175577496073828
1.7591646266334628
1.8167014819095513
1.8880066750755997
1.9704988019044765
2.0612862928384077
2.1573833959227944
2.25579494022836
2.353724070458394
2.448639716741945
2.5384629736252067
2.6215178861819375
2.696602221660471
2.7630496519399306
2.8205688738040227
2.8692787240377964
2.9096057812444567
2.942209641049147
2.967932607972412
2.987691867664745
3.0023847879037593
3.0129173518950547
3.020095979406306
3.0246605037745073
3.027219555583655
3.028303018368907
3.028350255983625
3.0276917772592338
3.0265748426513803
3.0252267354295204
3.0237793080427906
3.022368660697329
3.0210401072187096
3.0198417960968644
3.0188622454744856
3.0180607246491653
3.017473470994451
3.0171462374959184
3.0170418954564555
3.0171657580367555
3.0191269124969207
3.019677153829104
3.0203832307565417
3.021242472157745
3.022220857100247
3.0232347418762435
3.0243335804023914
3.025429252634112
3.0264953914665886
3.027580665400664
3.028586679859159
3.0295473227459007
3.0305028988487304
3.031382674613331
3.0322721060290694
3.033161758832417
3.034013179685746
3.0349461390042967
3.0358568527168273
3.0389674759379255
3.039879873072617
3.0407426223968153
3.04151147431312
3.0421730106433866
3.0427212493890874
3.0430749532397274
3.0432699726689796
3.043277164386183
3.0430390613518092
3.042647462910924
3.042063271487157
3.041341503287393
3.040544298844633
3.039652302960463
