3.042820071183156
3.0432492928429364
3.0436531869739745
3.044082738688448
3.0445762688191795
3.045061795879323
3.0455251029127326
3.0459317083599418
3.0462347956975657
3.046402955124661
3.0464400765123605
3.0462854349431776
3.0459634418085493
3.045408686166269
3.044672447072249
3.043716852168904
3.042532359650051
3.0411814914176922
3.039609167126937
3.0378650296255776
3.035940495438335
3.0338465999564406
3.031649582085277
3.029321344797658
3.026949174771429
3.02456528457793
3.022169360748502
3.019881198804193
3.017730473903808
3.0157242235425663
3.0139950488079035
3.012525576772356
3.011303107271163
3.0104602868954307
3.009884777350887
3.009622756952848
3.0096537754952855
3.009926477483458
3.0104641854212417
3.011171187988893
3.0120557765976645
3.0130634666375053
3.014139602934194
3.0152897567620114
3.0163845933158173
3.0173645860335285
3.018191099791582
3.018597077334438
3.0184255232384674
3.0174178195787347
3.0162347483182996
3.0122236102526783
3.0059221170697197
2.996635384186665
2.9835572148616083
2.9658142130947773
2.9425632344033006
2.9128345712124064
2.875788611950899
2.8307530357191473
2.7771482387805912
2.714772577292787
2.6437168484259983
2.56450287277728
2.478090027889059
2.3858956476695736
2.2898669044131523
2.192287588999888
2.095780179182327
2.0033379735784447
1.9178746459870633
1.8423206516176482
1.7794858889456215
1.7316642515760163
1.7006504890720762
1.6877460854468862
1.693475202735759
1.717586821684101
1.7591968918188752
1.8167324190227727
1.8880319392868734
1.9705144770775487
2.0612891436351806
2.1573710501701884
2.2557660172547593
2.3536782275145613
2.448577610739977
2.538386143058445
2.6214285672906197
2.6965031366049983
2.762943769516132
2.8204591894032083
2.869168078657049
2.909496707756236
2.9421042598739318
2.9678325611439877
2.987598285130875
3.0022982858549305
3.012838093307618
3.020023758637821
3.024594852426576
3.027159849361356
3.0282485603414666
3.0283003637691612
3.0276458073525605
3.026532212226628
3.025186931487048
3.0237418839545036
3.0223332231006856
3.021006321027948
3.019809384218523
3.0188309680977463
3.0180303842389
3.0174439097969596
3.0171173330622167
3.0170135506920044
3.0171379020906985
3.019099229507697
3.019649876511534
3.0203563332182015
3.0212159413582693
3.0221946912146405
3.023208959287913
3.02430820958486
3.0254043293992408
3.0264709545009785
3.0275567452774945
3.0285633093377275
3.0295245195022065
3.030480664665663
3.0313609993411412
3.0322509505533097
3.0331410549552755
3.0339928371213607
3.0349260394927704
3.0358368612532676
3.038947083703233
3.039859304957848
3.0407217357646914
3.0414901462689787
3.042151163280735
3.0426988363510503
3.043051970788789
3.043246468257344
3.043253220051191
3.043014801467831
3.0426230460267196
3.0420388707393253
3.041317309031283
3.0405204875673237
3.039629028839105
