3.0428434144458687
3.043274538232769
3.0436803546369466
3.044111801975397
3.0446071512615798
3.0450943316087535
3.045559071342703
3.0459668398894113
3.046270769686927
3.0464394417345044
3.04647674128422
3.0463219636301018
3.045999554072325
3.0454441512530703
3.044707089819985
3.0437505620946705
3.042565087471793
3.0412132477457945
3.0396400327485713
3.037895124463762
3.0359699659863386
3.0338756255797317
3.0316783603639035
3.0293500646016476
3.0269780375979325
3.024594487540023
3.02219907147267
3.0199115937253413
3.0177617200747924
3.015756474479242
3.0140284596069202
3.012560296048606
3.0113392753765535
3.0104980613571333
3.0099243192020166
3.0096642304926053
3.009697368780042
3.0099723803385423
3.0105126027887312
3.0112223394876825
3.012109887591233
3.013120793874145
3.0142004292561877
3.0153543829064007
3.016453341389042
3.0174378090224794
3.0182691633749554
3.018680358717978
3.0185144094704337
3.0175126750973016
3.016336157158982
3.0123314653908997
3.006036507744372
2.996756206531708
2.983684116881588
2.9659465378890544
2.9426999658666046
2.9129742943161574
2.8759294780931013
2.830892760325812
2.777284143384517
2.7149016601203515
2.643835908053893
2.5646086862521034
2.478179553782043
2.3859662872204512
2.2899167325311875
2.1923155956232683
2.0957864629631793
2.003323897406066
1.917842915883938
1.8422753017734368
1.7794321870989058
1.7316084337508724
1.7005994138358982
1.687706839311938
1.6934546657309488
1.717591212348834
1.7592313884019328
1.8168008202202643
1.8881364226986976
1.9706554826618596
2.0614653286163493
2.157579406929409
2.256002089462615
2.353936421198023
2.448851569669627
2.5386691672518165
2.6217140472842395
2.6967849039283256
2.7632164194142668
2.8207182885114217
2.8694102823542167
2.9097198033909097
2.942307104383608
2.968014994988398
2.9877609781596277
3.002442558453559
3.012965684686201
3.0201366378847108
3.024695045590387
3.027249300026491
3.0283290554958007
3.028373464692911
3.027712864713985
3.0265943758702156
3.025245159071779
3.02379696427639
3.022385813912848
3.02105695961232
3.019858492252607
3.018878898678318
3.0180774202836833
3.0174902683983804
3.01716316830763
3.017058981710151
3.017183006432178
3.0191444523060076
3.0196947832560372
3.020400891897811
3.0212600926790847
3.0222383585269803
3.0232520348049383
3.024350579694167
3.0254458854294977
3.026511597484656
3.027596405632256
3.028601935629007
3.0295621068138976
3.030517258736472
3.031396689387238
3.032285876927608
3.033175409117911
3.034026834560262
3.0349599199358517
3.035870865438851
3.0389820017485043
3.0398947285017823
3.04075781240439
3.0415269675685783
3.042188732736398
3.0427371023338274
3.043090816296825
3.04328570189796
3.0432926193157295
3.0430541094680317
3.0426619891467017
3.0420771946737015
3.04135477690186
3.040556915486185
3.039664289511079
