3.042830611224861
3.0432605667781267
3.043665140119138
3.0440953015614376
3.0445893601220217
3.0450753138719535
3.0455389416510816
3.0459457558743193
3.046248934074467
3.0464170777598008
3.046454082225167
3.0462992379674017
3.04597697067818
3.0454218920209946
3.0446852967028253
3.043729326167891
3.042544450867835
3.0411932158354302
3.0396205628322224
3.0378761470532725
3.0359514007084316
3.0338573723995435
3.0316603173245187
3.029332143334656
3.02696014593068
3.0245765366131785
3.022180991717719
3.0198933063042177
3.017743145583118
3.015737538213452
3.01400907521227
3.01254036719152
3.0113187039770457
3.0104767297340165
3.0099021038955374
3.0096410080540856
3.0096730065785793
3.009946753691508
3.0104855822679673
3.0111937879147246
3.012079666471208
3.0130887483552975
3.0141663825186527
3.0153181374343188
3.0164146638854112
3.0173964116826717
3.018224701740239
3.0186324177507897
3.0184624966122287
3.017456217189158
3.0162743333788553
3.01226379134847
3.0059622721800165
2.9966747431322105
2.9835948655584037
2.965849128685707
2.9425943137594057
2.9128606998240834
2.875808721173989
2.83076616927333
2.7771536401281556
2.7147697667717026
2.6437057132171047
2.564483737210489
2.4780637163326773
2.3858635233981507
2.2898308426555416
2.192249900388925
2.095743476387149
2.0033050312175
1.9178482401528951
1.8423034284358464
1.7794802501394262
1.731672237085901
1.7006736511862237
1.6877853976059436
1.6935310042990457
1.7176587814982358
1.7592840352827457
1.8168332009919526
1.8881443692299158
1.9706362600099836
2.0614178072398412
2.1575040773263305
2.2559009488980193
2.3538127513822946
2.4487096211181107
2.5385138010198935
2.621550359708016
2.6966179121616953
2.7630507551702648
2.8205579624146675
2.8692585231877077
2.9095789441001036
2.9421785668027858
2.9678993297883673
2.987658004348331
3.002351532230285
3.0128854970180527
3.0200659934031284
3.024632615433962
3.0271938227715878
3.028279377172746
3.0283285832718976
3.027671915103456
3.0265566197123657
3.025209976622076
3.0237638467721846
3.0223543401157804
3.02102678762272
3.0198293603650086
3.0188505901677445
3.018049765764709
3.0174631331498283
3.01713644244163
3.0170325639296642
3.0171568187434072
3.019118167964147
3.0196686520330154
3.020374906792584
3.021234270624219
3.022212732859521
3.0232266583698753
3.0243255205642052
3.025421220823034
3.0264874126118033
3.0275727796789322
3.028578946784202
3.0295398081936504
3.030495665438518
3.031375782246326
3.0322655903762277
3.0331556252514273
3.034007400207684
3.0349406489437314
3.0358515577281566
3.0389620897085514
3.0398744282426713
3.040736974457211
3.041505481385793
3.042166552601758
3.042714229554371
3.043067316004143
3.0432617081655167
3.043268308494817
3.043029694412469
3.042637703332323
3.0420532597034677
3.041331398866137
3.040534261616968
3.039642475913868
