3.0428216487356092
3.0432507272677864
3.043654513212132
3.044084047860097
3.0445776895895897
3.045063464218249
3.045527170037531
3.045934315226295
3.0462380477115
3.046406937183556
3.0464448351406404
3.0462909739617725
3.0459697303375446
3.045415661490398
3.0446800178297364
3.043724904036733
3.0425407656231416
3.0411901471542397
3.039617992516397
3.037873961791383
3.0359494903651054
3.0338556382776223
3.031658654577078
3.029330450184845
3.026958314668172
3.0245744330799362
3.0221784771790032
3.019890230080679
3.017739350473228
3.0157328686268827
3.0140033882961244
3.0125335235555184
3.0113105901192743
3.0104672649940287
3.0098912353956995
3.0096287156339163
3.009659292681473
3.0099316284614948
3.0104690639298077
3.011175876222457
3.0120603559915162
3.0130680256292885
3.01414421743278
3.01529448913913
3.0163894895549808
3.017369684307135
3.0181964289376655
3.018602700719849
3.018431552695925
3.017424451182741
3.016242331507069
3.012232566241464
3.005933142812168
2.9966494505584516
2.9835756105155795
2.965838555970488
2.9425954671093923
2.91287692063956
2.875843493604055
2.8308229238431744
2.777235467718196
2.7148791630022924
2.643844262122165
2.5646518142195545
2.478260212981226
2.3860855907063843
2.2900737714255595
2.1925070731901632
2.0960065331690942
2.0035641859734645
1.918092820442474
1.8425225148013018
1.7796633660706953
1.7318100242609296
1.7007584639343512
1.6878118072282475
1.693496139835283
1.717562572058098
1.759129238201068
1.8166252562067666
1.8878910629788117
1.9703471990038997
2.0611037830119736
2.1571763208080457
2.255570431821951
2.3534895359857195
2.448402371244035
2.538229447584333
2.6212939099853627
2.696392441886611
2.7628574764254883
2.82039642722481
2.8691268782583195
2.9094742675836978
2.9420972609419747
2.967837512428905
2.9876118733739543
3.0023176161230762
3.0128608266958237
3.0200481298910637
3.0246196314170284
3.027184226414457
3.0282720252996986
3.028322603305753
3.0276666552955196
3.0265516009790367
3.025204859097899
3.023758406130387
3.022348436310241
3.0210203332141146
3.019822311181949
3.0188429245780437
3.0180414698681934
3.0174541908771726
3.01712685091094
3.0170223327580814
3.017145990090031
3.0191067600099557
3.019656860072342
3.020362855758215
3.02122209896653
3.022200574490071
3.0232146503395807
3.024313788105286
3.0254098734074044
3.0264765385885752
3.0275624210785406
3.02856909839067
3.029530407963022
3.0304866019737626
3.03136689628118
3.0322567070695925
3.033146560518827
3.0339979857034853
3.034930755417662
3.0358411203384557
3.0389510176206747
3.039862898381621
3.0407250928636445
3.0414934027119607
3.04215447386708
3.0427023821618056
3.0430559321316357
3.043251015706492
3.0432584877381146
3.0430208690248124
3.042629924777815
3.0420465049537158
3.0413255820687084
3.0405292428521897
3.0396380782239145
