3.042843124451967
3.0432742177584657
3.0436800290090726
3.0441115077110834
3.0446069294147837
3.0450942214827794
3.0455591141291602
3.0459670711179534
3.0462712138470747
3.0464401154898506
3.04647765035331
3.0463231023012662
3.0460009082138506
3.045445698347353
3.044708803213529
3.043752412559693
3.0425670449666207
3.0412152843232345
3.0396421239050713
3.0378972483944264
3.035972105754828
3.033877769073377
3.031680492761088
3.029352171244357
3.0269801048655154
3.0245964967673835
3.0222010027180928
3.019913425317669
3.0177634269933176
3.015758032271026
3.0140298486836876
3.0125614984573463
3.011340279541204
3.0104988624465636
3.0099249169498434
3.0096646322916847
3.0096975876848266
3.0099724320517396
3.010512507808105
3.0112221172058162
3.0121095577881816
3.013120377050086
3.0141999451763644
3.015353854508245
3.0164528011548213
3.0174373033568482
3.0182687557009067
3.01868014372952
3.0185145207341852
3.017513300803027
3.0163375604816824
3.012333960687098
3.006040500505443
2.996762181601869
2.9836926394926713
2.965958239582893
2.942715519226442
2.9129943759209063
2.8759547268493373
2.83092372777945
2.77732122814029
2.714945052793012
2.643885526455
2.5646641261712118
2.478240052288249
2.3860307019244176
2.2899835532284065
2.192382982012595
2.0958523194637855
2.00338596676911
1.9178989027147468
1.8423230079126047
1.7794696528068354
1.7316340716643521
1.700612120910826
1.6877060783521913
1.6934404995226786
1.7175643080075782
1.759192978753594
1.8167526266517369
1.8880805459290073
1.9705942708235349
2.0614012338749985
2.1575148354743137
2.2559392671005924
2.3538772751023216
2.4487976448365156
2.5386215787510276
2.621673463964563
2.6967515685483177
2.763190192551407
2.8206987199786226
2.869396686734871
2.909711343287432
2.9423028720149227
2.968014080255503
2.987762530720104
3.002445830157103
3.0129700563954285
3.0201416263272094
3.0247002945566734
3.027254559724497
3.028334160525229
3.028378311376043
3.0277173940574684
3.0265985572749177
3.0252489819016586
3.0238004337304494
3.0223889454702
3.0210597726159794
3.0198610083042503
3.0188811407942637
3.0180794097934975
3.017492024458001
3.017164711463087
3.017060332351308
3.017184185660577
3.019145504216796
3.019695715777728
3.0204017323848857
3.0212608703861434
3.022239099334368
3.023252762953617
3.024351314891525
3.0254466410888283
3.0265123799656926
3.027597213503077
3.0286027603648344
3.0295629329926386
3.03051806526001
3.031397449254088
3.0322865656307045
3.033176005342564
3.0340273238190854
3.0349602985076567
3.035871141198787
3.0389822223283565
3.0398949014686028
3.0407579771414115
3.0415271707104856
3.0421890224593917
3.042737524545707
3.04309140974685
3.0432864975755933
3.0432936348539847
3.0430553481562668
3.0426634390012675
3.0420788291501726
3.0413565570367354
3.040558794250906
3.039666216251455
