3.0428330594993596
3.043263379936303
3.0436683233111888
3.0440988291389726
3.0445931787051057
3.045079339899737
3.0455430707563975
3.045949877235673
3.046252938489003
3.0464208617557937
3.046457557935164
3.0463023374034917
3.045979650350797
3.0454241325880123
3.044687100829115
3.0437307232548028
3.0425454911414076
3.04119395600647
3.039621059171355
3.037876452683202
3.0359515596473816
3.033857426345908
3.0316603008646745
3.0293320811362325
3.026960063336271
3.024576465272194
3.0221809665722468
3.0198933752853225
3.0177433624055374
3.015737960340677
3.0140097607962613
3.0125413824291845
3.0113201104120835
3.0104785853036686
3.009904452502378
3.009643875527848
3.0096764051291345
3.0099506781557865
3.010490019504924
3.0111987280665895
3.012085101292037
3.0130946725818077
3.014172799132883
3.0153250580383446
3.016422112075415
3.0174044306090315
3.0182333504945493
3.018641758167503
3.018472587258551
3.017467091957183
3.016286013854219
3.0122761804620257
3.0059752128726624
2.996687933701215
2.9836078247044817
2.9658611702357285
2.942604526450462
2.912867937304812
2.875811614449687
2.8307631729352956
2.777143110277368
2.7147500532602544
2.64367527786816
2.5644412811521193
2.478008330005432
2.3857948420349055
2.289749184949227
2.192156407825255
2.0956402062750636
2.0031949715834005
1.9177352148738032
1.8421918994915096
1.7793750389784084
1.731578198440939
1.7005953624631525
1.6877268715486777
1.6934954378414293
1.7176483308231938
1.759299671021481
1.816874620002261
1.8882099908901573
1.9707233161541113
2.061522531689821
2.1576219919155246
2.2560271943427836
2.3539424397745803
2.448838145039657
2.5386370997751544
2.6216651071731114
2.696721603332077
2.7631417461397807
2.8206354531392694
2.8693224974621567
2.909630076441463
2.9422180812664864
2.967928823662303
2.9876792423410694
3.0023662597536767
3.0128952881541453
3.020072180216279
3.024636259575937
3.027195733791571
3.0282801579845966
3.028328683235286
3.0276716671617003
3.0265562694161687
3.025209698634042
3.0237637548459504
3.0223545034296575
3.0210272444890314
3.019830120270305
3.018851651389722
3.018051119225813
3.0174647720910333
3.0171383661761526
3.0170347819328125
3.017159333482267
3.0191210027775064
3.019671737312105
3.020378200910267
3.0212377226409792
3.022216289330883
3.023230261437162
3.024329113203504
3.025424747455844
3.026490816425706
3.027576009364626
3.028581966353825
3.029542603763392
3.0304982508431983
3.0313782007548733
3.032267902528016
3.0331579148971874
3.034009756839413
3.0349431613014413
3.035854297348138
3.038965146512359
3.039877759162118
3.0407405678710826
3.041509300329546
3.042170537623477
3.042718295596732
3.043071359181185
3.0432656082952785
3.043271949853435
3.043032974204389
3.0426405459354293
3.042055624719782
3.041333283941082
3.040535696607514
3.0396435206681223
