3.042843957658901
3.043275120340074
3.0436809837358356
3.044112489011665
3.0446079070246603
3.0450951646204687
3.045559989209716
3.0459678464905324
3.0462718642230335
3.0464406206205896
3.0464779969561127
3.0463232858881826
3.0460009310066534
3.0454455692082867
3.0447085353347814
3.0437520228820905
3.0425665526861
3.0412147086227788
3.0396414837824564
3.037896563058208
3.0359713916877062
3.0338770399952804
3.0316797647161255
3.029351460621025
3.026979426981195
3.024595870285583
3.0222004463052876
3.0199129583347464
3.017763071195626
3.01575780868239
3.0140297747536113
3.0125615905108862
3.0113405491936684
3.010499316869504
3.009925560641012
3.009665465372009
3.0096986065729685
3.0099736314656123
3.010513879513129
3.0112236537431274
3.0121112514766417
3.013122220031705
3.0142019306046564
3.015355973795281
3.0164550387469404
3.017439633705649
3.0182711408421037
3.0186825237154093
3.018516807410637
3.017515366595404
3.016339230837589
3.01233500607516
3.0060406326646705
2.9967610525943105
2.98368984135862
2.965953311918584
2.942707966300558
2.912983691894802
2.875940424575547
2.8309053732075116
2.777298486421058
2.7149177283815624
2.6438536099797156
2.564627833763194
2.4781998550930266
2.3859873445090307
2.289938049969775
2.1923365949032227
2.0958065092411533
2.0033423308747142
1.917859094330519
1.8422886442123767
1.7794422179662055
1.7316148193921186
1.7006019886774837
1.6877056200678717
1.6934498492684333
1.7175831666137644
1.7592206310341316
1.8167879864019856
1.8881222249419976
1.970640665984773
2.0614506236965093
2.1575654836959104
2.255989518983307
2.353925645080238
2.4488428850474957
2.5386627240801727
2.621709856558156
2.6967828557357683
2.7632163068044466
2.8207198364459063
2.8694131733233594
2.90972370475286
2.9423116925691515
2.968019976579659
2.9877661056843245
3.0024476395650996
3.0129705847568466
3.0201412747299434
3.0246993781906255
3.027253316367694
3.028332763723449
3.028376883022416
3.0277160163181924
3.026597285314519
3.0252478513953776
3.023799464429551
3.022388145591356
3.0210591442458234
3.0198605486776913
3.0188808438036876
3.018079268060931
3.0174920300700774
3.017164853559396
3.017060598987884
3.0171845632746965
3.0191459736251858
3.0196962602297557
3.020402332615284
3.0212615046278977
3.022239747210448
3.023253404960905
3.0243519346525956
3.025447226398069
3.0265129240620023
3.0275977162297276
3.028603226761635
3.029563373191481
3.030518494671343
3.0313978882640917
3.032287033938678
3.0331765217272872
3.034027903082511
3.0349609489041725
3.035871863076399
3.038983003941355
3.039895726705738
3.0407588231301927
3.0415280080730307
3.042189817811059
3.042738245322986
3.043092026886888
3.0432869856020535
3.0432939763035174
3.0430555343125683
3.042663470846003
3.0420787178193955
3.0413563226059948
3.0405584635100675
3.0396658202098914
