3.0428408345707454
3.0432717576831707
3.0436773715259573
3.0441086184736372
3.0446037720474894
3.045090769411464
3.045555341276754
3.0459629593028006
3.0462667624452178
3.0464353328078184
3.0464725576845932
3.046317733215095
3.0459953032722487
3.0454399041086937
3.0447028661875657
3.0437463773784406
3.0425609527423334
3.041209170151891
3.039636013227174
3.0378911608604358
3.0359660512243254
3.033871746105273
3.0316745006230423
3.0293462108715765
3.026974171352646
3.024590590625621
3.022195128474283
3.019907588467909
3.0177576397495827
3.0157523096205523
3.0140241986914544
3.0125559289973807
3.011334793009146
3.01049345184493
3.009919571097142
3.009659330698093
3.009692298532201
3.0099671182336345
3.0105071221706696
3.0112166098862354
3.0121038761138452
3.0131144641500462
3.0141937422958285
3.015347296616801
3.0164458075808516
3.0174297725858654
3.0182605651665253
3.0186711347267803
3.01850448861091
3.01750197901912
3.0163245697976224
3.0123189349327584
3.006022947452412
2.9967415364181162
2.983668267847246
2.96592945604606
2.9426816203900215
2.9129546870733423
2.875908651529072
2.8308708022646356
2.777261193412743
2.7148779150915465
2.6438116232204556
2.564584169772096
2.4781551602278706
2.385942397486483
2.289893735241726
2.1922938635335356
2.09576633290795
2.0033056517236485
1.9178267748567293
1.8422614128503725
1.7794206109604704
1.7315991341088426
1.7005922455501596
1.6877015500348942
1.6934509080583537
1.7175885679563039
1.7592293945983175
1.8167990001624723
1.8881343145547906
1.970652660293948
2.0614614223285406
2.1575741162599336
2.2559951956746653
2.353927798325657
2.4488411901158513
2.5386571027183717
2.6217004595499724
2.696770030920813
2.763200550383435
2.8207017382434003
2.8693933647985492
2.9097028148022033
2.9422903111347454
2.9679986289156157
2.9877452373897215
3.0024275966672764
3.012951609477345
3.0201235068640413
3.024682865882432
3.0272380369492864
3.0283186435246963
3.0283638221129965
3.0277039021500185
3.0265860059333605
3.0252373031174233
3.023789551718165
3.022378780493127
3.0210502489208277
3.019852056037047
3.0188726931796497
3.0180714073252632
3.0174844157315257
3.0171574491329634
3.01705337430914
3.017177497083005
3.0191389869427177
3.0196894075645133
3.020395605528423
3.0212548948553786
3.0222332495251076
3.0232470179709754
3.0243456599157215
3.025441068670899
3.0265068902762087
3.0275918119295637
3.028597457206534
3.0295577398154636
3.0305129957772325
3.0313925213644657
3.0322817902588843
3.0331713869416133
3.0340228585086075
3.0349559694128367
3.0358669197445614
3.0389779763053566
3.0398906710889566
3.0407537042694495
3.0415227919261385
3.042184479849511
3.0427327680776917
3.0430864046255173
3.043281222959949
3.0432880863649987
3.0430495399899864
3.0426574038787333
3.042072615262292
3.041350228698782
3.040552422934443
3.039659874639573
