3.0428382377199035
3.0432688256800424
3.0436740959893953
3.0441050196818935
3.044599894821575
3.0450866807619854
3.045551131572312
3.0459587293760597
3.046262610397404
3.0464313554840423
3.0464688397436253
3.0463143403872035
3.0459922819235827
3.0454372784351653
3.044700641295341
3.0437445351224555
3.042559453542423
3.0412079677704456
3.0396350563066337
3.0378903968422137
3.035965432881532
3.0338712341068423
3.031674056144844
3.029345800915898
3.02697376931783
3.0245901613361745
3.0221946379932394
3.01990699540322
3.0177568934620322
3.0157513569840866
3.014022988837995
3.0125544026599957
3.0113328951708227
3.0104911333255595
3.009916787046033
3.009656051681975
3.0096885077394715
3.009962810151155
3.0105023033656675
3.0112112833972127
3.0120980466602125
3.0131081339534664
3.014186905602971
3.015339941664556
3.0164379161804926
3.0174213178172433
3.0182515082191843
3.01866143824971
3.018494122972541
3.0174909418809137
3.016312870609593
3.012306702446473
3.0060103621620415
2.9967288970360593
2.9836560239356036
2.9659182286865424
2.9426722200472835
2.912948113624102
2.8759060832671857
2.830873564925306
2.7772706854799614
2.7148955365414995
2.643838672693345
2.5646217297022806
2.47820397482676
2.3860027426487593
2.289965308603242
2.192375669556355
2.095856614600706
2.003401873538013
1.9179256822227784
1.842359181234524
1.779513063550327
1.7316820178169625
1.7006615065769897
1.6877535936701227
1.6934828248459537
1.717598335952063
1.7592160089905584
1.816762554999774
1.8880760177011848
1.970574762811754
2.0613670805723148
2.1574671593632058
2.2558798571073733
2.3538084163186337
2.448721927575435
2.5385417025138977
2.6215920562961097
2.6966710541403494
2.7631126668368076
2.820625861639909
2.869329703114632
2.90965094628257
2.9422493063266746
2.967967182224669
2.9877218358248765
3.0024106890333657
3.012939740621595
3.020115400423755
3.024677476534296
3.0272345483981047
3.028316433546553
3.0283624262823925
3.0277029769762795
3.0265852974304064
3.0252366241891737
3.023788775153638
3.022377824131504
3.0210490618705776
3.0198506156317846
3.018870991018344
3.018069445445364
3.0174821977036426
3.0171549791908383
3.017050649337424
3.0171745173611804
3.0191357249341344
3.0196859302965313
3.020391944423958
3.0212510961284273
3.022229361917809
3.0232430935352146
3.024341750130149
3.025437223366593
3.026503158109092
3.027588233191718
3.0285940636132613
3.0295545454635096
3.0305099923953707
3.0313896749307974
3.0322790510279725
3.033168686646073
3.0340201199349828
3.0349531165476424
3.03586388743284
3.0389746670581435
3.0398871293044034
3.0407499327417042
3.0415188182734783
3.04218035543915
3.042728563685729
3.0430822042369123
3.0432771285039064
3.043284197928489
3.0430459491575723
3.0426541843623105
3.0420698113474645
3.0413478526622377
3.0405504579836813
3.0396582776006342
