3.0428379463806765
3.0432686066855754
3.043673893503949
3.044104747183668
3.044599445351152
3.045085946943183
3.045550006712899
3.0459571218352286
3.0462604579748342
3.046428618169309
3.0464655048122933
3.0463104247239867
3.0459878270856913
3.045432349079741
3.0446953117868207
3.0437388891482224
3.0425535796607583
3.0412019450031673
3.039628939777851
3.037884227871049
3.035959244581936
3.0338650460912255
3.03166788624965
3.0293396646796626
3.026967682025872
3.024584153381702
3.0221887526334243
3.0199012830622203
3.017751410187622
3.015746161288962
3.01401812869479
3.0125499281273633
3.011328844644302
3.0104875230936643
3.0099136136055638
3.0096532885878977
3.0096861107143216
3.0099607246424425
3.0105004646975457
3.0112096337166347
3.0120965326031133
3.0131067006653867
3.014185497328171
3.015338504210191
3.0164363896385518
3.0174196277311007
3.0182495555048723
3.0186590671468245
3.018491105246711
3.0174869354451044
3.016307371192757
3.012299121258094
3.005999885125641
2.996714493843889
2.9836364420134847
2.9658920197998713
2.9426377778569672
2.9129037433306344
2.8758500941097167
2.830804391813428
2.777187056356552
2.7147966139376045
2.6437242156890695
2.5644922276180884
2.4780607784326865
2.3858481525646065
2.289802594313386
2.1922090457606807
2.0956911168979677
2.003243146958728
1.9177796451778208
1.8422316444868183
1.779409315099326
1.7316064525986041
1.7006173292261995
1.6877426050489521
1.6935053074202768
1.717653000816841
1.7593000644350112
1.8168718649453535
1.888205357909735
1.9707181499388593
2.0615181677447305
2.157619671142977
2.256027980841103
2.3539471432127144
2.448847276259025
2.5386508524865024
2.6216833719469923
2.696744007531545
2.7631677139286226
2.8206642698929
2.8693533706959427
2.9096621863154573
2.942250623851428
2.967961061363402
2.9877105436701705
3.0023961354978237
3.012923410195616
3.0200983815847326
3.024660512529323
3.0272181115698196
3.0283008024064495
3.0283477655082582
3.0276893665331213
3.0265727574396566
3.0252251325510278
3.023778279727554
3.0223682515020456
3.021040332318972
3.0198426497441906
3.018863713868763
3.018062792344894
3.017476117840454
3.0171494310442255
3.0170456001704506
3.0171699281511257
3.019131478176746
3.019682011040711
3.0203882837519114
3.0212476234706105
3.022226012093232
3.0232398057074743
3.0243384769660517
3.025433926303467
3.02649980618901
3.0275848116445676
3.0285905834972193
3.0295510413964597
3.030506516781086
3.0313863019131473
3.0322758517956485
3.0331657283623206
3.03401745419892
3.0349507684550625
3.035861845949607
3.038972799941183
3.03988542912935
3.0407482970768163
3.0415171313650493
3.042178498210982
3.0427264081735674
3.0430796357635748
3.043274049530777
3.043280546668435
3.0430417051434566
3.042649375189405
3.042064507116769
3.0413421626283212
3.040544512673267
3.039652215629869
