3.0428438358354883
3.043274974353162
3.0436808332566887
3.0441123626121054
3.0446078378610597
3.045095184647876
3.0455601319329384
3.0459681416762328
3.0462723325532606
3.0464412764735345
3.046478845852531
3.0463243238537103
3.0460021469708067
3.0454469447977206
3.0447100483765936
3.04375364892975
3.0425682668852905
3.041216487706784
3.039643307935645
3.037898414478433
3.0359732567369053
3.0338789096966217
3.031681628543166
3.0293533077030985
3.0269812475574605
3.0245976504458394
3.0222021706860387
3.0199146103879135
3.01776463118994
3.015759256402773
3.0140310940557233
3.0125627659693164
3.0113415704626894
3.0105001795147457
3.0099262642301974
3.009666015860382
3.0096990151520977
3.0099739116563535
3.010514048630375
3.011223728694839
3.012111249438795
3.01312215863793
3.014201826586367
3.015355845211321
3.0164549099985134
3.017439538737827
3.018271126043509
3.018682658326844
3.0185171891372486
3.0175161349160353
3.0163405842691113
3.012337182216951
3.0060439430275485
2.9967658747778083
2.9836966200590656
2.9659625505132956
2.942720208584283
2.9129994934528933
2.8759603202769357
2.8309298376684344
2.777327881768855
2.7149522581235765
2.643893265881418
2.564672353580937
2.478248687773448
2.3860396286725725
2.289992616844931
2.1923919921523423
2.095861056289724
2.0033941933137585
1.9179063837690782
1.8423295291542159
1.7794750414578429
1.731638210276131
1.7006149584257342
1.6877076342013764
1.693440862651391
1.7175636335571052
1.759191479961686
1.8167505631436913
1.8880782063739037
1.9705919543281454
2.061399227856927
2.1575133942667675
2.255938593794665
2.3538775078532823
2.448798853146208
2.5386237645911027
2.6216765694916466
2.6967554869451744
2.7631947809570345
2.820703812905551
2.869402106818754
2.909716913822889
2.94230842921898
2.9680194859336044
2.9877676783093534
3.0024506491677405
3.01297451227291
3.020145713803223
3.0247040290620286
3.0272579687692787
3.0283372786268625
3.0283811732228796
3.0277200326270117
3.0266010030330786
3.025251262725923
3.0238025745966
3.022390968701225
3.0210616977364584
3.0198628519102906
3.0188829171419487
3.0180811297965136
3.017493695886561
3.0171663400507898
3.0170619226980238
3.01718574096686
3.0191470415498456
3.0196972240029716
3.0204032142485224
3.0212623275790813
3.0222405327896746
3.0232541733323144
3.0243527025928705
3.0254480062510836
3.0265137225826986
3.027598534040093
3.0286040581560028
3.029564206907833
3.030519314312497
3.0313986719159822
3.0322877613170047
3.033177174336344
3.034028467656884
3.0349614209753786
3.035872248033572
3.0389833402093243
3.0398960182260715
3.040759101357326
3.041528310598742
3.0421901841752765
3.042738714319541
3.0430926318257225
3.043287753829067
3.0432949243968723
3.0430566668804717
3.042664779431475
3.042080182151147
3.0413579112062323
3.040560137828752
3.0396675380864346
