3.04283688703649
3.0432675861531697
3.0436730923482282
3.0441043782212374
3.0445997301621013
3.0450870760554576
3.0455521446464413
3.0459603874498358
3.0462649059182874
3.04643425079585
3.0464722757917624
3.0463182351680347
3.0459965437850345
3.045441812534764
3.0447053620149687
3.0437493705578644
3.042564350300075
3.0412128817848663
3.0396399572056136
3.0378952566998096
3.0359702261212966
3.0338759363673704
3.031678627871893
3.0293501926968265
3.0269779268100687
3.024594023693585
3.0221981419313275
3.019910083675846
3.0177595140876363
3.015753468419125
3.014024569554197
3.0125554524541083
3.0113334328722816
3.0104911965803893
3.0099164240642953
3.009655310943724
3.0096874370000974
3.0099614501959335
3.0105006927911115
3.0112094588697076
3.0120960414180313
3.013105985479341
3.01418466484005
3.0153376827665053
3.016435769553234
3.017419493603796
3.0182503190362873
3.018661336816695
3.0184957314668988
3.0174950943693095
3.016320672338007
3.0123194060097642
3.006029492128891
2.9967561535567664
2.9836932226880823
2.9659672044326606
2.9427346893671555
2.913025516709319
2.875999423478312
2.830983242694008
2.7773963307998386
2.7150358832984844
2.643991446325456
2.5647836085700115
2.4783706125747837
2.3861688943678008
2.290125059312449
2.1925227735477852
2.095984916341585
2.00350572234941
1.9180003389389852
1.8424011351736027
1.7795202804808765
1.7316540747561833
1.700599644955905
1.6876606729290575
1.693363149027207
1.7174573860759175
1.759060097169671
1.8165983971038635
1.88791027417271
1.9704136236494412
2.061215900154585
2.157330202985723
2.2557601647662153
2.353707770695
2.4486409174498287
2.5384798576654304
2.6215480274837715
2.6966428084288108
2.7630977208569516
2.8206215283936755
2.8693333205392237
2.9096600946487268
2.94226194118799
2.9679817004247164
2.9877370739807465
3.002425854024411
3.012954331261266
3.0201291242475214
3.0246901747340744
3.0272461498306042
3.0283269299048516
3.0283718468676706
3.0277113848464694
3.0265927712163085
3.0252432503571
3.0237946360458645
3.0223829982705075
3.021053615500829
3.01985459602944
3.018874441713143
3.018072404346014
3.0174847080098663
3.0171570997424735
3.0170524538956207
3.0171760851790017
3.019137215047663
3.0196873452545114
3.0203933502552474
3.021252550180447
3.0222309095742115
3.0232447679828063
3.0243435611788065
3.0254391577276984
3.0265051733465684
3.0275902615849
3.0285960179179146
3.0295563353334902
3.0305115344001727
3.0313908982817224
3.0322799168641055
3.033169194957145
3.0340203111439403
3.034953066864402
3.0358637031229305
3.0389745793682845
3.0398871758124453
3.0407502529512223
3.0415195474401666
3.0421816072914263
3.042730418496358
3.0430846970553436
3.043280243048021
3.0432878705717368
3.043050078150327
3.0426586380383096
3.042074444693797
3.0413525191542017
3.040555020851211
3.039662623373352
