3.0428350602505554
3.043265508769653
3.043670695274809
3.0441015916352248
3.044596489862026
3.045083339241006
3.0455478801857225
3.0459555824159326
3.0462595749110757
3.04642842613434
3.0464660059716655
3.046311585955997
3.0459895889707314
3.0454346282442257
3.0446980160526276
3.0437419227278455
3.042556852234599
3.0412053778215853
3.0396324777259247
3.0378878262359796
3.0359628625675783
3.0338686480306327
3.0316714295343608
3.0293431042120322
3.0269709622775194
3.0245872028812695
3.022191487767427
3.019903617652844
3.0177532599273853
3.0157474470182386
3.014018787147634
3.0125499070030157
3.0113281132705443
3.010486077659565
3.009911475516802
3.009650497413022
3.0096827147410075
3.0099567728017385
3.0104960039677238
3.0112046996875415
3.0120911517982645
3.0131008985735366
3.0141793017213834
3.015331945187055
3.0164295179984553
3.017412533008535
3.0182423910767953
3.018652094031654
3.018484716059966
3.0174817079546155
3.016304113190162
3.0122988474763126
3.006003905462464
2.996724402310116
2.9836540963401688
2.9659194809661127
2.94267722062009
2.912957330171423
2.875919822097902
2.8308919087239577
2.7772934451790334
2.7149222120966248
2.6438684211843233
2.5646533588296507
2.478235960993036
2.386033274082985
2.289992369710608
2.192397176695488
2.0958705910774116
2.003406622713707
1.9179199592041172
1.8423423035325677
1.7794849628381029
1.7316432311093855
1.7006131354696201
1.6876972401015085
1.6934204912289574
1.717532299607726
1.759148682441565
1.81669632152616
1.8880130542747895
1.970516886298858
2.0613156241101933
2.157422915396766
2.2558430773979117
2.353778867905011
2.4486989865804594
2.5385244725446596
2.6215794798457637
2.6966620005678497
2.763106017324738
2.820620584060308
2.869324912708555
2.909645969658514
2.9422437139713873
2.967960797087521
2.987714699729298
3.002402976603883
3.0129316893289695
3.0201072473149413
3.0246694061933708
3.0272266767244718
3.0283088192812344
3.0283550883582837
3.02769591300067
3.026578493477674
3.025230065822204
3.0237824433368017
3.0223716958622133
3.0210431098834145
3.0198448083414497
3.01886529711238
3.01806383218456
3.0174766387089953
3.0171494620759116
3.0170451795447994
3.017169113286466
3.0191303965669514
3.019680721193879
3.0203868783788206
3.021246187785023
3.022224621359338
3.0232385294509845
3.0243373654129297
3.025433012832041
3.026499103731464
3.027584303158972
3.0285902148369166
3.0295507291211003
3.0305061611398845
3.0313857894775587
3.032275083513052
3.0331646252146225
3.0340159714844352
3.0349489031134267
3.035859644998788
3.0389704143319345
3.039882932022083
3.040745829117308
3.041514842626216
3.0421765395704137
3.042724928485696
3.0430787581391963
3.043273859897001
3.0432810773719945
3.0430429346673926
3.0426512264107064
3.0420668614629203
3.0413448724631684
3.0405474174834066
3.039655158246874
