3.042835580213006
3.043266176792769
3.0436713697171793
3.0441020643354264
3.044596527887701
3.045082716233356
3.0455463679031487
3.045952990983068
3.0462557774473806
3.046423343097974
3.0464596223591394
3.046303949304233
3.045980792851407
3.0454248141644347
3.044687348953168
3.0437305800005374
3.0425450085131356
3.0411931896168767
3.039620072261438
3.037875304198411
3.035950297857704
3.033856089880466
3.0316589368357
3.0293307306225286
3.0269587648686187
3.024575268708434
3.0221799159519374
3.0198925241207
3.0177427740673286
3.0157376976344423
3.0140098810593043
3.0125419427128297
3.0113211545616347
3.010480148402248
3.009906565401282
3.0096465473157643
3.0096796344270693
3.0099544571229764
3.010494326920831
3.0112035477684564
3.0120904115370264
3.0131004561330172
3.0141790490505533
3.015331764367179
3.0164292568996665
3.017411983518766
3.0182412692446308
3.018649957489566
3.018480934016824
3.0174753729457513
3.016293919873081
3.0122832481542567
3.005980846007462
2.996691379379839
2.9836081402626276
2.965857229757897
2.9425950438499586
2.9128515171549703
2.8757868060789717
2.830728544647277
2.777097371115095
2.7146921554985104
2.643604563856431
2.564357606804962
2.477912169057007
2.385687399141343
2.289632442244523
2.192033139077286
2.095513911450134
2.003069775869061
1.9176156866556773
1.8420828093469046
1.7792810807559754
1.731503677725414
1.7005439020455428
1.6877011573507747
1.6934970585389602
1.7176776584191402
1.7593558284779858
1.81695552731549
1.8883124898453303
1.9708433766984261
2.0616554893942824
2.157762852875198
2.2561709390124176
2.35408433267094
2.448973989803368
2.5387634260751684
2.6217793044273896
2.6968219604002317
2.7632274401238996
2.8207064514381877
2.8693794454504085
2.9096741566303166
2.9422508444065896
2.967952033056841
2.987694716947731
3.0023757439115073
3.0129003377101036
3.0200740929869223
3.024636062951112
3.027194213260068
3.0282778904891274
3.028326074700262
3.0276690032766447
3.0265537538083844
3.0252074709039567
3.0237618971059272
3.0223530608014095
3.0210262386448856
3.0198295504204538
3.0188515051543074
3.018051381496329
3.0174654286313545
3.017139394041067
3.017036157580037
3.0171610319000735
3.019123001775198
3.0196739796938705
3.020380633812814
3.021240283327382
3.0222189213217834
3.0232329047011497
3.0243317094378006
3.0254272504598037
3.0264931932023997
3.027578241728664
3.028584046245551
3.029544545267173
3.0305000868379715
3.0313799850141523
3.032269696471666
3.0331597859065083
3.034011770482891
3.0349453653341785
3.035856722477036
3.038967811087258
3.0398806187883514
3.0407435779089016
3.0415123889571998
3.0421736175040657
3.042721272944508
3.0430741397667886
3.0432680961460488
3.0432740662925633
3.043034661596433
3.042641773335475
3.0420563944883785
3.0413336281999728
3.040535676941804
3.0396432186257147
