3.0428363267033225
3.04326701368878
3.0436723934732752
3.0441033956842563
3.0445982884127556
3.045085012897486
3.0455492943442986
3.045956611050051
3.0462601170771695
3.046428399417908
3.0464653583158308
3.046310299687975
3.0459876739076788
3.045432124124389
3.0446949854548526
3.0437384449667597
3.042553014018488
3.041201259626261
3.039628152957283
3.037883360298722
3.035958303743051
3.0338640304195432
3.031666788605489
3.029338472197442
3.026966370525876
3.024582698652198
3.022187122763086
3.019899453068998
3.0177493693912725
3.015743907207957
3.0140156672651512
3.0125472778672235
3.011326029051279
3.0104845744869673
3.009910573239052
3.0096501889789162
3.009682972090417
3.0099575574819424
3.01049726527053
3.0112063924211094
3.0120932295677854
3.01310331545504
3.01418202369717
3.0153349423359095
3.0164327568885145
3.017415971179237
3.018245971837938
3.0186557103742917
3.0184881972427595
3.0174847810614462
3.016306359663076
3.0122996999569285
3.0060025788408313
2.9967198796834604
2.9836450987893572
2.9659044701727306
2.942654430959979
2.912924829457497
2.87587560221135
2.830834002206373
2.7772200914115652
2.7148320132993495
2.643760538563045
2.5645276856407317
2.4780932789522825
2.385875404337127
2.289822249216415
2.192218880509993
2.095689237595043
2.003228190115313
1.9177509737171525
1.8421894495521682
1.7793546517934848
1.7315411737014395
1.7005439580788224
1.6876641619169348
1.693425122841775
1.717574511650135
1.759226592871228
1.8168063963977858
1.8881503226112533
1.970675266203771
2.0614883215961117
2.1576028842982553
2.2560234666785806
2.3539534422543795
2.448862447801709
2.5386726688010195
2.6217095226317246
2.696772262427941
2.7631960652397334
2.8206910256857975
2.86937721666413
2.90968224711647
2.942266469544874
2.9679726785831946
2.987718266012103
3.0024005342605022
3.012925174466705
3.0200981862003
3.0246589347527313
3.0272156097875182
3.028297719364888
3.0283443311947216
3.0276857383981386
3.026569051387983
3.025221438185614
3.0237746533514254
3.0223647278472554
3.0210369308535263
3.019839368872179
3.0188605418151218
3.018059712513897
3.0174731198357403
3.017146510108298
3.017042762152684
3.0171671904858233
3.019128888649889
3.01967958421719
3.0203860368303603
3.021245559054773
3.0222241300006063
3.023238100491897
3.0243369273062157
3.0254325051741846
3.026498480005095
3.0275835376119193
3.0285893035404112
3.0295496963450237
3.030505058979807
3.0313846978134897
3.0322740872333878
3.0331638156160716
3.0340154295593043
3.034948683372259
3.0358597654376043
3.0389708168367044
3.0398835882140838
3.040746655304268
3.0415157255488214
3.042177349242741
3.0427255235985875
3.043079001129522
3.0432736215790497
3.043280259715723
3.0430414792439606
3.042649122685804
3.0420641469940084
3.0413416282275945
3.0405437583600143
3.039651223627053
