3.0428422761997633
3.0432733424434666
3.0436791195659056
3.0441105513642484
3.044605909337367
3.045093119417392
3.0455579084615305
3.0459657404158356
3.046269741924331
3.046438489114678
3.0464758636780216
3.0463211558967895
3.0459988088832364
3.0454434590930513
3.044706440941131
3.04374994768762
3.042564499302983
3.0412126781510906
3.0396394753989258
3.037894573576086
3.035969416189195
3.033875069621137
3.0316777867995492
3.0293494611939846
3.0269773909930846
3.0245937818422144
3.0221982904089177
3.019910721680283
3.0177607416312227
3.0157553778742785
3.014027236988385
3.0125589425419634
3.01133778982505
3.010496445180049
3.0099225756603087
3.0096623642084754
3.0096953837318354
3.0099702778661395
3.0105103830745557
3.011219999885652
3.0121074226706424
3.013118197543212
3.0141976956254872
3.015351509091344
3.016450331392938
3.0174346764411677
3.018265935240892
3.0186770826336935
3.018511159075711
3.0175095571334025
3.016333311437806
3.0123290776519376
3.0060347987058615
2.9967554315597598
2.9836845609208478
2.9659485015213694
2.942703743484403
2.91298015201101
2.8759376293109558
2.8309033400348644
2.7772971768881547
2.71491704149438
2.6438533780287177
2.5646278202651738
2.4781997619477423
2.3859868236230137
2.289936723336907
2.1923340840047665
2.0958024695524378
2.0033364821342268
1.9178512478206446
1.842278721257468
1.7794302582017298
1.731600978773543
1.7005865273788976
1.687688883821758
1.6934322452696164
1.717565135804204
1.7592026194859225
1.816770413853028
1.8881054541227533
1.9706249780517653
2.0614362020589736
2.157552408741388
2.2559777730871464
2.353915129735519
2.448833440815296
2.538654156648315
2.6217019580835585
2.6967754234059935
2.7632091592401675
2.8207128255786396
2.869406193047285
2.9097166972481223
2.942304646986035
2.968012921650287
2.9877591021346745
3.002440763227609
3.0129639122811307
3.0201348707982563
3.024693286486663
3.027247557089761
3.028327335277732
3.0283717697203767
3.0277111932297736
3.026592722453733
3.025243519145179
3.0237953343046597
3.022384191000304
3.021055339668011
3.0198568703139466
3.018877269812731
3.0180757792216495
3.0174886116544477
3.0171614962222453
3.0170572971041363
3.0171813151670355
3.0191427615423336
3.0196931090895442
3.0203992470821923
3.021258489226045
3.0222368050826005
3.0232505386796076
3.02434914495696
3.0254445122779456
3.0265102814439935
3.02759513770964
3.028600703345388
3.029560893741679
3.030516046490511
3.031395460096511
3.0322846161186257
3.033174107562166
3.0340254892789953
3.0349585339697502
3.03586944788709
3.0389805626811723
3.0398932919640487
3.0407563984105455
3.041525595991764
3.0421874220187037
3.0427358666622597
3.043089665526235
3.0432846408853864
3.0432916451919327
3.0430532130016386
3.0426611559416186
3.04207640611259
3.0413540136235113
3.040556158871817
3.0396635237849847
