3.0428422039584073
3.0432732327544554
3.0436789596291827
3.044110326745894
3.044605606740694
3.0450927317713523
3.045557430717029
3.0459651722527434
3.0462690895000533
3.046437761971359
3.0464750734502273
3.046320317657309
3.045997937921447
3.045442569893833
3.044705545782519
3.0437490560157423
3.042563618700415
3.0412118143131606
3.0396386310058707
3.0378937506067567
3.0359686144389904
3.033874288695106
3.0316770290739004
3.0293487306322815
3.026976690083304
3.0245931147799325
3.0221976623811058
3.019910136630101
3.0177602046660668
3.0157548918301598
3.0140268008511826
3.0125585537509703
3.0113374437487623
3.0104961349958446
3.0099222940388723
3.0096621034436906
3.0096951348978083
3.0099700335725545
3.010510135195692
3.011219740994325
3.0121071471116725
3.0131178984248854
3.014197364561463
3.015351133773316
3.0164498911918507
3.017434140577434
3.018265261092001
3.018676211595169
3.018510010425627
3.017508024570918
3.0163312543415963
3.0123263479679436
3.0060312164655976
2.9967508014218334
2.9836786794859123
2.965941169148821
2.942694784917458
2.912969434571113
2.8759250815524804
2.830888969817777
2.7772810917478896
2.714899461811557
2.643834646680185
2.564608403820711
2.4781802403766653
2.3859678678574503
2.289919062356777
2.1923184585738156
2.095789580729204
2.0033269429395926
1.917845539915465
1.842277157097259
1.7794329500821342
1.7316078242089668
1.7005972085799184
1.6877028843358781
1.6934488836942043
1.717583611566805
1.7592220632364297
1.8167899455626149
1.8881242417214221
1.970642286005658
2.0614514332185356
2.15756513089981
2.2559877327939386
2.3539222501551027
2.448837809389066
2.538655998399749
2.621701604464107
2.6967732777584272
2.7632056569347254
2.820708397925019
2.8694012361708334
2.90971154825174
2.9422995729406174
2.9680081177865327
2.9877546932048986
3.0024368119686056
3.012960432487477
3.0201318400611945
3.024690660770398
3.0272452836907506
3.028325361379053
3.0283700468328716
3.0277096790107287
3.026591382559553
3.0252423251029326
3.023794262201026
3.0223832197772493
3.0210544532583894
3.0198560568274995
3.018876519109443
3.018075082972132
3.0174879617343198
3.017160883472705
3.0170567127132246
3.0171807512075053
3.019142196246834
3.01969254845319
3.0203986837628767
3.021257916450466
3.0222362187760075
3.0232499375390525
3.0243485306781412
3.025443889494017
3.0265096582648994
3.0275945239200817
3.028600109519435
3.029560329943385
3.030515522536798
3.031394983534562
3.0322841898033244
3.0331737288453633
3.0340251504646556
3.034958223065311
3.035869149533855
3.0389802407385593
3.0398929455166304
3.040756007892217
3.0415251438812225
3.042186895148643
3.042735258533898
3.04308897546115
3.0432838740376287
3.0432908124305875
3.043052330207679
3.042660242191423
3.0420754825216383
3.0413531017091633
3.040555277696445
3.0396626886282516
