3.0428385625878223
3.043269367976392
3.043674959525683
3.044106304350114
3.0446016861594085
3.045089032269035
3.045554071467979
3.045962257712212
3.046266696684452
3.046435944200171
3.046473858506221
3.0463197009321967
3.0459978915194017
3.045443045737408
3.044706486765814
3.0437503961590284
3.0425652879431793
3.041213743924817
3.039640757349627
3.0378960099594394
3.035970948500831
3.0338766448011163
3.031679342812725
3.0293509351467067
3.026978718825596
3.0245948895118624
3.022199104776689
3.0199111667585976
3.0177607397358193
3.0157548561908283
3.014026135365371
3.012557209098275
3.011335388946131
3.0104933572559696
3.00991879231949
3.0096578886132708
3.009690226100197
3.00996445309209
3.01050391208844
3.0112128992230085
3.0120997085131536
3.013109885686941
3.0141888036478175
3.015342062925577
3.0164403854331985
3.0174243274171575
3.01825533614185
3.0186664772195444
3.0185009036424195
3.0175001645019854
3.016325468372
3.012323684473746
3.0060329653493585
2.996758481867522
2.9836940203814746
2.9659660534607672
2.9427311597028174
2.9130191925360025
2.8759899318179696
2.830970286572806
2.7773797290097875
2.7150156019522838
2.643967633617266
2.5647566206679273
2.4783410292200223
2.3861375191518053
2.2900928984006104
2.1924909970363817
2.0959547977822868
2.003478572808989
1.9179774304960633
1.8423836280275836
1.7795091525365496
1.7316500600706888
1.7006031863478657
1.6876718903132741
1.6933818313578317
1.717483001104065
1.7590918258728068
1.8166351880615972
1.8879509131775216
1.9704568098634463
2.0612603228167803
2.1573746147407427
2.255803440099553
2.3537489522064425
2.448679246263387
2.5385147889147057
2.6215792327578136
2.6966701629849044
2.763121281117375
2.8206414965646402
2.8693500051247796
2.9096738668519793
2.9422731985097923
2.967990839254
2.987744465111192
3.0024318322189485
3.0129591882239666
3.0201331095029995
3.0246934969607953
3.027248979487883
3.0283294045109908
3.0283740752254937
3.0277134503917633
3.0265947376567954
3.025245165266024
3.023796534642303
3.022384906031138
3.0210555516025237
3.0198565752754325
3.018876474997048
3.018074498836458
3.0174868666149943
3.017159320009171
3.0170547299562798
3.0171784069744767
3.0191395785533346
3.019689721933571
3.020395723915817
3.0212549033809344
3.0222332259634843
3.023247032206786
3.0243457620661127
3.025441288189133
3.026507231779383
3.02759225332853
3.0285979536269556
3.0295582303059336
3.0305134071756057
3.0313927694809415
3.032281805130505
3.0331711158203083
3.0340222749022137
3.034955078593751
3.035865761224277
3.0389766898457014
3.0398893063733006
3.040752385301493
3.041521659532739
3.0421836746593134
3.042732418078293
3.043086609412308
3.043282052848213
3.0432895696271114
3.043051664320428
3.04266011554249
3.0420758239266785
3.041353814246187
3.0405562488531603
3.0396638019487576
