3.042827533899171
3.043257290181816
3.0436615698723086
3.044091321100927
3.044584834086063
3.045070135331555
3.045533020168519
3.045939028773348
3.046241386716354
3.046408727545857
3.0464449782482017
3.046289463783645
3.0459666330850457
3.045411111752828
3.044674197182291
3.043718027887058
3.0425330641735027
3.041181825975168
3.039609213167965
3.0378648654796976
3.035940205400987
3.0338462611407255
3.031649284285737
3.0293211886553473
3.026949270219804
3.0245657592373956
3.0221703543452483
3.0198828487336304
3.017732913705745
3.0157275820056912
3.013999427072569
3.012531059212547
3.011309752586692
3.0104681160577655
3.0098937841877484
3.0096329191473243
3.009665060682239
3.009938858601112
3.010477637629617
3.0111856990533603
3.0120713472069647
3.0130801023483125
3.014157306227623
3.01530852753049
3.0164044020349454
3.017385342116387
3.0182126191727905
3.0186190279562566
3.0184473907092255
3.0174388290908953
3.016253841239786
3.012239346051926
3.005932692160533
2.9966386005088306
2.98355051164332
2.9657947429894556
2.942527979925367
2.9127805172432666
2.875712952566868
2.830653405402163
2.777023005794923
2.714621089827091
2.6435396877631256
2.5643020625679025
2.477869197775139
2.3856601011793455
2.28962353353777
2.192044670175912
2.09554697387339
2.003124228619469
1.9176899549691468
1.8421738410833233
1.7793844349852939
1.7316137972329622
1.7006544770864087
1.6878055227586513
1.6935885871238405
1.717750189853852
1.7594040547558474
1.8169753555254746
1.8883013336952748
1.970800331320636
2.0615814244142285
2.1576603123732623
2.256043914174643
2.353937885166439
2.4488138383236966
2.538595507915366
2.6216093519104406
2.696655183924827
2.763068273614563
2.8205584078003882
2.8692450297787957
2.909554820267334
2.9421470324563765
2.9678632890153445
2.9876198659247657
3.0023131229994724
3.0128480762888685
3.0200303492551788
3.0245991652496804
3.027162722916784
3.0282506231489705
3.028302097741959
3.0276475613120786
3.0265342266404978
3.0251893593823906
3.023744819717744
3.022336714725013
3.021010391460941
3.019814044910725
3.0188362236614603
3.018036238683542
3.017450361601224
3.017124359966107
3.0170211089224326
3.017145920990167
3.019107604770971
3.019658463255693
3.020365012650066
3.0212245956504313
3.022203208662384
3.0232172340552275
3.0243161618234775
3.0254119038222838
3.026478125281549
3.027563534439618
3.0285697878655533
3.0295307983215713
3.0304868785096457
3.0313673028387824
3.0322574867394163
3.0331479423881484
3.034000154432748
3.0349338141858553
3.03584505874508
3.0389556238549016
3.039868029772574
3.0407304838320517
3.041498738596827
3.0421594060199464
3.042706531616318
3.0430589536721318
3.043252613648366
3.043258464790334
3.0430191473836676
3.0426265578877696
3.0420416644455557
3.041319538132049
3.040522328825862
3.0396306574844325
