3.042839907072043
3.0432707362670577
3.0436762274748506
3.044107321856755
3.0446022946280142
3.0450890935932966
3.045553459101202
3.0459608733710173
3.046264486808357
3.046432889798356
3.0464699760332854
3.046315046469319
3.0459925469241873
3.045437113632914
3.0447000740582366
3.0437436100719486
3.042558229672088
3.041206502731556
3.039633402500468
3.037888602851671
3.0359635416155637
3.0338692777537286
3.0316720668239574
3.029343807112004
3.02697179595331
3.024588245436527
3.022192820003398
3.019905322114358
3.017755419674926
3.0157501393791986
3.014022078473578
3.0125538557875924
3.011332759763822
3.0104914439300603
3.009917568560639
3.009657310933292
3.0096902368714673
3.009964992275298
3.0105049104919175
3.0112142930989254
3.0121014371351684
3.0131118836052524
3.014190998166992
3.015344364943556
3.016442659628957
3.0174263677706086
3.018256846586678
3.0186670199564687
3.0184998660106785
3.017496699019505
3.0163184192255503
3.0123117062451117
3.0060143572537497
2.9967312593473743
2.9836559477739186
2.965914726223084
2.9426641276694427
2.912934123439263
2.8758847920651465
2.8308435432786645
2.777230593374129
2.7148442231644436
2.6437753040903815
2.5645459156373613
2.4781158901716114
2.3859032408184553
2.2898559898816835
2.1922589352919006
2.0957356448321223
2.003280541348282
1.9178083728493085
1.842250544581855
1.7794177184976547
1.7316042404145398
1.7006049524236757
1.6877210573236416
1.6934760619498033
1.717617927753259
1.7592613185781543
1.8168317518188672
1.8881661776701648
1.9706820550479227
2.0614870137361754
2.157594896993582
2.2560105332517657
2.353937444364782
2.4488452542935937
2.5386559985939146
2.6216948344541495
2.6967606915778477
2.7631883914179305
2.820687673020995
2.869378269371705
2.909687468482118
2.9422753534920583
2.9679845277160495
2.9877322785307707
3.0024159037869946
3.01294117890926
3.0201142535763488
3.0246746647350378
3.027230751880227
3.028312143701622
3.0283579944398005
3.027698646863345
3.026581234009773
3.0252329352579066
3.02378552006458
3.0223750263371425
3.0210467235783907
3.019848722360864
3.0188695210260628
3.018068374307328
3.017481505788843
3.0171546492064056
3.0170506696845045
3.0171748701141574
3.0191363790104915
3.0196868363086704
3.0203930553160756
3.0212523548322956
3.0222307123157797
3.0232444802661527
3.0243431225848094
3.0254385356408333
3.0265043688903215
3.0275893152066704
3.0285950050951858
3.029555354927881
3.030510698794601
3.03139033038023
3.0322797157978885
3.0331694288749484
3.0340210067004936
3.0349542020119618
3.035865203908966
3.0389762205241997
3.0398888853550665
3.0407518478194877
3.041520828291911
3.0421823797178096
3.042730507124717
3.0430839701512045
3.043278617755676
3.0432853272382077
3.043046658354381
3.0426544429731397
3.0420696235131146
3.0413472557706545
3.0405495148197565
3.0396570698115335
