3.042822564737201
3.043251844252679
3.043655702173385
3.044085125616613
3.0445784481771296
3.0450637014093784
3.0455266811245494
3.0459329203915675
3.046235616280579
3.046403377407116
3.0464401128532215
3.046285112204182
3.0459627946640815
3.045407759913464
3.044671287695979
3.043715505261864
3.0425308474727397
3.041179838660394
3.039607403456249
3.037863197999609
3.035938631410813
3.033844736695446
3.0316477660890313
3.0293196303797982
3.0269476285477435
3.0245639706467546
3.0221683347647867
3.019880512893358
3.0177301755088504
3.015724357992549
3.0139956511839996
3.012526663351658
3.0113046705069295
3.010462311715368
3.0098872452443963
3.009625647497103
3.009657076865193
3.0099301789274433
3.0104682843004857
3.011175676674324
3.0120606375502303
3.0130686852099986
3.014145161890138
3.015295632278823
3.016390717696324
3.017370836851426
3.0181972785038234
3.0186028830873104
3.0184305434020904
3.017421492350228
3.016236331079782
3.012222173830576
3.0059165443606686
2.996624412398838
2.9835394769207984
2.9657882858916396
2.942527722627428
2.912788238533274
2.8757304910979054
2.8306825541035745
2.7770653250111095
2.714677759325267
2.6436113689204306
2.564388730788628
2.477970000249626
2.385773228515795
2.289746189424135
2.192173041746953
2.0956763215861605
2.00324908557576
1.917804475317706
1.8422722144092054
1.7794613210805905
1.7316647201592683
1.7006760950227986
1.6877958160525903
1.6935469800461842
1.7176776247503793
1.7593029587475773
1.8168494936576067
1.8881555902043892
1.9706403887306863
2.061413374650695
2.1574902004853462
2.2558773254889486
2.3537796324505873
2.4486677381962183
2.5384642795166217
2.6214945972380135
2.6965574982410923
2.7629873612686984
2.82049322472181
2.8691939330713443
2.9095157578419077
2.942117763971163
2.9678415876214297
2.9876037230086436
3.0023009106043994
3.0128385950989527
3.020022741219313
3.024592837224397
3.0271572804662172
3.028245783618943
3.028297621258634
3.027643247097306
3.0265299265355483
3.0251849724783746
3.023740278764793
3.022331986403733
3.021005459934776
3.0198089035979567
3.018830863835774
3.018030653507929
3.017444541135751
3.0171182920279227
3.017014773631751
3.0171393190635794
3.0191007542813346
3.0196514774437047
3.0203579612840112
3.0212175510357424
3.022196245449135
3.023210420603494
3.0243095504527795
3.0254055373590942
3.026472051717284
3.027557775957064
3.0285643337921924
3.0295256001190554
3.030481859184814
3.0313623616789958
3.0322525130421125
3.0331428327191983
3.0339948155313645
3.0349281781280966
3.03583909978243
3.0389493189219907
3.03986149255391
3.0407237983216597
3.041491993335456
3.042152706489894
3.04270000627762
3.0430527297856518
3.0432468118853206
3.0432531767197433
3.043014420876513
3.042622398667599
3.0420380306277055
3.0413163496789037
3.0405194848852832
3.0396280549712715
