3.042833315702837
3.043263729014548
3.0436687863214593
3.044099420227943
3.0445939006233624
3.045080184363489
3.0455440073499505
3.0459508565651503
3.0462539070851427
3.0464217600150842
3.0464583302263915
3.046302937213168
3.0459800377057236
3.0454242779599143
3.0446869910534287
3.0437303574255394
3.042544878310939
3.0411931143887383
3.0396200254400005
3.037875272429994
3.0359502694365443
3.0338560502369836
3.0316588620622382
3.02933060563767
3.0269585646811645
3.0245749566118465
3.022179452767511
3.0198918620731297
3.017741867409271
3.0157365091526804
3.0140083792300967
3.012540099397058
3.0113189534222773
3.01047758260695
3.0099036408321984
3.009643287106386
3.009676058807088
3.0099505865092326
3.0104901812912477
3.0111991317341404
3.0120857244449155
3.013095491276529
3.014173799524144
3.0153262250923443
3.0164234253722677
3.017405866364982
3.018234890744715
3.0186433892989317
3.0184742983362622
3.017468871759085
3.0162878424679245
3.0122779913967306
3.0059769244114243
2.996689439323788
2.983608968116194
2.965861714544292
2.942604141145467
2.912866196743769
2.8758079940541643
2.830757039761502
2.777133736675732
2.7147366466613567
2.643657027297208
2.564417422103914
2.4779781993188172
2.3857579464854637
2.28970527135372
2.1921055320106086
2.095582791857392
2.0031318639078677
1.9176677513149591
1.8421219164023306
1.7793048320508587
1.7315103952581343
1.700532735101918
1.6876721360469598
1.6934510735945374
1.7176164277137245
1.7592818023432084
1.8168717403135854
1.8882223620386398
1.970750485957259
2.06156333144084
2.157674588681662
2.2560892051114854
2.354011101518174
2.4489105245296083
2.538710300036122
2.6217364642111454
2.696788836102534
2.763203061890942
2.8206895788197754
2.8693686635570144
2.9096680040666416
2.942247927651989
2.967951130814024
2.9876948689156286
3.0023762730862056
3.0129008479610415
3.020074402227534
3.0246361120411196
3.027194002053806
3.028277444691483
3.0283254118388063
3.027668127024522
3.0265526645240723
3.025206178962671
3.0237604209422146
3.0223514197656085
3.021024449609551
3.0198276281636858
3.0188494588430355
3.018049212006588
3.0174631325687202
3.0171369705805593
3.0170336054422062
3.0171583614473305
3.0191202471757066
3.0196711837796775
3.0203778441511666
3.0212375407449654
3.0222162563096138
3.023230348914545
3.0243292856605137
3.025424972085161
3.0264910672057646
3.027576263921333
3.028582196227256
3.029542777935172
3.0304983485586203
3.0313782130198055
3.0322678333033295
3.033157783155808
3.034009594200506
3.0349430055028384
3.03585419023586
3.038965150405714
3.039877885313712
3.040740836651084
3.0415097089595293
3.0421710642341058
3.042718912962008
3.043072034801565
3.0432662954572987
3.043272591219415
3.043033507770076
3.042640909126971
3.0420557640034236
3.0413331628984714
3.0405353017947885
3.03964286290479
