3.042843259514935
3.0432743696432487
3.043680174407828
3.044111613500713
3.044606959023386
3.0450941402844287
3.045558886498248
3.045966667158063
3.0462706137689364
3.0464393067091815
3.046476630418902
3.0463218787704984
3.045999495878328
3.0454441192625747
3.044707082690018
3.0437505776602034
3.0425651228366073
3.041213299870236
3.0396400984749365
3.0378952001299955
3.035970048418455
3.0338757121840274
3.031678448205868
3.0293501506288942
3.0269781190996063
3.024594561302191
3.022199134307139
3.0199116426114108
3.017761751322864
3.015756484451227
3.0140284453338717
3.0125602546294523
3.0113392045161236
3.0104979594381125
3.0099241848768146
3.0096640629806295
3.0096971680494984
3.0099721466939036
3.0105123370682523
3.0112220427122995
3.012109560723394
3.0131204381493175
3.0142000456177227
3.0153539724185205
3.016452906314132
3.017437353072762
3.018268692294053
3.018679881156942
3.0185139384008535
3.0175122292873016
3.0163357619465927
3.012331155519472
3.006036326415023
2.9967562063023325
2.983684359674267
2.9659470945697537
2.94270091412813
2.912975715193998
2.875931451568878
2.8308953604066516
2.7772874314826153
2.7149056786574697
2.6438406730651236
2.564614180404339
2.478185721043072
2.385973029365256
2.2899239082734724
2.192323022578676
2.095793923361647
2.003331146455484
1.9178496921921975
1.8422813403561658
1.779437234043528
1.7316122624980113
1.7006018406225665
1.6877077358914396
1.6934539680620917
1.7175889256145753
1.7592275864654232
1.8167956410392203
1.8881300599537085
1.9706481738481763
2.0614573407883814
2.157571021222557
2.2559935852246515
2.3539280607673794
2.448843584714794
2.53866174865351
2.6217073381233984
2.696778997220006
2.7632113590042184
2.8207140743022867
2.869406877543944
2.9097171428443955
2.942305103437839
2.9680135570071653
2.987760002649882
3.002441947982161
3.0129653498410303
3.020136501086901
3.024695043868855
3.027249384623439
3.028329189669747
3.028373622124221
3.0277130273362243
3.026594531000356
3.025245297929931
3.023797081320624
3.02238590608757
3.0210570252452866
3.0198585308393606
3.0188789106695193
3.0180774066484317
3.0174902303092495
3.0171631074258096
3.017058900008033
3.0171829060880566
3.019144335544174
3.0196946532387035
3.020400751430445
3.021259945368371
3.0222382078509478
3.0232518840310396
3.024350431802965
3.0254457428456414
3.0265114616319253
3.027596276841356
3.02860181355263
3.029561990542566
3.0305171462460594
3.031396577738657
3.032285763124016
3.033175289907985
3.034026707198519
3.03495978232425
3.0358707166468277
3.0389818416613377
3.0398945598456066
3.040757637994734
3.0415267915158566
3.0421885601907275
3.042736938473356
3.043090665836777
3.0432855693970344
3.0432925084132525
3.043054022548793
3.0426619273337554
3.0420771574723466
3.0413547622656365
3.040556920149851
3.0396643089964326
