3.0428410295202806
3.0432719442100398
3.043677575902288
3.044108881094208
3.044604140767813
3.045091288847082
3.0455560595007616
3.045963918881222
3.046267990821427
3.0464368485468007
3.0464743662294502
3.046319825409935
3.0459976600150513
3.0454424952765597
3.0447056572549673
3.0437493308664987
3.0425640297366097
3.0412123340877506
3.03963923449939
3.0378944135072885
3.035969316291854
3.033875013131623
3.03167775627976
3.0293494412343156
3.0269773664748003
3.0245937337192705
3.022198199521346
3.019910566033382
3.017760496190983
3.0157550162452242
3.0140267342188354
3.012558271648873
3.0113369278251714
3.0104953732464446
3.009921278437471
3.0096608339664095
3.0096936167537525
3.009968274189336
3.0105081463182803
3.0112175319525103
3.012104726045465
3.013115272806635
3.0141945398947305
3.0153481156807365
3.016446690814034
3.0174307772241855
3.018261765403849
3.018672636995806
3.0185064415198966
3.0175045925640784
3.016328143576521
3.0123238142399598
3.0060295879628733
2.9967504888910583
2.983680180553497
2.9659450618260306
2.942701710233366
2.9129800676787614
2.8759400992881434
2.8309090072836325
2.7773066796980976
2.714930973642932
2.6438722339920764
2.5646519402576455
2.4782292736825635
2.386021583742776
2.289976275245357
2.192377623351369
2.0958488414715193
2.0033842057505926
1.9178985807310776
1.8423237503808099
1.7794710118979036
1.7316355513872366
1.7006132036017303
1.6877062493684796
1.6934392769252389
1.7175612779866127
1.759187821833022
1.8167451423783907
1.8880706639520413
1.9705820502055071
2.061386852841543
2.1574985663462054
2.2559214499519733
2.3538582912690154
2.448777894316877
2.5386014592703834
2.621653352114274
2.6967318067488266
2.7631710737050548
2.820680476138576
2.869379479207885
2.9096952638708715
2.9422879533529347
2.9680003096207703
2.9877498670988176
3.0024342170592764
3.0129594319496533
3.020131921267943
3.0246914319876073
3.0272464562026054
3.0283267278307653
3.0283714605968988
3.0277110389646325
3.0265926190355685
3.0252433928206663
3.0237951361845745
3.022383890274611
3.0210549182412727
3.0198563207965075
3.0188765899346324
3.0180749687969177
3.0174876703214686
3.0171604256039863
3.01705609866256
3.017179993320578
3.019141314152
3.0196915679819205
3.020397630646236
3.0212568199301955
3.022235106174203
3.0232488356834812
3.024347462393052
3.0254428730141187
3.026508705769055
3.027593640040955
3.028599291199656
3.029559565098068
3.030514790267044
3.031394254270225
3.032283433426315
3.033172914955024
3.0340242531367743
3.0349572253380153
3.0358680455051523
3.038979037592841
3.039891667145736
3.040754683823681
3.041523811839885
3.042185599082657
3.0427340440603023
3.043087885424345
3.043282948767844
3.0432900815338924
3.043051810900363
3.0426599375921946
3.042075380477488
3.0413531760055466
3.0405554921680307
3.0396630010474466
