3.0428228932617936
3.0432521903005845
3.0436560826416996
3.0440855661930812
3.0445789631718325
3.045064309528545
3.0455274113921993
3.0459337989999096
3.0462366690033598
3.046404630407536
3.0464415776449285
3.0462867937719285
3.0459646934368605
3.0454098670921557
3.0446735892910084
3.043717975489507
3.0425334720819914
3.0411826018274724
3.039610276842881
3.037866140740091
3.035941621855086
3.033847759723776
3.0316507999190367
3.0293226588668225
3.026950630643509
3.0245669256438
3.0221712362169675
3.0198833485295733
3.0177329274342397
3.015727007316131
3.0139981760223886
3.0125290432210137
3.0113069029768775
3.0104643895270486
3.0098891570991673
3.009627393148859
3.0096586538403662
3.0099315967261715
3.010469555132689
3.0111768179897025
3.012061684320022
3.013069671672919
3.014146117375857
3.01529658435405
3.0163917170197667
3.0173719494422127
3.0181985874990507
3.0186045044015497
3.0184326220924955
3.0174242171114196
3.0162399542985416
3.0122270099073014
3.005922983679146
2.9966328971181735
2.9835505030408216
2.9658024066361017
2.942545534816383
2.9128103318189806
2.875757427347672
2.8307148187080804
2.7771032945890406
2.7147216679332957
2.6436612233513546
2.564444278870924
2.4780306929880345
2.385838209503667
2.289814277722687
2.192242775366932
2.0957460289745127
2.003316944432793
1.917868577918319
1.8423306233906005
1.779512144358676
1.7317061972382743
1.7007067297703227
1.687814512044639
1.6935531146174352
1.7176710940595372
1.7592841690300196
1.8168193500441117
1.8881154220306435
1.970591867422281
2.061358423474069
2.1574309087377888
2.255815867757174
2.3537181364378434
2.4486081865304823
2.538408400637123
2.6214437950650673
2.6965127774392847
2.7629493053393235
2.8204620351069547
2.869169487309299
2.9094976795540806
2.9421054828362836
2.967834402172061
2.9876008515429624
3.002301502619743
3.012841786427494
3.020027742599712
3.02459898502684
3.0271640368165817
3.028252748242368
3.028304531057019
3.027649945754848
3.026536314512211
3.025190988032127
3.0237458950733918
3.022337194037329
3.021010260408157
3.0198133095096535
3.0188349004215356
3.0180343458546286
3.0174479138757317
3.0171213763139635
3.0170176106342694
3.0171419481632196
3.019103218447304
3.0196537681662328
3.020360099074276
3.0212195632861456
3.0221981518793015
3.0232122451859276
3.0243113190392497
3.025407274173757
3.0264737590526636
3.027559451892773
3.0285659760379664
3.029527207638371
3.0304834297149212
3.0313638851458293
3.032253986473442
3.033144244993209
3.0339961610810997
3.0349294574319097
3.0358403161205127
3.0389505100521905
3.0398626417292194
3.040724920708799
3.0414931274529997
3.0421538954137746
3.0427012863300513
3.043054130499094
3.04324835890852
3.0432548855068156
3.043016305582832
3.042624461724874
3.0420402688271126
3.0413187517101354
3.0405220275250526
3.039630698002633
