3.042842032991813
3.043273112697437
3.0436788794790366
3.044110267031212
3.044605538953657
3.045092620387813
3.045557235078234
3.0459648488930267
3.0462685994368517
3.046437070820425
3.0464741571434644
3.046319162191959
3.0459965405134177
3.04544093850045
3.0447036970323653
3.0437470153824617
3.0425614157018677
3.0412094784607255
3.0396361912580563
3.0378912354180114
3.0359660479357133
3.0338716865311293
3.031674403893673
3.029346093980902
3.0269740523788675
3.0245904891200945
3.0221950624290135
3.0199075797093538
3.0177577114070977
3.015752488025829
3.0140245114417015
3.0125564049589
3.0113354578686264
3.0104943283367804
3.0099206779578056
3.0096606814938287
3.0096939023617693
3.009968977555304
3.010509236320436
3.011218977550727
3.0121064929076713
3.013117326498521
3.014196850151446
3.0153506540419355
3.0164494220536833
3.01743365366075
3.0182647231736377
3.018675575042905
3.018509210775528
3.0175069659107807
3.0163297915998037
3.0123242964296457
3.006028317555934
2.996746719564797
2.983672993702545
2.965933369320064
2.942684271215589
2.912955537385867
2.8759070862970315
2.830866152347662
2.777252768870111
2.714865044680912
2.643793707888226
2.5645607407363293
2.4781259423463053
2.3859073719058848
2.289853191032925
2.192248445974763
2.0957170610646676
2.0032539087239223
1.917774262258075
1.8422100773221959
1.7793725445941813
1.7315564503861935
1.700556947886576
1.6876753986714115
1.6934353019291446
1.7175844462902128
1.7592371769294723
1.8168185518102877
1.88816494950462
1.9706931870981268
2.0615102218399777
2.1576292527628103
2.2560545429183416
2.35398918066553
2.4489025125484734
2.5387164718547712
2.621756274858132
2.6968210413766895
2.7632458925436856
2.8207409341993452
2.8694262976628515
2.9097296836341213
2.9423115665652824
2.968014900788821
2.9877572578271234
3.0024361318712733
3.012957399127499
3.0201272211169226
3.0246850730626367
3.0272391948262634
3.0283191081772665
3.028363861418904
3.027703709852511
3.026585720233063
3.025237022983712
3.0237893444997495
3.0223786902166565
3.02105030203711
3.0198522649127435
3.018873062104748
3.0180719349843206
3.0174851002581593
3.0171582879462457
3.0170543633281923
3.0171786282269273
3.019140265453046
3.0196908010138914
3.020397097686776
3.021256464163913
3.0222348712971985
3.023248665634873
3.024347306703546
3.0254426878097753
3.0265084572486654
3.0275933087302582
3.0285988731400217
3.029559070740155
3.0305142467979103
3.03139370918901
3.0322829381653036
3.0331725269767293
3.034024025441684
3.034957196840003
3.035868234497555
3.0389794178299665
3.0398922203625967
3.0407553597632986
3.04152453847223
3.0421862898395933
3.0427346028305053
3.0430882210594232
3.0432829733064866
3.0432897246549087
3.0430510248596927
3.0426587039665316
3.042073711131072
3.0413511147358485
3.0405531076664776
3.039660380294756
