3.0428323848695227
3.0432624596590885
3.0436672378183585
3.044097717179371
3.044592217212022
3.045078715507227
3.0455429803455347
3.045950499603223
3.046254407976732
3.046423279779031
3.0464609792394857
3.046306764393912
3.045985041791504
3.0454304029320696
3.044694141289902
3.043738400912169
3.042553659860141
3.041202480077816
3.0396298332369467
3.037885389812277
3.0359605898440187
3.033866503438003
3.0316693800318246
3.029341123624195
3.02696903249913
3.0245852991399196
3.0221895873613716
3.0199016906977594
3.0177512673598006
3.0157453446613975
3.014016530652411
3.0125474384012163
3.0113253741757946
3.0104830125412985
3.009908028472558
3.0096466271173643
3.0096783902585402
3.009951974448758
3.010490724549092
3.011198928920801
3.0120848813167953
3.0130941155932858
3.014171985794485
3.0153240640144707
3.016421021557962
3.017403347728944
3.0182324122174577
3.0186411895864067
3.0184727257069
3.0174684572942905
3.0162893757705103
3.012282491735811
3.005985785369449
2.996704448720106
2.9836323574068677
2.9658961595005775
2.942652724756596
2.912932301627206
2.875895163553638
2.8308687918323314
2.7772732706647307
2.714906574293286
2.6438590360758947
2.5646519644612242
2.478244193697213
2.386052523825693
2.290023630360723
2.1924408646127818
2.095926390889341
2.00347337972884
1.9179956460456462
1.8424240820960494
1.779569333567934
1.731726260030483
1.7006907025962184
1.6877652931062421
1.6934752988540591
1.7175707081499634
1.759168310259703
1.8166957350642403
1.8879918834814458
1.9704758538204827
2.061256502913466
2.1573483658393613
2.255756431099975
2.3536838549284225
2.448599459661518
2.538424137141106
2.621481674004106
2.6965695546949164
2.763021141223561
2.820544817857054
2.869259116231513
2.909590345996017
2.9421978937924327
2.9679239400533626
2.987685651583675
3.002380449252291
3.01291440480803
3.0200940323868712
3.024659267880886
3.0272188188257747
3.028302617001417
3.028350059503704
3.027691687889705
3.026574790195758
3.0252266680534974
3.0237791941057743
3.0223684845146583
3.021039862152655
3.0198414816968215
3.018861865061213
3.018060281930706
3.0174729608708537
3.017145646184403
3.017041204808132
3.0171649609835853
3.019125998981201
3.0196761512046155
3.0203821491452714
3.0212413307340373
3.022219673993534
3.023233535646548
3.0243323708489047
3.025428068337918
3.0264942648864412
3.0275796224188225
3.0285857402955463
3.029546492430365
3.030502172967008
3.031382031986154
3.032271517399665
3.0331611854084617
3.034012574756116
3.0349454592090184
3.035856065737156
3.038966542191386
3.03987881011544
3.0407414269934256
3.041510153514141
3.042171585454309
3.0427197583652528
3.043073442408834
3.0432684991204804
3.04327578097798
3.043037814103525
3.042646383897278
3.042062375718739
3.041340792039896
3.0405437610477586
3.0396519161512074
