3.0428359883104505
3.043266447905724
3.0436716031933235
3.04410242317131
3.0445972010921314
3.0450839003954
3.045548275100913
3.045955808095509
3.0462596407960607
3.046428352463073
3.0464658177528827
3.0463113150630305
3.0459892686608496
3.0454342903976466
3.0446976887682533
3.04374162870256
3.0425566067949834
3.0412051863632703
3.039632335014712
3.0378877259393664
3.035962802786859
3.0338686281697314
3.031671453240358
3.029343178724277
3.0269711007289763
3.024587423970334
3.0221918149473885
3.019904070172143
3.0177538524620386
3.015748188894422
3.014019682858253
3.0125509556195595
3.01132930770629
3.010487400494023
3.00991290352316
3.009652008431901
3.0096842886257336
3.0099583966606085
3.0104976717546856
3.011206412406865
3.0120929160551877
3.013102719190609
3.0141811799876894
3.01533388171587
3.0164315070510117
3.017414552102899
3.018244393714688
3.0186539972679975
3.018486392112297
3.017482976916977
3.016304734295977
3.012298534826805
3.006002294793536
2.9967210726970706
2.983648591816724
2.9659113402209174
2.9426660112367578
2.9129426885660585
2.875901505963607
2.8308698468577225
2.777267787942738
2.7148933608651165
2.643837050986953
2.5646204292176
2.478202704499164
2.3860011639949033
2.289963056287344
2.192372397782443
2.0958520396183538
2.0033958046762903
1.917918031320834
1.8423499518271167
1.779502324831864
1.7316698844077916
1.700648136568425
1.6877391824005592
1.69346759065294
1.7175825024285345
1.7591997899669423
1.8167461339553925
1.8880595200561912
1.9705582464417772
2.0613505405524633
2.157450553186202
2.255863129795327
2.353791525037685
2.448704863377126
2.5385245005865595
2.621574792529067
2.696653825516645
2.763095584804475
2.8206090513119
2.8693133047488795
2.9096351150043263
2.9422342083248623
2.9679529814123824
2.9877086623213223
3.002398606721478
3.0129287498566892
3.020105452137724
3.0246684780178077
3.02722638069205
3.0283089757806274
3.028355572843529
3.0276966344088825
3.0265793813930455
3.0252310637721607
3.0237835090208636
3.0223727965248175
3.021044224235749
3.019845927415658
3.0188664182273666
3.0180649582328485
3.0174777750980635
3.0171506131272765
3.017046342468431
3.0171702731222823
3.0191315129711582
3.0196817837425787
3.020387868705061
3.0212470940044893
3.0222254350646587
3.023239248047757
3.0243379923646803
3.0254335545415634
3.026499571115627
3.0275847188494938
3.0285906116423
3.029551145395991
3.030506633885524
3.0313863503684226
3.032275753981052
3.033165410991667
3.0340168646854084
3.034949881068503
3.0358606700339
3.038971419646401
3.039883888705858
3.040746694272359
3.0415155810129484
3.042177121072883
3.042725329468613
3.0430789676467405
3.04327388600259
3.0432809455126635
3.043042686454187
3.042650914723464
3.042066543501206
3.041344600181411
3.0405472340588737
3.0396550944465233
