3.042823912706617
3.0432535412021666
3.043657966539877
3.044088179217054
3.0445824948176488
3.04506888240983
3.0455330893297297
3.0459405974076175
3.0462445385083177
3.0464134684427115
3.0464512492492717
3.0462971301358204
3.04597551430426
3.0454209865765933
3.0446848385159275
3.0437292197391694
3.0425446191442336
3.0411935867449014
3.0396210830968515
3.037876763793718
3.0359520502653323
3.0338579982755842
3.031660839698998
3.0293324636258303
3.02696015433657
3.0245761081063414
3.022179993970787
3.0198916174565573
3.0177406532401054
3.0157341381277996
3.0140046937827973
3.01253495857146
3.0113122517325634
3.010469255070281
3.00989364667712
3.0096316155824216
3.0096627234164366
3.009935606615807
3.0104735884150378
3.011180953839959
3.012065989542858
3.013074219540454
3.014151001483145
3.015301914351923
3.016397656716254
3.0173787642379364
3.018206681889739
3.0186144711720555
3.0184452765234333
3.017440662701971
3.0162617071836646
3.0122557165842077
3.005960745496265
2.9966821029647344
2.9836137312888753
2.9658822919013197
2.9426445862696706
2.9129306964759953
2.8759006337903417
2.8308815292428138
2.777293043825363
2.7149326633221627
2.6438901900258043
2.5646863884401894
2.478279565333235
2.386086068001789
2.2900522622663066
2.192461415146016
2.095935892380073
2.0034693371772425
1.9179762732789614
1.8423884224947367
1.7795172884403583
1.7316585452895794
1.7006087956322196
1.6876713393152953
1.6933719846492148
1.717461092966239
1.7590556297277145
1.8165831689303196
1.8878823008243169
1.9703716052559295
2.0611592769847458
2.157259146942436
2.2556755377996573
2.3536110534117434
2.448534112834089
2.5383653538503035
2.6214284338101717
2.69652078731934
2.7629758040289243
2.8205019736723407
2.8692180054430336
2.909550465180495
2.942159038257768
2.967886188414566
2.987649266691316
3.002345748658451
3.0128816666845513
3.020063418636873
3.0246307912809733
3.027192366958383
3.0282780011928567
3.0283270622215452
3.027670094855668
3.0265544056819165
3.0252073232540013
3.0237607324437086
3.0223507611860905
3.021022745864686
3.0198248491641584
3.0188456049474137
3.018044294025043
3.0174571709769102
3.0171300186698256
3.017025743411593
3.0171496898035484
3.019110871291114
3.0196612972548467
3.0203676010110607
3.0212271115209615
3.0222058059113968
3.023220043934457
3.0243192682945628
3.025415353145976
3.0264819116586805
3.0275675781208475
3.0285739329037367
3.0295348422951247
3.030490603286171
3.031370477939615
3.032259927909771
3.033149533397622
3.0340008602656727
3.0349337018660907
3.035844301963821
3.038954690331468
3.0398670315464082
3.040729757536392
3.041498626293609
3.0421602402555674
3.0427086229904106
3.043062523680919
3.0432577808655306
3.0432652253534034
3.0430273729805166
3.042636007663664
3.042052025001415
3.041330446524082
3.0405334103450015
3.0396415672004817
