3.042837422014639
3.043268117895601
3.043673464073615
3.044104391881653
3.0445991737831637
3.0450857580517248
3.045549884192061
3.0459570418212865
3.0462603940374606
3.0464285384613765
3.046465380420448
3.0463102302198357
3.0459875407261436
3.045431955105234
3.0446948027032117
3.043738266239793
3.042552850834516
3.0412011214783794
3.039628040945077
3.0378832724638314
3.0359582433377064
3.033864005053188
3.0316668096063704
3.029338552270553
3.026966528799388
3.024582955176314
3.0221875007010444
3.0198999746845394
3.017750049714169
3.0157447565388873
3.014016690268301
3.0125484716344157
3.01132738650192
3.010486082815732
3.009912213000134
3.00965194261412
3.009684826773376
3.0099595033519497
3.010499298443234
3.011208512613292
3.0120954408238703
3.0131056226515494
3.014184423910625
3.0153374271262425
3.0164353045801926
3.0174185399984874
3.0182484882605696
3.0186580593225933
3.018490214824485
3.017486240726413
3.0163069671953022
3.012299109512722
3.006000378009176
2.9967156021825563
2.983638250020045
2.965894563895095
2.9426410273632087
2.912907579867748
2.875854294323867
2.830808612602275
2.777190831196531
2.714799360661803
2.6437252606202146
2.564490834708626
2.4780561841848145
2.3858396222640295
2.289789486265473
2.192190888210475
2.0956676861323156
2.0032145392707124
1.917746335584963
1.8421944923401326
1.7793695311955289
1.7315655199536435
1.7005768983799148
1.6877043806217045
1.6934709441111624
1.7176239986997004
1.7592776727948691
1.8168569956837235
1.888198513149139
1.970719384070927
2.0615270748731223
2.1576354192159055
2.2560493856922976
2.353972781382378
2.4488756095042024
2.5386803460435807
2.6217126047364827
2.6967717475745845
2.7631929737910514
2.8206863304099974
2.869371785758667
2.9096767876031238
2.942261500421912
2.9679685197423793
2.9877150523419185
3.002398253697706
3.0129237122900667
3.020097388008809
3.0246586500359096
3.0272157095753536
3.0282981002225737
3.0283449236033895
3.027686493438399
3.026569930410163
3.0252224073038163
3.0237756882390037
3.0223658110996885
3.0210380502510716
3.019840520872995
3.0188617267494684
3.018060932942711
3.017474374518976
3.0171477946384537
3.017044067259616
3.0171685012203895
3.0191301697574167
3.0196808221983495
3.0203872126414204
3.0212466609491635
3.0222251489570526
3.023239030000796
3.024337771334996
3.0254332728974944
3.026499186633608
3.0275842044509296
3.028589961936852
3.029550381194173
3.030505801378645
3.031385523793721
3.0322750121476645
3.033164841171935
3.0340165431072696
3.034949861846095
3.0358609753981334
3.038972000414399
3.0398847171301027
3.0407476881748985
3.0415166278961148
3.0421780957597138
3.0427260955040776
3.0430793924585204
3.043273842799148
3.043280336920308
3.043041449302754
3.042649032130055
3.0420640435559467
3.041341557005687
3.0405437571561813
3.039651317560604
