3.042844496682833
3.0432756877725824
3.0436815891199274
3.0441131465079234
3.044608633047247
3.0450959738367365
3.0455608971628827
3.045968866248475
3.0462730027024003
3.046441881273794
3.0464793779678647
3.046324779951985
3.0460025271672064
3.0454472530176315
3.044710290660123
3.0437538328250975
3.0425684008091296
3.0412165805230065
3.0396433680936275
3.037898450494723
3.0359732766659544
3.0338789207870933
3.031681639651721
3.0293533278281393
3.0269812860890335
3.024597718490566
3.0222022794477668
3.0199147712616794
3.017764856186112
3.0157595569741114
3.0140314797214067
3.0125632453122413
3.0113421494262167
3.010500861756239
3.009927051672811
3.0096669082285126
3.009700011469682
3.009975010748458
3.0105152488365237
3.0112250291587044
3.0121126497937385
3.0131236592429205
3.014203428324724
3.0153575488195368
3.0164567137509897
3.017441436751473
3.018273105904113
3.018684696778795
3.0185192496388256
3.01751816089473
3.016342497758516
3.0123388714152246
3.0060452685826915
2.9967666649839124
2.9836966711927566
2.96596163108091
2.9427180675096976
2.9129958736540633
2.875954972789082
2.8309225398531384
2.7773184607222317
2.7149406110053467
2.643879383262697
2.5646563387468753
2.4782307729775663
2.3860201854375624
2.289972154203125
2.1923711448236403
2.0958405577620574
2.003374840963841
1.9178889925916185
1.8423148840123742
1.7794638486716607
1.7316310519259681
1.7006122532529975
1.6877096092572774
1.6934475383458216
1.7175748186681035
1.7592067827792977
1.8167694157846204
1.8880999030996708
1.9706156973545037
2.061424177673679
2.157538721952809
2.2559635271812337
2.3539013706061502
2.4488210916205944
2.5386439644194434
2.6216944620559266
2.6967709449644497
2.7632078068239543
2.8207145173335793
2.8694106857236568
2.9097236196903493
2.9423135416826423
2.9680232888794493
2.987770439710588
3.002452608264354
3.0129758713746964
3.0201466382803357
3.0247046501162624
3.0272583880124104
3.028337572886354
3.0283813999252835
3.027720233528611
3.0266012081203186
3.025251492482372
3.0238028422809746
3.022391282310843
3.0210620620190216
3.0198632692954868
3.0188833886414295
3.0180816560934494
3.017494276931788
3.0171669734658826
3.0170626046715423
3.017186466112697
3.0191478039958106
3.0196980109910387
3.020404015799564
3.0212631332747066
3.0222413327755726
3.023254957628705
3.0243534629596582
3.0254487365159872
3.026514419404551
3.027599197641568
3.0286046923333276
3.0295648188166973
3.0305199136972236
3.0313992710103332
3.032288372068275
3.0331778078668172
3.0340291325094717
3.03496212184055
3.0358729853309683
3.038984113256447
3.0398968139410134
3.040759908481564
3.0415291151003037
3.0421909696852607
3.042739464321347
3.0430933314044193
3.0432883900091285
3.043295488801531
3.043057155733905
3.0426651938931477
3.042080528011984
3.041358198308264
3.040560378878605
3.0396677472217593
