3.0428443209441
3.0432755051557194
3.043681406106497
3.0441129710554597
3.044608473437769
3.045095837645218
3.045560791515885
3.045968796780846
3.0462729729475093
3.046441893068188
3.0464794312811057
3.046324872683878
3.0460026560178695
3.0454474136234184
3.0447104782963708
3.043754042364999
3.0425686273681802
3.0412168194564626
3.0396436153560167
3.037898702512244
3.035973530038812
3.033879172442389
3.031681885834626
3.0293535646732166
3.026981509624024
3.0245979240319674
3.022202462133567
3.0199149260882994
3.0177649782758422
3.015759641996306
3.014031524476809
3.012563247395309
3.0113421075499742
3.0105007759224263
3.009926922638367
3.0096667376219703
3.0096998015048695
3.009974763814341
3.0105149676937226
3.0112247160922547
3.012112307060429
3.013123289321663
3.014203034319903
3.0153571352545505
3.0164562881957604
3.0174410108194722
3.0182726965746065
3.0186843293684205
3.018518959545591
3.017517996545549
3.016342523173111
3.0123391630844836
3.006045920170458
2.996767784300882
2.9836983783110256
2.9659640532028466
2.9427213322110006
2.9130001001742003
2.8759602625134857
2.830928965713252
2.7773260546307394
2.714949354209411
2.6438891957409685
2.5646670730413494
2.478242211457763
2.3860320423863333
2.2899840844460515
2.192382757632725
2.095851436649921
2.0033845650852014
1.9178971621070358
1.8423211447905579
1.779467916601607
1.7316327320580363
1.7006114538569932
1.6877063494904894
1.6934419467594959
1.717567126041668
1.7591973075946237
1.8167585438547253
1.88808806296331
1.9706033340519817
2.0614117267073317
2.1575265848225227
2.2559520519654384
2.3538908368528935
2.448811701966334
2.538635842272713
2.6216876546719465
2.6967654315956824
2.7632035101535717
2.820711318484791
2.8694084389071057
2.909722166528829
2.9423127233984885
2.9680229562852416
2.9877704609824773
3.002452872430111
3.0129762900629835
3.0201471443771064
3.024705194767422
3.027258936980666
3.028338103275785
3.028381896879048
3.0277206881683627
3.026601615459105
3.025251850547033
3.023803151256697
3.0223915437795017
3.0210622780345813
3.019863441997947
3.0188835206556655
3.0180817501741304
3.017494335911831
3.0171670007233633
3.017062604007991
3.0171864417150434
3.0191477636775543
3.019697957490326
3.0204039543739456
3.0212630692067615
3.0222412704492525
3.0232549008784324
3.024353414235642
3.0254486968915657
3.0265143884548342
3.0275991733912897
3.02860467145727
3.029564796853114
3.0305198857263442
3.0313992317767635
3.032288317382629
3.0331777350089606
3.034029040352178
3.0349620114016775
3.035872859875934
3.0389839822489435
3.0398966812146915
3.040759782263782
3.04152900405974
3.042190882038727
3.0427394073431318
3.043093310494096
3.0432884085127796
3.0432955474305925
3.0430572526348945
3.042665324648419
3.042080686078034
3.041358375818531
3.040560567237579
3.039667938153602
