3.0428436547743276
3.0432747929934068
3.043680628839887
3.0441121043377986
3.044607491346639
3.04509471725209
3.045559511157333
3.0459673400389873
3.046271332382269
3.0464400672826875
3.0464774268981674
3.0463227037358696
3.0460003417188846
3.0454449776277324
3.0447079454050057
3.043751437867189
3.0425659748582587
3.0412141395869705
3.039640923630299
3.0378960106093293
3.035970846113203
3.0338765000753964
3.0316792287306833
3.0293509265171963
3.0269788934666964
3.0245953359609405
3.022199910243422
3.019912420231231
3.017762529919133
3.015757263401334
3.0140292247779925
3.0125610345971645
3.0113399861253076
3.0104987449019958
3.009924976973638
3.009664866753299
3.0096979899104657
3.0099729930838572
3.0105132156105388
3.0112229603519856
3.0121105243213613
3.0131214547486396
3.0142011216842413
3.015355115319446
3.0164541243080825
3.017438655592869
3.018270089504077
3.0186813868531424
3.0185155702596065
3.017514010540874
3.0163377293757754
3.0123333388235203
3.0060387707431397
2.9967589636519936
2.9836874910219704
2.965950667191042
2.942704997091436
2.912980374208585
2.875936743430408
2.830901327111072
2.7772940908734522
2.7149130184050208
2.6438486422435945
2.5646226856997325
2.4781946260488494
2.3859821526189195
2.289933026792566
2.192331879379336
2.0958022397281053
2.0033386359112386
1.9178560808315346
1.8422863894627963
1.7794407620705497
1.7316141625216965
1.7006020908047752
1.6877064034752236
1.6934512030198536
1.7175849516857933
1.759222689234805
1.8167901503236459
1.8881243296329573
1.9706425581297684
2.0614521721542163
2.1575665877404653
2.2559901121513106
2.353925697253537
2.4488423989110095
2.5386617323773546
2.621708415713227
2.696781039253745
2.7632141982626743
2.820717523484062
2.8694107424035913
2.9097212347054517
2.942309250929622
2.9680176156345492
2.987763862017723
3.002445534602323
3.0129686266149474
3.0201394631981593
3.024697708117017
3.0272517789577886
3.0283313470786184
3.0283755759179254
3.0277148071971514
3.026596162067997
3.0252468022479655
3.0237984788855394
3.022387214573371
3.0210582594425945
3.019859703327188
3.018880032230654
3.0180784855171314
3.0174912723339764
3.017164117429945
3.017059881730177
3.017183862305905
3.0191452794027573
3.019695577338013
3.020401659640354
3.021260841188374
3.0222390928532787
3.0232527592967937
3.0243512982572858
3.025446600135539
3.026512308809077
3.0275971128855854
3.028602637015891
3.0295627988578886
3.0305179365310755
3.031397346822801
3.0322865087652824
3.033176011329048
3.0340274048944016
3.034960459447194
3.035871378194846
3.038982508900944
3.0398952263028125
3.0407583127387525
3.0415274835051958
3.0421892766276266
3.0427376850569514
3.0430914465431256
3.0432863862762356
3.0432933606594745
3.043054906168131
3.0426628355074024
3.0420780808156094
3.0413556898052585
3.040557840641273
3.039665211792609
