3.0428431686313253
3.0432742328458016
3.043679995463908
3.0441114054275107
3.044606739836343
3.0450939330057425
3.0455587197602823
3.0459665687950475
3.046270607802729
3.0464394146220166
3.04647686679386
3.0463222518364463
3.0460000076588343
3.045444764612127
3.044707851319359
3.0437514547092657
3.042566090133332
3.0412143383101378
3.0396411891958213
3.037896327466233
3.035971201141218
3.0338768818903503
3.0316796267241792
3.0293513322387704
3.026979298948613
3.024595732084723
3.02220028848173
3.0199127685367606
3.017762834424129
3.0157575090501716
3.014029396762174
3.0125611171830036
3.0113399649374735
3.010498606328448
3.009924709928042
3.009664464972362
3.009697450497563
3.0099723173552726
3.0105124083598014
3.0112220266311
3.0121094704078297
3.0131202859384114
3.014199841486237
3.015353726915797
3.016452630717894
3.0174370588490587
3.0182683910877364
3.0186795920692244
3.01851368942994
3.017512066039936
3.016335756573377
3.0123314044247906
3.006036963370142
2.9967574083177384
2.9836863581195425
2.9659501760120435
2.942705417115746
2.9129820218278235
2.87593997586774
2.8309065288690247
2.7773016510632176
2.7149233056229916
2.6438619715536724
2.5646392871830783
2.4782146095997497
2.3860054727843107
2.2899594566540853
2.192360986791651
2.095833375639077
2.0033709373760202
1.9178884958359979
1.8423177245275237
1.7794697499847718
1.7316395452765476
1.7006227039352826
1.6877212524764094
1.6934595254648834
1.7175862709752203
1.7592168460439819
1.8167773170851684
1.8881050038427145
1.9706175345682384
2.061422495126105
2.157533479686725
2.255954891656993
2.353889688694467
2.4488068517009074
2.5386277497397165
2.621676900967907
2.6967526690362154
2.763189411281962
2.8206965292622614
2.869393540877166
2.909707643398116
2.942298943175959
2.968010163390576
2.987758782556478
3.002442337855741
3.0129668574864645
3.0201387271393303
3.0246976839183928
3.0272522183028565
3.028332066176618
3.0283764419699897
3.0277157255340654
3.026597065357265
3.025247643874443
3.02379922962957
3.0223878571614384
3.021058785377774
3.019860111988569
3.018880326611124
3.0180786707307607
3.0174913537780275
3.017164100697407
3.0170597704964695
3.017183659977589
3.0191449857956867
3.019695207290514
3.0204012243552443
3.021260354666225
3.0222385694947818
3.0232522150491485
3.024350748516616
3.025446058580124
3.0265117878480883
3.027596623164545
3.028602186488482
3.0295623905653386
3.0305175678500462
3.0313970083030584
3.0322861871607794
3.0331756884209002
3.0340270612736826
3.034960076686552
3.035870941125866
3.0389820019133076
3.0398946568709455
3.040757685843163
3.041526811673805
3.0421885771983783
3.042736980249947
3.0430907614391964
3.0432857490749794
3.0432927980817603
3.043054441764905
3.042662486481824
3.0420778561439215
3.0413555888889663
3.0405578538121314
3.039665322115651
