3.0428435567855034
3.0432746595629725
3.0436804607546772
3.0441119066158304
3.044607272454816
3.0450944903919797
3.0455592932016406
3.0459671487969464
3.0462711848920385
3.0464399795207355
3.046477411231069
3.046322769115111
3.046000492856295
3.04544521476277
3.044708265227683
3.0437518332595834
3.042566436034422
3.04121465524727
3.0396414817837476
3.0378966005647756
3.035971459405126
3.0338771297804934
3.0316798690113025
3.0293515730071126
3.0269795422337973
3.0245959824861677
3.0222005501185167
3.019913046350034
3.0177631337885806
3.01575783520236
3.0140297547323036
3.012561512324317
3.011340402126133
3.0104990901933393
3.0099252446684788
3.0096650536120957
3.0096980954740618
3.0099730202927506
3.010513170163252
3.0112228486683748
3.012110353966298
3.013121232700408
3.0142008537747658
3.0153548073592686
3.0164537819685875
3.017438283996536
3.018269693207535
3.018680973141435
3.018515149677767
3.0175136019198896
3.0163373635853836
3.012333062743168
3.006038649449083
2.996759087787594
2.983687983030941
2.965951683918111
2.94270673052372
2.9129830491360256
2.8759406127234888
2.8309066618096446
2.777301164199659
2.714922087016596
2.643859922737337
2.5646363324532877
2.4782107055707763
2.3860006188116625
2.289953702662243
2.192354440326296
2.0958262055437027
2.003363373556892
1.9178808229301032
1.8423102688997914
1.7794628615945138
1.7316335753081047
1.7006179818708156
1.6877180648753023
1.6934580987993963
1.7175867556660245
1.7592193067764972
1.8167817276083689
1.8881112473566057
1.9706254106113459
2.0614317313902024
2.1575437510668087
2.255965841855499
2.353900954424268
2.4488180850905774
2.538638637787252
2.621687180894476
2.6967621365165915
2.763197924881809
2.8207040094206772
2.869399965942305
2.90971304331142
2.94230338966074
2.9680137592692617
2.9877616487750904
3.0024446007854704
3.0129686376535045
3.020140132059398
3.0246988041603298
3.027253126965678
3.028332820967568
3.028377087322749
3.0277162956521346
3.0265975868709454
3.0252481370862268
3.0237997092716733
3.02238833381535
3.0210592665870184
3.0198606024329604
3.0188808292952674
3.0180791874788553
3.017491885770734
3.0171646484325563
3.0170603346058273
3.0171842405208884
3.0191455874412045
3.01969582177248
3.020401848572419
3.0212609843355374
3.022239200345775
3.023252842390213
3.024351367781752
3.025446665574157
3.026512378818613
3.02759719515565
3.028602737421771
3.029562920082578
3.0305180774323093
3.0313975015917993
3.0322866690273425
3.0331761652910965
3.034027540082296
3.034960564154165
3.0358714430674123
3.038982530071978
3.03989520444848
3.0407582528312314
3.0415273958097977
3.0421891741792932
3.0427375842123494
3.043091365363228
3.043286344362554
3.043293376272281
3.043054994972329
3.0426630081563935
3.0420783421844337
3.0413560375208077
3.0405582656152017
3.0396656999159175
