3.042844558673666
3.043275747872968
3.0436816440227297
3.044113193144454
3.0446086686724176
3.045095996661543
3.0455609064231
3.0459688619727725
3.046272985705795
3.0464418531526523
3.0464793405872257
3.046324735597322
3.0460024782245125
3.045447201747955
3.0447102388550533
3.043753781867266
3.0425683515236988
3.041216533398386
3.0396433230488125
3.037898407553368
3.0359732361173353
3.033878883040953
3.0316816054815177
3.029353298355951
3.0269812627127344
3.0245977027466244
3.022202273068382
3.019914775619834
3.0177648722966985
3.015759585517236
3.01403152088103
3.012563298725621
3.011342214310656
3.010500936796068
3.009927135243572
3.0096669989844766
3.009700108329085
3.0099751129618064
3.010515356057601
3.011225141196614
3.0121127667305014
3.013123781041118
3.0142035544056354
3.015357678236744
3.016456844312336
3.0174415643652464
3.0182732238058216
3.018684794887691
3.0185193137783406
3.017518171889462
3.016342430741255
3.012338697800612
3.00604495398852
2.996766171238328
2.9836959585781804
2.9659606609164015
2.942716805405202
2.912994293287267
2.8759530597564003
2.8309202956849946
2.77731590632095
2.714937788954626
2.6438763593666
2.5646532019475727
2.478227634125197
2.386017172767973
2.2899694069145737
2.192368804073605
2.09583875573532
2.003373690025412
1.917888575046144
1.842315245362091
1.779464993378815
1.7316329434506648
1.7006148163543153
1.6877127344689336
1.6934510885363327
1.7175786375085624
1.7592107048182066
1.816773277568058
1.8881035547222405
1.9706190119393474
2.061427059426059
2.1575411103582622
2.2559653973164226
2.3539027302954194
2.448821976128578
2.5386444301514346
2.6216945792957347
2.69677079160304
2.763207462057509
2.8207140562817603
2.8694101746934835
2.9097231115816387
2.9423130741203414
2.968022883919514
2.987770105399095
3.002452342377061
3.012975665573569
3.020146482256858
3.024704534038392
3.0272583035715988
3.02833751359468
3.028381361168919
3.0277202114861317
3.0266011994917843
3.0252514944176703
3.0238028526784095
3.0223912994922006
3.0210620848123577
3.019863297289846
3.018883421619103
3.018081693966918
3.01749431939229
3.017167019838314
3.017062653769006
3.0171865162750295
3.019147851837179
3.0196980560744993
3.02040405686463
3.021263169408871
3.0222413632747376
3.02325498215826
3.0243534819030486
3.0254487505737178
3.026514429926779
3.027599206657007
3.028604702486781
3.029564832746982
3.03051993371282
3.0313992989121425
3.0322884086933675
3.0331778529291866
3.0340291845742957
3.0349621786443692
3.035873043819203
3.038984168133502
3.0398968635221797
3.040759949585765
3.041529145023472
3.0421909862903997
3.0427394662766893
3.043093318572468
3.0432883636369334
3.0432954513407875
3.0430571104639985
3.042665144707577
3.0420804787842903
3.0413581525748627
3.040560339497991
3.0396677161421266
