3.0428411537597126
3.043272135647711
3.0436778363676744
3.044109202382498
3.044604507945775
3.045091683647053
3.045556457959833
3.0459642957841795
3.0462683242046085
3.04643711794706
3.0464745558227726
3.0463199246003883
3.0459976633971206
3.0454424048796183
3.0447054803021625
3.043749077481608
3.042563712994988
3.041211966663801
3.039638827275228
3.037893976417254
3.0359688548179045
3.0338745288462654
3.03167725107756
3.02934891630968
3.0269768218276676
3.024593172998874
3.022197627848844
3.0199099901017856
3.0177599275521265
3.0157544686514064
3.0140262204658277
3.0125578074721866
3.0113365261319163
3.010495044207837
3.00992102968283
3.0096606666814325
3.009693528112461
3.0099682599831588
3.0105081994284206
3.0112176460195217
3.012104895517406
3.013115493915122
3.0141948141811743
3.0153484507736072
3.016447101436504
3.0174312858766306
3.0182624041308825
3.0186734446368306
3.018507463417686
3.0175058747452326
3.0163297277106134
3.0123257231681015
3.0060318227369045
2.9967530127590436
2.983682905417001
2.965947835785358
2.9427043107732436
2.912982201323742
2.875941403453937
2.830909059002792
2.777305017719515
2.7149271214502697
2.6438657328599695
2.564642386986026
2.478216364333449
2.3860051643830507
2.2899563866685173
2.1923545399652298
2.0958230875226955
2.003356548695318
1.9178699957267318
1.8422953623204208
1.7794440250426695
1.7316111688583655
1.700592544920822
1.6876902792179362
1.6934287440578142
1.7175566595076646
1.7591892882618008
1.8167525398455964
1.8880835254697241
1.9705996312850664
2.0614081892631697
2.157522554320413
2.2559469315759166
2.3538841401178976
2.4488030842167996
2.538625117107909
2.6216747945621925
2.6967505565134635
2.763186863486653
2.820693237091954
2.869389323187862
2.909702450682536
2.9422928424609727
2.9680033139655793
2.9877514072787656
3.002434680442675
3.012959145568698
3.020131143319416
3.024690353637066
3.0272452146853706
3.0283254187016917
3.028370149702324
3.0277097709644867
3.0265914242008014
3.0252422899847016
3.0237941334910587
3.022382988291863
3.021054113676502
3.0198556062241497
3.018875958113321
3.0180744159417814
3.0174871958876652
3.017160029242312
3.017055781557679
3.01717975592051
3.019141154195207
3.0196914757514586
3.0203975968536074
3.0212568328631493
3.022235153890609
3.023248904379038
3.024347536615876
3.02544293731811
3.026508745775475
3.0275936436103024
3.0285992502509687
3.029559477746269
3.030514661939471
3.0313940983556096
3.0322832673421596
3.0331727610856962
3.0340241338477982
3.0349571594610207
3.03586804667776
3.038979115592419
3.0398918189195485
3.0407549036266976
3.0415240869364712
3.0421859099004114
3.04273436528796
3.0430881891718444
3.0432832042013382
3.043290261640897
3.0430518945350133
3.04265991139947
3.0420752401829327
3.0413529276724693
3.040555149703458
3.0396625854929717
