3.042834808338466
3.0432651141690763
3.043670160361291
3.0441009391068787
3.0445957585579086
3.04508258033409
3.045547157240663
3.045954963043705
3.0462591207185685
3.046428194347547
3.04646604015009
3.0463119141077177
3.045990225123124
3.0454355705587304
3.044699246045977
3.04374340787496
3.042558553130369
3.0412072560410834
3.0396344947010285
3.0378899456887045
3.035965056694529
3.033870898491708
3.031673722785006
3.0293454293275848
3.0269733098856655
3.0245895574182207
3.0221938322938624
3.0199059286659984
3.0177555071177227
3.0157495941478087
3.014020797306808
3.012551738538188
3.0113297303605986
3.0104874515835376
3.0099125843863135
3.009651332796551
3.0096832819735475
3.009957085924433
3.010496085031031
3.011204570358898
3.012090837090323
3.0131004239087447
3.0141786842656524
3.0153311955735957
3.016428639853169
3.0174115221260975
3.0182412347106053
3.0186507841879457
3.018483250187952
3.0174801036158216
3.016302422773686
3.0122971793403743
3.0060024448533578
2.99672343430612
2.9836540298766936
2.9659208689328134
2.9426807693193817
2.9129638931617636
2.8759303777051253
2.8309075240972548
2.777315214579485
2.714951190849302
2.64390553449471
2.564699307359592
2.4782911230682885
2.3860975997781035
2.2900652916318607
2.1924775294366383
2.0959565815405674
2.00349585384702
1.9180095236021006
1.8424289365470263
1.7795652405729192
1.7317137906564932
1.7006708935477812
1.687739603575463
1.6934455223218454
1.7175388542163992
1.7591364914121361
1.8166660252349245
1.8879661744335365
1.9704557241801337
2.0612431059754854
2.1573423792360185
2.255758042103918
2.353692787336601
2.4486150395619912
2.53844539298166
2.6215074399000144
2.6965985561809513
2.7630520869627295
2.8205764823132626
2.8692904113735707
2.9096203801267215
2.9422260035101377
2.967949726224904
2.987708959595395
3.002401300130707
3.012932944882717
3.0201104908060743
3.0246739022027676
3.0272318758381607
3.0283143259417167
3.028360628258648
3.027701302928404
3.026583612530111
3.02523483758052
3.023786830044294
3.0223756866571465
3.0210467098538007
3.0198480371911156
3.018868181175946
3.0180663972702924
3.017478902190188
3.01715143598516
3.017046874152233
3.0171705415322663
3.0191315787925745
3.019681679771495
3.0203876429148755
3.021246795150137
3.022225108015604
3.023238933154656
3.024337726757319
3.0254333715505273
3.026499495962108
3.027584758217856
3.0285907526068674
3.0295513563635046
3.0305068681685072
3.0313865481775446
3.032275856417116
3.033165362605027
3.0340166203727117
3.034949416734874
3.0358599921080884
3.0389705869501205
3.0398829324152854
3.0407456761634752
3.0415145753419033
3.0421762099045377
3.0427246040801545
3.0430785119698323
3.0432737697952605
3.0432812135167944
3.043043353805002
3.042651963213596
3.0420679265651103
3.0413462510466216
3.0405490724328335
3.0396570315954166
