3.04284442018829
3.043275596756971
3.0436814858556227
3.0441130354116828
3.044608519819157
3.0450958647935638
3.045560799244892
3.0459687860622555
3.0462729457409754
3.046441852043647
3.0464793793427605
3.046324813133455
3.046002592041246
3.0454473477210877
3.0447104119840196
3.043753976768965
3.0425685631892057
3.0412167573130535
3.0396435555986874
3.0378986456352526
3.0359734770108204
3.033879124648376
3.0316818454131096
3.0293535339985476
3.0269814910584585
3.024597919877123
3.022202474562017
3.01991495686672
3.0177650286325393
3.015759712200338
3.0140316139602312
3.0125633548191986
3.0113422312401403
3.0105009139231687
3.009927073133805
3.009666899367333
3.0096999736967347
3.0099749458792884
3.0105151591967663
3.0112249167740304
3.0121125168504235
3.013123507668271
3.0142032593262735
3.015357363212373
3.016456512024221
3.0174412194313103
3.018272873854926
3.018684453161812
3.0185189999402864
3.0175179151247415
3.016342272614751
3.0123386915096693
3.0060451691249286
2.996766693164886
2.9836968882221124
2.9659621121891684
2.9427189011209847
2.9129971585088854
2.875956813419706
2.8309250411691593
2.7773217196226283
2.7149447084284564
2.643884374004059
2.5646622425840695
2.4782375658002977
2.3860277902351683
2.289980435958518
2.1923799079442086
2.0958495501221304
2.00338376274427
1.9178975128630218
1.8423226608319738
1.7794705509696074
1.7316363812730171
1.7006159638894651
1.6877115249114945
1.6934475630578945
1.717572944932864
1.759203093123364
1.8167640787904062
1.8880931630553461
1.970607857369711
2.06141557951863
2.1575297219915823
2.25595447327589
2.3538925800681816
2.448812835268675
2.538636455728069
2.6216878511986295
2.6967653186291782
2.7632031909522032
2.8207108846614304
2.869407964279988
2.9097217035854746
2.942312304710378
2.968022598178507
2.987770167084543
3.0024526386085983
3.0129761088737124
3.020147007790539
3.0247050956035175
3.0272588688577913
3.0283380608514907
3.0283818758265753
3.027720684717797
3.026601626522667
3.025251873625514
3.0238031847100997
3.0223915864069064
3.021062329181127
3.019863501799846
3.0188835890471815
3.018081826426233
3.0174944183861525
3.017167087208466
3.0170626920842194
3.0171865289623727
3.0191478457608545
3.0196980344234534
3.02040402468545
3.021263131738028
3.0222413245188062
3.0232549465861736
3.0243534529805816
3.0254487309230886
3.026514420879872
3.0275992077985023
3.028604711530941
3.0295648457289284
3.030519945632796
3.0313993037362232
3.032288400904734
3.0331778277482346
3.0340291388238647
3.034962111415557
3.0358729569982055
3.0389840690984053
3.0398967556033405
3.0407598399633318
3.041529041955978
3.0421908983736814
3.042739402398284
3.043093286139761
3.043288368373638
3.0432954961675227
3.0430571954181302
3.042665266655504
3.042080632212791
3.04135833009064
3.040560532478099
3.0396679156574162
