3.0428288222293753
3.0432587600912764
3.0436635444119604
3.04409418753278
3.0445890099936745
3.045075964381084
3.0455407968127592
3.045948968599837
3.046253576190548
3.0464231565391224
3.0464615423534362
3.0463079601723395
3.0459867986794067
3.0454326264006344
3.044696732951269
3.043741274030838
3.042556748751995
3.0412057205137435
3.039633174473619
3.037888784746629
3.035963992360143
3.0338698760247866
3.0316726672546945
3.029344255245772
3.0269719299370323
3.02458787496433
3.022191747480402
3.019903348762951
3.017752339608217
3.0157457495898097
3.014016211154309
3.012546361502295
3.0113235323542327
3.0104804252536335
3.0099047304823925
3.0096426630802195
3.009673806072073
3.0099468048956535
3.0104850003177956
3.0111926793613426
3.0120781328797923
3.013086888858449
3.0141643043181032
3.0153159637533733
3.0164125811569544
3.0173947156049246
3.0182238379962243
3.018633065063846
3.018465609280108
3.0174631345588208
3.016286923261595
3.012284240273356
3.0059933854395213
2.9967198212468977
2.9836576523424907
2.9659336749563012
2.9427047764988297
2.91300104232994
2.875982398687348
2.830975786358397
2.7774005338431462
2.71505367352855
2.6440244120961287
2.564832825624614
2.4784364508179046
2.386250817262682
2.290221493881514
2.192631028102331
2.096101221979762
2.003625370579276
1.9181179417108245
1.8425109246185334
1.7796164326832205
1.7317310502525587
1.7006525506816188
1.6876855657233638
1.6933572867851703
1.7174194426754879
1.7589902575420289
1.8164983711299483
1.8877831638983749
1.9702636892416523
2.06104826185697
2.1571504698268886
2.255574069033976
2.3535208168456334
2.448458113062998
2.5383054958407727
2.6213855293983803
2.6964946431133305
2.7629653706933404
2.82050554597455
2.869233412224995
2.909575278679147
2.9421907797378983
2.967922504745089
2.987688069283482
3.002385319502236
3.0129207070962396
3.020101040699552
3.0246664618063592
3.0272258231938878
3.028309179466603
3.0283560169864967
3.0276969526142947
3.026579325329887
3.0252304776913785
3.023782302116258
3.022370926222192
3.021041673861034
3.019842692901737
3.01886250427972
3.0180603649832647
3.017472505906988
3.017144699109562
3.0170398390683686
3.0171632586120696
3.019124105319034
3.019674121239513
3.0203800723974696
3.021239287829964
3.0222177338428344
3.0232317644720923
3.024330813805646
3.025426743985612
3.0264931551966505
3.027578673751326
3.028584866313907
3.02954558810895
3.0305011294692283
3.0313807401710484
3.0322698921119215
3.0331591764091654
3.0340101755038633
3.0349427139845
3.0358530618203035
3.0389634617599546
3.0398757316285794
3.0407385033020318
3.0415075443296913
3.0421694482740866
3.042718228846533
3.043072610655393
3.0432684055259323
3.0432764074419625
3.0430390904090387
3.042648194967718
3.0420645824127845
3.041343239762699
3.0405462878556406
3.0396543757475554
