3.042821827511985
3.0432510641846746
3.0436551230223223
3.0440850497287295
3.044579191366223
3.0450655426949416
3.045529876764284
3.045937672273145
3.04624204257461
3.0464115284500446
3.0464499570651786
3.046296539716497
3.0459756456752807
3.0454218252083134
3.0446863334629226
3.0437312907988296
3.042547169269387
3.0411965263572776
3.0396243216012753
3.0378802202335673
3.0359556641164143
3.0338617211328396
3.0316646291414306
3.029336286808419
3.0269639768092595
3.0245798780343436
3.0221836560755766
3.019895101139716
3.017743872856708
3.0157370054883073
3.0140071193469815
3.012536846407449
3.0113135235275346
3.010469847769016
3.0098935174493184
3.0096307528680657
3.00966114299933
3.00993334195377
3.010470687416075
3.011177456126228
3.0120619378111018
3.013069657640975
3.01414595429145
3.0152963979888234
3.0163916789530596
3.0173723239383285
3.018199771111294
3.0186071144325464
3.0184375417384537
3.0174326945372236
3.0162537587419274
3.0122482108899487
3.005954307065446
2.996677609952153
2.9836123654598303
2.9658855614636246
2.9426543198457056
2.912949012997544
2.8759298679487575
2.8309241191266117
2.7773513655400617
2.715008866193818
2.643985973979021
2.564802788551669
2.4784167505597274
2.3862431165360167
2.2902270024880726
2.1926503004385505
2.0961339996254673
2.003670481433696
1.9181732934060245
1.842573597538177
1.7796828295157843
1.7317971170908018
1.700713985065814
1.6877380945179687
1.6933969298163587
1.7174427753417638
1.75899463746918
1.8164821259633936
1.8877457300385523
1.9702056289073762
2.060971206598266
2.1570569602855376
2.2554673406943735
2.353404538853866
2.4483361180811225
2.538181539841178
2.6212630784089517
2.6963767282958475
2.7628544502937453
2.820403427847299
2.869141228827757
2.909493492463527
2.9421192480459237
2.967860610746583
2.9876349079048934
3.002339809276185
3.0128817259577914
3.0200675185455688
3.024637438706958
3.0272004615346946
3.028286753731823
3.028335921916147
3.0276786852016118
3.0265624702075353
3.0252146986724306
3.0237673380442525
3.0223565718615575
3.021027767027397
3.019829116750381
3.0188491672664055
3.0180471978690866
3.017459446520046
3.017131688020231
3.0170268236139686
3.0171502106816224
3.0191108803702846
3.019660863576346
3.020366806735909
3.0212260492018945
3.0222045626100904
3.023218706943357
3.02431792838758
3.025414093165944
3.026480803843336
3.0275666761434263
3.0285732656814357
3.029534403419089
3.030490347094739
3.0313703206756486
3.0322597688031756
3.033149251674142
3.0340003368209474
3.034932836442788
3.035843035587788
3.038953014698507
3.0398649862960543
3.0407274073207438
3.041496077221079
3.0421576239180603
3.0427060974947526
3.0430602602410692
3.043255953494894
3.0432639829903065
3.0430268274000154
3.042636216353984
3.042052986337177
3.0413321046766177
3.040535663756971
3.0396442721602437
