3.042831362675893
3.043261767577735
3.0436670539754833
3.044098207217713
3.0445935181837087
3.045080914048224
3.0455461196169322
3.045954576113162
3.04625937077312
3.0464290386196256
3.046467418880998
3.0463137433101215
3.045992414540827
3.0454380332509317
3.0447019133926165
3.043746221908773
3.0425614684820568
3.0412102277388904
3.039637487367556
3.0378929234349736
3.035967974538308
3.0338737061097474
3.0316763479250834
3.0293477900690093
3.026975325582216
3.0245911424071332
3.022194903079282
3.019906410718695
3.017755338434619
3.015748732548951
3.014019228714666
3.0125494739521006
3.011326795872736
3.010483891356584
3.009908445109226
3.0096466528763206
3.0096780941123598
3.009951415616477
3.0104899575441553
3.011198006634817
3.012083854629363
3.0130930476805746
3.0141709689863223
3.015323240937899
3.0164206344635582
3.017403769330424
3.018234180611053
3.0186450624475345
3.0184797231029226
3.0174799096303335
3.016307008938753
3.0123081917938337
3.006021800867459
2.996753210411838
2.9836963696371184
2.9659778387151228
2.942754184454375
2.9130551268629366
2.8760401782789073
2.8310358344794198
2.7774609879140812
2.7151122748307284
2.644078581258659
2.564879779399585
2.4784733831525263
2.38627514815563
2.290231117025621
2.192624563522326
2.0960781988032515
2.0035863129313864
1.9180643517728555
1.842445206214229
1.7795417781060427
1.731651265381973
1.7005718063112938
1.687608152889959
1.6932873423999806
1.7173606497351734
1.7589455917709287
1.8164698789604583
1.8877718565014106
1.9702695293536268
2.0610702304721857
2.157186731583484
2.255622183432245
2.3535779740037093
2.4485213350883437
2.5383718326808586
2.6214522359741608
2.696559323777244
2.7630261037679897
2.8205609551960493
2.869282716082381
2.9096182553001553
2.9422276287456217
2.967953712266783
2.987714303443762
3.002407306470217
3.012939138816364
3.0201165432319006
3.0246795825809514
3.027237037010953
3.02831888450455
3.028364544016668
3.0277045745902473
3.026586260580948
3.0252368948435175
3.0237883270227215
3.0223766551845186
3.021047175554018
3.0198480090043116
3.018867674359387
3.018065439296035
3.0174775425528075
3.0171497468511546
3.017044939585285
3.0171684467834288
3.019129473483189
3.019679587741423
3.020385630165656
3.021244924334184
3.022223427162372
3.0232374728447895
3.0243364795707666
3.025432300945675
3.0264985340578963
3.027583812051619
3.0285897158884714
3.029550126361036
3.030505359184823
3.0313846963394084
3.0322736380475943
3.0331628047855497
3.0340137902852824
3.034946412903649
3.0358569353257043
3.0389676985123106
3.039880287770016
3.040743423799698
3.0415128487910716
3.042175111513445
3.0427241883490312
3.043078779144201
3.0432746673414117
3.043282645725328
3.0430451950361292
3.0426540689582
3.0420701459816004
3.041348441131509
3.0405511083607824
3.03965882490991
