3.042843163989011
3.043274280756613
3.043680092138919
3.044111535898266
3.044606881218531
3.045094056756735
3.045558789282156
3.0459665464388053
3.0462704611937315
3.046439114314637
3.046476391552644
3.0463215897050575
3.0459991549607497
3.045443726765595
3.044706641141709
3.043750091831286
3.0425645988588133
3.041212743972861
3.0396395171421933
3.037894600992372
3.035969437148027
3.033875092075081
3.0316778218341294
3.0293495213258566
3.0269774882285256
3.0245939309303465
3.022198506736922
3.019911019954126
3.0177611377622138
3.015755885486908
3.0140278656333295
3.012559699839797
3.0113386797713426
3.0104974684777606
3.0099237311930427
3.0096636490462068
3.0096967931459258
3.0099718085449005
3.0105120314248786
3.0112217641485173
3.012109303014656
3.01312019411179
3.0141998090049293
3.0153537374500248
3.0164526659898785
3.0174370993357407
3.0182684163363236
3.0186795725954694
3.0185135831395593
3.0175118079365593
3.016335245827879
3.012330509128504
3.0060355001635735
2.9967551366493286
2.9836829678066406
2.965945282699049
2.942698566009474
2.9129726984604454
2.8759276227333994
2.8308905701035987
2.777281533236324
2.7148985401674444
2.6438321888359635
2.5646042863737497
2.478174408056298
2.385960354048393
2.2899100033840836
2.192308104330352
2.0957782931676316
2.003315185915682
1.917833855423969
1.8422661353194478
1.7794231965322074
1.7315999232312496
1.7005916882595247
1.6877001825765567
1.6934493208824
1.7175873667629935
1.7592291615431264
1.816800254519283
1.8881374794102608
1.9706580428945373
2.0614692003191113
2.1575843367780356
2.2560077808529306
2.3539425561583958
2.4488578321643057
2.538675264414224
2.6217197265400123
2.696789964716937
2.7632207196889773
2.82072174597264
2.869412869695937
2.90972154432583
2.9423080648555904
2.968015273376807
2.987760694260385
3.0024418404370317
3.0129646575581814
3.020135412811315
3.0246937116361865
3.027247923562806
3.028327683156335
3.0283721263762557
3.0277115775223784
3.026593148982312
3.0252439975246017
3.0237958694155838
3.0223847838747746
3.0210559911645367
3.0198575807364803
3.01887803850766
3.0180766057720905
3.0174894949245
3.017162432025968
3.0170582794633245
3.017182336186128
3.0191438098817307
3.0196941713625147
3.020400309622504
3.0212595377000313
3.0222378278736803
3.0232515258616015
3.0243500894161537
3.025445410401626
3.026511134456979
3.027595951461555
3.0286014871750018
3.0295616604219777
3.030516812149111
3.03139624194562
3.0322854287530143
3.0331749620186663
3.0340263914346575
3.034959484051579
3.0358704393848814
3.03898158332096
3.0398943232242726
3.0407574200596756
3.0415265860266247
3.042188358411509
3.042736730700812
3.0430904425961285
3.0432853205592227
3.04329222420531
3.0430536950142164
3.0426615510051924
3.0420767300144247
3.0413542856965097
3.0405563998823557
3.0396637541047697
