3.042842408088777
3.0432734790107583
3.0436792315701466
3.0441105984359043
3.0446058472913613
3.0450929092063177
3.045557510868632
3.0459651244334145
3.046268890302041
3.0464373937106988
3.0464745271561178
3.0463195931688176
3.0459970422639135
3.0454415177502145
3.0447043568809793
3.0437477532954302
3.042562225800792
3.0412103533187627
3.039637121471685
3.0378922092856966
3.0359670544602704
3.0338727190829125
3.0316754593197204
3.0293471697480507
3.02697514718989
3.0245916028058835
3.022196195552552
3.019908731475287
3.0177588799992314
3.0157536675817083
3.01402569444564
3.0125575820030703
3.0113366188570274
3.0104954639148813
3.009921779402911
3.00966174107427
3.0096949155144808
3.0099699453822715
3.0105101630798403
3.011219870689235
3.012107363672512
3.0131181869025276
3.0141977117705263
3.0153515259979815
3.0164503116434793
3.017434566422354
3.0182656613022423
3.018676536256402
3.018510187567397
3.0175079479857496
3.0163307688888894
3.0123252602778923
3.0060292673056326
2.9967476683412966
2.983673971992787
2.9659344343321874
2.9426855197700172
2.912957108583651
2.875909165518026
2.830868970543742
2.777256600009112
2.7148701955497314
2.6438005035779613
2.56456950408562
2.4781369650075646
2.385920889482821
2.2898693530064587
2.1922672812329944
2.095738449093616
2.0032775598926067
1.9177997045297828
1.8422366583468368
1.7793994516648168
1.7315827537085577
1.7005816600399166
1.6876975405640906
1.6934539729324056
1.7175988844105163
1.7592468040006444
1.8168230146216087
1.8881641459200011
1.970687275961477
2.0614996147507627
2.157614588388406
2.2560366440333457
2.3539689924340452
2.4488810357869104
2.5386946874106124
2.6217350827325694
2.6968012126200422
2.7632280322232425
2.8207254655278735
2.869413462734221
2.9097195522026618
2.942304057231109
2.9680098055782107
2.9877542721421406
3.0024348945980135
3.012957529006177
3.0201283513345922
3.024686884376238
3.027241431248341
3.0283215759719306
3.0283664215133017
3.0277062699161603
3.0265882214482613
3.025239426173475
3.023791625408495
3.0223808360630953
3.0210523092469863
3.019854136449742
3.0188748048545824
3.0180735591581653
3.0174866159128624
3.0171597032162625
3.01705568547013
3.0171798628956834
3.019141417269471
3.019691870382747
3.0203980857699313
3.021257375857249
3.0222357153124944
3.0232494513479966
3.0243480440546344
3.0254433883247063
3.0265091330257627
3.0275939710636273
3.028599531692331
3.0295597365566085
3.0305149286582567
3.0313944105975423
3.0322836591040936
3.0331732614241766
3.034024763419226
3.034957925509965
3.0358689406388724
3.038980092143256
3.039892852140935
3.0407559429352427
3.0415250735065897
3.042186782706063
3.0427350656442176
3.043088667489676
3.043283420477751
3.043290192554963
3.0430515343489963
3.0426592739444898
3.042074357373106
3.0413518460801967
3.0405539260080787
3.0396612801090592
