3.042841742658692
3.0432727578845493
3.0436785222897242
3.044109992374169
3.0446054462816576
3.045092809559188
3.045557810453107
3.045965906954648
3.046270211815434
3.046439290008718
3.046477008138205
3.046322639991808
3.04600061564948
3.0454455596650583
3.044708800390233
3.04375252515955
3.0425672522003113
3.041215565848031
3.039642461386526
3.037897623822615
3.0359725014357593
3.0338781676767907
3.031680873155243
3.0293525115175597
3.0269803818905565
3.0245966839199014
3.0222010733621207
3.01991335223826
3.0177631837344934
3.015757595284753
3.0140291997281023
3.0125606234143727
3.011339170009688
3.010497515961813
3.0099233352038226
3.0096628199284066
3.0096955508001675
3.0099701769656466
3.0105100415057024
3.0112194442852767
3.0121066816552524
3.0131173010981795
3.014196674813022
3.0153503996023483
3.0164491837852547
3.017433563224423
3.0182649565326267
3.0186763861472543
3.0185109505553402
3.0175101247704856
3.0163350519076504
3.012332467612275
3.0060404469870585
2.9967640643910034
2.983697019097046
2.965965718746295
2.942726712038996
2.913009868590789
2.8759750340920935
2.8309492427478093
2.7773521634917735
2.714981393860435
2.6439269807158654
2.564710089455985
2.4782895880660187
2.3860825451021226
2.2900361452549287
2.1924345312227187
2.095900893341181
2.0034295943722817
1.9179356950364712
1.8423512722834454
1.7794880047817956
1.7316415256301254
1.7006081573578893
1.6876906835416787
1.6934141669289544
1.717528012957194
1.7591481171188965
1.8167009238265028
1.8880239436128234
1.9705348063099022
2.061340917262066
2.1574555348882725
2.255882618646039
2.353824613641499
2.4487499652393137
2.538579522083923
2.6216373271134334
2.696721336718879
2.763165586324391
2.8206792582480036
2.869381752057633
2.9097002518226684
2.9422949298112493
2.968008629656659
2.9877589859804523
3.0024436925507683
3.012968920801324
3.0201411726228202
3.024700276814026
3.0272547938847856
3.0283345117334566
3.028378681387036
3.0277177151022667
3.026598783617938
3.0252490848959104
3.0238003969158207
3.0223887616313454
3.0210594390603944
3.0198605243099594
3.018880508275031
3.018078632481383
3.0174911086729814
3.017163668116466
3.017059175340137
3.0171829328568585
3.01914418176078
3.0196943472784348
3.020400341888183
3.0212594824689303
3.022237736042797
3.023251444145047
3.0243500540973645
3.025445445851933
3.026511250410988
3.0275961411467085
3.028601729088032
3.0295619207864495
3.030517046724193
3.0313963966418997
3.0322854556423904
3.033174820563806
3.0340260553727383
3.0349589466019733
3.0358697166589366
3.038980751212638
3.0398934122533525
3.0407565043663385
3.041525752952876
3.0421876978068796
3.0427363282365167
3.0430903693990694
3.0432856320541393
3.043292950561164
3.0430548404015934
3.0426630915340582
3.042078616139097
3.0413564463046505
3.0405587501444344
3.0396662038152256
