3.0428419965114837
3.043273027212653
3.0436788037515736
3.0441102818048495
3.0446057391492287
3.0450931013058353
3.0455580965676226
3.0459661833356613
3.0462704750688028
3.0464395375488587
3.04647723805595
3.046322851548278
3.046000808841341
3.0454457351356017
3.0447089591626675
3.043752668766979
3.0425673824158634
3.041215684608927
3.0396425708330854
3.0378977262908657
3.0359725994160494
3.033878263827534
3.0316809706546977
3.029352613639536
3.02698049204855
3.0245968058854036
3.0222012107302207
3.0199135086161895
3.0177633625606792
3.0157577995403697
3.0140294318226215
3.0125608852447696
3.0113394628303247
3.0104978404585068
3.0099236917809806
3.0096632088048034
3.0096959722002543
3.0099706311595007
3.0105105287960034
3.011219965286747
3.0121072371041175
3.0131178918252983
3.014197301425681
3.015351062199437
3.016449881043731
3.0174342917880725
3.0182657102621695
3.0186771547020093
3.0185117184587003
3.0175108697088784
3.0163357452974666
3.0123330699717883
3.0060409116923
2.9967643368472903
2.9836970377563543
2.9659654174675514
2.942726023440573
2.9130087282651833
2.8759733852541984
2.8309470414995594
2.7773493850846123
2.7149780375679695
2.6439230752322995
2.564705696691236
2.4782848052098374
2.3860775041970057
2.290031009316981
2.1924294877417263
2.0958961443952573
2.0034253461036684
1.9179321456151568
1.8423486005074559
1.7794863591595456
1.7316410149596444
1.7006088436927533
1.687692577633331
1.6934172274833401
1.717532148769438
1.7591531929930921
1.8167067695697052
1.8880303652163346
1.9705415979768475
2.0613478734394057
2.1574624615351956
2.2558893420546546
2.353830987485512
2.4487558749956673
2.5385848871216568
2.621642100761792
2.6967255039515847
2.76316915997396
2.8206822731767884
2.8693842588570755
2.9097023100201005
2.9422966023553676
2.968009978784668
2.987760069517856
3.002444562462612
3.012969622217471
3.020141743966865
3.0247007500357705
3.0272551949277116
3.0283348614277754
3.0283789961291845
3.02771800734297
3.026599062829624
3.025249358110562
3.0238006692951993
3.022389036854375
3.0210597198800584
3.019860812863896
3.018880806074138
3.0180789404515576
3.0174914271014073
3.017163996468252
3.017059512580002
3.01718327730792
3.019144532519878
3.019694700109172
3.0204006942830457
3.0212598317019213
3.0222380795799957
3.023251779695899
3.02435038004192
3.025445761199425
3.0265115550361825
3.0275964360155365
3.0286020159354567
3.02956220203593
3.0305173252711497
3.031396675638102
3.0322857378618013
3.03317510825139
3.034026349930457
3.0349592486162478
3.035870025677375
3.0389810676394253
3.0398937312116114
3.0407568228680275
3.0415260674610156
3.0421880045156096
3.0427366236065914
3.043090650524638
3.0432858967611587
3.0432931977605975
3.043055069949717
3.0426633043089266
3.0420788139598125
3.0413566315118885
3.040558925511705
3.039666372142686
