3.042843083183063
3.0432741690925758
3.0436799669343255
3.044111425542118
3.0446068202463645
3.0450940801630906
3.0455589368057185
3.0459668555919635
3.0462709600606193
3.046439825288466
3.046477326917365
3.0463227501073944
3.0460005328882995
3.0454453061168234
3.0447083997964945
3.0437520026990996
3.042566632924344
3.041214873400503
3.0396417154945086
3.0378968435704685
3.035971705203183
3.0338773728697164
3.0316801014496972
3.0293517860564863
3.0269797270725185
3.02459612830083
3.0222006465861306
3.019913083972681
3.01776310315367
3.0157577284145756
3.0140295661963377
3.0125612381724265
3.0113400411828963
3.0104986443495405
3.0099247162904157
3.00966444581553
3.009697411861854
3.009972263538087
3.0105123431061105
3.011221952875472
3.0121093911515318
3.013120205194295
3.014199764861954
3.015353662427022
3.0164525925015613
3.017437070487323
3.018268487307051
3.018679823379281
3.018514124817746
3.0175127962787465
3.016336900404303
3.0123330933002066
3.0060393579222273
2.99676068384143
2.983690696831736
2.965955755742215
2.9427123972126505
2.9129905255682886
2.875950072200142
2.83091821609406
2.7773148401459
2.714937810748042
2.6438775012796674
2.5646554429191832
2.478230893429221
2.3860213058180593
2.2899742071887665
2.192374008910282
2.0958440588699245
2.003378752950632
1.917893039940994
1.8423187489418928
1.779467181068275
1.7316334875704298
1.7006134343895052
1.6877092072723174
1.6934452737563355
1.717570478910408
1.7592002341105206
1.816760611430396
1.8880888870826067
1.9706026012877598
2.061409216818217
2.1575221843185792
2.2559457595968295
2.3538827599912366
2.448802042482843
2.5386248766390107
2.6216757080498754
2.6967528531238996
2.763190647009712
2.82069849547469
2.869395943456183
2.9097102358954055
2.942301537505678
2.968012632709622
2.987761056973561
3.0024443897869455
3.0129686858647844
3.0201403453783193
3.0246991116891717
3.0272534755846756
3.028333171308676
3.0283774118155637
3.027716577232411
3.02659781524095
3.0252483064946185
3.0237998173678218
3.022388380798456
3.021059253103608
3.019860528833035
3.0188806972444557
3.0180789990635972
3.017491643729965
3.017164357574199
3.017060002068001
3.0171838752279743
3.0191452032257002
3.019695425257089
3.0204014485552184
3.021260590078757
3.022238819456787
3.023252480955546
3.024351029576209
3.025446352142689
3.026512088081034
3.027596920913597
3.0286024710852413
3.029562651431666
3.0305177959693377
3.031397196918766
3.032286333599865
3.0331757951388436
3.034027134679154
3.034960127474445
3.035870983327909
3.0389820636405096
3.0398947415017807
3.040757807810039
3.041526984228356
3.0421888110488444
3.0427372820717804
3.0430911321587613
3.0432861835367095
3.043293285997253
3.0430549688788027
3.0426630358915405
3.0420784103265257
3.0413561317435804
3.0405583714769007
3.039665804076312
