3.0428434985719455
3.0432746115900273
3.04368042146485
3.044111871588093
3.044607235841846
3.045094443646899
3.04555922607177
3.0459670517535997
3.0462710497170207
3.046439799136618
3.0464771812727305
3.0463224873187276
3.0460001593004247
3.045444832318687
3.044707838367478
3.0437513678358736
3.0425659389527855
3.041214134261753
3.039640944491897
3.0378960523541534
3.0359709037636815
3.0338765695059084
3.0316793066108754
3.029351009855338
3.0269789795640354
3.024595421828678
3.022199993236082
3.019912497302811
3.0177625973907567
3.015757316871618
3.0140292595423257
3.0125610453095453
3.0113399678293495
3.010498692982659
3.009924887342952
3.009664736120019
3.0096978161089742
3.00997277541885
3.0105129542004976
3.0112226558434547
3.0121101780865804
3.0131210683639957
3.0142006961648216
3.0153546507667857
3.0164536202349552
3.017438110879782
3.018269502354403
3.0186807552514727
3.0185148924223304
3.0175132862546596
3.016336958853979
3.0123325321655283
3.0060379427639083
2.9967581391984677
2.983686706736438
2.965949974464419
2.9427044647697924
2.9129800892379185
2.8759368099417855
2.8309018635744922
2.7772952258753754
2.7149148842475377
2.64385136662578
2.564626381026987
2.478199377420894
2.3859880065408694
2.2899399796594313
2.1923398657982105
2.095811124825813
2.0033482130569853
1.9178660742443805
1.842296462974999
1.7794505349077507
1.731623230938506
1.7006100528579307
1.6877128856575194
1.69345588568628
1.7175875907734406
1.7592231316973463
1.816788345039697
1.8881203322225746
1.9706365285254317
2.061444363845955
2.1575573306288627
2.255979790600813
2.353914723789938
2.448831187046374
2.538650670421694
2.6216978454711555
2.6967712414653633
2.7632053818519644
2.8207098221138502
2.869404217313698
2.909715881112517
2.9423050078728923
2.9680143785856177
2.987761497610074
3.002443895310935
3.012967563826729
3.0201388379361105
3.0246974004608864
3.0272516916809797
3.028331404369815
3.028375720661634
3.0277149987081198
3.0265963717323148
3.025247009525512
3.0237986697241577
3.022387379853197
3.021058393745219
3.019859804242375
3.0188800991294187
3.0180785192829154
3.0174912740124142
3.0171640880032227
3.017059822112332
3.0171837738550575
3.019145160739348
3.019695433745266
3.0204014933487886
3.021260655643028
3.0222388925028225
3.0232525489661217
3.0243510828652784
3.025446384838937
3.026512098658227
3.027596911807528
3.0286024480967093
3.029562624374555
3.030517777019905
3.031397200631262
3.0322863727396534
3.033175880181739
3.0340272723609822
3.034960318795037
3.035871223504037
3.0389823315890325
3.0398950285435973
3.0407580933202696
3.0415272438580923
3.0421890209013243
3.0427374195664703
3.043091178800972
3.0432861250654124
3.043293115009487
3.0430546849475157
3.04266264620023
3.042077928793537
3.041355577775986
3.0405577684046676
3.0396651762707565
