3.0428420830866942
3.043273049892351
3.043678737901687
3.044110105733444
3.0446054359907775
3.04509266256248
3.0455575197286584
3.0459654725831298
3.0462696417170436
3.0464385980120534
3.0464762110430796
3.046321758806162
3.0459996726480183
3.0454445756752353
3.0447077908597038
3.043751501942265
3.0425662246917664
3.0412145422829973
3.039641446969435
3.037896623928553
3.0359715222752266
3.033877215951691
3.031679960481755
3.0293516515481995
3.026979587484231
3.0245959689679207
3.0222004514705016
3.0199128350210795
3.0177627813252963
3.0157573135638116
3.0140290387046194
3.0125605783888862
3.011339233166811
3.0104976761083435
3.0099235806411113
3.0096631405670915
3.009695938113988
3.009970623810025
3.0105105400934686
3.0112199872580803
3.0121072628805114
3.013117912728923
3.0141973028517848
3.01535102154505
3.0164497594286823
3.017434028938557
3.0182652208130856
3.018676321781464
3.0185103853564135
3.0175088321611816
3.016332741321436
3.0123288197028417
3.0060350869585024
2.996756588745886
2.98368701478259
2.9659527918410613
2.942710523903843
2.9129901744191775
2.8759517173387157
2.830922350791006
2.777321943546533
2.7149483139190558
2.6438917444799412
2.564673633539829
2.4782530621552317
2.3860472607750833
2.2900035027229215
2.192405924244956
2.0958776065651854
2.0034127135863784
1.917926032510871
1.8423493162890945
1.779493883011976
1.7316549922628353
1.7006286018316707
1.687717164000988
1.6934454681655602
1.7175627254726502
1.7591847301184433
1.8167379310298448
1.8880599449141058
1.9705685869283607
2.0613715091940867
2.1574822500688877
2.2559050541972487
2.3538426349772923
2.4487636768488046
2.5385892286673064
2.6216434874488197
2.696724515193758
2.7631663970797744
2.820678310833963
2.869379603127768
2.9096973640765826
2.9422916592948587
2.9680052338871032
2.987755636315891
3.002440493009146
3.0129659299528377
3.0201384213665823
3.024697779063228
3.0272525493363425
3.0283325103728993
3.0283769085271346
3.0277161513644204
3.026597408055422
3.02524787733943
3.0237993404297145
3.0223878407785403
3.021058641235511
3.019859842049027
3.018879934631886
3.018078158970354
3.0174907222880973
3.0171633515620133
3.0170589103985197
3.0171827017202055
3.0191439487334213
3.01969411416554
3.0204000968585785
3.021259214777271
3.022237437244236
3.0232511098136143
3.0243496875160787
3.025445056088585
3.0265108527253113
3.0275957553519732
3.0286013772704243
3.0295616231645583
3.0305168194776435
3.031396250983903
3.0322853938059495
3.0331748340778875
3.034026126783032
3.034959052212878
3.0358698295347706
3.0389808171037105
3.0398934220811036
3.040756427167311
3.0415255611337706
3.0421873711215524
3.0427358575549177
3.043089756961462
3.043284891560407
3.043292105070096
3.0430539189137913
3.042662126199941
3.0420776400312706
3.0413554908905236
3.040557841991922
3.0396653614873443
