3.042844286504426
3.043275470785427
3.0436813667531384
3.044112920012025
3.044608402912882
3.045095739946328
3.0455606586721893
3.045968621523234
3.046272750097284
3.0464416190016315
3.0464791046435673
3.0463244945052153
3.0460022292196243
3.0454469427662785
3.044709968885207
3.0437535008934886
3.042568060495085
3.0412162334856503
3.0396430158889496
3.03789809472656
3.0359729182328548
3.0338785594919893
3.0316812746492183
3.0293529582179555
3.026980910525638
3.0245973356260323
3.022201888062016
3.019914370408877
3.017764445579176
3.015759137209655
3.0140310516148414
3.0125628102345035
3.011341708826234
3.01050041685839
3.009926603494159
3.009666457222533
3.0096995571341494
3.0099745516481886
3.010514782716081
3.011224553118854
3.0121121603819763
3.0131231528046234
3.0142029015875815
3.015356999147633
3.016456139244176
3.0174408363158056
3.0182724798644713
3.0186840471425365
3.0185185801889367
3.017517476903264
3.0163418037288743
3.012338175639011
3.0060445767159676
2.996765980487683
2.983695993858352
2.9659609547112047
2.9427173776295015
2.9129951465521207
2.8759541746710853
2.830921626645304
2.777317378720192
2.71493929896078
2.6438777753417364
2.5646543687137804
2.4782283798299902
2.3860173192016507
2.2899687826022976
2.1923672605012454
2.095836184165043
2.003370035660077
1.9178838488992747
1.8423095288624163
1.7794584370462208
1.7316257575622767
1.7006072567511332
1.6877050857040428
1.693443645071039
1.7175716846346993
1.7592045002776053
1.816768033746318
1.8880994233066755
1.9706160740251326
2.0614253207964075
2.1575405039594515
2.255965792733285
2.3539039490522633
2.4488238096183146
2.5386466585393994
2.6216969887342
2.696773187542145
2.7632096803181825
2.820715969766644
2.8694116968871324
2.909724198477218
2.942313721040173
2.9680231201455634
2.9877699864145972
3.0024519383727077
3.0129750510366593
3.0201457263947873
3.024703694119675
3.027257422993615
3.0283366228931934
3.0283804801177405
3.0277193520620473
3.0266003686389293
3.025250696279846
3.0238020887432153
3.022390569419474
3.021061386889041
3.019862628441811
3.01888277840899
3.018081072954117
3.0174937180324286
3.017166436618893
3.0170620882543493
3.01718596907813
3.0191473233142108
3.019697549002786
3.0204035722493616
3.02126270728898
3.022240922991055
3.023254562628721
3.0243530810004495
3.0254483655642996
3.0265140572768967
3.027598842138865
3.028604341400089
3.029564470203266
3.0305195657290005
3.03139892302643
3.0322880239920944
3.0331774607109545
3.0340287878577628
3.0349617815069188
3.0358726510508927
3.038983782885788
3.039896491883758
3.0407595949377795
3.0415288091222794
3.042190669538514
3.042739167374722
3.0430930348360548
3.043288090506608
3.043295182853743
3.043056840095335
3.042664866016909
3.042080186214448
3.0413578424690786
3.0405600101423467
3.0396673681195674
