3.0428430897006953
3.043274168064524
3.043679940498148
3.04411135094302
3.044606674028757
3.045093840977345
3.0455585842873036
3.0459663740575498
3.046270341162478
3.046439065687655
3.046476429622427
3.04632172432688
3.0459993918081616
3.04544406677541
3.0447070800961593
3.043750620854347
3.042565205930244
3.041213416947164
3.039640242656499
3.037895364489231
3.0359702278314513
3.033875902799878
3.031678646266875
3.0293503532571324
3.026978323943091
3.0245947646308937
3.022199332858768
3.019911832172166
3.0177619258964734
3.0157566377277565
3.014028570864672
3.0125603449758547
3.0113392536542953
3.0104979620361076
3.00992413591871
3.0096639601479946
3.0096970108721885
3.009971936138754
3.0105120757827413
3.0112217328692807
3.0121092052802005
3.013120040116527
3.014199606085617
3.015353491909421
3.0164523845671445
3.0174367887029327
3.0182680821690226
3.0186792229632493
3.018513230728768
3.0175114739187556
3.0163349649569913
3.012330335220148
3.006035511491212
2.996755440027398
2.983683705567291
2.965946639468475
2.94270076960307
2.912976016590912
2.8759323554824796
2.8308970398275335
2.7772900659161572
2.7149094446936197
2.6438457288920083
2.5646206500643824
2.478193680621199
2.3859824884822105
2.289934795492975
2.192335172405599
2.095807070347956
2.0033449260453233
1.917863652010588
1.842294962279459
1.7794499636946495
1.7316235459523586
1.7006111603364715
1.6877146466192134
1.6934581246475353
1.7175901062377865
1.7592257085422613
1.816790768370904
1.888122401751299
1.9706380700839534
2.061445240953507
2.157557452160213
2.255979114868385
2.3539132584650644
2.448828984230624
2.5386478194680233
2.6216944629475174
2.6967674607876493
2.7632013421593906
2.8207056587695583
2.869400054300896
2.909711824306066
2.9423011415126377
2.9680107623554477
2.987758167337547
3.0024408643835123
3.0129648267548337
3.0201363762926734
3.0246951882362145
3.027249699545269
3.0283296022130086
3.0283740810300257
3.0277134969462223
3.0265949860206556
3.0252457206989556
3.023797461423818
3.022386238018747
3.0210573065170236
3.019858762049594
3.0188790939395247
3.0180775446645356
3.017490324723667
3.01716315992615
3.017058911874854
3.0171828788512984
3.019144269449838
3.0196945535435553
3.0204006229310436
3.0212597945100845
3.0222380406389817
3.023251706796039
3.0243502516833303
3.0254455662797097
3.0265112946740436
3.027596124028787
3.0286016785852827
3.029561874933792
3.0305170486062982
3.0313964936778586
3.0322856863679855
3.033175212123279
3.0340266190199827
3.034959675349941
3.0358705842467715
3.0389816775228122
3.0398943663803557
3.0407574170207745
3.0415265482701743
3.042188302933499
3.0427366771902165
3.0430904119784907
3.0432853358985494
3.043292307489442
3.0430538645716485
3.042661820047508
3.042077104286039
3.041354762836052
3.04055697019679
3.0396644006502123
