3.042839655633098
3.0432704367163015
3.0436758946866638
3.044106981558912
3.0446019788462007
3.0450888341419278
3.045553293214735
3.045960837214653
3.0462646081999316
3.046433192327375
3.0464704740081188
3.0463157437323787
3.045993440191934
3.0454381909161086
3.044701316607997
3.043744994713378
3.042559731720194
3.041208099416414
3.039635070300357
3.0378903191448985
3.0359652884237884
3.033871043942594
3.031673839193691
3.029345572142266
3.026973542397214
3.0245899568804213
3.0221944807979644
3.019906915333289
3.017756923619465
3.0157515308231915
3.0140233373707863
3.0125549623636667
3.0113336995331808
3.0104922087699197
3.009918152128841
3.009657714356547
3.009690468316495
3.0099650617915272
3.010504833771119
3.0112140851915408
3.0121011157791147
3.0131114671191987
3.014190501392405
3.0153438036210662
3.0164420537588716
3.0174257463766674
3.0182562470087912
3.018666500561622
3.01849950893138
3.0174966230332805
3.016318796704917
3.0123127554277827
3.0060163689912596
2.9967345903142046
2.9836610286170178
2.96592205748694
2.942674268254147
2.912947665043008
2.875902326545446
2.8308656294584518
2.7772577044649305
2.714876700918803
2.6438133003727784
2.5645893398571307
2.478164368780964
2.385956081185391
2.289912168989792
2.1923171040494136
2.0957941734472767
2.0033375806887173
1.9178619435483641
1.8422986454225043
1.7794584426039894
1.7316358989767653
1.70062618993812
1.6877309509597438
1.693474181932907
1.7176043720674992
1.7592367103714206
1.8167972021436993
1.8881232187620207
1.9706325377840905
2.061432994896391
2.157538510280912
2.255953864354731
2.3538824105749163
2.4487935062956594
2.538608853712513
2.6216532331733187
2.6967251915104087
2.7631591780937717
2.8206646087598823
2.8693609509048557
2.9096752923866975
2.9422675924219015
2.9679803982196993
2.9877310022045007
3.0024167551682885
3.0129435204416426
3.020117559244855
3.024678527324895
3.027234868570808
3.0283162997684347
3.0283620473048343
3.0277025076214126
3.0265848485335765
3.0252362724297264
3.023788569084539
3.0223777895490365
3.0210492097791066
3.0198509460807057
3.0188715003658784
3.0180701265536305
3.017483045272845
3.0171559916133477
3.0170518323222435
3.017175870555349
3.019137247395328
3.0196875823603846
3.020393700194532
3.0212529245397826
3.0222312301972307
3.0232449687267073
3.0243436035023716
3.025439026588496
3.0265048814411584
3.0275898531125676
3.028595567833487
3.02955593537252
3.030511283114794
3.031390898019545
3.0322802453352242
3.0331698982630138
3.034021396315973
3.034954500988163
3.0358654107209153
3.0389763589120786
3.039888960122746
3.040751884101482
3.0415208614377263
3.0421824499761154
3.042730656482693
3.043084235876298
3.043279033886805
3.04328591939698
3.0430474404976633
3.0426554165201805
3.0420707769093687
3.041348565494827
3.04055094703413
3.03965858349373
