3.0428262415832377
3.043256178805092
3.043661039661589
3.04409183945819
3.0445868881095914
3.0450741230231184
3.0455392791725675
3.0459477980867415
3.046252757712759
3.046422678981976
3.0464613842296306
3.0463080861159977
3.0459871625681827
3.0454331863708624
3.0446974560624067
3.0437421301580265
3.0425577048430545
3.0412067498797644
3.0396342523928053
3.0378898819856133
3.035965080746505
3.0338709183904573
3.0316736127808808
3.0293450528715837
3.026972529217673
3.0245882196350635
3.02219178542632
3.0199030314012316
3.0177516213539963
3.0157446042204143
3.0140146239872867
3.0125443302345563
3.0113210677259703
3.0104775431354964
3.0099014527938763
3.0096390054721676
3.0096697799272616
3.009942421717458
3.0104802718182784
3.011187614877098
3.012072734552304
3.013081167830707
3.014158286327824
3.0153096985693773
3.0164061708379077
3.017388327221204
3.018217717210918
3.018627562052893
3.018461211103258
3.01746048772456
3.0162868477473896
3.012287686034327
3.0060014593918494
2.996733735312999
2.983678668256404
2.965963030473185
2.94274357931135
2.913050168109745
2.876042393305481
2.8310467501200574
2.7774820138189185
2.7151445900253286
2.644123006122147
2.564936637693475
2.4785423655416774
2.3863551918593737
2.2903203441934545
2.192720278794363
2.09617698133431
2.0036841750353505
1.9181569684185693
1.8425281615284852
1.7796108100745718
1.7317025361930343
1.7006021506598006
1.6876152774208961
1.693269981482084
1.717318673602739
1.7588800248826955
1.816382837946683
1.8876663890672094
1.9701494001293711
2.060939659246528
2.1570501066729237
2.2554837914475514
2.3534417684156916
2.4483907609964666
2.5382496968240593
2.621340624809627
2.6964595757709615
2.76293882466585
2.8204860890258363
2.8692196376468235
2.909565926722279
2.9421847831696555
2.9679189721814825
2.987686304837573
3.0023847855143058
3.0129209852416223
3.020101803100483
3.024667455604912
3.0272268684571486
3.0283101468678426
3.0283568174924507
3.027697534794479
3.0265796604582356
3.0252305504597254
3.023782104542417
3.0223704593118876
3.021040938259961
3.0198416827254446
3.018861220036122
3.0180588180034356
3.0174707247055417
3.0171427230040377
3.0170377097963996
3.017161024944355
3.019121845668744
3.0196718563272182
3.020377844745546
3.0212371370801527
3.0222156955564845
3.0232298598317904
3.0243290433197254
3.025425091987618
3.02649158875094
3.0275771440654387
3.028583315011581
3.0295439606484598
3.030499374335408
3.0313788172450713
3.0322677834437193
3.033156888945403
3.034007740569382
3.0349401760034205
3.0358504779391438
3.0389609370059567
3.039873321659944
3.040736288133662
3.041505600490393
3.042167839550932
3.042716988430641
3.043071748158405
3.043267900868089
3.0432762169456806
3.0430391543823303
3.042648444064713
3.0420649379665323
3.0413436232062745
3.0405466348813097
3.039654633494025
