3.042844819594733
3.0432760314976552
3.0436819539049416
3.044113532946154
3.0446090416175546
3.0450964043883157
3.045561349402745
3.0459693392465272
3.0462734945508885
3.0464423897481216
3.0464799000993263
3.046325312500987
3.046003066789739
3.0454477962189648
3.0447108340971614
3.0437543736200605
3.0425689366357256
3.0412171097519662
3.0396438900828993
3.0378989655123716
3.03597378578731
3.0338794259106385
3.031682142990694
3.0293538317156896
3.026981793112072
3.0245982309218906
3.022202799095722
3.019915299636244
3.017765394330924
3.0157601055007452
3.014032039289221
3.0125638163251556
3.011342732384615
3.0105014575761193
3.0099276616010737
3.0096675343648727
3.009700656713212
3.0099756784009624
3.010515942848006
3.0112257536555593
3.0121134091270108
3.0131244580208465
3.0142042711117183
3.015358440267221
3.0164576584631764
3.0174424392860373
3.0182741704512406
3.0186858277520696
3.0185204515176753
3.0175194385652784
3.016343860733584
3.012340321594077
3.00604681348159
2.9967683134388214
2.98369843417416
2.9659635215204254
2.942720099973838
2.9129980634876143
2.8759573350461105
2.830925087976091
2.777321204435793
2.7149435544637273
2.6438825227074823
2.56465966131956
2.4782342553395056
2.386023792410744
2.289975838202534
2.1923748458526724
2.0958442045834897
2.003378353714268
1.9178922876503564
1.8423178802699167
1.7794664746462066
1.7316332519311195
1.7006139924745438
1.687710876900998
1.693448348180198
1.7175752086721752
1.7592068134111518
1.8167691667049644
1.8880994685124617
1.9706151801582228
2.061423682587438
2.1575383479598753
2.255963360399349
2.3539014778743352
2.4488215169183936
2.5386447275897033
2.6216955597750276
2.6967723535787185
2.7632094864206653
2.820716416541497
2.86941274577157
2.9097257784959063
2.9423157382476344
2.9680254676564575
2.987772553833071
3.0024546223097133
3.012977762553345
3.020148395959094
3.0247062735094516
3.0272598830562183
3.028338949954491
3.028382671119839
3.0277214112027098
3.026602303992698
3.025252517338483
3.023803806103028
3.0223921941620233
3.0210629298999643
3.0198641002221587
3.0188841888176268
3.018082430558817
3.017495029473238
3.0171677068983414
3.0170633210902738
3.0171871668953334
3.0191484960792576
3.019698689128503
3.020404680890637
3.021263786045264
3.0222419735752046
3.023255586640962
3.024354080374925
3.025449342362297
3.026515013746228
3.027599780820884
3.0286052646258197
3.0295653804386964
3.030520464915793
3.0313998118626535
3.0322889028560644
3.0331783290947363
3.0340296448884763
3.034962626785386
3.03587348476427
3.0389846178763675
3.0398973180036624
3.04076041497818
3.0415296270540235
3.042191489381013
3.042739993842696
3.0430938721846266
3.043288942746255
3.043296053400126
3.0430577310204168
3.0426657775644568
3.0420811169645416
3.0413587885239415
3.0405609660217774
3.039668326968264
