3.0428415808593687
3.0432725963083858
3.0436783292462266
3.0441097256931364
3.0446050574963714
3.045092251622518
3.045557034995638
3.0459648705613893
3.0462688845277057
3.0464376516415563
3.0464750519807606
3.0463203745539262
3.0459980605260357
3.0454427438655416
3.044705758364645
3.04374929658604
3.0425638773975145
3.0412120825062883
3.039638902680862
3.0378940202272293
3.0359688773669906
3.033874539830939
3.0316772588422736
3.029348928454765
3.0269768456396755
3.024593215186918
3.022197694164811
3.0199100875037894
3.0177600616845606
3.015754645462862
3.014026446062422
3.0125580881050844
3.0113368684781143
3.0104954543424816
3.0099215137737567
3.0096612307392756
3.009694176430809
3.0099689940860266
3.0105090197240134
3.0112185527221125
3.0121058869517814
3.0131165674246088
3.01419596528444
3.01534967244719
3.0164483832665945
3.0174326136592313
3.0182637585418908
3.018674798996397
3.0185087824170838
3.0175071122630452
3.0163308312702815
3.0123266216597795
3.006032436962356
2.9967532521572084
2.983682669657327
2.965947017561531
2.942702795774756
2.9129798717019257
2.8759381432946944
2.8309047606459163
2.7772995900126993
2.714920497592444
2.643857880729752
2.5646333175257183
2.4782061379739706
2.385993892745269
2.2899442327241086
2.192341721862934
2.0958098813761303
2.00334329030895
1.9178570777259496
1.8422832241442404
1.779433130058081
1.731601978786269
1.7005854916216498
1.6876857347740744
1.6934269962618094
1.7175578937280709
1.7591935787243653
1.816759842621943
1.8880936748307275
1.9706123449976543
2.0614230787809134
2.1575391440573917
2.255964683899881
2.353902488737642
2.4488214696775623
2.5386430228857724
2.6216917733940757
2.6967662461390747
2.763200998230224
2.820705647945358
2.8693999314344394
2.909711263288229
2.942299945745804
2.968008858256248
2.9877555888782035
3.002437721520418
3.0129612739499336
3.0201325741566545
3.0246912733702658
3.027245774432039
3.0283257365117158
3.0283703142300356
3.02770984658994
3.0265914574165778
3.0252423149482603
3.023794174678538
3.02238306268783
3.0210542322253215
3.0198557752813087
3.018876179747232
3.0180746873896016
3.017487513318482
3.0171603894453303
3.017056181286976
3.0171801917024883
3.0191416278974414
3.0196919781598632
3.02039812420192
3.0212573787638926
3.0222357117819847
3.0232494682644804
3.024348101943356
3.0254434995865642
3.0265093009290744
3.027594188705391
3.028599782856751
3.029559995951061
3.03051516484075
3.031394586861073
3.0322837435711
3.0331732288046434
3.0340245991043187
3.0349576294415397
3.0358685274815986
3.0389796174508326
3.0398923358212864
3.0407554352921764
3.0415246308794517
3.0421864621317023
3.04273491930932
3.043088738155965
3.0432837396635226
3.043290773806314
3.0430523730854917
3.0426603478689733
3.0420756281702612
3.0413532631425353
3.0405554322915203
3.039662817365322
