3.042843959487582
3.0432751149395676
3.0436809767702853
3.044112490389645
3.0446079286187286
3.045095217474328
3.0455600856606146
3.0459679974218874
3.046272076673225
3.0464408994898164
3.0464783439931167
3.0463236990029166
3.046001405959985
3.0454460991594323
3.0447091117381584
3.043752636537298
3.0425671944026798
3.041215369992295
3.039642157532038
3.0378972429008533
3.03597207373864
3.033877722193632
3.031680444224776
3.029352134316492
3.0269800926891834
3.0245965239800077
3.0222010833233783
3.0199135735905167
3.017763657746296
3.015758359445547
3.0140302843189746
3.0125620534479634
3.01134096190273
3.010499677914129
3.0099258696677684
3.009665724633641
3.0096988210155993
3.009973806440482
3.0105140219953768
3.0112237703283005
3.012111348657637
3.013122304504722
3.0142020079283958
3.0153560500342262
3.016455121997942
3.017439734765024
3.0182712734968815
3.018682708857456
3.018517075125616
3.017515760060083
3.0163398132731873
3.0123358525595543
3.006041843717927
2.9967627506919268
2.98369217303996
2.965956446007998
2.9427120872678145
2.912988990830613
2.8759470878668116
2.8309135702326804
2.7773083509737386
2.7149293425919074
2.6438669851184633
2.564642894734475
2.478216429157512
2.3860051516878684
2.2899567019180793
2.1923556013885466
2.0958252956192647
2.0033602621191546
1.9178755088091681
1.8423028946023834
1.7794537147872291
1.7316230724123711
1.7006066429722526
1.6877064822729393
1.6934468990361258
1.71757655969264
1.759210691262044
1.8167751866520911
1.8881071576146147
1.9706240045472474
2.0614330810824844
2.1575477668701373
2.255972286001631
2.353909466966538
2.4488282183738894
2.53864989686029
2.621699062864147
2.6967741618798073
2.76320966508169
2.820715106779199
2.869410145702897
2.9097221225553547
2.9423112775775526
2.9680204513026602
2.9877672130765913
3.0024491570594583
3.0129723333307243
3.0201431213761953
3.0247012316340225
3.027255117147716
3.0283344759587854
3.0283784880503672
3.0277175057741226
3.026598656312175
3.0252491052289208
3.0238006063784537
3.0223891835189622
3.021060086174407
3.0198614031213116
3.018881619403607
3.018079972064657
3.017492668033285
3.0171654311123755
3.0170611215233616
3.017185035898595
3.0191464085130613
3.01969665815818
3.0204027014274684
3.0212618530221578
3.0222400823613333
3.023253733499253
3.0243522625874864
3.0254475581334472
3.02651326196346
3.027598060890004
3.0286035769299136
3.0295637254711743
3.0305188432870307
3.0313982253103275
3.032287351899874
3.0331768135255137
3.0340281632615316
3.0349611753102117
3.035872057279946
3.0389831797687603
3.039895884650259
3.0407589745063737
3.041528166522193
3.04218999752718
3.042738459888483
3.0430922881931766
3.043287304007252
3.043294358425604
3.043055982237182
3.0426639818109846
3.0420792844063564
3.0413569331862718
3.0405591039190765
3.0396664745561477
