3.042844848940022
3.0432760626370183
3.0436819863749562
3.0441135661778405
3.0446090749985073
3.0450964373263227
3.045561381325471
3.045969369645068
3.0462735230203375
3.0464424160014802
3.0464799239527043
3.04632533390277
3.0460030857950477
3.0454478129854894
3.0447108488221746
3.043754386522781
3.0425689479557194
3.041217119749211
3.0396438990143135
3.0378989736559907
3.035973793433564
3.0338794333507924
3.0316821505957297
3.029353839885249
3.0269818022607318
3.024598241510416
3.0222028115815274
3.0199153144573705
3.017765411925268
3.0157601262571463
3.014032063512622
3.012563844249368
3.0113427641485626
3.01050149324164
3.0099277011777437
3.0096675778317232
3.009700704056763
3.009975729628895
3.0105159979725014
3.0112258127096476
3.0121134721762854
3.0131245251506913
3.0142043423945197
3.015358515728783
3.016457737964375
3.0174425224347727
3.018274256496235
3.018685915428456
3.018520538917839
3.017519522904378
3.0163439383288537
3.012340387407428
3.0060468614653946
2.996768336445628
2.983698424094224
2.9659634695534516
2.9427199970761144
2.9129979009788824
2.8759571052082338
2.8309247847655166
2.7773208243236005
2.714943097129747
2.6438819917527496
2.564659064800564
2.478233606114113
2.3860231081408765
2.289975140877363
2.192374160882333
2.095843559415382
2.0033777762988754
1.9178918047203917
1.842317515766832
1.7794662482799493
1.7316331779247283
1.700614078596661
1.6877111239058262
1.6934487497264703
1.7175757516378467
1.759207478719612
1.8167699305987886
1.888100304187501
1.9706160594725877
2.0614245777626454
2.157539233130138
2.2559642128281636
2.353902278823732
2.4488222521420466
2.5386453875210724
2.621696139443679
2.696772852257734
2.7632099070525977
2.8207167649085503
2.8694130296281424
2.9097260065745796
2.9423159193835984
2.96802561026683
2.9877726654998584
3.002454709620104
3.012977831037541
3.0201484502131244
3.0247063173062263
3.0272599194213763
3.0283389812731505
3.0283826992423784
3.0277214375115205
3.026602329509241
3.0252525427913843
3.0238038320139093
3.022392220889635
3.0210629577009245
3.019864129295284
3.0188842193054186
3.0180824625694975
3.017495063038022
3.017167741926208
3.0170633574135888
3.0171872042817776
3.0191485343114683
3.019698727713855
3.020404719486275
3.0212638243058105
3.0222420111731294
3.0232556232601944
3.024354115791784
3.025449376445572
3.0265150464870674
3.0275998123531056
3.02860529520523
3.0295654104081806
3.0305204946744437
3.0313998418457895
3.032288933446291
3.033178360590389
3.0340296774579523
3.0349626604586493
3.0358735194326645
3.03898465346095
3.039897353923381
3.0407604507948602
3.041529662267184
3.0421915234352026
3.0427400262384867
3.043093902525809
3.043288970748801
3.0432960789537145
3.043057754164287
3.0426657984754213
3.0420811359372837
3.0413588059413454
3.040560982313341
3.0396683425598807
