3.042843848151617
3.043274978451277
3.043680815491146
3.0441123071280924
3.0446077285155284
3.045095008700074
3.0455598789181075
3.0459678045533956
3.0462719092333224
3.046440768602637
3.0464782587404624
3.046323666253711
3.046001429726751
3.0454461806164117
3.0447092497741766
3.043752827367865
3.042567431963345
3.0412156472386975
3.039642466712345
3.0378975764704332
3.035972425156043
3.0338780861702137
3.0316808160517845
3.029352510184496
3.026980469338392
3.0245968976980397
3.022201450765802
3.019913930010251
3.0177639973881014
3.0157586758013375
3.0140305709613777
3.012562303342606
3.0113411685556617
3.0104998353275865
3.009925972797091
3.00966577053353
3.009698808398061
3.0099737363165175
3.010513897326869
3.0112235946028822
3.012111126259105
3.013122039766238
3.014201704647861
3.0153557119929313
3.0164547532799695
3.017439339639221
3.0182708565256395
3.0186822766097783
3.0185166368997134
3.0175153311768845
3.0163394166174164
3.0123355229258872
3.0060416275355113
2.9967627108639534
2.9836923922313314
2.965957028239
2.9427131587151116
2.9129906978961366
2.87594959417612
2.830917050260134
2.7773129798704757
2.7149352845858075
2.643874378706082
2.5646518378943095
2.4782269630100595
2.3860172454838287
2.289970241833874
2.1923703799813
2.0958410068825275
2.0033765029415145
1.9178917887461469
1.8423186558133833
1.7794683614911615
1.7316360091023941
1.7006173140158398
1.6877144087542897
1.6934517100725528
1.7175780181441698
1.7592087091902084
1.816769832039291
1.8880986524094352
1.9706127132409157
2.0614194891434536
2.1575324490614323
2.2559558691430763
2.3538925881561203
2.4488114856819947
2.538633853438501
2.621684159193512
2.696760741104552
2.7631979553597996
2.820705224418697
2.869402104234963
2.9097158458520567
2.9423066176944093
2.9680172073585416
2.98776515296047
3.002448040531069
3.0129719323312827
3.020143234012953
3.0247016911358218
3.027255794170024
3.0283352749371977
3.0283793403468398
3.027718364031484
3.026599488399047
3.0252498894821622
3.023801329631148
3.0223898386150956
3.0210606703466856
3.0198619172998846
3.0188820663180786
3.0180803557308176
3.0174929926713046
3.0171657009654043
3.017061339769475
3.0171852052470696
3.0191465314467063
3.0196967397144743
3.0204027464107863
3.0212618676864795
3.0222400736305546
3.0232537087836877
3.024352228984336
3.0254475219020582
3.0265132288876364
3.027598035706303
3.028603563367297
3.029563725601979
3.030518856793544
3.0313982488645737
3.032287380581628
3.033176840158027
3.0340281799312265
3.0349611743519653
3.03587203223391
3.0389831262363343
3.039895803747073
3.040758868579112
3.041528041428308
3.042189861469984
3.042738323217221
3.0430921622557676
3.0432872012463226
3.043294290792006
3.043055960338223
3.0426640136267196
3.0420793741875958
3.041357080686017
3.040559304542044
3.0396667203339836
