3.042844428370874
3.0432756109259484
3.043681501141055
3.0441130445748272
3.044608514411121
3.0450958365692546
3.04556073961449
3.045968687461397
3.046272802881885
3.0464416613165612
3.04647913944203
3.04632452519854
3.0460022589188696
3.0454469742457757
3.0447100041172375
3.0437535409866614
3.0425681058839076
3.0412162844350252
3.0396430722283783
3.037898156005799
3.035972984340612
3.0338786309471075
3.0316813528999615
3.0293530450012573
3.02698100772768
3.0245974454085345
3.0222020126203697
3.0199145115955828
3.017764604797196
3.015759314944456
3.0140312474902933
3.0125630230497364
3.0113419369299206
3.0105006582242244
3.0099268561080357
3.0096667193187088
3.0096998274778906
3.009974829857562
3.010515068776974
3.011224847541497
3.0121124642058312
3.0131234670282865
3.014203226482405
3.015357333665158
3.016456480107504
3.017441177397285
3.0182728113017356
3.018684354079406
3.0185188418113853
3.0175176654877798
3.016341884350491
3.0123381082821554
3.006044315808694
2.996765477908293
2.9836952014392684
2.965959828714978
2.942715884266712
2.9129932668548477
2.875951909345445
2.830919000330456
2.777314444286863
2.714936139201381
2.643874503713065
2.5646511270623797
2.4782253332548683
2.3860146479639153
2.2899666706511512
2.1923658810065234
2.0958356843936543
2.0033705241234783
1.9178853841601813
1.8423121127439934
1.7794620114606094
1.7316302068941654
1.7006124146151718
1.6877107452991549
1.6934495731917565
1.7175776368992794
1.7592102366850633
1.8167733353348707
1.888104106931308
1.9706200035738282
2.061428414142727
2.1575427351620773
2.2559671890309874
2.353904583233688
2.4488237899028062
2.5386461161867784
2.6216960662269844
2.6967720277021074
2.763208415943738
2.8207147153658854
2.8694105431155292
2.9097232083406257
2.9423129301729745
2.9680225394571487
2.9877696063510912
3.002451735318247
3.012974993433404
3.0201457806154774
3.024703829564916
3.0272576143764303
3.028336850584062
3.028380729718885
3.027719613667369
3.026600635586028
3.0252509637484177
3.0238023536003613
3.0223908297769873
3.0210616420005336
3.019862878652787
3.018883024336109
3.0180813153248165
3.0174939570429027
3.017166671671454
3.017062318306988
3.0171861928190093
3.01914753796383
3.0196977536839573
3.0204037654226212
3.0212628879443257
3.0222410909352924
3.0232547180898357
3.0243532251675216
3.025448500507641
3.0265141858918296
3.027598967850182
3.0286044678296085
3.0295646011476105
3.0305197043486847
3.031399071444831
3.0322881829989257
3.0331776292195887
3.0340289633808877
3.034961960439196
3.035872829137802
3.0389839542538075
3.039896653178567
3.0407597419259007
3.0415289386381055
3.0421907797459022
3.0427392581782433
3.0430931075716683
3.043288148130891
3.0432952297346443
3.0430568814328867
3.042664907301483
3.042080232771746
3.0413578986795686
3.0405600792151337
3.0396674515823587
