3.0428434633041577
3.0432745580738807
3.0436803654647377
3.044111835992469
3.0446072464882494
3.045094526219059
3.045559405999705
3.045967350461787
3.046271481799857
3.0464403738340495
3.0464779006770306
3.0463233464125272
3.0460011480091387
3.0454459350648726
3.0447090364681326
3.0437526411519213
3.0425672680538596
3.041215501823575
3.0396423363237934
3.0378974575410673
3.0359723141857717
3.0338779799631386
3.03168071145125
3.02935240357239
3.0269803559997532
3.0245967718193687
3.0222013060220725
3.0199137600872987
3.017763796130291
3.015758437084032
3.0140302889078656
3.012561972606578
3.0113407854430267
3.0104993979374233
3.0099254807697333
3.0096652244156132
3.009698209461666
3.0099730855970677
3.010513195088993
3.011222840029887
3.0121103183378004
3.013121177295555
3.0142007855271604
3.0153547329656343
3.016453710627487
3.01743823030007
3.018269679355324
3.0186810352294167
3.018515340179277
3.017513995982002
3.0163380680885803
3.0123342048361295
3.006040399001622
2.9967616499142977
2.98369159585054
2.965956611783454
2.9427132533174207
2.9129914452619383
2.875951137874266
2.830919525679638
2.7773165024502156
2.714939939112334
2.6438802059426267
2.5646588225987803
2.4782350234631556
2.386026223879628
2.2899799002701413
2.1923804014936747
2.0958510081971395
2.0033860548390816
1.9179004465937228
1.8423259903426483
1.779473987530408
1.7316396086294075
1.7006186540288981
1.6877133582474748
1.6934482485434894
1.7175722396629785
1.759200818094409
1.8167601315532744
1.888087524408213
1.9706005900564292
2.0614068223374478
2.1575196775193017
2.2559433929835353
2.353880747149301
2.4488005471077785
2.5386240072569084
2.6216755190512426
2.6967533490306517
2.7631917879317203
2.820700203176316
2.8693981076188146
2.909712724713807
2.942304212454256
2.968015365857328
2.9877637441796843
3.002446956553389
3.0129710895059376
3.020142568961676
3.024701156214019
3.0272553518964287
3.028334895008827
3.028378998381031
3.0277180415958513
3.026599172001341
3.0252495699019555
3.023801001002624
3.0223894974065453
3.021060314200379
3.0198615446919814
3.0188816763491895
3.018079947070995
3.017492563158558
3.017165248836642
3.017060865150965
3.0171847107969425
3.0191460196553037
3.0196962185517244
3.0204022214893316
3.021261344392198
3.0222395568965523
3.0232532034597916
3.02435173975473
3.0254470531605024
3.0265127836221692
3.027597614390586
3.028603163821586
3.0295633431333373
3.0305184849082263
3.0313978795589165
3.0322870058062317
3.0331764521379077
3.0340277723727866
3.034960743268245
3.0358715775741425
3.0389826478185524
3.039895309629201
3.0407583643553773
3.041527534365303
3.0421893603522534
3.042737838291005
3.043091703306695
3.0432867766140648
3.0432939059167783
3.043055617617981
3.042663711747317
3.04207910920318
3.0413568469732204
3.040559094975224
3.039666526681387
