3.042844842277809
3.043276055969783
3.043681979959091
3.0441135602720375
3.0446090698434314
3.0450964331111035
3.0455613781931037
3.045969367684048
3.0462735222546984
3.0464424163959647
3.04647992543327
3.046325336343763
3.046003089049158
3.0454478168959267
3.0447108532475484
3.0437543913395038
3.0425689530637277
3.041217125053714
3.039643904434639
3.037898979114451
3.0359737988438122
3.033879438622341
3.0316821556057656
3.0293538444879093
3.0269818063073473
3.0245982448409
3.0222028140365538
3.019915315889212
3.0177654122021025
3.0157601252742525
3.0140320612107288
3.0125638406162594
3.0113427592047604
3.0105014870449525
3.0099276938013357
3.0096675693431125
3.0097006945207223
3.0099757190953573
3.010515986489941
3.0112258003202843
3.012113458915424
3.013124511061119
3.014204327553112
3.0153585002752243
3.0164577221680813
3.0174425067458097
3.0182742415942414
3.018685902305276
3.018520528942264
3.017519517918167
3.0163439407224195
3.0123403999761096
3.0060468875332376
2.9967683797036644
2.983698488471172
2.9659635589962843
2.9427201152585596
2.912998050971068
2.875957289139399
2.830925003486482
2.7773210770472265
2.7149433811713344
2.6438823022998696
2.5646593948371885
2.47823394647954
2.3860234478155924
2.289975467493425
2.192374461437124
2.095843821136817
2.003377987466684
1.9178919554526273
1.8423175986365792
1.7794662588150145
1.7316331149054012
1.7006139441839059
1.6877109235627124
1.6934484918809418
1.7175754471538411
1.7592071401945675
1.8167695715007128
1.8880999379536556
1.9706156986885848
2.0614242334679855
2.157538914320717
2.255963926183539
2.35390202862825
2.448822040369829
2.538645214049409
2.6216960023561633
2.6967727482097104
2.7632098317068334
2.820716713424348
2.8694129971184497
2.9097259885208127
2.9423159118833744
2.968025610137791
2.9877726702774896
3.002454717454029
3.0129778405774172
3.020148460478468
3.0247063275832944
3.0272599292098796
3.028338990242466
3.0283827071886438
3.027721444336368
3.026602335182423
3.0252525473302447
3.023803835452512
3.0223922232761007
3.0210629590808447
3.0198641296936213
3.0188842187547102
3.018082461112801
3.0174950607476405
3.017167738916645
3.0170633538296947
3.0171872002780873
3.019148530149888
3.0196987234657735
3.0204047152886715
3.021263820287847
3.022242007439564
3.0232556198922103
3.024354112814473
3.0254493738303516
3.02651504414675
3.027599810147257
3.028605292957508
3.029565407933254
3.030520491801301
3.031399838428762
3.0322889293993414
3.033178355907488
3.03402967220953
3.0349626547787336
3.0358735135122568
3.0389846476633435
3.039897348392951
3.0407604458014816
3.0415296580729514
3.0421915202617638
3.0427400242410423
3.0430939017691725
3.043288971204772
3.0432960805082434
3.0430577566351236
3.0426658016282744
3.042081139511893
3.0413588096754283
3.0405609859586757
3.0396683459163345
