3.04284456888856
3.0432757684315455
3.0436816746616957
3.0441132318128994
3.0446087118022094
3.0450960396463804
3.045560943096003
3.0459688855517744
3.0462729901208605
3.0464418326814253
3.0464792908039993
3.046324653697739
3.046002362849335
3.0454470530814746
3.044710058550626
3.0437535729067022
3.0425681178579005
3.0412162792230553
3.0396430528516665
3.0378981257908118
3.0359729462212446
3.0338785873527945
3.0316813061297103
3.0293529972973037
3.02698096122013
3.024597402631377
3.022201976065558
3.019914484000811
3.0177645892829275
3.0157593148747903
3.014031266112017
3.012563063742983
3.011342002521987
3.0105007510324233
3.0099269779787985
3.0096668714450163
3.009700010265621
3.0099750431329824
3.010515311980224
3.011225120075018
3.0121127653025965
3.013123795890274
3.0142035827839844
3.015357717455845
3.0164568913357668
3.0174416158620363
3.0182732763898903
3.0186848438478777
3.018519352441431
3.0175181900289303
3.016342412570829
3.0123386217109385
3.0060447900052463
2.9967658798821395
2.9836954887458966
2.9659599485149055
2.94271577353668
2.9129928539290133
2.875951116292444
2.8309177465765822
2.7773126518047984
2.7149337380818177
2.643871438959162
2.564647365845447
2.4782208719874355
2.386009518714429
2.2899609459388754
2.1923596772240255
2.0958291613530746
2.003363881109352
1.9178788522248027
1.8423059432373206
1.7794564621045406
1.731625525856428
1.7006088244191764
1.687708427839001
1.6934486577009107
1.717578190696273
1.7592122608198424
1.8167767634909875
1.8881088092857359
1.9706257949950807
2.0614350661508283
2.1575499910014715
2.2559747798974765
2.3539122453559442
2.4488312795026577
2.5386532221058324
2.6217026188453705
2.6967779035894295
2.7632135396587856
2.820719057261843
2.8694141142078182
2.909726053855085
2.9423151209463327
2.9680241630451136
2.9877707577289923
3.0024525091410035
3.0129754775111834
3.020146051768237
3.024703950760819
3.0272576350935143
3.0283368085337905
3.0283806526948345
3.027719521359699
3.026600541952753
3.025250878648275
3.02380228345869
3.0223907784440964
3.021061611648516
3.019862870026465
3.018883037356985
3.018081349450685
3.017494011719962
3.0171667462456093
3.0170624119424225
3.0171863042621703
3.0191476667511883
3.019697896256866
3.0204039193853696
3.021263050286294
3.0222412584650575
3.0232548875687897
3.0243533934149927
3.02544866452685
3.026514343225316
3.0275991168364333
3.028604607701026
3.0295647319793226
3.0305198274064407
3.0313991892283276
3.032288298625671
3.0331777465481014
3.0340290862914676
3.0349620924361975
3.0358729726022005
3.0389841119606142
3.0398968227568934
3.0407599220755697
3.0415291265591153
3.042190971334573
3.042739448413459
3.043093291192208
3.043288319634406
3.0432953841605004
3.043057014689806
3.04266501670483
3.042080317235623
3.04135795885177
3.0405601172869794
3.039667471179378
