3.042830360489047
3.043260336405563
3.0436649784291205
3.044095263265149
3.044589504691611
3.0450756959983325
3.0455396097686824
3.0459467481438898
3.0462502697100353
3.0464187611050173
3.04645610545121
3.046301577307289
3.0459795913540555
3.045424750810687
3.0446883499581663
3.0437325336226944
3.0425477700509367
3.04119660454459
3.0396239882895655
3.037879587527391
3.0359548340903855
3.033860780900344
3.0316636806969104
3.0293354379278705
3.026963351558006
3.02457962901494
3.0221839419427368
3.019896082561318
3.0177457159640335
3.0157398719458404
3.014011153541924
3.0125421781580695
3.01132023758234
3.0104779880794283
3.0099030971680394
3.0096417521446073
3.009673525698364
3.00994707310912
3.0104857349005476
3.011193805909733
3.0120795786100407
3.0130885848344375
3.014166179175172
3.015317944155459
3.0164145508483524
3.0173964800394657
3.0182250918202835
3.018633328378046
3.0184641995429713
3.017459084020664
3.0162788699937533
3.0122705624605963
3.0059719799140856
2.996688197956859
2.983612974719909
2.96587285371299
2.942624615894312
2.91289847853409
2.875854740080681
2.8308209838871057
2.7772174956524074
2.7148425153893854
2.643786741860218
2.5645719190690217
2.4781573833120056
2.3859604775360657
2.289928432223587
2.1923451240709295
2.095833128050999
2.0033858603474615
1.9179171389688574
1.842357621987556
1.7795174868883117
1.731690957003601
1.7006731085080453
1.6877657136883224
1.693493158866832
1.7176045596996814
1.7592159206672473
1.8167542060863382
1.8880578467882767
1.9705457032348486
2.0613266502464027
2.157415500271371
2.2558177117321287
2.3537370722321134
2.448643104598723
2.5384574132447755
2.621504440374757
2.6965822482304302
2.7630246780930734
2.82054047176564
2.869248404571322
2.9095748847336895
2.9421792582263877
2.967903539987259
2.9876646286416704
3.0023596475801093
3.012894386815585
3.0200751272842314
3.0246416216674246
3.0272024656681564
3.0282875245755485
3.0283361652959666
3.0276789017407393
3.0265630104246712
3.0252157903984527
3.0237691137592853
3.0223590986358557
3.021031077944632
3.019833220937127
3.0188540568574225
3.0180528733465426
3.0174659173148997
3.017138942245272
3.0170348147803274
3.0171588512634147
3.0191200581028674
3.019670406316442
3.020376563796563
3.021235868148634
3.022214304812848
3.023228234879453
3.02432711941695
3.0254228446931175
3.0264890577000036
3.0275744332657837
3.0285805855346974
3.02954140149392
3.030497179810365
3.0313771813196935
3.0322668453407475
3.0331567204705836
3.0340083331123093
3.034941432113841
3.035852219584827
3.038962729041522
3.039875054626522
3.040737659034094
3.0415062971174254
3.042167563186424
3.0427154929012685
3.0430688730909305
3.043263583300501
3.0432705055494678
3.043032195798051
3.042640472097087
3.042056241277451
3.0413345238051774
3.0405374534261194
3.039645663648999
