3.0428435382734995
3.043274650183959
3.0436804555723356
3.0441118986401463
3.0446072529850845
3.045094449065563
3.0455592197990025
3.0459670346644665
3.0462710233284405
3.0464397660880462
3.046477144121031
3.046322448731266
3.0460001221843
3.045444799271183
3.044707811289214
3.043751348139087
3.0425659273382166
3.0412141309284015
3.039640947836837
3.0378960608965033
3.0359709166590934
3.0338765864656714
3.031679326906337
3.029351033240701
3.026979006578956
3.0245954529511447
3.022200030093562
3.019912540806745
3.0177626477561583
3.0157573742327477
3.0140293235836237
3.012561115444134
3.011340043263291
3.0104987722274847
3.009924967826877
3.009664815954663
3.009697893720434
3.0099728494743663
3.010513024680638
3.0112227228632977
3.01211024271809
3.013121131446334
3.014200757741164
3.015354711373191
3.0164536803571336
3.0174381705990783
3.0182695596883446
3.01868080660854
3.0185149317304947
3.0175133043311315
3.01633694358765
3.012332469989501
3.00603781597409
2.9967579258559303
2.9836863841513153
2.965949521068
2.94270386183403
2.9129793228023404
2.875935874226136
2.830900764813357
2.7772939838229425
2.7149135346225233
2.643849960519164
2.564624984123469
2.4781980704253113
2.3859868806392184
2.2899391326946494
2.1923393959562176
2.0958111230485095
2.003348752230303
1.9178671973369907
1.8422981760147685
1.7794528023418021
1.7316259786035586
1.7006131738519092
1.6877162486614186
1.6934593421184918
1.7175909835670495
1.7592263049053636
1.8167911538587878
1.888122653444186
1.9706382685213244
2.061445468003643
2.157557786887165
2.2559796292445045
2.3539140115207795
2.448830017807085
2.5386491560601594
2.62169610402933
2.6967693881218278
2.7632035215076263
2.820708045895151
2.869402599480513
2.9097144750084505
2.9423038448503807
2.9680134668265037
2.9877608240423843
3.00244343034584
3.012967268263058
3.020138672162532
3.0246973294194626
3.0272516864808288
3.028331443167583
3.0283757891852012
3.027715086714931
3.026596471251288
3.0252471141312336
3.0237987751055404
3.0223874828733552
3.0210584922230446
3.019859897339066
3.018880186854624
3.018078602066055
3.017491352511484
3.017164163159607
3.0170598944197424
3.017183842743222
3.0191452231016602
3.019695489026804
3.0204015406440927
3.02126069500946
3.022238923816217
3.0232525724706347
3.0243510997343535
3.0254463960062585
3.0265121049664496
3.027596914721983
3.0286024504292572
3.02956262895119
3.0305177865476556
3.0313972172713735
3.0322863976718013
3.03317591362985
3.0340273130856716
3.03496036494789
3.035871271913604
3.038982376854755
3.03989506883743
3.0407581256403207
3.04152726661868
3.0421890327724155
3.042737419332463
3.0430911662041815
3.0432861013495605
3.043293082797801
3.0430546478303624
3.0426626086745348
3.042077895217066
3.0413555521176168
3.0405577534254027
3.0396651734084905
