3.0428441330812195
3.0432753122025478
3.043681192934871
3.0441127170794764
3.0446081547787784
3.045095431314045
3.045560273693824
3.045968146114734
3.046272174995494
3.046440938168164
3.0464783167312497
3.0463236032148213
3.0460012418367697
3.0454458698789812
3.044708822948259
3.043752295715091
3.0425668099214613
3.041214950351306
3.0396417110298453
3.0378967778439243
3.0359715966939316
3.0338772377679524
3.031679957368352
3.0293516502429996
3.0269796158205406
3.024596059969679
3.022200638066888
3.019913153504382
3.017763270697014
3.015758013872361
3.0140299874671617
3.0125618126124847
3.0113407826831984
3.0104995639671395
3.0099258236755206
3.009665747220186
3.0096989102104237
3.00997395924761
3.010514233798481
3.0112240362850202
3.01211166364482
3.013122663251381
3.0142024061866746
3.0153564834672335
3.016455584541751
3.0174402178251016
3.0182717655892612
3.0186831921959625
3.0185175235089092
3.0175161348135067
3.0163400589567315
3.0123358960325617
3.006041589146414
2.9967620789362566
2.983690939851371
2.9659544820672594
2.942709202429242
2.9129849823828793
2.875941750325334
2.830906706931674
2.777299791432552
2.7149189590476865
2.6438547120827396
2.5646287468996176
2.478200516802432
2.3859876927887465
2.2899380275679464
2.192336154850908
2.095805620422589
2.003340982912418
1.9178573031527777
1.8422864567376784
1.7794397141934444
1.7316121099981712
1.7005992091484863
1.687702922343096
1.693447390519448
1.7175810989418332
1.7592190931607175
1.8167870943924997
1.8881220645649437
1.970641286794637
2.061452035431966
2.1575676546559186
2.255992377498508
2.3539290849586854
2.448846773420969
2.5386669136058555
2.621714195728302
2.6967871991459305
2.7632205243298826
2.820723819733093
2.8694168383908734
2.9097269935131576
2.9423145727389803
2.968022440850531
2.987768169438092
3.0024493361666593
3.0129719605905194
3.020142383278253
3.0247002724477543
3.0272540437922
3.028333364579635
3.028377389811366
3.0277164536825865
3.0265976717272993
3.025248201399072
3.023799789582307
3.022388454920768
3.021059444261001
3.0198608442467343
3.01888113851985
3.018079564006232
3.017492328234938
3.01716515469973
3.0170609034301026
3.0171848709728346
3.019146288603729
3.019696578558863
3.020402654845203
3.0212618304458405
3.0222400753690613
3.0232537339973176
3.0243522631071142
3.0254475524099265
3.026513245737365
3.0275980319880245
3.02860353539716
3.029563673207283
3.030518784840149
3.0313981679446433
3.0322873033881423
3.03317678222046
3.0340281566991654
3.0349611987147895
3.03587211256963
3.038983262232268
3.039895991356407
3.0407590973600374
3.0415282940325534
3.042190116132478
3.042738555420762
3.043092347657855
3.0432873148330035
3.0432943108215142
3.043055869871907
3.042663802792082
3.0420790413122862
3.0413566332690083
3.0405587577863336
3.039666095691701
