3.0428411230633015
3.0432720316664525
3.043677672065523
3.044109004893229
3.044604314014039
3.0450915324457646
3.0455563936731878
3.045964361769842
3.0462685551961206
3.046437542314786
3.0464751911701495
3.046320777199017
3.0459987302212523
3.0454436704916286
3.044706920836531
3.043750664986227
3.0425654186543727
3.0412137630841536
3.039640690881785
3.0378958862264525
3.0359707966445546
3.0338764961166658
3.0316792370989605
3.0293509140746337
3.026978825087932
3.024595169958461
3.022199603982092
3.0199119284212967
3.0177618054572726
3.0157562591584313
3.014027899518359
3.012559349806204
3.011337912435194
3.010496262524749
3.009922073673434
3.0096615401793008
3.0096942427581697
3.009968830183511
3.010508644131141
3.0112179838937503
3.012105145962626
3.0131156743532257
3.014194935687163
3.015348518678753
3.0164471171019365
3.0174312487663415
3.018262312443955
3.0186733054942945
3.018507294443892
3.0175057189192787
3.016329673242147
3.012325900981833
3.006032437672907
2.9967543516168815
2.983685351658422
2.9659518768598163
2.942710534491888
2.912991276689442
2.8759540542268116
2.8309260289512443
2.7773270157162955
2.7149547663265774
2.6438994838309977
2.5646824788562226
2.478262738399931
2.3860574008548987
2.2900136601024306
2.1924155953704387
2.0958862635551343
2.0034198382613333
1.9179311532616294
1.8423520371826805
1.7794939076684866
1.7316521411487527
1.7006228266868488
1.6877085493904884
1.6934342259804456
1.7175491841441342
1.7591693130562138
1.8167211286331069
1.888042277635442
1.9705505708641502
2.0613536252387092
2.1574649172184928
2.2558886127503825
2.353827338494224
2.4487496931898156
2.538576644484338
2.6216323160875192
2.6967147066757864
2.7631578514053166
2.820670894809174
2.869373164701252
2.9096917508247833
2.9422867348687123
2.9680008833727003
2.9877517659906574
3.0024370298510545
3.0129628176389094
3.0201356122404297
3.024695229442832
3.0272502184585255
3.028330361058771
3.0283749071142676
3.0277142682583835
3.026595618272686
3.0252461608692696
3.02379768048387
3.022386223392731
3.0210570547698636
3.019858276220311
3.0188783802545403
3.018076607581133
3.0174891681251705
3.017161793320128
3.017057349267393
3.0171811403040083
3.0191423851388204
3.0196925643092065
3.020398566883192
3.021257711031403
3.022235965559946
3.023249676535142
3.0243482964777613
3.025443709278929
3.0265095491961107
3.0275944909776324
3.028600145169025
3.0295604140354073
3.0305156234480326
3.0313950574375585
3.032284193417648
3.0331736199850163
3.03402489505459
3.034957802532722
3.0358685637842266
3.0389795281174847
3.0398921286855325
3.040755137355343
3.041524283179604
3.0421861150896055
3.0427346322085658
3.043088568501621
3.0432837445514007
3.043291000183509
3.0430528541494493
3.042661097621875
3.0420766423452466
3.0413545179807833
3.040556887249691
3.0396644198994904
