3.0428397943489323
3.0432706366878834
3.043676134293425
3.044107222041322
3.0446021752132593
3.0450889371449796
3.045553248478129
3.0459605958565614
3.046264133215641
3.0464324545893327
3.046469458890699
3.0463144498545662
3.0459918775269816
3.0454363822300996
3.0446992922392564
3.0437427908364656
3.0425573855756185
3.0412056468317523
3.0396325446862815
3.0378877465391163
3.0359626875740466
3.0338684276218206
3.03167122235937
3.029342966210585
3.026970959159857
3.024587414457833
3.022191997557349
3.019904516763463
3.0177546389634857
3.0157493904645785
3.0140213684448915
3.0125531907004426
3.0113321446439585
3.010490883608445
3.009917062237098
3.009656852652027
3.0096898196456623
3.0099646060428586
3.0105045444381178
3.0112139379566414
3.0121010841450397
3.013111526605039
3.014190630560854
3.015343979835933
3.0164422499965156
3.0174259281740237
3.0182563712830373
3.01866649678104
3.0184992764605187
3.017496011286105
3.0163175813937606
3.012310658229049
3.006013014213022
2.996729506561299
2.9836536347850946
2.965911672885371
2.942660129573097
2.91292895765944
2.875878225010186
2.830835349307039
2.7772205760136712
2.7148322365262336
2.643761278833228
2.5645298708768043
2.4780979560430128
2.3858836751522494
2.2898351850084433
2.1922374187790075
2.095714071106677
2.0032596718458384
1.9177890284409478
1.8422335473328397
1.7794038226891717
1.7315940747477685
1.7005989722628803
1.6877195180341276
1.6934790095365466
1.7176251880600795
1.7592725060281413
1.8168462875946174
1.8881833285175877
1.9707009738076269
2.061506796974168
2.1576146528296714
2.256029442769275
2.353954821081757
2.4488605716650254
2.53866890876429
2.6217051676342984
2.696768439929102
2.7631936804662134
2.820690734422329
2.869379416198089
2.909687065755296
2.94227379080104
2.9679821811200204
2.9877294814320514
3.002412925729777
3.012938205867346
3.02011139806865
3.0246719856723363
3.027228273262789
3.0283098639102004
3.0283559048515776
3.0276967387240474
3.0265794983630463
3.0252313591797035
3.023784087536022
3.022373721808444
3.0210455317247935
3.019847627886377
3.0188685108401447
3.018067439190403
3.0174806382171617
3.017153844079008
3.0170499255226755
3.017174185540053
3.01913574114703
3.019686243541764
3.020392495310876
3.0212518183784116
3.0222301921189656
3.0232439669964224
3.0243426098098647
3.025438018716044
3.02650384444882
3.0275887780151374
3.028594453913237
3.029554794670757
3.0305101368528233
3.031389778339734
3.0322791849599984
3.0331689315601067
3.034020551940559
3.0349537953729864
3.0358648463276503
3.038975893158082
3.03988858801375
3.040751564859554
3.0415205408847155
3.0421820731489486
3.042730163964537
3.0430835723735834
3.043278149060207
3.0432847776288754
3.0430460223594435
3.0426537245191856
3.0420688327353282
3.0413464098543908
3.0405486347291313
3.039656177775008
