3.0428438686421213
3.043275009162259
3.043680869617313
3.044112399950793
3.044607875548771
3.045095222069157
3.045560168475409
3.0459681767944655
3.046272365801229
3.046441307517751
3.046478874463963
3.046324349943106
3.046002170566222
3.0454469660170758
3.0447100673800342
3.043753665920442
3.0425682821222173
3.041216501467145
3.0396433204903275
3.0378984261431743
3.0359732678284312
3.033878920547271
3.0316816395794675
3.0293533193698554
3.026981260283646
3.024597664786774
3.0222021871363705
3.019914629397841
3.0177646532480757
3.0157592819075014
3.0140311233189765
3.0125627992402224
3.011341607897476
3.0105002211994254
3.00992631019095
3.0096660660888013
3.0096990696440917
3.009973970410895
3.0105141116614442
3.01122379603963
3.0121113211997823
3.0131222349131637
3.014201907459343
3.0153559307231927
3.0164549999953647
3.0174396328073447
3.018271223389687
3.01868275752912
3.0185172881976117
3.017516230834463
3.016340673121604
3.012337258637098
3.006044000629646
2.9967659060486653
2.983696616540859
2.965962503087859
2.9427201079746785
2.912999330828492
2.875960087850946
2.8309295294321744
2.7773274943977193
2.7149517916341424
2.643892724317728
2.5646717455831354
2.478248026869733
2.386038933238069
2.2899919095252645
2.192391298907779
2.0958604050145544
2.0033936123285887
1.9179059001401673
1.8423291671067956
1.7794748211863576
1.7316381460418921
1.7006150581391175
1.687707898690487
1.693441285572824
1.7175642017511448
1.7591921742550922
1.8167513596758353
1.8880790782053714
1.9705928730885498
2.0614001654104372
2.1575143242788712
2.255939492950782
2.3538783567034374
2.4487996366582143
2.538624472418874
2.6216771959476386
2.6967560306647806
2.7631952443133105
2.820704201192713
2.8694024273985907
2.909717175122336
2.9423086397912046
2.9680196544247472
2.987767812506571
3.002450755959885
3.0129745975701274
3.0201457826279663
3.0247040855971754
3.0272580163893745
3.028337320018248
3.028381210503783
3.027720067394284
3.0266010364814395
3.0252512957208144
3.023802607765224
3.022391002491754
3.021061732468858
3.019862887832677
3.0188829544276863
3.0180811685617677
3.0174937361464518
3.0171663817032783
3.017061965594359
3.0171857848509456
3.019147086248476
3.0196972690987534
3.0204032593235812
3.0212623722888168
3.0222405767829996
3.0232542163056175
3.024352744324746
3.025448046610513
3.026513761542386
3.027598571722499
3.0286040948216253
3.029564242861431
3.0305193499435132
3.0313987076221416
3.0322877974630793
3.0331772112043716
3.0340285054101463
3.0349614596739736
3.0358722876262267
3.038983380707692
3.0398960589961233
3.0407591420185107
3.0415283506500423
3.0421902230434936
3.042738751613995
3.043092667152964
3.043287786894229
3.0432949550803996
3.0430566952025964
3.0426648055115124
3.042080206249225
3.0413579337065224
3.040560159087252
3.039667558514323
