3.042842143096127
3.043273131222515
3.0436788413260962
3.044110229143254
3.044605575273359
3.0450928119732197
3.045557671720386
3.0459656193381672
3.0462697759299333
3.0464387126219328
3.0464763005804323
3.046321819274919
3.045999701775009
3.045444572958708
3.0447077577613753
3.0437514416149924
3.0425661414027934
3.04121444005366
3.039641329711362
3.0378964952831677
3.0359713846677727
3.033877071077288
3.031679809704331
3.0293514953248004
3.026979426467454
3.0245958047064545
3.0222002856393337
3.019912670205343
3.0177626210642483
3.015757161755257
3.014028899606856
3.012560457086332
3.011339133937728
3.0104976027979236
3.009923536126479
3.009663125908448
3.0096959530441905
3.009970666959502
3.0105106094236747
3.0112200810487266
3.0121073792829582
3.0131180499696546
3.014197460428583
3.015351200075763
3.016449961061433
3.017434257988423
3.018265483692113
3.0186766260291793
3.018510739315335
3.0175092439747058
3.016333218128811
3.01232936243702
3.0060356902295915
2.996757236492347
2.983687676517847
2.96595341959025
2.9427110500349203
2.9129905108888163
2.8759517563971233
2.830921968624904
2.7773210059503026
2.714946683147981
2.6438892892669403
2.564670239753778
2.4782486444557494
2.3860417770385314
2.289996966688946
2.192398418146907
2.095869288191637
2.0034038162039685
1.9179168560596018
1.8423402102652033
1.7794852241571668
1.7316471598438397
1.7006219534177343
1.6877120119370188
1.693442059847696
1.717561225904896
1.7591852102066232
1.816740360481333
1.8880641928560455
1.9705744307697328
2.0613786515143673
2.157490341922993
2.2559137217152347
2.3538515071253814
2.4487724093222054
2.538597522368223
2.621651101795537
2.6967312740464435
2.7631721915206624
2.820683097111962
2.869383397386386
2.909700234002061
2.9422937118474244
2.9680065997549656
2.9877564530975125
3.002440892292867
3.012966027474755
3.0201383116638505
3.0246975345420584
3.0272522235663395
3.028332142065323
3.0283765251577983
3.02771577197718
3.0265970459478315
3.0252475412918107
3.023799035080869
3.022387567837115
3.021058400837939
3.019859632599905
3.0188797540132715
3.0180780052718483
3.017490594669071
3.0171632499297454
3.0170588352027816
3.017182652684464
3.019143925546663
3.0196941136867093
3.0204001157928504
3.021259249360271
3.022237483650874
3.0232511639537156
3.0243497447304795
3.0254451116634717
3.0265109019713843
3.0275957942181195
3.0286014028584862
3.0295616343263054
3.0305168173105352
3.0313962388578135
3.0322853764743565
3.033174818011652
3.034026118981942
3.034959059059206
3.035869855823849
3.0389808663691467
3.039893493249248
3.040756519088456
3.0415256704474776
3.042187492432819
3.0427359837950827
3.0430898794757772
3.043285000907632
3.0432921924146124
3.0430539769016565
3.0426621498976174
3.0420776274365373
3.0413554428459175
3.0405577618453314
3.0396652551374066
