3.042842595862073
3.0432736435058665
3.043679390943364
3.044110782165677
3.0446060921726765
3.0450932525495666
3.045557994155398
3.0459657865352674
3.046269760014926
3.0464384932700166
3.046475868032685
3.0463211747188157
3.045998854559378
3.0454435415347825
3.044706566222459
3.0437501175226727
3.042564712750373
3.041212933010919
3.039639767226741
3.037894896707059
3.035969765459631
3.033875442714611
3.0316781848826735
3.029349886194087
3.026977845702234
3.02459426984853
3.022198815773826
3.0199112872864604
3.01776134905119
3.015756025124793
3.014027919472962
3.0125596531436294
3.011338520134493
3.0104971864167203
3.0099233189666506
3.0096631018539974
3.0096961105474316
3.009970992112663
3.010511084945181
3.011220691635504
3.012108109287177
3.013118884235991
3.0141983856482133
3.01535220208896
3.0164510213156515
3.0174353498912225
3.0182665693491804
3.0186776424502795
3.018511594361885
3.0175098012093295
3.016333280533833
3.0123286811059993
3.0060339358742816
2.996754002018426
2.983682472216331
2.9659456826226616
2.9427001620985758
2.9129758274141664
2.8759326433018515
2.8308978465468395
2.7772914102948896
2.714911316325891
2.643848083883797
2.564623408413458
2.4781967228625095
2.385985657262951
2.2899379010909273
2.1923380018601613
2.095809402194386
2.0033465468563367
1.9178643754959621
1.8422946437396925
1.7794485102950652
1.7316209208542679
1.7006073836954263
1.6877097932764582
1.693452319470615
1.71758351815485
1.7592185394309605
1.816783240076663
1.888114739268853
1.9706304861199944
2.0614379209632054
2.157550543234896
2.2559727203059508
2.353907437240041
2.448823756651634
2.538643173224143
2.621690360716112
2.696763847282165
2.7631981508648615
2.8207028177093334
2.8693974919519896
2.909709476417641
2.9422989565739455
2.968008705947859
2.987756221718559
3.0024390237122236
3.0129630933575724
3.0201347526515976
3.0246936733350673
3.0272482879034985
3.028328284948693
3.0283728463782102
3.027712332707278
3.0265938812553417
3.02524466649903
3.0237964497857868
3.022385261768878
3.0210563593434294
3.019857838030431
3.0188781875735535
3.0180766507312615
3.017489439244741
3.0171622802330673
3.0170580370553313
3.0171820097294577
3.019143404004507
3.019693700400233
3.020399784904158
3.02125897365525
3.0222372391025623
3.0232509269214476
3.0243494946631717
3.0254448329653636
3.026510584648436
3.0275954355044745
3.0286010079063725
3.029561217112047
3.0305163983889054
3.0313958457499526
3.0322850361195868
3.033174555960973
3.0340259551953004
3.0349590032803224
3.0358699053660883
3.0389809877886953
3.039893675830516
3.0407567288975517
3.0415258658617432
3.042187629553562
3.0427360166401947
3.0430897671396604
3.0432847082857406
3.0432916968265955
3.043053269425043
3.042661237492971
3.042076531423523
3.041354196888156
3.0405564086613013
3.0396638418142317
