3.0428419380059086
3.0432729000032976
3.043678548351124
3.0441098326841542
3.044605030373607
3.0450920827212054
3.0455567291380756
3.0459644435931037
3.046268361063701
3.046437063378679
3.046474431216871
3.046319754542937
3.0459974723509546
3.0454422139748916
3.0447053053432147
3.043748929887377
3.0425635994042217
3.04121189002932
3.0396387842038215
3.037893963039762
3.035968873085457
3.0338745831286014
3.031677349077492
3.0293490687180045
3.026977042312711
3.0245934766689886
3.0221980324131237
3.019910509245813
3.0177605698965815
3.015755238003341
3.0140271154909217
3.0125588216147547
3.01133765016979
3.010496263282785
3.009922326499561
3.0096620274511436
3.0096949419636756
3.009969720621742
3.0105097048495137
3.0112191975626597
3.012106498206774
3.0131171507534797
3.0141965208144015
3.01535019662151
3.0164488632438493
3.0174330200926534
3.018264039186192
3.0186748737665217
3.018508536893743
3.0175063931820207
3.016329438957758
3.012324342475149
3.006029014698948
2.996748413206649
2.983676146254002
2.9659385759652923
2.9426922691401414
2.9129671926287775
2.875923376404616
2.8308881324429223
2.7772815136364306
2.7149015810028354
2.6438389210977205
2.564615284637674
2.4781901401710633
2.3859811203165533
2.2899358813990283
2.192338895090079
2.0958134797498023
2.0033539081738168
1.9178749087977778
1.8423080115873653
1.779464156762943
1.7316381068826205
1.700625239040368
1.6877273715804308
1.6934686532865366
1.7175976810154823
1.7592297038059623
1.8167907337242308
1.8881180932106207
1.970629467774557
2.061432555557362
2.1575411056673595
2.255959706459463
2.3538915107694347
2.4488056895908437
2.538623781455988
2.621670441580476
2.696744132624078
2.7631792703028353
2.820685277336911
2.8693816599576074
2.9096955734965224
2.9422870594744497
2.9679987602101763
2.9877480651806163
3.002432422651724
3.01295778490213
3.0201304817947263
3.0246902133719757
3.0272454489379417
3.0283259162925793
3.0283708340411364
3.027710586511127
3.0265923280691496
3.0252432481597653
3.0237951232339464
3.0223839934451933
3.021055124463383
3.0198566216114555
3.018876979362354
3.0180754440612083
3.017488229693779
3.017161065302117
3.0170568119847205
3.0171807678324516
3.019142118283965
3.019692386032638
3.0203984423601877
3.0212576068440162
3.0222358521081523
3.0232495277330926
3.0243480934598557
3.0254434394084573
3.026509208953584
3.027594090084899
3.0285997072828983
3.0295599730270437
3.0305152182958635
3.0313947316554484
3.0322839841214124
3.0331735543427603
3.0340249869759495
3.0349580475955023
3.0358689379118515
3.038979959106504
3.0398925935984513
3.0407555782023046
3.0415246389168584
3.042186323980681
3.042734634614187
3.0430883182840165
3.0432832116504986
3.043290176112555
3.043051753124014
3.042659755307464
3.0420751097757943
3.0413528572800175
3.0405551649983287
3.039662699968241
