3.0428446544933005
3.04327585237281
3.04368176187216
3.044113329818674
3.0446088297806644
3.045096186633686
3.045561128758198
3.0459691188298335
3.046273277322742
3.0464421783253215
3.046479696704388
3.046325118744207
3.0460028837774593
3.04544762435644
3.0447106732533027
3.0437542231990315
3.0425687957931755
3.0412169773832054
3.0396437649165846
3.037898846148708
3.0359736707270324
3.033879313699832
3.031682031989976
3.029353720233411
3.0269816793297664
3.0245981128334583
3.0222026747526476
3.019915166996791
3.0177652513821647
3.015759950232777
3.0140318698981763
3.0125636311561785
3.011342530083608
3.0105012370924538
3.009927422093318
3.009667275273098
3.0097003775296773
3.0099753785825687
3.0105156218155846
3.0112254106488625
3.012113043324748
3.0131240683732696
3.014203856355202
3.015357998974979
3.0164571892068386
3.017441940856643
3.018273642170739
3.0186852700485503
3.018519866068714
3.0175188292546826
3.016343232858423
3.0123396870986454
3.0060461868822372
2.9967677139948234
2.983697886235162
2.9659630543855577
2.9427197474071436
2.9129978624289508
2.8759573239707694
2.8309253048765415
2.7773216838328745
2.714944324702087
2.64388360251307
2.5646610566246335
2.4782359561991614
2.3860257701835517
2.2899780442562587
2.1923772113279205
2.095846642542692
2.0033807627013274
1.9178945573297597
1.842319897621955
1.7794681304965745
1.7316344474401755
1.7006146453945237
1.6877109269733654
1.6934477608841094
1.717573978075901
1.7592049626919706
1.8167667469499853
1.8880965551946725
1.9706118678150615
2.06142007864766
2.157534565522104
2.2559595114992037
2.353897667172453
2.448817836958966
2.538641255215529
2.621692353726836
2.6967694536866285
2.763206913586763
2.8207141744110302
2.8694108230210054
2.909724152101785
2.9423143775507974
2.9680243382306206
2.987771620515556
3.002453851413586
3.01297712370001
3.0201478625610614
3.024705822930348
3.0272594963286465
3.028338611483346
3.0283823683315694
3.0277211341305
3.026602044808394
3.0252522700718787
3.023803566303404
3.0223919584733165
3.0210626957879
3.0198638658669763
3.018883952807387
3.018082191714403
3.017494786830048
3.0171674599390563
3.0170630697023983
3.0171869113905876
3.0191482354054586
3.019698426571517
3.020404417762986
3.021263523825472
3.0222417137180506
3.0232553307779737
3.024353830015125
3.0254490988062566
3.026514777950381
3.027599553136268
3.028605044884702
3.029565167786342
3.030520257961659
3.031399608699534
3.0322887013698168
3.0331781270294
3.0340294401718735
3.034962417777625
3.0358732704455225
3.038984395247959
3.039897090156142
3.0407601826470825
3.041529391553131
3.0421912526678945
3.042739758321976
3.043093640278417
3.043288716950876
3.0432958357577578
3.043057523085951
3.0426655802648
3.04208093057405
3.0413586127810635
3.0405608000275923
3.0396681694280296
