3.042840413119083
3.043271307988518
3.043676910699577
3.0441081707055244
3.044603364073915
3.0450904239479204
3.045555080669656
3.0459628012262314
3.0462667167431965
3.0464354038088763
3.0464727442365835
3.0463180271869503
3.04599569417045
3.045440376497816
3.044703402739783
3.043746961921637
3.0425615711303244
3.0412098094028153
3.0396366632481864
3.037891814236085
3.035966702650421
3.033872391888206
3.0316751345255613
3.0293468248837785
3.0269747579338926
3.0245911387151803
3.0221956249880604
3.019908020697977
3.0177579936172334
3.0157525713015705
3.0140243586552034
3.0125559798114003
3.011334730651033
3.0104932772212107
3.0099192874771914
3.009658945359458
3.009691821589797
3.0099665577043693
3.0105064869982927
3.0112159069941433
3.0121031114089143
3.013113642411741
3.014192866968937
3.015346372399064
3.016444843560961
3.0174287848728847
3.0182595792971982
3.0186701945926817
3.0185036591333323
3.0175013552965515
3.0163242880204297
3.0123191645482503
3.006023906757499
2.9967434869347156
2.9836715155973557
2.965934341216137
2.942688499893264
2.9129639130401546
2.875920543433742
2.830885621276922
2.7772791045760066
2.7148989573963918
2.6438356761932695
2.5646109316860044
2.4781841325793077
2.385972876765687
2.2899248248665742
2.192324504468354
2.0957953580482758
2.003331850017326
1.9178489734111122
1.8422785595890154
1.7794318500664266
1.731603866776474
1.7005901764166595
1.6876927102075445
1.6934356488807123
1.7175675447096297
1.7592035290583774
1.8167694221358417
1.8881022869866513
1.9706194943693736
2.0614283942178444
2.157542385543382
2.255965741163233
2.353901370550746
2.4488182915724783
2.5386379920711644
2.6216851673357033
2.6967583900169894
2.7631922356321015
2.8206963138277468
2.8693903277869968
2.9097016390971797
2.9422904934795433
2.9679997244352716
2.9877468789122714
3.0024295040849394
3.0129535904622298
3.020125442606529
3.024684689994617
3.027239714619087
3.0283201607271595
3.028365176097461
3.0277050954944595
3.0265870434467748
3.0252381930716727
3.0237903057210396
3.022379411351876
3.021050767892463
3.0198524733012313
3.018873018039165
3.0180716452481704
3.0174845700649353
3.017157525804938
3.0170533813794203
3.0171774432774807
3.0191388927692375
3.0196892807545614
3.020395461271618
3.0212547483779337
3.0222331122014223
3.0232469010108387
3.024345572291164
3.025441015023305
3.026506870868004
3.0275918221905673
3.0285974886776272
3.029557778432827
3.030513024581813
3.031392521339762
3.0322817445826096
3.033171282799598
3.034022688852917
3.0349557353079764
3.0358666305820883
3.0389776588778465
3.0398903360782548
3.040753376544724
3.041522498235665
3.04218424619631
3.042732619047775
3.0430863588810446
3.043281293982112
3.0432882783725566
3.043049847676444
3.0426578132757784
3.0420731052350938
3.0413507733295257
3.040552993374155
3.0396604431199563
