3.04283891269437
3.043269600450203
3.0436750018521144
3.0441060869479557
3.0446011485169624
3.0450881340110003
3.045552788828892
3.0459605854830567
3.0462646500696198
3.04643355578752
3.046471171844752
3.046316770878373
3.045994777399848
3.04543980614571
3.0447031717840254
3.043747045102823
3.042561929547356
3.04121040144269
3.0396374455999706
3.0378927410809045
3.0359677338839424
3.0338734958070854
3.031676279885828
3.0293479849481195
3.02697590948335
3.024592251861023
3.0221966712923125
3.0199089661480523
3.0177587971531703
3.0157531898157766
3.0140247513902194
3.0125561002931507
3.011334538717609
3.0104927389921796
3.009918373840279
3.0096576394379806
3.009690116698381
3.0099644582014626
3.0105040069685356
3.011213059225701
3.012099911390753
3.013110106182183
3.0141890067250348
3.015342196787551
3.016440362457524
3.017424009958453
3.0182545236983875
3.0186648862557033
3.0184981486341504
3.01749573482672
3.0163186901315826
3.0123138154312343
3.0060191084069166
2.996739651304457
2.983669180390902
2.9659341799022845
2.9426913253622935
2.91297065938299
2.875932243761657
2.8309033629532534
2.777303956600363
2.714931902908631
2.6438775183584493
2.564662197438572
2.4782449766344525
2.3860429931593035
2.290003379313672
2.1924100745146746
2.095885918809364
2.0034248013842393
1.9179412262317315
1.8423666803570757
1.7795122576054574
1.7316730634368456
1.7006449738238414
1.6877304419351413
1.6934543442227454
1.7175660674853048
1.7591816494899706
1.8167278455092717
1.8880426213531782
1.970544156129265
2.0613404595059546
2.1574453817891093
2.2558634196179175
2.3537974596865823
2.448716273298839
2.5385409086917767
2.621595484495945
2.6966779293117265
2.7631221445362
2.8206370953593325
2.869341901649544
2.9096634282421854
2.942261534388535
2.9679787819550842
2.987732588325919
3.002420496996362
3.0129485956367974
3.020123352143382
3.0246846029722767
3.027240934751255
3.0283221660440995
3.0283675864880806
3.027707643379121
3.0265895414085264
3.0252405100635293
3.0237923585245694
3.0223811529202864
3.0210521749529406
3.0198535421151664
3.0188737562417085
3.018072068417072
3.017484694009071
3.0171573656085737
3.01705294763949
3.0171767498703637
3.019137947883788
3.0196881262047426
3.0203941279676436
3.021253277845897
3.0222315479845765
3.0232452868729585
3.0243439494584146
3.0254394230448662
3.0265053448015093
3.0275903882446844
3.028596163625988
3.0295565673737697
3.0305119167723795
3.0313914866846785
3.0322807449183253
3.0331702682109603
3.0340216057499996
3.034954534147942
3.0358652731384317
3.0389761091020056
3.039888618929157
3.0407515086027046
3.041520516277175
3.0421822037130495
3.0427305813036494
3.043084396895289
3.0432794857695322
3.043286696032924
3.0430485528886173
3.0426568494591324
3.0420724917193325
3.041350503323263
3.040553038119002
3.0396607536809634
