3.0428446533778533
3.043275850826958
3.043681757594591
3.044113320031272
3.044608811495947
3.0450961572265083
3.0455610859246662
3.0459690607980714
3.0462732032057707
3.0464420879544187
3.0464795906116127
3.046324998179572
3.0460027504403886
3.045447480490484
3.0447105211549106
3.043754065077219
3.0425686335927495
3.0412168128996147
3.039643599366993
3.0378986804273485
3.0359735055910866
3.033879149552982
3.031681869398639
3.029353559911785
3.026981522028822
3.0245979595822114
3.0222025268271615
3.01991502575237
3.0177651182071306
3.015759826583566
3.0140317567757107
3.012563529319902
3.0113424399297153
3.010501158404763
3.009927354253966
3.0096672172009944
3.0097003278827748
3.0099753359977406
3.010515584781566
3.011225377732208
3.012113013155939
3.0131240396272365
3.0142038275898457
3.0153579685915797
3.016457155037391
3.0174418997078134
3.018273589437446
3.0186851987974483
3.018519766681183
3.01751868808579
3.016343030641395
3.012339401741324
3.006045789663255
2.9967671707244397
2.9836971575964615
2.9659620973545335
2.9427185171825667
2.912996315395573
2.875955420917329
2.8309230145950814
2.777318987675586
2.7149412203361907
2.6438801079582857
2.564657212806163
2.4782318292196472
2.386021451809544
2.2899736500634438
2.1923728767952873
2.095842516381449
2.0033769987320893
1.9178913043312624
1.8423172896419973
1.7794662774601924
1.7316334277473064
1.7006145000304502
1.6877116563590822
1.6934493248582678
1.7175762976171183
1.7592079246671686
1.8167702111962014
1.8881003639709213
1.9706158559169402
2.0614240839193796
2.157538438879706
2.255963124917537
2.353900919775873
2.4488206577217366
2.5386436036340876
2.6216942182797647
2.6967708485772612
2.7632078742336037
2.8207147518146916
2.8694110783523405
2.909724150710643
2.942314183370317
2.9680240092777073
2.9877712063067303
3.002453391414684
3.012976646947258
3.0201473892284803
3.0247053661667893
3.027259064093543
3.0283382078175904
3.028381995011981
3.027720791278641
3.026601731486466
3.0252519845901378
3.023803306551899
3.022391722160504
3.0210624806801296
3.0198636699540606
3.0188837742475774
3.0180820290510786
3.0174946388306276
3.0171673252714672
3.01706294691169
3.0171867989832886
3.0191481296348135
3.0196983272567794
3.020404323058159
3.021263431996098
3.022241623279249
3.023255240303942
3.024353738534299
3.0254490057687073
3.0265146832903014
3.0275994573328084
3.028604949035828
3.029565073481907
3.030520166971224
3.0313995230446174
3.03228862268604
3.0331780564781017
3.0340293782050862
3.034962363897146
3.035873223252201
3.0389843498965385
3.039897046341214
3.04076013713789
3.0415293409259077
3.042191193673919
3.042739687835475
3.0430935560033077
3.043288617408382
3.043295720631004
3.0430573931993945
3.0426654375931954
3.042080777868848
3.0413584534751625
3.0405606378842513
3.039668008045955
