3.042837138848659
3.0432678391061483
3.0436733407987573
3.0441046170951136
3.0445999553168552
3.045087284193621
3.0455523335850607
3.0459605562610563
3.046265054784627
3.0464343808392593
3.0464723882713884
3.0463183330195
3.045996629714515
3.045441888373093
3.0447054290825606
3.043749430601394
3.0425644046244393
3.0412129315515384
3.0396400040275617
3.037895302287375
3.035970272821544
3.0338759875278334
3.031678687394678
3.0293502644333667
3.0269780150283747
3.0245941330914867
3.022198275735776
3.0199102458914773
3.017759707271257
3.015753694234374
3.014024828823217
3.0125557445777034
3.0113337571121477
3.010491551449445
3.0099168083475636
3.009655724001304
3.0096878783294834
3.009961919555001
3.0105011899862806
3.0112099845402494
3.0120965959252297
3.0131065688193157
3.0141852755944516
3.015338316940035
3.0164364193060087
3.0174201461005388
3.0182509552394263
3.018661928784063
3.0184962416911807
3.0174954730540127
3.016320859095478
3.0123193304976823
3.0060290750296557
2.9967553112217633
2.9836918703775446
2.9659652637471328
2.9427320959872896
2.913022226494599
2.8759954204574405
2.8309785459173167
2.7773910012909573
2.7150300262178773
2.643985214228956
2.5647771992795976
2.4783642628852194
2.386162867736976
2.2901196287313197
2.1925182044436977
2.0959814466139224
2.0035035470180933
1.9179995974525206
1.842401904158926
1.7795225641617904
1.7316578061269507
1.700604690839378
1.6876668401670238
1.6933701977686186
1.717465045860319
1.7590680851748481
1.8166064380188174
1.8879181165264307
1.9704210537268896
2.061222750764455
2.1573363585356824
2.2557655590573025
2.353712383595003
2.448644769467041
2.538483002653696
2.6215505442884686
2.6966447904559376
2.7630992675296575
2.820622735913572
2.869334272932007
2.9096608579752763
2.9422625691539515
2.9679822307598096
2.987737531433875
3.002426255684418
3.0129546898253925
3.02012944966426
3.0246904749908223
3.027246431855474
3.0283271998811414
3.028372109915244
3.0277116447771917
3.0265930309158118
3.025243512083713
3.0237949020005064
3.0223832697926882
3.021053893793019
3.0198548828895495
3.018874738290753
3.018072709998715
3.017485021183784
3.01715741827525
3.0170527751195904
3.0171764057062695
3.019137532216306
3.0196876558619934
3.020393652508229
3.021252841574576
3.022231188621996
3.023245034668009
3.024343816404412
3.0254394034448255
3.0265054127006943
3.0275904986874336
3.0285962568083145
3.029556579948533
3.0305117878903998
3.031391162585545
3.0322801923303846
3.0331694798696662
3.0340206024218936
3.0349533613752175
3.035863996661028
3.0389748658422997
3.039887450676134
3.040750511466584
3.041519784486653
3.0421818215251624
3.0427306088479864
3.0430848643522976
3.043280389928977
3.04328800098341
3.0430501963431507
3.042658748944108
3.0420745534498153
3.041352629644743
3.0405551362979235
3.039662745423443
