3.0428371518794126
3.0432677106310138
3.0436729122936113
3.0441037092312673
3.0445983849243117
3.045084908336869
3.0455490367834335
3.045956263268179
3.0462597485330765
3.0464280876855785
3.0464651728512444
3.046310302039568
3.045987913775667
3.0454326333953374
3.044695776657151
3.0437395116664705
3.0425543334088303
3.041202799495254
3.0396298679655502
3.037885208870792
3.0359602622261663
3.0338660837496843
3.0316689278567104
3.0293406980719526
3.026968692460661
3.0245851246995965
3.0221896661990284
3.019902113344721
3.0177521316000084
3.0157467475428974
3.014018555799307
3.012550173737761
3.0113288903048794
3.010487352048017
3.0099132179087125
3.0096526696122208
3.009685272677297
3.0099596789075425
3.0104992251336222
3.011208213464502
3.012094943962674
3.0131049523070783
3.0141835973991915
3.015336462027376
3.0164342181255703
3.0174173405555207
3.0182471752032267
3.0186566340795196
3.018488681484142
3.017484622680483
3.016305318647452
3.0122975360461774
3.0059990332686723
2.9967147206522196
2.9836381811023096
2.9658957853849284
2.9426441519805477
2.9129133550895365
2.8758635966721053
2.8308224191847122
2.777210171285371
2.7148252530081507
2.6437586226387957
2.564532410075266
2.478106449768948
2.385898688755928
2.289857014677214
2.192266015374524
2.0957489682368053
2.0032999330940875
1.9178332381069267
1.8422798567460448
1.77945004683362
1.7316378347688095
1.7006378588048419
1.687751240134767
1.693501526437543
1.7176368492932843
1.7592721556213635
1.8168333494034188
1.8881578481066896
1.9706636268819768
2.0614588550664017
2.1575578850143993
2.255965983102497
2.353886996417229
2.4487907453416695
2.538599324007019
2.6216378157224254
2.696704975509059
2.763135371549735
2.8206384456199984
2.8693336109760383
2.909647825049827
2.9422408577365626
2.9679550297969413
2.9877073977467985
3.0023951002182123
3.0129238395546527
3.0200997669618883
3.0246624695487045
3.0272203630599517
3.028303160399342
3.0283501002513775
3.027691587458292
3.0265748024309476
3.0252269657856665
3.023779884756655
3.0223696239922937
3.0210414768072313
3.0198435778051267
3.0188644387477166
3.0180633259474017
3.0174764716233913
3.0171496173489967
3.0170456280348947
3.0171698063759598
3.019131224058512
3.019681646294373
3.0203878356211398
3.021247118584129
3.0222254744876
3.023239263211753
3.0243379519536067
3.0254334356566006
3.026499362576704
3.0275844260646916
3.028590257583785
3.0295507664878514
3.0305062762410047
3.0313860687620098
3.0322755980086624
3.033165421904881
3.034017069004282
3.03495028427548
3.0358612527573046
3.0389721064703137
3.039884650568782
3.0407474619992536
3.041516276805972
3.042177663174241
3.042725636593211
3.0430789718805746
3.043273536726256
3.0432802175590603
3.0430415824850225
3.042649465454917
3.04206480212231
3.0413426381061486
3.0405451325470154
3.039652937355495
