3.042838089552494
3.043268776153953
3.0436742277457767
3.0441054162533785
3.044600633141158
3.0450878140059228
3.0455526943183213
3.045960736582777
3.0462650526128616
3.046434202412577
3.046472045015712
3.0463178440491214
3.0459960190297197
3.0454411780465978
3.044704637305221
3.0437485752160827
3.042563503845968
3.0412119998109004
3.0396390543795593
3.0378943486819523
3.0359693282559785
3.033875068508533
3.031677815350558
3.0293494612848253
3.026977302861893
3.0245935361248155
3.022197816822079
3.0199099474364415
3.0177595896110274
3.0157537695079126
3.0140251038767745
3.0125562201407177
3.011334428685301
3.010492411353928
3.0099178455063855
3.0096569297611797
3.0096892446383703
3.0099634376390547
3.0105028504569686
3.0112117801076366
3.0120985214886096
3.0131086149524853
3.014187426181885
3.0153405443370294
3.016438671927564
3.017422341670744
3.0182529761054626
3.018663607320465
3.018497345956896
3.0174956963674333
3.016319810647147
3.012316563882347
3.0060240651965033
2.9967474828412692
2.983680620755713
2.9659499990581413
2.942712280499506
2.9129974283225923
2.875965361153727
2.8309431545419073
2.7773504675179765
2.7149848362573468
2.6439361797831826
2.564725468534012
2.478311301011049
2.386110400629259
2.290069557563436
2.192472490955307
2.095941985542157
2.0034720521093785
1.917977496290908
1.8423902498404376
1.7795219640377726
1.7316683697232391
1.7006260234111341
1.6876980560173211
1.6934099754000693
1.717511715190648
1.7591197366766003
1.816661057071332
1.887973710605488
1.9704757654237839
2.0612749557007293
2.157384732864602
2.2558091157946882
2.353750481526881
2.4486771075089813
2.5385095912810245
2.621571662957991
2.6966609306169596
2.7631110635221092
2.8206308949220302
2.8693395030645283
2.909663809362107
2.94226380966572
2.9679822438188963
2.987736701694354
3.0024248832920493
3.0129530055236122
3.0201276274036655
3.024688641623417
3.0272446724726514
3.028325570314454
3.028370644526152
3.0277103594877683
3.0265919310460183
3.025242597001133
3.023794167109168
3.0223827075107597
3.0210534976248096
3.0198546493787815
3.0188746620289417
3.0180727807667713
3.017485222187555
3.017157729593458
3.0170531761359958
3.017176872071575
3.019138022543976
3.0196881636909128
3.020394156547206
3.021253321647719
3.022231627701933
3.0232454220405676
3.0243441509546445
3.0254396919583275
3.026505669537858
3.027590745934128
3.028596520525667
3.0295568855233848
3.030512159347138
3.031391618953053
3.032280742307351
3.0331701208233586
3.034021320306689
3.0349541354784657
3.0358647992530967
3.0389756392127074
3.0398881732437513
3.0407511433563936
3.041520286613364
3.042182162206353
3.0427307701334456
3.0430848395250774
3.0432801864013532
3.0432876380002956
3.0430497016751312
3.042658156495952
3.042073902830829
3.041351960339018
3.0405544827951254
3.0396621367268537
