3.0427972800619285
3.0432246009015866
3.0436269451220923
3.0440554395920154
3.0445485006460657
3.04503416017579
3.045498207426725
3.045906125650435
3.046210999792601
3.0463813156435027
3.046420848187315
3.0462687264870896
3.045949256601359
3.0453968934551177
3.0446628315695983
3.043709143430261
3.042526277363049
3.0411767482737093
3.0396054965495463
3.037862165189392
3.0359381713984734
3.0338445867445047
3.031647610846322
3.02931912518135
3.0269463936958454
3.0245615718001844
3.0221643309931716
3.0198744615302098
3.0177216337782027
3.0157128845864296
3.013980875915973
3.0125082712880014
3.011282452864645
3.010436164881454
3.0098571302927577
3.009591598885984
3.0096191546002222
3.0098884339315237
3.010422762362547
3.011126393878146
3.0120076079592177
3.0130118915730777
3.014084564173366
3.015231181461867
3.0163224555877086
3.0172989773019543
3.018122303362091
3.0185257280399735
3.0183526638037206
3.017345121871265
3.01616455177341
3.0121594134127854
3.0058683570677758
2.9965976112594146
2.9835421014261714
2.9658294273058203
2.942617208903121
2.912936074365752
2.875946234636971
2.8309746017086463
2.777440013735183
2.715138585555034
2.6441580662783517
2.5650165579820854
2.47866912686273
2.3865283687428187
2.290536694460847
2.1929734315646687
2.0964574847254696
2.0039797837883304
1.9184532992348269
1.8428094717000885
1.7798608574563153
1.731905502609766
1.7007436135065495
1.6876831247442814
1.6932551591962095
1.7172158742738013
1.7586880510162042
1.816104743557632
1.8873092509878127
1.9697237421190055
2.060458715805552
2.1565288377366416
2.254937908202756
2.352886747979364
2.4478410619424698
2.5377181034120238
2.620837731488821
2.6959934943006845
2.762514980385454
2.8201072860534757
2.868886238873097
2.9092762140786905
2.941935533715172
2.9677060590674804
2.9875051631300105
3.002230785530913
3.0127897674765864
3.0199893996349654
3.0245703594464373
3.0271420261501456
3.0282349581470656
3.0282891225363904
3.0276355640331616
3.026521985914753
3.025176051232658
3.0237299169229828
3.0223199061184562
3.020991493965874
3.01979296029399
3.018812906029676
3.018010641019825
3.0174224453871425
3.01709417598613
3.016988803895231
3.0171117432083534
3.0190718390807305
3.019621715292643
3.020327733476028
3.021187252110953
3.022166236956285
3.0231810739685354
3.0242811790657402
3.025378381195541
3.026446226618389
3.027533239357678
3.0285408987148834
3.0295029472341923
3.0304595841309085
3.031339974867029
3.032229550484746
3.033118874736724
3.0339695558546778
3.0349014770576304
3.0358110083223746
3.0389199458336016
3.039831339166937
3.040693312597029
3.0414617324052484
3.0421233087060755
3.0426721328641633
3.0430269467205946
3.0432235852134166
3.0432327790893337
3.042996936177002
3.042607707239084
3.0420258530201423
3.0413062806261904
3.040511009570752
3.0396206182202583
