3.04284366621152
3.043274804947008
3.043680656635497
3.044112167714096
3.044607611151015
3.0450949126069995
3.0455597999862247
3.0459677362617685
3.0462718439606844
3.0464406975584626
3.046478173737795
3.046323559948286
3.0460012961290275
3.045446015382142
3.0447090508539754
3.043752595250373
3.0425671692695833
3.0412153576838747
3.0396421553203483
3.0378972481353363
3.035972083347406
3.0338777328990947
3.0316804519087643
3.0293521348852064
3.0269800814478627
3.0245964955750475
3.0222010323290833
3.0199134946641286
3.0177635458494407
3.0157582102755827
3.014030094503393
3.012561820460221
3.011340684436531
3.0104993556461133
3.0099255033779135
3.0096653156805417
3.009698370160409
3.009973314506479
3.0105134896051338
3.0112231976465855
3.0121107354697325
3.013121650353189
3.0142013130112404
3.0153553150390713
3.016454349532203
3.0174389305612985
3.0182704481899414
3.0186818798648387
3.0185162680243853
3.0175150120439813
3.016339173898003
3.012335386240308
3.006041628897891
2.9967628803604303
2.983692752321096
2.9659575876399904
2.9427139059810905
2.91299159547203
2.875950573757597
2.830918008865801
2.777313779219965
2.7149357540411945
2.6438743211844766
2.56465103869827
2.4782252016807265
2.3860143116455843
2.2899659536582293
2.192364607149655
2.0958336942322537
2.003367690225201
1.9178816255987434
1.8423074028267505
1.7794563797808602
1.7316237370995746
1.7006052377448655
1.6877030296071274
1.6934415128417661
1.7175694398671024
1.75920211131664
1.8167654752309994
1.8880966757065334
1.9706131232143869
2.061422157820313
2.1575371248434063
2.2559621992528873
2.35390015104515
2.448819826694222
2.5386425205027034
2.6216927341797525
2.6967688613981275
2.763205330298049
2.820711643321753
2.8694074379493117
2.909720047616572
2.9423097164217262
2.968019295414618
2.9877663697679684
3.002448550437677
3.012971903551895
3.0201428205308165
3.0247010206782665
3.0272549653128573
3.028334359554872
3.0283783879484707
3.027717408050852
3.0265985516018334
3.025248987706146
3.0238004722236056
3.0223890304037537
3.0210599127882967
3.01986120841619
3.0188814026091833
3.0180797325942126
3.0174924061083557
3.01716514827686
3.017060820004813
3.0171847188932297
3.019146080945087
3.0196963252014153
3.0204023675769736
3.0212615222029573
3.0222397585360605
3.02325342048187
3.024351962722319
3.0254472726437895
3.0265129907864505
3.027597802108742
3.0286033269156354
3.0295634793550428
3.0305185958315137
3.0313979709256436
3.03228708601984
3.0331765328938975
3.0340278665768725
3.0349608631965808
3.0358717321485305
3.038982846099689
3.039895548771464
3.040758642910782
3.041527846001678
3.042189695141416
3.0427381821176858
3.043092040121855
3.043287088592841
3.04329417611115
3.0430558312758795
3.0426638585407924
3.0420791836928607
3.041356848889163
3.040559029470913
3.039666404013947
