3.042843558267094
3.043274713583025
3.043680565114818
3.0441120520513154
3.0446074422464324
3.0450946603205113
3.0455594320677015
3.045967221935328
3.0462711596478833
3.0464398251350326
3.0464771038891065
3.046322292284903
3.045999838386572
3.045444382762262
3.0447072629521594
3.043750675800102
3.042565143597472
3.041213249967732
3.0396399873231563
3.037895040378351
3.035969852469269
3.0338754896914306
3.0316782072163635
3.029349899306202
3.026977864324626
3.0245943094620564
3.0221988906804684
3.0199114128165663
3.0177615419728094
3.015756304470297
3.0140283039221645
3.01256016200479
3.0113391707170156
3.0104979936371965
3.0099242960914045
3.009664260017344
3.0096974572958213
3.0099725309763623
3.0105128171324544
3.011222617131288
3.0121102258024517
3.013121189579379
3.0142008796209483
3.015354886617878
3.01645389789444
3.0174384184299337
3.0182698271461703
3.0186810808646642
3.018515196490158
3.017513534592771
3.0163371005577844
3.0123324927204456
3.006037618405406
2.9967573908687823
2.9836853549337565
2.9659477926338536
2.9427011752267944
2.912975368840284
2.8759302981949406
2.830893175861381
2.777283974041704
2.714900701459979
2.643833939549621
2.5646054849610325
2.4781749126700223
2.3859600302520367
2.289908733907387
2.1923058022238044
2.0957749138749904
2.0033107383326194
1.9178284127255063
1.842259844294419
1.7794162809799456
1.7315926764144827
1.7005844575363165
1.6876933478282283
1.6934432666389356
1.7175824564186402
1.7592257170552963
1.8167985355966385
1.888137666034631
1.970660222965427
2.0614733625292088
2.1575903696092897
2.256015477870722
2.3539516305976296
2.448867937231142
2.5386860230517168
2.621730757731267
2.6968009077172566
2.7632312568203297
2.8207316167613152
2.869421877763478
2.9097295591338375
2.9423150201479595
2.968021164054807
2.9877655697375953
3.0024457929215522
3.0129678094060437
3.0201379021721837
3.024695674906852
3.027249482132574
3.0283289391506205
3.028373161802765
3.027712454431417
3.0265939131562773
3.025244684227174
3.0237965061056236
3.0223853918074206
3.0210565854178357
3.019858172202942
3.0188786350810304
3.018077211760345
3.0174901122650546
3.017163061860315
3.0170589220966137
3.017182990948068
3.0191444853299703
3.019694858181952
3.0204010085814037
3.021260247929905
3.0222385461878822
3.0232522483430433
3.024350812271456
3.0254461289535817
3.0265118437417264
3.0275966475474085
3.0286021671098076
3.0295623207523974
3.030517449871564
3.0313968558564195
3.0322860194445216
3.0331755326609056
3.0340269470460384
3.034960031773878
3.0358709876266374
3.038982152693073
3.0398949083659734
3.040758028151845
3.041527221609587
3.042189022604399
3.0427374215287557
3.0430911565945027
3.043286051949593
3.043292965049024
3.043054435148214
3.0426622793760765
3.0420774354213
3.041354958043657
3.040557031321891
3.039664339632814
