3.0428423120378914
3.0432732882724873
3.0436789573611844
3.0441102715508155
3.044605512702093
3.0450926205214532
3.045557333460211
3.045965123784151
3.046269121364734
3.046437904913713
3.0464753523364942
3.0463207496419575
3.0459985323860415
3.0454433279591244
3.0447064615312405
3.043750116451971
3.042564802845726
3.0412130991091533
3.0396399930616953
3.037895168959263
3.035970073298646
3.0338757773637535
3.031678538696978
3.0293502544928037
3.0269782261957574
3.0245946584203676
3.022199208271033
3.019911675316147
3.0177617212398964
3.0157563686807327
3.0140282217918015
3.012559898929843
3.0113386935639856
3.0104972721107917
3.0099233033142836
3.009662977118608
3.0096958733861436
3.0099706436025615
3.0105106314175507
3.0112201390120936
3.0121074638136176
3.0131181510685856
3.0141975672866455
3.0153513009008543
3.0164500361409354
3.0174342743219746
3.0182653898226075
3.018676341446339
3.0185101509739907
3.0175081962365073
3.0163314964088506
3.01232671722677
3.0060318009267837
2.9967517318199635
2.98368014435201
2.9659434232317645
2.9426981532440215
2.9129743129494132
2.8759319311463667
2.8308983053745984
2.7772934514533416
2.714915374416021
2.643854589801282
2.564632758430176
2.4782092436875027
2.3860015622914106
2.289957254769468
2.1923606767204973
2.095835042984017
2.0033745493294277
1.9178938899715368
1.842324611955706
1.7794777278579872
1.7316481233721763
1.700631332812089
1.687729354100755
1.6934665294514526
1.71759165248727
1.7592201599545911
1.8167782274877757
1.8881033099000153
1.970613182720034
2.061415581840916
2.157524236876316
2.2559436622611386
2.353876896534478
2.448792966574741
2.5386132533758436
2.621662254155884
2.6967382912151785
2.7631756594034256
2.820683684081204
2.8693817985526486
2.9096971123302886
2.942289651115539
2.9680020674346546
2.9877517874037727
3.0024363194131003
3.012961681851891
3.0201342612990025
3.024693805509016
3.0272488214920408
3.0283290602230535
3.0283737498929146
3.02771328187739
3.0265948164664644
3.0252455458444376
3.0237972474413803
3.022385963198076
3.0210569582549094
3.0198583362164246
3.0188785892572825
3.018076962182224
3.0174896662258806
3.017162427396894
3.017058103855475
3.017181993735723
3.0191432988924096
3.0196935183990012
3.0203995343994685
3.021258666592919
3.0222368879046373
3.023250545841157
3.024349098316849
3.02544443416979
3.0265101980452327
3.0275950758791135
3.028600688667343
3.029560946398367
3.0305161777807816
3.0313956690680377
3.03228489136446
3.033174424917732
3.0340258157771154
3.034958832948832
3.03586968301804
3.0389806902181573
3.039893306509855
3.0407562884032684
3.0415253615788624
3.042187073986531
3.042735428367445
3.043089170014517
3.043284132623961
3.0432911735681065
3.0430528274308237
3.0426609008074403
3.0420763147268697
3.041354104173619
3.0405564341677316
3.039663972024859
