3.0428308071042744
3.043260858512434
3.0436654821169826
3.044095624764326
3.044589581820856
3.0450753464569646
3.0455386974914753
3.0459451605661645
3.0462479324671574
3.0464156325462213
3.046452178860064
3.046296883610296
3.045974192629435
3.0454187362692458
3.044681818269793
3.0437255906447054
3.0425405236073018
3.0411891572457845
3.0396164168458655
3.0378719493942494
3.035947176365729
3.0338531406878384
3.0316560954012193
3.0293279433453937
3.0269559860618087
3.02457244343552
3.0221770002001063
3.019889459541707
3.0177394893344505
3.015734119847699
3.01400593643627
3.012537549954261
3.0113162379437233
3.0104746321337155
3.0099003736833034
3.0096396261264626
3.00967194306412
3.00994596747036
3.010485029435251
3.0111934285712705
3.0120794629977556
3.0130886637634844
3.0141663800131404
3.015318183549864
3.0164147197582034
3.0173964314535078
3.01822461986366
3.018632125250764
3.0184618305436985
3.0174549283685463
3.0162720531336
3.0122600675316553
3.0059564856324004
2.9966661013471017
2.9835823993010475
2.965831708343268
2.942570678256044
2.9128295089839247
2.8757686247955587
2.8307159094742977
2.7770921699847513
2.714696366080673
2.6436201210461236
2.5643862522791396
2.4779553083092263
2.385745903713187
2.2897064935014066
2.192122057018559
2.0956160359600604
2.0031823892164775
1.9177350268191677
1.8422042128319718
1.7793992155164153
1.7316128961180475
1.700638607704903
1.6877761729828142
1.6935479407147178
1.7177009935620704
1.759349456589789
1.816918694874809
1.8882459296758292
1.970749261542572
2.0615373198346374
2.1576252002465726
2.2560191180016247
2.353924011680353
2.4488107996634754
2.538602618119779
2.6216254485736368
2.6966787709219493
2.7630976529317364
2.82059181296088
2.8692807453225684
2.909591294298469
2.942182969228488
2.9678976989797263
2.9876520909617166
3.0023428250396234
3.0128751626209977
3.0200548929607445
3.0246213466404566
3.0271827799290376
3.0282688029703095
3.028318629140995
3.0276626631150965
3.0265481057742347
3.0252021994086093
3.023756777943935
3.0223479345029682
3.021020993874146
3.0198241244176103
3.0188458597864516
3.018045497426469
3.017459293249473
3.0171330040728996
3.017029503862008
3.0171541066456538
3.0191157219234417
3.019666453772251
3.0203728995440366
3.02123239922569
3.022210947063557
3.0232249092597945
3.0243237685130637
3.025419432229161
3.0264855631540195
3.027570855912332
3.028576956624596
3.029537778735855
3.0304936397060986
3.0313738201545917
3.0322637489954958
3.033153962850086
3.034005960362602
3.0349394554813527
3.0358506061684762
3.038961290340368
3.039873769217208
3.040736379516828
3.0415048615597264
3.042165815445478
3.0427132752862076
3.0430660515190295
3.0432600539762955
3.0432662129803356
3.043027136621239
3.0426347016677453
3.042049864084728
3.041327689404662
3.0405303358066798
3.03963844055334
