3.0428417534138426
3.043272724804405
3.043678399651632
3.0441097281201723
3.0446049889951174
3.0450921193466107
3.045556854907452
3.0459646649540075
3.0462686786111512
3.046437472770175
3.0464749251387624
3.046320321657554
3.0459980989352404
3.0454428859113003
3.044706009451623
3.04374965418271
3.042564333152209
3.041212623979434
3.0396395134596816
3.037894684545034
3.0359695832136975
3.0338752781223395
3.031678024564264
3.029349718856321
3.026977660741826
3.02459405608261
3.0221985627852987
3.019910981453041
3.0177609757925556
3.015755570723551
3.014027371736127
3.012559000196755
3.011337751277503
3.0104962908169566
3.009922287298587
3.0096619285689252
3.0096947920101647
3.00996952745308
3.0105094761320785
3.0112189400676197
3.0121062164326915
3.013116850279464
3.0141962100590294
3.015349887306215
3.0164485735557403
3.017432778088433
3.018263886287919
3.018674870141703
3.0185087669168214
3.0175069710970934
3.016330516824694
3.012326089618462
3.0060316401227416
2.996752155499
2.9836812639957406
2.9659453343522006
2.9427009216021442
2.912977961361455
2.8759364288226883
2.83090355748662
2.7772992943917423
2.714921573433567
2.6438608394766914
2.5646386920544906
2.4782144487973046
2.386005606019623
2.289959713228699
2.1923611755538484
2.095833296631964
2.0033703905088878
1.9178872893781103
1.8423156834908112
1.7794667225453944
1.73163541123135
1.700617380012726
1.6877146954216957
1.693451733777339
1.7175772839136334
1.7592067395990718
1.816766197783111
1.8880930017339561
1.970604796094372
2.0614091778676635
2.157519747884286
2.255940911032723
2.3538756240361707
2.448792862317617
2.538613985225497
2.62166349537917
2.696739738448807
2.7631770512990617
2.8206848153277897
2.8693825302579232
2.9096973751997925
2.9422894392003447
2.968001426666552
2.9877507985915512
3.0024350747016775
3.012960269523901
3.0201327575168384
3.0246922676947037
3.0272472879163916
3.0283275547207626
3.028372287128552
3.027711870108534
3.026593458295527
3.0252442417326386
3.0237959951280122
3.0223847582414107
3.02105579470183
3.0198572068611615
3.0188774876537567
3.0180758826957317
3.0174886060301436
3.0171613866169054
3.017057085769398
3.0171810024735066
3.0191423364539016
3.019692589557784
3.020398641746999
3.021257811223186
3.0222360694946944
3.0232497632246034
3.0243483483582887
3.0254437119337347
3.0265094951751106
3.0275943829209484
3.0285999958846803
3.0295602449332177
3.03051546088705
3.0313949334652412
3.0322841372510654
3.0331736563998395
3.0340250405610947
3.034958060456039
3.0358689232471154
3.038979950273582
3.0398925970214243
3.0407556161899723
3.0415247311435194
3.0421864870679407
3.0427348820966933
3.0430886582739767
3.043283645026759
3.043290697758617
3.0430523506208846
3.042660410758472
3.0420758017139518
3.041353562367565
3.040555860966452
3.039663368354767
