3.0428410080649972
3.0432719368982135
3.0436775331878843
3.0441087324394176
3.0446038095962322
3.0450907055544363
3.0455551563304533
3.045962642686068
3.0462663113343416
3.0464347513676615
3.046471857327144
3.046316930486909
3.0459944177274694
3.0454389584450383
3.0447018831299735
3.043745377628635
3.042559952718186
3.041208181350954
3.0396350417739457
3.0378902079835846
3.0359651174308007
3.03387083156076
3.031673607955888
3.0293453414618536
3.0269733308785693
3.0245897888355318
3.0221943766089776
3.0199068997811187
3.0177570258243476
3.015751779797932
3.0140237608783327
3.012555588065499
3.011334548814132
3.010493299382097
3.009919500443746
3.009659327059009
3.009692347409776
3.0099672064240988
3.0105072378296027
3.0112167454098557
3.0121040253046925
3.013114621450736
3.0141939017526456
3.0153474512478446
3.016445947856578
3.0174298823749592
3.018260617591152
3.0186710808736574
3.018504256736152
3.0175014648755516
3.016323624254771
3.01231738403859
3.0060205597867777
2.996738035204585
2.983663332608055
2.9659227389505682
2.9426727645840165
2.9129433521371135
2.8758945420764297
2.830853703307528
2.777241009857341
2.7148546984852637
2.643785605662843
2.5645557808522734
2.4781250364431875
2.385911385711066
2.289862870767865
2.192264331452898
2.0957393999974796
2.003282587465691
1.9178087430480288
1.8422493763808852
1.779415249039947
1.7316007923023233
1.7006009138996814
1.6877168585136961
1.6934721546568219
1.7176147547640201
1.7592592861016392
1.8168311996107676
1.8881673576339475
1.9706851158131464
2.0614919895340895
2.1576017137332633
2.2560190180669033
2.3539473494745486
2.448856277396799
2.5386678068197006
2.621707088091429
2.6967730645491392
2.7632005877438113
2.8206994389555367
2.869389405200393
2.909697834966659
2.942284873375515
2.967993179179875
2.9877400833133323
3.00242291834428
3.0129474754705425
3.020119907956504
3.024679753010424
3.0272353490107156
3.0283163190897344
3.0283618094506597
3.0277021586710315
3.0265844951847973
3.025235990565916
3.0237884057269393
3.0223777736390103
3.021049358625233
3.0198512650983065
3.0188719880978283
3.0180707801496247
3.017483862259946
3.0171569656731556
3.017052955111232
3.017177131561805
3.0191386440761354
3.0196890847842766
3.02039528550611
3.021254564313753
3.0222328994338943
3.0232466402116343
3.024345249554814
3.0254406237628917
3.026506412831562
3.027591308847681
3.0285969419819385
3.0295572327686457
3.0305125179878436
3.0313920945588926
3.032281431801854
3.0331711077328
3.0340226617714414
3.034955847945046
3.0358668567270657
3.038977924642907
3.039890621945674
3.040753627233347
3.0415226565963187
3.042184259779383
3.042732438604784
3.0430859469264027
3.04328062791493
3.0432873573277703
3.043048691530946
3.042656461986467
3.0420716127858984
3.041349200750034
3.0405514044701407
3.0396588969591853
