3.0428305524315724
3.043260508794325
3.0436650399810716
3.044095105607415
3.0445890041133254
3.0450747489851295
3.0455381278794125
3.0459446631303884
3.0462475517094183
3.046415407829039
3.0464521377312885
3.046297048195387
3.04597457306778
3.0454193283529256
3.0446826110146614
3.043726563402012
3.042541653328081
3.04119041058944
3.039617759328681
3.0378733552904222
3.035948632272511
3.033854629018812
3.0316576011578116
3.02932946115866
3.026957504566885
3.0245739550876682
3.0221784977532833
3.0198909216317196
3.0177408939861223
3.015735442509695
3.014007151581769
3.0125386335062063
3.0113171696550434
3.0104753844445087
3.0099009301633606
3.009639983456588
3.0096720999315285
3.0099459365334367
3.0104848264142223
3.01119307202333
3.012078973572777
3.0130880550735712
3.0141656635736958
3.015317372177808
3.0164138294459133
3.017395469127762
3.0182235926799406
3.018631046102615
3.0184607165228194
3.0174538194436735
3.0162710220006135
3.0122592305623668
3.0059559913940204
2.996666165239123
2.9835833250502874
2.9658338910228075
2.942574599657387
2.912835730566925
2.875777786058605
2.830728692320012
2.777109267561378
2.7147184270018676
2.6436476766641457
2.564419680899372
2.4779947620040748
2.385791247944848
2.289757255001863
2.1921773977703696
2.0956747233008874
2.0032427980727974
1.9177951898928045
1.8422619144283932
1.7794521339672045
1.7316587632571951
1.7006753844974731
1.6878021781136634
1.693561942516714
1.7177023022611626
1.7593379700859277
1.816894921169674
1.888210950455135
1.9707046836078896
2.0614851759189277
2.157567811609134
2.2559589319993565
2.3538634174605715
2.448751993628564
2.5385474714568175
2.6215754259912183
2.696634888711338
2.7630604918044455
2.8205615492772576
2.8692571949273864
2.909573965963434
2.9421711340669665
2.967890481965501
2.987648547424888
3.002342025625911
3.012876293047898
3.0200572952557745
3.0246245145256028
3.0271863428989265
3.02827251453445
3.0283223278086555
3.0276662375884644
3.026551475288203
3.025205316555768
3.0237596217741083
3.022350497051304
3.0210232793718896
3.0198261500878214
3.0188476458761135
3.018047061233263
3.017460652239505
3.0171341752369503
3.0170304975162963
3.017154926656309
3.0191163733752635
3.019666951460397
3.020373270652648
3.0212326694494727
3.022211137797478
3.0232250507718534
3.0243238878529963
3.025419550517568
3.026485695754632
3.027571025410172
3.028577179506246
3.029538060364293
3.0304939752384508
3.031374191669653
3.032264134368964
3.033154326347934
3.0340062708858406
3.034939683070606
3.0358507258395955
3.0389612944840003
3.039873658019259
3.0407361713079935
3.0415045884326153
3.0421655099333105
3.042712976991165
3.043065807033951
3.0432599155412263
3.0432662267551627
3.043027343710141
3.042635126550154
3.042050517279274
3.041328560407798
3.040531396825238
3.039639650745178
