3.042835441280862
3.0432657664703076
3.043670776849518
3.0441014596230493
3.0445961235727905
3.0450827381366725
3.0455470674289042
3.0459545965849046
3.0462584623124638
3.0464272445952094
3.0464648133831034
3.046310436978227
3.0459885308778145
3.045433698876019
3.044697242911937
3.043741314265268
3.042556397816692
3.041205061877996
3.0396322820125445
3.037887730100358
3.0359628500151223
3.033868711156246
3.0316715664507212
3.02934332212232
3.0269712765303334
3.024587624662753
3.0221920299871137
3.019904286518503
3.0177540524535758
3.0157483541850674
3.0140197956420134
3.0125509865198152
3.0113292295576697
3.0104871937471485
3.009912551565658
3.0096515042437115
3.0096836325266034
3.0099575944493444
3.0104967344473437
3.011205343311511
3.012091716218954
3.0131013919675853
3.0141797274067206
3.015332295368059
3.016429765742896
3.017412622160223
3.018242223134954
3.0186515233380007
3.0184835443675433
3.0174796817372296
3.0163009007428565
3.0122940938312124
3.005997200889057
2.99671533372524
2.98364228256841
2.9659046167254868
2.942659136266923
2.9129360434588114
2.875895593284162
2.830865280548714
2.777265255724272
2.7148936061645585
2.643840832759079
2.5646284634336793
2.4782156024745996
2.3860193636593445
2.2899867488687136
2.192401434504182
2.095885873613831
2.0034334674152228
1.9179581760102509
1.8423909387774096
1.7795423440704787
1.7317070823225136
1.7006807178375078
1.68776551958659
1.6934863276697194
1.7175926550264333
1.7592008089016722
1.8167379579510499
1.888042598168684
1.9705335067244651
2.061319314198225
2.157414445481385
2.2558238899446703
2.3537509072135028
2.4486645053821854
2.538485827927242
2.6215389620292635
2.696621708258105
2.763067746993567
2.8205857550275226
2.8692945193097357
2.9096205527631116
2.9422233781805414
2.967945259026446
2.9877033971559435
3.002395203051625
3.012926702774623
3.020104354528333
3.0246680301024877
3.027226370201762
3.028309244383012
3.0283559951526193
3.0276971179026795
3.026579861245822
3.025231492694923
3.0237838582800753
3.0223730539681686
3.021044385892627
3.0198459954205235
3.01886639725606
3.018064855560613
3.0174775923343002
3.0171503423067243
3.017045967380094
3.017169786485095
3.0191309101328336
3.0196810876568767
3.020387089722424
3.021246250878497
3.0222245482278596
3.023238335329971
3.0243370708129587
3.0254326483223415
3.0264987096575395
3.027583926379503
3.0285899060819914
3.0295505339949997
3.030506112612026
3.031385900663963
3.032275350563169
3.0331650197689215
3.034016444419634
3.0349493922829076
3.0358600816538726
3.0389707010670284
3.039883054781466
3.040745745900498
3.0415145264627483
3.042175980452119
3.0427241373736393
3.043077766671203
3.043272727424479
3.043279878504832
3.0430417534024876
3.0426501461828215
3.0420659524082674
3.0413441844447044
3.0405469818091486
3.0396549834363755
