3.0428412482278944
3.043272125122791
3.0436776874554514
3.0441088899350044
3.044604017993689
3.0450910178179376
3.045555632233987
3.0459633375341135
3.046267267559495
3.0464360028692092
3.0464734225240955
3.046318812246484
3.0459966058280603
3.0454414282534876
3.04470460128053
3.043748304148386
3.04256304211643
3.0412113900177546
3.0396383317037454
3.0378935498527126
3.0359684896226127
3.0338742205938862
3.031677000484154
3.029348727601493
3.0269767033970845
3.0245931329880062
3.022197674936298
3.019910127715775
3.017760152975172
3.015754773551894
3.0140265927624488
3.0125582280528302
3.011336971931505
3.010495489133053
3.009921447991675
3.0096610384121885
3.0096938397383
3.0099685041898065
3.0105083754215727
3.0112177550410815
3.0121049401084754
3.0131154743875967
3.0141947225818386
3.0153482717235525
3.016446802466944
3.0174308109824937
3.01826166613479
3.0186723195868805
3.0185057852769033
3.017503433030254
3.0163262597714846
3.0123209575355228
3.00602544695626
2.996744715098641
2.98367240510851
2.965934917568525
2.942688861991726
2.9129642518790266
2.8759211600265426
2.8308869358168454
2.7772816512762977
2.7149033683309822
2.6438426579956507
2.5646212276483524
2.4781984748856116
2.385991930295913
2.289949125813619
2.1923543784848745
2.095830832430714
2.0033725833773266
1.9178942011645135
1.8423270963831622
1.779482142593337
1.7316541004233623
1.7006383992170584
1.6877369577987975
1.6934740732487095
1.7175985323033607
1.7592258027049412
1.8167821286943409
1.8881050689991066
1.9706125286063387
2.061412390742402
2.157518534639675
2.2559356137843607
2.3538667858221936
2.448781167909561
2.5386001984613826
2.6216483970216986
2.696724080819232
2.7631615122489954
2.8206699629088225
2.8693687970476094
2.909685043571602
2.942278645905925
2.967992176897571
2.9877429944965295
3.002428556922109
3.012954851646128
3.020128249729028
3.0246884966613288
3.0272441068042233
3.0283248415319393
3.028369942010017
3.0277098106072815
3.026591618541685
3.025242568169997
3.0237944463859714
3.0223833026872287
3.0210544092228604
3.019855876677093
3.0188762008002565
3.0180746305923245
3.0174873803872373
3.0171601782345516
3.017055882313577
3.0171797920688217
3.0191410880789498
3.0196913197843127
3.0203973469389087
3.0212564912918607
3.022234727408306
3.023248404664928
3.024346982231047
3.0254423493826907
3.0265081522175104
3.027593076603301
3.0285987435743262
3.029559060938783
3.030514354109548
3.0313939062401865
3.0322831840725417
3.033172763239076
3.0340241863329283
3.0349572191523957
3.035868066721447
3.038979021464659
3.0398916031071903
3.040754537048197
3.041523552082756
3.042185201445225
3.0427334923854126
3.043087175945592
3.0432820922532957
3.0432891027585582
3.0430507453578315
3.042658828734014
3.0420742727924677
3.041352110857388
3.04055450430858
3.0396621161831363
