3.0428406079079604
3.0432714773130796
3.043677032759045
3.0441082246651416
3.044603332830943
3.0450902987790216
3.045554863755997
3.0459625045704946
3.0462663585382046
3.046435008967996
3.046472338627768
3.04631763688998
3.045995342537822
3.0454400856828654
3.044703189929748
3.0437468359398183
3.042561533106269
3.041209857182996
3.039636786734565
3.037891998016199
3.0359669345536506
3.0338726634736055
3.0316754392317478
3.029347158768796
3.0269751216975083
3.024591534067646
3.022196058388305
3.019908496788024
3.0177585125162
3.0157531310341983
3.014024954094019
3.0125566009993148
3.011335366351684
3.0104939125766244
3.0099199036431825
3.0096595241850177
3.009692348574665
3.009967024789771
3.0105068921939466
3.0112162520135355
3.0121034027319844
3.0131138885562065
3.014193074065276
3.015346545735149
3.0164449874200794
3.017428899247688
3.01825965352462
3.0186702033788966
3.0185035631831276
3.0175010964654168
3.0163237832348835
3.0123183263667728
3.0060226238479797
2.996741634956005
2.983668966886581
2.9659309841716652
2.942684257431683
2.9129587596871773
2.875914527497151
2.8308788819009267
2.777271887204596
2.71489162042635
2.643828689323498
2.564604859507958
2.4781796175911457
2.385970612426771
2.2899255136846413
2.192328800495201
2.0958037983263713
2.0033447840184064
1.9178664825611431
1.842300410135469
1.7794574764478885
1.731632401152697
1.70062050359368
1.687723544019983
1.6934656201697367
1.717595282403075
1.75922774262099
1.8167889862837558
1.8881163239383818
1.9706274392087733
2.0614300417079807
2.157537907861807
2.255955667947485
2.3538865338788493
2.4487997379371413
2.538616883848309
2.621662686406595
2.6967356577524555
2.763170245256071
2.820675887255211
2.869372094902484
2.909686018483767
2.942277686030349
2.967989716638619
2.987739475264701
3.0024243762309952
3.0129503291783752
3.0201236245385403
3.024683933103659
3.0272397038224446
3.0283206490579913
3.0283659847100473
3.0277060991455853
3.02658815234707
3.0252393384632725
3.0237914387186655
3.0223804988979692
3.0210517887215333
3.0198534173679166
3.0188738830156256
3.0180724367508005
3.017485295932202
3.0171581924740893
3.017053991386774
3.017177995750393
3.0191393700537708
3.019689683887841
3.0203957841184246
3.0212549921332794
3.022233282303655
3.0232470029149208
3.0243456152151165
3.025441010719997
3.0265068324731295
3.0275917648310715
3.0285974320968374
3.0295577461794907
3.030513036547427
3.0313925922024714
3.0322818823840767
3.0331714854666734
3.034022944408655
3.0349560236260733
3.035866924610909
3.038977915263739
3.039890543849464
3.040753511924121
3.041522546344614
3.0421842005609863
3.0427324768548036
3.043086125364903
3.0432809848051745
3.043287919358269
3.0430494723519925
3.0426574598466765
3.0420728100697887
3.0413505668734526
3.0405528982928294
3.0396604701952095
