3.0428436115030832
3.0432747298123215
3.043680543636118
3.044111997355924
3.044607364849094
3.0450945758486436
3.0455593625525434
3.045967193700802
3.046271198073284
3.0464399552522643
3.046477345930372
3.0463226608911675
3.0460003421238517
3.0454450242171074
3.044708038661537
3.043751575682916
3.0425661531745716
3.0412143537061125
3.039641167251888
3.0378962769765945
3.035971129557526
3.0338767966107474
3.0316795348264716
3.0293512392347406
3.0269792108848455
3.024595655530719
3.0222002302423903
3.0199127380073576
3.017762841519632
3.0157575640195975
3.0140295091697245
3.0125612966417865
3.0113402202006903
3.0104989456737314
3.009925139050437
3.0096649865041214
3.00969806546537
3.0099730242805256
3.0105132044168528
3.011222909312499
3.0121104373570207
3.0131213359538647
3.014200974047885
3.015354941446523
3.0164539265387376
3.0174384359223962
3.018269848419406
3.0186811248006444
3.0185152876771486
3.0175137093838735
3.0163374140855925
3.012333022014258
3.006038471848014
2.9967587119966534
2.9836873302850715
2.9659506589337976
2.9427052234876365
2.9129809383288205
2.875937768803003
2.8309029555817284
2.777296476136737
2.7149163193696246
2.6438530116284733
2.5646282568794527
2.4782015002868416
2.3859903839221843
2.2899426087669004
2.19234273102331
2.095814196158008
2.0033514429984907
1.9178693957474962
1.8422997910059355
1.7794537697398747
1.731626265846157
1.700612782348667
1.6877152140828857
1.6934577323100657
1.7175888947883622
1.759223856289808
1.8167884798420975
1.888119895038221
1.9706355640136726
2.061442943581037
2.1575555482668065
2.2559777558972103
2.353912553760119
2.4488289967922774
2.5386485658362714
2.6216959158235102
2.6967695555737405
2.76320398602242
2.820708741957719
2.8694034593142668
2.9097154338535067
2.942304845158234
2.968014461745051
2.9877617794109748
3.0024443248782755
3.012968091765348
3.0201394224029077
3.024698009171554
3.027252301380171
3.028331999913168
3.028376294059905
3.027715545817597
3.026596890431659
3.0252474988829974
3.023799130312921
3.0223878130038146
3.0210588011156263
3.019860188100772
3.0188804620755674
3.018078863802409
3.017491602263614
3.0171644021380937
3.0170601237404266
3.017184063780088
3.01914544051358
3.019695701570649
3.020401749671626
3.0212609016913152
3.0222391290619273
3.023252776880427
3.024351303448551
3.0254465989606305
3.0265123069151083
3.0275971149848075
3.028602647755943
3.0295628217968043
3.0305179733249012
3.0313973963943455
3.0322865680792424
3.033176074921095
3.0340274656132618
3.034960509924637
3.035871411556474
3.0389825180749668
3.0398952107839237
3.0407582716304726
3.0415274196280793
3.042189195490135
3.042737594134059
3.043091354632215
3.043286303904682
3.0432932988441745
3.043054875537547
3.0426628451927122
3.0420781370360035
3.0413557953080215
3.040557994131869
3.0396654083243275
