3.042836999354364
3.043267496398466
3.0436726348585257
3.044103370543869
3.0445979968974552
3.0450844897180773
3.045548610799526
3.0459558548191694
3.0462593814768746
3.046427783719558
3.046464950380016
3.0463101749333603
3.0459878893476375
3.0454327136629002
3.0446959580733006
3.0437397860576487
3.0425546868242472
3.0412032158358655
3.039630333286475
3.037885712151725
3.03596079440703
3.0338666368592158
3.0316694982365244
3.029341282552603
3.0269692888594757
3.0245857311264808
3.022190276882845
3.0199027197931674
3.0177527233910313
3.0157473113488793
3.0140190794083224
3.0125506429435673
3.011329289451223
3.0104876671697554
3.0099134396534053
3.0096527921544087
3.009685296343685
3.009959607695698
3.0104990662978106
3.011207975692724
3.012094633960028
3.013104576496877
3.0141831604630305
3.015335967778138
3.016433665522572
3.017416723603773
3.0182464824784727
3.0186558509716184
3.0184877918955584
3.0174836133748735
3.016304183559482
3.0122962809828526
3.0059976802698003
2.9967133263090284
2.98363684310951
2.9658946514306073
2.942643424859364
2.912913299506821
2.875864534294512
2.830824723426952
2.777214248347711
2.7148315139798402
2.643767463360929
2.564544176076409
2.4781213987017647
2.3859169492834162
2.2898785533013566
2.192290595846201
2.0957761222876687
2.0033289515137724
1.917863189824045
1.8423096375505494
1.7794784482155634
1.7316636345604715
1.7006598979042016
1.6877684926883272
1.6935131681241986
1.7176423122067213
1.7592711689836076
1.8168259610963995
1.8881444316978389
1.9706448605425213
2.0614356750578415
2.157531416715159
2.255937447125101
2.35385762304511
2.4487616912283223
2.538571604762786
2.6216122536763358
2.6966821833211947
2.763115742639669
2.8206221596257453
2.869320650999714
2.9096379974704627
2.9422338316739642
2.9679503803145386
2.9877046569193135
3.002393813902977
3.012923607034649
3.0201002564028463
3.024663423423296
3.027221594509065
3.028304538253079
3.02835153043001
3.027693002618645
3.026576156505741
3.0252282293216126
3.023781040844783
3.022370665257874
3.0210424028230345
3.019844394922682
3.0188651529790986
3.018063944562998
3.017477001194892
3.017150061219206
3.017045985150528
3.017170074850721
3.0191314038482147
3.019681748930883
3.0203878702505094
3.021247096060763
3.0222254087333544
3.023239167995081
3.024337841365327
3.025433321898902
3.0264992607201764
3.027584350248145
3.028590218463335
3.029550769948571
3.030506320650094
3.031386146515655
3.0322756953804504
3.033165520496374
3.0340171482080067
3.034950323530013
3.035861235174816
3.038972019618212
3.0398844966180913
3.0407472467250747
3.0415160095296656
3.0421773578967577
3.0427253144872584
3.0430786588228513
3.0432732607463437
3.043280008052318
3.0430414632137888
3.0426494538716518
3.042064907246471
3.0413428578987816
3.040545455950746
3.0396533473341076
