3.0428410524233582
3.0432719513332356
3.0436775239091625
3.0441087175336223
3.044603808852235
3.0450907431101806
3.0455552626090623
3.0459628456727614
3.046266633839071
3.046435213710626
3.046472470868434
3.0463176993046104
3.045995340751582
3.0454400262788313
3.044703081423309
3.0437466879476087
3.0425613550915656
3.0412096558364548
3.0396365668345586
3.0378917657087467
3.0359666962707568
3.033872424389408
3.0316752049650715
3.0293469364818195
3.026974918809233
3.0245913605636243
3.0221959252893917
3.0199084134082232
3.017758488509234
3.0157531753462585
3.0140250737264456
3.012556802463744
3.01133565332671
3.0104942844383324
3.0099203578213576
3.0096600581176203
3.009692957803956
3.009967705795967
3.0105076418598684
3.0112170685611552
3.012104285503964
3.0131148352983494
3.0141940824065725
3.0153476140213913
3.016446111517747
3.0174300688823235
3.0182608506790283
3.0186713975589146
3.018504707225417
3.01750212272997
3.0163245999659436
3.0123188155536287
3.006022632679207
2.996740979900337
2.983667438860354
2.965928353064806
2.9426802825127143
2.9129532033718726
2.8759071744596523
2.8308695588491357
2.777260486782147
2.714878119248189
2.6438131657494424
2.5645875139814103
2.478160780699312
2.385950747522688
2.2899052086689684
2.1923087504910086
2.0957847687839353
2.0033275654293217
1.9178518360408368
1.8422890160864558
1.7794498893248867
1.7316290146278515
1.7006215300535448
1.6877289963248505
1.6934753077657507
1.7176088211384761
1.7592445771273866
1.816808426087583
1.8881375877786744
1.970649708627204
2.061452515699117
2.157559851804267
2.255976451781107
2.3539056552104785
2.4488168383211004
2.538631747838969
2.621675232283179
2.6967459222031502
2.763178366732267
2.820682082678406
2.869376633159222
2.9096891911338014
2.9422797809407535
2.967990996717555
2.987740159829978
3.002424638809603
3.012950303953666
3.0201234137650514
3.0246836121862426
3.027239327566856
3.0283202602513013
3.0283656156266257
3.0277057702825974
3.0265878755084508
3.0252391202911544
3.0237912825790385
3.022380404110912
3.021051753741964
3.0198534413548552
3.0188739643923705
3.0180725733168394
3.0174854865202203
3.0171584355055057
3.017054282850124
3.0171783275997868
3.0191397286954635
3.0196900610921746
3.020396171073537
3.021255379468542
3.0222336606358424
3.0232473656066703
3.0243459568971494
3.025441326786065
3.0265071208121688
3.0275920287094418
3.0285976787795508
3.029557985036292
3.0305132786816205
3.031392849503499
3.0322821655081684
3.0331718020241922
3.0340232992958795
3.034956417312433
3.0358673514699737
3.0389783616104804
3.039890999483353
3.0407539633017997
3.0415229791465817
3.042184598262385
3.0427328234797697
3.0430864082144105
3.0432811958497386
3.0432880553991124
3.043049536404756
3.0426574598670664
3.042072758260132
3.0413504775594005
3.040552786449398
3.039660350629778
