3.0428390928053384
3.043269926379147
3.0436754984044123
3.0441067636650065
3.0446020022463265
3.0450891470108203
3.045553930797518
3.045961819478452
3.0462659360870408
3.046434850989261
3.046472436978089
3.0463179706407035
3.045995884129176
3.045440802691709
3.0447040511093584
3.0437478107975533
3.0425625944439307
3.0412109791343607
3.0396379490203973
3.03789318129303
3.0359681176715902
3.0338738257778024
3.0316765542329396
3.029348196398077
3.0269760509077037
3.0245923199065485
3.022196664045034
3.0199088876241245
3.017758656937038
3.015753002149694
3.014024534432629
3.012555880652684
3.011334343030157
3.0104925935659144
3.00991830087694
3.0096576511050532
3.009690219529584
3.009964652597233
3.010504289624169
3.0112134291877313
3.01210036769384
3.0131106508706456
3.0141896500642344
3.015342962131055
3.0164412948093644
3.0174251814557604
3.018256039000158
3.018666883509092
3.01850080561087
3.0174992667557365
3.0163233591345477
3.012319877417921
3.006026836913688
2.996749289698796
2.983680911580449
2.96594809392734
2.942707379538236
2.9129886461219465
2.875951763899747
2.830923813051445
2.7773245330308765
2.7149516140990433
2.643895217096461
2.564676631119222
2.478254861033728
2.3860471142802147
2.290000705845749
2.192399888630185
2.0958679280864967
2.0033992118716615
1.9179087573620368
1.842328528015325
1.7794700182792038
1.7316286275711428
1.700600410826896
1.6876878741731398
1.6934158161293102
1.7175334014730748
1.7591563245364399
1.8167108847109268
1.888034517813523
1.9705448492106976
2.0613493607051763
2.157461461110386
2.2558853198244564
2.3538236345857633
2.4487451131922233
2.5385708569354333
2.6216251301150093
2.6967060671515886
2.7631478277170554
2.820659666644235
2.8693610107490644
2.9096790233754
2.942273815622418
2.967988132656099
2.9877394896775904
3.0024254487047664
3.0129520530603764
3.020125699357373
3.024686140825096
3.027241891691828
3.0283227135413746
3.028367856080262
3.0277077367904557
3.026589535967186
3.0252404627992933
3.0237923060117797
3.0223811176710256
3.0210521687610328
3.019853565798613
3.01887380904821
3.0180721511718898
3.017484813407895
3.0171575344655857
3.017053184858463
3.017177071490263
3.019138382637721
3.019688653915854
3.0203947442738155
3.021253974197916
3.0222323129798863
3.0232461043082424
3.024344797558826
3.0254402743686497
3.0265061664997193
3.027591146373945
3.028596828116848
3.0295571186830985
3.0305123477860567
3.0313918059285863
3.032280973285614
3.0331704426153863
3.034021771525983
3.0349547391725005
3.0358655619111508
3.0389765445818506
3.0398891985546026
3.040752250276307
3.0415214261994175
3.042183274532287
3.0427317875362374
3.043085698347526
3.043280827847213
3.0432880209276796
3.0430498042221137
3.042657979245713
3.042073464616568
3.041351299696447
3.040553652844822
3.0396611975011374
