9.997976897781426509e-01
9.997682393922457944e-01
9.997355745358355028e-01
9.996994905319884772e-01
9.996597850098016824e-01
9.996162592009543157e-01
9.995687191842049790e-01
9.995169770671755716e-01
9.994608520983726541e-01
9.994001717058259571e-01
9.993347724618013572e-01
9.992645009756236929e-01
9.991892147186368645e-01
9.991087827866818039e-01
9.990230866061962089e-01
9.989320205901801586e-01
9.988354927499045743e-01
9.987334252674801016e-01
9.986257550333625943e-01
9.985124341516711244e-01
9.983934304149612027e-01
9.982687277489055155e-01
9.981383266263003096e-01
9.980022444489687894e-01
9.978605158955273779e-01
9.977131932326293029e-01
9.975603465871963893e-01
9.974020641772820550e-01
9.972384524995511201e-01
9.970696364718669713e-01
9.968957595301256580e-01
9.967169836791991422e-01
9.965334894986277448e-01
9.963454761044751029e-01
9.961531610694840388e-01
9.959567803043172241e-01
9.957565879031785583e-01
9.955528559574555736e-01
9.953458743411693899e-01
9.951359504719257121e-01
9.949234090507150796e-01
9.947085917832872992e-01
9.944918570849231587e-01
9.942735797692449085e-01
9.940541507202693694e-01
9.938339765452282037e-01
9.936134792038158192e-01
9.933930956075116558e-01
9.931732771805334981e-01
9.929544893718740273e-01
9.927372111058352377e-01
9.925219341565748588e-01
9.923091624305008240e-01
9.920994111389616066e-01
9.918932058426475074e-01
9.916910813484969278e-01
9.914935804397245755e-01
9.913012524198864250e-01
9.911146514526674167e-01
9.909343346803055619e-01
9.907608601052361186e-01
9.905947842215884203e-01
9.904366593855657985e-01
9.902870309164145679e-01
9.901464339226007105e-01
9.900153898509039818e-01
9.898944027593771233e-01
9.897839553184726302e-01
9.896845045480926473e-01
9.895964773018612881e-01
9.895202655135438841e-01
9.894562212242397070e-01
9.894046514127257108e-01
9.893658126551009291e-01
9.893399056436037453e-01
9.893270695980694862e-01
9.893273766068377828e-01
9.893408259368823288e-01
9.893673383553450718e-01
9.894067505063681711e-01
9.894588093879478352e-01
9.895231669733608459e-01
9.895993750204128414e-01
9.896868801092718604e-01
9.897850189459602710e-01
9.898930139637373005e-01
9.900099692487175362e-01
9.901348668093057359e-01
9.902665632015987818e-01
9.904037865150573383e-01
9.905451337147724855e-01
9.906890683288070987e-01
9.908339184616635764e-01
9.909778751081710357e-01
9.911189907361931395e-01
9.912551781017306940e-01
9.913842092563319719e-01
9.915037147043220811e-01
9.916111826662422635e-01
9.917039584050464374e-01
9.917792435729912981e-01
9.918340955397130232e-01
9.918654266656266039e-01
9.918700034894315509e-01
9.918444458040729383e-01
9.917852256019273893e-01
9.916886658772026131e-01
9.915509392815229361e-01
9.913680666374232731e-01
9.911359153239848174e-01
9.908501975591588184e-01
9.905064686144583463e-01
9.901001250096936879e-01
9.896264027482805092e-01
9.890803756673500757e-01
9.884569539913564684e-01
9.877508831929753264e-01
9.869567432806136686e-01
9.860689486475033849e-01
9.850817486327606565e-01
9.839892289595149055e-01
9.827853142287110710e-01
9.814637716589321714e-01
9.800182162719772716e-01
9.784421177304046813e-01
9.767288090362924446e-01
9.748714972996116446e-01
9.728632767795020175e-01
9.706971443921538212e-01
9.683660178648020311e-01
9.658627566965741762e-01
9.631801860637312362e-01
9.603111237794761390e-01
9.572484103873220018e-01
9.539849424324584604e-01
9.505137089180928367e-01
9.468278309138954407e-01
9.429206042419590039e-01
9.387855451226064796e-01
9.344164386184582449e-01
9.298073896708906050e-01
9.249528764788639279e-01
9.198478059265535745e-01
9.144875707237577478e-01
9.088681078821901904e-01
9.029859581119952239e-01
8.968383256866993003e-01
8.904231382918958992e-01
8.837391063438454486e-01
8.767857812394408423e-01
8.695636119792801155e-01
8.620739995914477038e-01
8.543193487756390869e-01
8.463031161859315699e-01
8.380298547762649042e-01
8.295052536458418224e-01
8.207361728423983038e-01
8.117306726096467084e-01
8.024980366010241450e-01
7.930487886248407392e-01
7.833947025354939253e-01
7.735488049408221212e-01
7.635253704560265309e-01
7.533399092987377310e-01
7.430091470865577419e-01
7.325509967664046718e-01
7.219845226728728305e-01
7.113298967792974770e-01
7.006083472689681457e-01
6.898420996139638106e-01
6.790543104044335365e-01
6.682689942212303169e-01
6.575109438892769997e-01
6.468056444878105271e-01
6.361791815270176897e-01
6.256581437289405745e-01
6.152695208747129829e-01
6.050405972009739175e-01
5.949988408466906353e-01
5.851717898686084052e-01
5.755869353600315819e-01
5.662716022244098646e-01
5.572528281729289823e-01
5.485572415343054065e-01
5.402109384853772678e-01
5.322393603327137956e-01
5.246671714978865531e-01
5.175181388814682482e-01
5.108150133024427220e-01
5.045794137292807235e-01
4.988317150353543949e-01
4.935909400233321476e-01
4.888746564694358421e-01
4.846988799379564616e-01
4.810779831080845836e-01
4.780246123382517753e-01
4.755496121672569965e-01
4.736619584161847474e-01
4.723687005106018688e-01
4.716749135889687361e-01
4.715836609012801217e-01
4.720959669323000485e-01
4.732108016074336732e-01
4.749250758572792774e-01
4.772336487303747710e-01
4.801293461537590179e-01
4.836029913488317789e-01
4.876434468166704894e-01
4.922376677134439049e-01
4.973707663437285653e-01
5.030260874081182720e-01
5.091852935522804824e-01
5.158284606780451087e-01
5.229341823938806755e-01
5.304796829026776628e-01
5.384409375496926886e-01
5.467928001834059248e-01
5.555091364175732682e-01
5.645629618245855408e-01
5.739265840393099616e-01
5.835717477096180605e-01
5.934697811958782321e-01
6.035917438976894367e-01
6.139085730729768597e-01
6.243912290131989895e-01
6.350108374494917163e-01
6.457388280886739995e-01
6.565470682155728488e-01
6.674079903490244270e-01
6.782947130030834160e-01
6.891811536817847861e-01
7.000421333243954658e-01
7.108534715173104868e-01
7.215920718970689762e-01
7.322359972846830267e-01
7.427645342126214523e-01
7.531582466303059498e-01
7.633990186996307825e-01
7.734700867166360849e-01
7.833560603168230330e-01
7.930429332376378593e-01
8.025180840204021449e-01
8.117702671336846088e-01
8.207895950892675208e-01
8.295675121992138745e-01
8.380967606871037034e-01
8.463713399176175933e-01
8.543864595459490507e-01
8.621384874119593089e-01
8.696248930137996380e-01
8.768441873924379681e-01
8.837958602429291100e-01
8.904803150413722612e-01
8.968988029395181805e-01
9.030533561332924064e-01
9.089467213585686878e-01
9.145822941089292168e-01
9.199640541074466382e-01
9.250965024992944263e-01
9.299846011657316724e-01
9.346337144941249120e-01
9.390495538744165760e-01
9.432381251309724934e-01
9.472056790409287830e-01
9.509586650368089256e-01
9.545036881428041742e-01
9.578474691510959760e-01
9.609968080071221719e-01
9.639585503407539502e-01
9.667395570538531713e-01
9.693466768533280931e-01
9.717867216022709753e-01
9.740664443495894442e-01
9.761925198902549061e-01
9.781715277033663503e-01
9.800099371131546500e-01
9.817140945183121525e-01
9.832902125371649760e-01
9.847443609197813474e-01
9.860824590827486080e-01
9.873102701277641779e-01
9.884333962111164773e-01
9.894572751373988950e-01
9.903871780572925942e-01
9.912282081558752012e-01
9.919853002246297180e-01
9.926632210171215664e-01
9.932665702951515296e-01
9.937997824790768542e-01
9.942671288228720483e-01
9.946727200413304493e-01
9.950205093235005016e-01
9.953142956729066348e-01
9.955577275212041943e-01
9.957543065675368288e-01
9.959073918008759518e-01
9.960202036669298931e-01
9.960958283447275408e-01
9.961372221006916661e-01
9.961472156899182639e-01
9.961285187755524184e-01
9.960837243377002048e-01
9.960153130434182822e-01
9.959256575491517438e-01
9.958170267067828485e-01
9.956915896444035186e-01
9.955514196932541138e-01
9.953984981331511772e-01
9.952347177302822701e-01
9.950618860435798130e-01
9.948817284790070214e-01
9.946958910749769123e-01
9.945059430066970352e-01
9.943133788023491570e-01
9.941196202695224970e-01
9.939260181360096702e-01
9.937338534147647229e-01
9.935443385082928236e-01
9.933586180728080084e-01
9.931777696669941147e-01
9.930028042139903421e-01
9.928346663081927259e-01
9.926742344005631269e-01
9.925223208973243949e-01
9.923796722072220078e-01
9.922469687719847053e-01
9.921248251133040208e-01
9.920137899276698645e-01
9.919143462578732251e-01
9.918269117670449608e-01
9.917518391378765674e-01
9.916894166162989466e-01
9.916398687154929226e-01
9.916033570927816898e-01
9.915799816087865759e-01
9.915697815752716471e-01
9.915727371953970692e-01
9.915887711976414387e-01
9.916177506624374027e-01
9.916594890385536099e-01
9.917137483444034007e-01
9.917802415477336986e-01
9.918586351154871084e-01
9.919485517240137495e-01
9.920495731182081833e-01
9.921612431065698345e-01
9.922830706776286647e-01
9.924145332216947057e-01
9.925550798405046171e-01
9.927041347261147397e-01
9.928611005893800412e-01
9.930253621176012846e-01
9.931962894404759989e-01
9.933732415833558260e-01
9.935555698870196517e-01
9.937426213736934022e-01
9.939337420398672851e-01
9.941282800575241829e-01
9.943255888666628906e-01
9.945250301434080953e-01
9.947259766294896943e-01
9.949278148104093722e-01
9.951299474311294802e-01
9.953317958396088461e-01
9.955328021499375568e-01
9.957324312181982107e-01
9.959301724254946420e-01
9.961255412638740925e-01
9.963180807221226898e-01
9.965073624696832999e-01
9.966929878382246866e-01
9.968745886017158497e-01
9.970518275572278766e-01
9.972243989100947337e-01
9.973920284685147131e-01
9.975544736541280821e-01
9.977115233365431157e-01
9.978629975011621411e-01
9.980087467609156660e-01
9.981486517236223266e-01
9.982826222275628103e-01
9.984105964584698567e-01
9.985325399614197739e-01
9.986484445610439575e-01
9.987583272030361448e-01
9.988622287291234469e-01
9.989602125965071355e-01
9.990523635513393064e-01
9.991387862641402107e-01
9.992196039332991164e-01
9.992949568610525191e-01
9.993650010047351318e-01
9.994299065047820285e-01
9.994898561900591449e-01
9.995450440607103193e-01
9.995956737489051225e-01
9.996419569586945109e-01
9.996841118875938736e-01
9.997223616344693697e-01
9.997569326006645607e-01
9.997880528939262490e-01
