9.997985280305905498e-01
9.997691971491070584e-01
9.997366639769333929e-01
9.997007243851055991e-01
9.996611764924456800e-01
9.996178219537443788e-01
9.995704671966673116e-01
9.995189245968874037e-01
9.994630135845168351e-01
9.994025616783092092e-01
9.993374054471459988e-01
9.992673914008678437e-01
9.991923768144681528e-01
9.991122304909928475e-01
9.990268334691845276e-01
9.989360796820282440e-01
9.988398765719739281e-01
9.987381456678361413e-01
9.986308231273232083e-01
9.985178602479477528e-01
9.983992239478313158e-01
9.982748972167350132e-01
9.981448795366121285e-01
9.980091872701406519e-01
9.978678540150922593e-01
9.977209309220441691e-01
9.975684869728430604e-01
9.974106092173602445e-01
9.972474029664224471e-01
9.970789919393073797e-01
9.969055183648395380e-01
9.967271430358533024e-01
9.965440453175685720e-01
9.963564231112089775e-01
9.961644927749363498e-01
9.959684890048395856e-01
9.957686646792586194e-01
9.955652906701051297e-01
9.953586556250270112e-01
9.951490657242169080e-01
9.949368444153654512e-01
9.947223321296849718e-01
9.945058859810640417e-01
9.942878794492746586e-01
9.940687020467310342e-01
9.938487589666417099e-01
9.936284707085223378e-01
9.934082726750105286e-01
9.931886147317994240e-01
9.929699607203558154e-01
9.927527879109914188e-01
9.925375863818909350e-01
9.923248583079495866e-01
9.921151171418123305e-01
9.919088866684084849e-01
9.917066999135955019e-01
9.915090978873034588e-01
9.913166281418392956e-01
9.911298431267639986e-01
9.909492983229940544e-01
9.907755501404591492e-01
9.906091535657340907e-01
9.904506595485010889e-01
9.903006121184194654e-01
9.901595452269373876e-01
9.900279793117099381e-01
9.899064175845567748e-01
9.897953420472570540e-01
9.896952092429304182e-01
9.896064457542690374e-01
9.895294434634712699e-01
9.894645545923643759e-01
9.894120865448829960e-01
9.893722965777571599e-01
9.893453863289051187e-01
9.893314962365332699e-01
9.893306998852319234e-01
9.893429983182587817e-01
9.893683143576007533e-01
9.894064869751153513e-01
9.894572657589375542e-01
9.895203055192355324e-01
9.895951610762215855e-01
9.896812822709802893e-01
9.897780092361666560e-01
9.898845679589843849e-01
9.900000661631790377e-01
9.901234895302342132e-01
9.902536982727419002e-01
9.903894240652724168e-01
9.905292673302663609e-01
9.906716948687738222e-01
9.908150378185504037e-01
9.909574899153227312e-01
9.910971060271728250e-01
9.912318009271311459e-01
9.913593482653336730e-01
9.914773796995759447e-01
9.915833841418071337e-01
9.916747070780596029e-01
9.917485499204554689e-01
9.918019693522218683e-01
9.918318766299983880e-01
9.918350368120706362e-01
9.918080678864251709e-01
9.917474397786484319e-01
9.916494732266349921e-01
9.915103385168061445e-01
9.913260540850765690e-01
9.910924849951546767e-01
9.908053413169559676e-01
9.904601764389898699e-01
9.900523853605708302e-01
9.895772030226193117e-01
9.890297027496263160e-01
9.884047948899821190e-01
9.876972257571597913e-01
9.869015769899909252e-01
9.860122654661536146e-01
9.850235439186360020e-01
9.839295024198642103e-01
9.827240709118825190e-01
9.814010229728515888e-01
9.799539810196331580e-01
9.783764231527576349e-01
9.766616918531249025e-01
9.748030047389034669e-01
9.727934675859287728e-01
9.706260898052274655e-01
9.682938025570131391e-01
9.657894796616469657e-01
9.631059614447922135e-01
9.602360816265929078e-01
9.571726973335386024e-01
9.539087222771751584e-01
9.504371631064726378e-01
9.467511589009683926e-01
9.428440237302835314e-01
9.387092921627711029e-01
9.343407675623874864e-01
9.297325729688649121e-01
9.248792043123719164e-01
9.197755856705414068e-01
9.144171262335030193e-01
9.087997786018456869e-01
9.029200980037922486e-01
8.967753019817958915e-01
8.903633300658578831e-01
8.836829029216981546e-01
8.767335804370801622e-01
8.695158181897364447e-01
8.620310217260346297e-01
8.542815980713499568e-01
8.462710038915820521e-01
8.380037897307897055e-01
8.294856397628668221e-01
8.207234065157191782e-01
8.117251400545725248e-01
8.025001111467051640e-01
7.930588279727124323e-01
7.834130459988396522e-01
7.735757706802210976e-01
7.635612527251030013e-01
7.533849757142009329e-01
7.430636359360167642e-01
7.326151143669097365e-01
7.220584407925677572e-01
7.114137501340389580e-01
7.007022311052986119e-01
6.899460673894715068e-01
6.791683715763584539e-01
6.683931121542473486e-01
6.576450338937329665e-01
6.469495720004290185e-01
6.363327604471786803e-01
6.258211349251905364e-01
6.154416308781193168e-01
6.052214771042891961e-01
5.951880854309918867e-01
5.853689369819985444e-01
5.757914655760167921e-01
5.664829388105199204e-01
5.574703374028329161e-01
5.487802333788360798e-01
5.404386677193186994e-01
5.324710280946591823e-01
5.249019273396958729e-01
5.177550833416784126e-01
5.110532010342176967e-01
5.048178572080361803e-01
4.990693888640230780e-01
4.938267858443353697e-01
4.891075884820208497e-01
4.849277910076852383e-01
4.813017514423530985e-01
4.782421086880169758e-01
4.757597075011074095e-01
4.738635319989549233e-01
4.725606483053539364e-01
4.718561568888752777e-01
4.717531550871159052e-01
4.722527102424169954e-01
4.733538438005385762e-01
4.750535266443730587e-01
4.773466858510586608e-01
4.802262229738772925e-01
4.836830438610818517e-01
4.877060999333061586e-01
4.922824407503285649e-01
4.973972776074711000e-01
5.030340578125489515e-01
5.091745492066173107e-01
5.157989344064055626e-01
5.228859141637791641e-01
5.304128191583776797e-01
5.383557294642986601e-01
5.466896008609627433e-01
5.553883970927580016e-01
5.644252271225860262e-01
5.737724863717974522e-01
5.834020008942251145e-01
5.932851733960543550e-01
6.033931299871992948e-01
6.136968665345463592e-01
6.241673934839608862e-01
6.347758780269652235e-01
6.454937825101958460e-01
6.562929980214213810e-01
6.671459721352182015e-01
6.780258298640706727e-01
6.889064869362169219e-01
6.997627546090756656e-01
7.105704353254125305e-01
7.213064086270468689e-01
7.319487068561101317e-01
7.424765802947133064e-01
7.528705515182543273e-01
7.631124588632902661e-01
7.731854890357079402e-01
7.830741990066391045e-01
7.927645274600765291e-01
8.022437961655164429e-01
8.115007017493807151e-01
8.205252984289541640e-01
8.293089723508082489e-01
8.378444082411997673e-01
8.461255491280437191e-01
8.541475499323654130e-01
8.619067257515962144e-01
8.694004956678841323e-01
8.766273229122730770e-01
8.835866522009195867e-01
8.902788450334746528e-01
8.967051137075536804e-01
9.028674547582050680e-01
9.087685824789618616e-01
9.144118631229523064e-01
9.198012503202389611e-01
9.249412221826300851e-01
9.298367205011282000e-01
9.344930923753940188e-01
9.389160345503537730e-01
9.431115406734938977e-01
9.470858516284195172e-01
9.508454090466316178e-01
9.543968120507962949e-01
9.577467772393865042e-01
9.609021018846763962e-01
9.638696302836921026e-01
9.666562231747416467e-01
9.692687301103289910e-01
9.717139646602447334e-01
9.739986823060070575e-01
9.761295608791170642e-01
9.781131833902916295e-01
9.799560230944330819e-01
9.816644306360836625e-01
9.832446231220348665e-01
9.847026749711775828e-01
9.860445103962305335e-01
9.872758973773531066e-01
9.884024429935847067e-01
9.894295899843745801e-01
9.903626144200344816e-01
9.912066243666736165e-01
9.919665594380203677e-01
9.926471911334454612e-01
9.932531238684803032e-01
9.937887966111265126e-01
9.942584850442464095e-01
9.946663041812555672e-01
9.950162113691163324e-01
9.953120096191575561e-01
9.955573512124027413e-01
9.957557415317468408e-01
9.959105430783652402e-01
9.960249796340573392e-01
9.961021405347605384e-01
9.961449850231709480e-01
9.961563466503038367e-01
9.961389376969851384e-01
9.960953535867906883e-01
9.960280772620262457e-01
9.959394834941380781e-01
9.958318430996961901e-01
9.957073270330045744e-01
9.955680103266746350e-01
9.954158758523283801e-01
9.952528178751091081e-01
9.950806453779527105e-01
9.949010851346513640e-01
9.947157845145787602e-01
9.945263140064776186e-01
9.943341694537957132e-01
9.941407739995381521e-01
9.939474797442867660e-01
9.937555691267295765e-01
9.935662560415304823e-01
9.933806867144763242e-01
9.931999403593898545e-01
9.930250296451522685e-01
9.928569010042427312e-01
9.926964348163990204e-01
9.925444455023042511e-01
9.924016815626232058e-01
9.922688255972849092e-01
9.921464943387019453e-01
9.920352387307442843e-01
9.919355440828366843e-01
9.918478303256729189e-01
9.917724523918515223e-01
9.917097007413735454e-01
9.916598020485171139e-01
9.916229200632257212e-01
9.915991566568943538e-01
9.915885530593776531e-01
9.915910912912160313e-01
9.916066957924793979e-01
9.916352352472794784e-01
9.916765246008508727e-01
9.917303272641371237e-01
9.917963574989799858e-01
9.918742829752770218e-01
9.919637274898015500e-01
9.920642738347570377e-01
9.921754668025634105e-01
9.922968163118490725e-01
9.924278006381932471e-01
9.925678697318458532e-01
9.927164486035137125e-01
9.928729407583779532e-01
9.930367316578385672e-01
9.932071921881194809e-01
9.933836821148043228e-01
9.935655535026430840e-01
9.937521540805340781e-01
9.939428305324341517e-01
9.941369316960317892e-01
9.943338116522810743e-01
9.945328326902951321e-01
9.947333681335672750e-01
9.949348050149930955e-01
9.951365465896540030e-01
9.953380146757786484e-01
9.955386518156941200e-01
9.957379232499244948e-01
9.959353186988824103e-01
9.961303539478620905e-01
9.963225722322861522e-01
9.965115454214084068e-01
9.966968749999608468e-01
9.968781928485483945e-01
9.970551618249735570e-01
9.972274761500868889e-01
9.973948616032176639e-01
9.975570755337066498e-01
9.977139066965088343e-01
9.978651749212207323e-01
9.980107306251606580e-01
9.981504541822353582e-01
9.982842551602112424e-01
9.984120714396169660e-01
9.985338682277867806e-01
9.986496369814823471e-01
9.987593942510798461e-01
9.988631804584879870e-01
9.989610586197938957e-01
9.990531130221752543e-01
9.991394478629475051e-01
9.992201858568400263e-01
9.992954668158362530e-01
9.993654462043070064e-01
9.994302936708469032e-01
9.994901915573209950e-01
9.995453333852382105e-01
9.995959223197780075e-01
9.996421696126185363e-01
9.996842930261434779e-01
9.997225152435683659e-01
9.997570622719047506e-01
9.997881618473094534e-01
