9.997985344724882317e-01
9.997692084806959478e-01
9.997366813803958419e-01
9.997007491984665206e-01
9.996612102142330425e-01
9.996178662456223218e-01
9.995705238838616946e-01
9.995189956662750008e-01
9.994631011803033482e-01
9.994026680952829977e-01
9.993375331215523794e-01
9.992675428990069886e-01
9.991925548191733508e-01
9.991124377861924089e-01
9.990270729227922475e-01
9.989363542274368735e-01
9.988401891884473027e-01
9.987384993601085004e-01
9.986312209047165656e-01
9.985183051033141854e-01
9.983997188366124931e-01
9.982754450364166310e-01
9.981454831068282685e-01
9.980098493136598803e-01
9.978685771398922988e-01
9.977217176046586644e-01
9.975693395431385335e-01
9.974115298448792410e-01
9.972483936484032307e-01
9.970800544904698803e-01
9.969066544089985049e-01
9.967283539993941899e-01
9.965453324247869338e-01
9.963577873814785102e-01
9.961659350216285347e-01
9.959700098358690301e-01
9.957702644990783503e-01
9.955669696829204662e-01
9.953604138389438027e-01
9.951509029559878483e-01
9.949387602953554399e-01
9.947243261066405218e-01
9.945079573262557426e-01
9.942900272595769362e-01
9.940709252462234247e-01
9.938510563063551739e-01
9.936308407640149776e-01
9.934107138415391169e-01
9.931911252169494109e-01
9.929725385341044985e-01
9.927554308532963168e-01
9.925402920280118613e-01
9.923276239918268349e-01
9.921179399379199682e-01
9.919117633725849092e-01
9.917096270234071476e-01
9.915120715825301856e-01
9.913196442656700968e-01
9.911328971682691336e-01
9.909523854013893018e-01
9.907786649916092703e-01
9.906122905312633176e-01
9.904538125677888605e-01
9.903037747236759225e-01
9.901627105414765317e-01
9.900311400514799631e-01
9.899095660629477766e-01
9.897984701831931131e-01
9.896983085722651508e-01
9.896095074445392381e-01
9.895324583321174483e-01
9.894675131285967096e-01
9.894149789354441671e-01
9.893751127369021514e-01
9.893481159329722274e-01
9.893341287635124548e-01
9.893332246597301705e-01
9.893454045622240844e-01
9.893705912470729391e-01
9.894086237031420872e-01
9.894592516046113451e-01
9.895221299225883671e-01
9.895968137184589786e-01
9.896827531592596872e-01
9.897792887918395177e-01
9.898856471079344743e-01
9.900009364266251222e-01
9.901241431141319937e-01
9.902541281537320383e-01
9.903896240709931797e-01
9.905292322117875692e-01
9.906714203629244375e-01
9.908145206980022435e-01
9.909567280244676590e-01
9.910960983020792314e-01
9.912305473981846138e-01
9.913578500415549666e-01
9.914756389340410037e-01
9.915814039780740385e-01
9.916724915780079641e-01
9.917461039744557283e-01
9.917992985730603728e-01
9.918289872324670409e-01
9.918319354805785748e-01
9.918047616333838246e-01
9.917439357967084979e-01
9.916457787381000033e-01
9.915064606237072864e-01
9.913219996234520215e-01
9.910882603970371241e-01
9.908009524834285875e-01
9.904556286274317500e-01
9.900476830888823576e-01
9.895723499928099631e-01
9.890247017926805384e-01
9.883996479334052898e-01
9.876919338160760065e-01
9.868961401821351176e-01
9.860066830505946900e-01
9.850178143576058254e-01
9.839236234626725919e-01
9.827180396995708334e-01
9.813948361620017380e-01
9.799476349235911599e-01
9.783699138984590649e-01
9.766550155517037535e-01
9.747961576683212837e-01
9.727864463839483999e-01
9.706188916711649961e-01
9.682864254608042343e-01
9.657819225588413214e-01
9.630982244961315830e-01
9.602281664208116574e-01
9.571646071119545018e-01
9.539004621585055466e-01
9.504287403101225884e-01
9.467425829668077997e-01
9.428353067326749049e-01
9.387004489163413012e-01
9.343318158167897014e-01
9.297235335895606134e-01
9.248701014443041490e-01
9.197664468814867877e-01
9.144079826338901151e-01
9.087906649379271506e-01
9.029110527212481641e-01
8.967663672571350997e-01
8.903545518033563200e-01
8.836743307140513259e-01
8.767252674884511432e-01
8.695078212004030416e-01
8.620234007383936747e-01
8.542744162775746108e-01
8.462643274037483510e-01
8.379976873147753080e-01
8.294801825377560167e-01
8.207186676208361176e-01
8.117211942865782959e-01
8.024970345694601992e-01
7.930566975028043863e-01
7.834119389698215308e-01
7.735757643886951307e-01
7.635624239618207243e-01
7.533874002833399475e-01
7.430673881657332558e-01
7.326202666141408137e-01
7.220650629449010260e-01
7.114219091112233828e-01
7.007119903626924939e-01
6.899574864253679163e-01
6.791815054447363220e-01
6.684080109840332407e-01
6.576617424152000346e-01
6.469681290788567019e-01
6.363531986234410853e-01
6.258434799625400835e-01
6.154659013141077217e-01
6.052476838066014331e-01
5.952162311559797692e-01
5.853990159349145017e-01
5.758234629724401366e-01
5.665168304392066423e-01
5.575060891912526628e-01
5.488178009639721466e-01
5.404779960278469630e-01
5.325120509383869383e-01
5.249445670340180392e-01
5.177992503567683258e-01
5.110987936905584395e-01
5.048647614296621899e-01
4.991174780043236003e-01
4.938759206003993096e-01
4.891576169141186314e-01
4.849785486805682222e-01
4.813530617044503579e-01
4.782937831033475806e-01
4.758115464467477240e-01
4.739153254382142411e-01
4.726121767435144116e-01
4.719071925144581181e-01
4.718034630973146903e-01
4.723020503467004749e-01
4.734019718916120389e-01
4.751001966209137395e-01
4.773916515720302289e-01
4.802692403199757543e-01
4.837238728751260819e-01
4.877445070082926382e-01
4.923182008315492020e-01
4.974301763736046489e-01
5.030638938000474569e-01
5.092011358420567291e-01
5.158221019126780771e-01
5.229055113081009232e-01
5.304287148129251950e-01
5.383678139538160545e-01
5.466977870757585567e-01
5.553926213500064435e-01
5.644254497636350676e-01
5.737686920881064356e-01
5.833941987795023820e-01
5.932733967269816500e-01
6.033774357397295729e-01
6.136773346470372203e-01
6.241441258822759686e-01
6.347489974300792870e-01
6.454634310377453943e-01
6.562593356270018941e-01
6.671091748910534802e-01
6.779860881239646586e-01
6.888640034044473115e-01
6.997177423431438781e-01
7.105231157003562004e-01
7.212570092883576756e-01
7.318974596872682703e-01
7.424237194239533544e-01
7.528163113874744017e-01
7.630570723800582655e-01
7.731291858271369666e-01
7.830172037915494876e-01
7.927070585533804170e-01
8.021860641261882030e-01
8.114429081807684740e-01
8.204676349375696898e-01
8.292516196671626538e-01
8.377875355037601723e-01
8.460693133290038137e-01
8.540920955217043975e-01
8.618521843938514726e-01
8.693469861442275626e-01
8.765749511588676324e-01
8.835355114731738846e-01
8.902290161846969641e-01
8.966566655696537325e-01
9.028204446115025705e-01
9.087230565978143826e-01
9.143678573838180945e-01
9.197587908589240913e-01
9.249003260878059240e-01
9.297973965317457568e-01
9.344553416903251808e-01
9.388798514394416372e-01
9.430769132801755106e-01
9.470527626551509259e-01
9.508138364354976613e-01
9.543667296328746108e-01
9.577181553476469267e-01
9.608749079263999571e-01
9.638438292695672427e-01
9.666317782029130168e-01
9.692456028047131689e-01
9.716921155633746476e-01
9.739780712275000196e-01
9.761101472015700775e-01
9.780949263349872913e-01
9.799388819496801517e-01
9.816483649513287890e-01
9.832295928710564903e-01
9.846886406877373155e-01
9.860314332855104613e-01
9.872637394063702443e-01
9.883911669635652153e-01
9.894191595878064627e-01
9.903529942848168233e-01
9.911977800894640200e-01
9.919584576085573868e-01
9.926397993513164097e-01
9.932464107535123876e-01
9.937827318083204409e-01
9.942530392239473658e-01
9.946614490350674798e-01
9.950119196019147072e-01
9.953082549374425714e-01
9.955541083091516974e-01
9.957529860678746569e-01
9.959082516608731561e-01
9.960231297909472037e-01
9.961007106868020600e-01
9.961439544526358159e-01
9.961556954668190356e-01
9.961386468006981909e-01
9.960954046290941832e-01
9.960284526041417452e-01
9.959401661639147862e-01
9.958328167470392733e-01
9.957085758844020917e-01
9.955695191393469923e-01
9.954176298685705193e-01
9.952548027774383854e-01
9.950828472457082796e-01
9.949034904027093118e-01
9.947183799348555677e-01
9.945290866128838614e-01
9.943371065312737178e-01
9.941438630577676960e-01
9.939507084965737427e-01
9.937589254744971790e-01
9.935697280647204366e-01
9.933842626680312593e-01
9.932036086758340154e-01
9.930287789431240242e-01
9.928607201026544704e-01
9.927003127537242788e-01
9.925483715603199419e-01
9.924056452937770612e-01
9.922728168547196859e-01
9.921505033078635849e-01
9.920392559614278349e-01
9.919395605204982536e-01
9.918518373408528044e-01
9.917764418066210563e-01
9.917136648518288800e-01
9.916637336425014881e-01
9.916268124326509392e-01
9.916030036042517981e-01
9.915923488982673062e-01
9.915948308409572309e-01
9.916103743671046411e-01
9.916388486394206447e-01
9.916800690612120883e-01
9.917337994773882670e-01
9.917997545570009787e-01
9.918776023487309024e-01
9.919669669990065497e-01
9.920674316207818144e-01
9.921785412993719966e-01
9.922998062201990876e-01
9.924307049018372684e-01
9.925706875164218568e-01
9.927191792783415236e-01
9.928755838812147738e-01
9.930392869625024321e-01
9.932096595747585965e-01
9.933860616424962098e-01
9.935678453839350555e-01
9.937543586774967297e-01
9.939449483537895480e-01
9.941389633949290205e-01
9.943357580243294969e-01
9.945346946715126757e-01
9.947351467979652639e-01
9.949365015715819771e-01
9.951381623787245445e-01
9.953395511643736704e-01
9.955401105922441207e-01
9.957393060180678157e-01
9.959366272705291179e-01
9.961315902355873941e-01
9.963237382411551657e-01
9.965126432403443868e-01
9.966979067927643765e-01
9.968791608446717634e-01
9.970560683101397093e-01
9.972283234568298793e-01
9.973956521014039067e-01
9.975578116210830348e-01
9.977145907893090193e-01
9.978658094448532578e-01
9.980113180049949850e-01
9.981509968345017025e-01
9.982847554830343029e-01
9.984125318042101904e-01
9.985342909698448066e-01
9.986500243928241316e-01
9.987597485716079859e-01
9.988635038685432788e-01
9.989613532329970624e-01
9.990533808788540915e-01
9.991396909242512558e-01
9.992204059996407928e-01
9.992956658285063742e-01
9.993656257834481194e-01
9.994304554190238665e-01
9.994903369818296524e-01
9.995454638979064388e-01
9.995960392377700732e-01
9.996422741601816986e-01
9.996843863372109062e-01
9.997225983651064629e-01
9.997571361678746493e-01
9.997882274031035799e-01
