9.997984105216293216e-01
9.997690744052311063e-01
9.997365374493892842e-01
9.997005958902752676e-01
9.996610482357142224e-01
9.996176965489865784e-01
9.995703476806879761e-01
9.995188144382644024e-01
9.994629166864305025e-01
9.994024823750922160e-01
9.993373484944459983e-01
9.992673619594735213e-01
9.991923804280071764e-01
9.991122730578518851e-01
9.990269212091329454e-01
9.989362190981342371e-01
9.988400744084882099e-01
9.987384088647786040e-01
9.986311587725463790e-01
9.985182755274630839e-01
9.983997260951780195e-01
9.982754934621451692e-01
9.981455770566899366e-01
9.980099931387236278e-01
9.978687751559102148e-01
9.977219740637363055e-01
9.975696586068381055e-01
9.974119155590717156e-01
9.972488499201572765e-01
9.970805850672368464e-01
9.969072628603273811e-01
9.967290437013782700e-01
9.965461065474127134e-01
9.963586488790041606e-01
9.961668866260715571e-01
9.959710540536208523e-01
9.957714036105899114e-01
9.955682057453172362e-01
9.953617486913337586e-01
9.951523382271206808e-01
9.949402974131852373e-01
9.947259663092398174e-01
9.945097016734326667e-01
9.942918766444704959e-01
9.940728804060968704e-01
9.938531178317816517e-01
9.936330091056628788e-01
9.934129893138123890e-01
9.931935079978272407e-01
9.929750286606513487e-01
9.927580282124709443e-01
9.925429963425904667e-01
9.923304348014522214e-01
9.921208565754983111e-01
9.919147849364444713e-01
9.917127523458177940e-01
9.915152991953259942e-01
9.913229723638343760e-01
9.911363235724012233e-01
9.909559075199942946e-01
9.907822797841222551e-01
9.906159944726490307e-01
9.904576016154511553e-01
9.903076442872854601e-01
9.901666554561829869e-01
9.900351545548409238e-01
9.899136437757856122e-01
9.898026040945021586e-01
9.897024910282381516e-01
9.896137301417776699e-01
9.895367123151292965e-01
9.894717887917723331e-01
9.894192660298256614e-01
9.893794003822113936e-01
9.893523926355282105e-01
9.893383824408272798e-01
9.893374426727125082e-01
9.893495737560089598e-01
9.893746980015412085e-01
9.894126539941530130e-01
9.894631910768556526e-01
9.895259639747653324e-01
9.896005276011845542e-01
9.896863320857400836e-01
9.897827180608954611e-01
9.898889122384598727e-01
9.900040233020299674e-01
9.901270381347706540e-01
9.902568183947867420e-01
9.903920974427936619e-01
9.905314776191208592e-01
9.906734278595539234e-01
9.908162816323873301e-01
9.909582351725708671e-01
9.910973459831775578e-01
9.912315315697710627e-01
9.913585683697226925e-01
9.914760908361848202e-01
9.915815906353070419e-01
9.916724159153615936e-01
9.917457706076957535e-01
9.917987137217739724e-01
9.918281585999535466e-01
9.918308721019556407e-01
9.918034736942006324e-01
9.917424344251876134e-01
9.916440757748983259e-01
9.915045683737523374e-01
9.913199305949643714e-01
9.910860270332537691e-01
9.907985668927963285e-01
9.904531023181177840e-01
9.900450267133563687e-01
9.895695731079865443e-01
9.890218126406827848e-01
9.883966532474390831e-01
9.876888386552176158e-01
9.868929477980549203e-01
9.860033947884193628e-01
9.850144295922811377e-01
9.839201395713822462e-01
9.827144520700241692e-01
9.813911382357571878e-01
9.799438182730593194e-01
9.783659683358428838e-01
9.766509292678918763e-01
9.747919173996425490e-01
9.727820376047155992e-01
9.706142988100451285e-01
9.682816321392327952e-01
9.657769118499031080e-01
9.630929792025264558e-01
9.602226693706776839e-01
9.571588414713934068e-01
9.538944117596315220e-01
9.504223899933175179e-01
9.467359189356086002e-01
9.428283169193504287e-01
9.386931233557601617e-01
9.343241470256529180e-01
9.297155169475168623e-01
9.248617355729153999e-01
9.197577340165056237e-01
9.143989289858869274e-01
9.087812810359960913e-01
9.029013537343543172e-01
8.967563732876531191e-01
8.903442881475087667e-01
8.836638280842721294e-01
8.767145621931616839e-01
8.694969552772993104e-01
8.620124220380298574e-01
8.542633784948143738e-01
8.462532900554610160e-01
8.379867156629835501e-01
8.294693474582388593e-01
8.207080454179480622e-01
8.117108664557379782e-01
8.024870875093744749e-01
7.930472221800186627e-01
7.834030305386309179e-01
7.735675217697978168e-01
7.635549493833614365e-01
7.533807987881807611e-01
7.430617670888802762e-01
7.326157350342887842e-01
7.220617311139855277e-01
7.114198878657106428e-01
7.007113905200801351e-01
6.899584181689963902e-01
6.791840776995086149e-01
6.684123307850377005e-01
6.576679142704708880e-01
6.469762543266877053e-01
6.363633747837103005e-01
6.258558000805540811e-01
6.154804532944939677e-01
6.052645497338944303e-01
5.952354865978006782e-01
5.854207292231389248e-01
5.758476944575414702e-01
5.665436317131906652e-01
5.575355022752537248e-01
5.488498574577955758e-01
5.405127162205086711e-01
5.325494428810075842e-01
5.249846255793041427e-01
5.178419561726250731e-01
5.111441122590734132e-01
5.049126420466171217e-01
4.991678527983608449e-01
4.939287035948417559e-01
4.892127031579198704e-01
4.850358134778706143e-01
4.814123599744019044e-01
4.783549489031275748e-01
4.758743926908970412e-01
4.739796438463491635e-01
4.726777380461678613e-01
4.719737469431867227e-01
4.718707411803864105e-01
4.723697640256758756e-01
4.734698159672194873e-01
4.751678505289127497e-01
4.774587814815802744e-01
4.803355015386182592e-01
4.837889125361606313e-01
4.878079670083931285e-01
4.923797209791583862e-01
4.974893977022937230e-01
5.031204619957950763e-01
5.092547047294748719e-01
5.158723369427535843e-01
5.229520929890194569e-01
5.304713420260924739e-01
5.384062070991761928e-01
5.467316909938543246e-01
5.554218079728377999e-01
5.644497204519767219e-01
5.737878796194518793e-01
5.834081689579051488e-01
5.932820495936228511e-01
6.033807063707394835e-01
6.136751935328470520e-01
6.241365788902606404e-01
6.347360853594199437e-01
6.454452287820395817e-01
6.562359509661803703e-01
6.670807469394269829e-01
6.779527854657503294e-01
6.888260219518314020e-01
6.996753029548314906e-01
7.104764616006328248e-01
7.212064033279953490e-01
7.318431814881452002e-01
7.423660624490974191e-01
7.527555799774302558e-01
7.629935787950556936e-01
7.730632473326002341e-01
7.829491398220436160e-01
7.926371879872573523e-01
8.021147027000004037e-01
8.113703660690330111e-01
8.203942145197723468e-01
8.291776135000352710e-01
8.377132245129301769e-01
8.459949652301557155e-01
8.540179634774843764e-01
8.617785059089417832e-01
8.692739821973911596e-01
8.765028255673504853e-01
8.834644504817199540e-01
8.901591882686080703e-01
8.965882214388504190e-01
9.027535174004409635e-01
9.086577622243953156e-01
9.143042950591032669e-01
9.196970437285474365e-01
9.248404619854245778e-01
9.297394688247037076e-01
9.343993901978817629e-01
9.388259034044212914e-01
9.430249843756957073e-01
9.470028580091492953e-01
9.507659516570743374e-01
9.543208518259479467e-01
9.576742640990609789e-01
9.608329762573695199e-01
9.638038245411648663e-01
9.665936629681479708e-01
9.692093356015877292e-01
9.716576516450772250e-01
9.739453632275794082e-01
9.760791457334935251e-01
9.780655805268799741e-01
9.799111399162621083e-01
9.816221742060758926e-01
9.832049006824190585e-01
9.846653943838372669e-01
9.860095805121178447e-01
9.872432283431453737e-01
9.883719465035556428e-01
9.894011794850391395e-01
9.903362052745466881e-01
9.911821339852653345e-01
9.919439073799983797e-01
9.926262991854721829e-01
9.932339161030734331e-01
9.937711994285635120e-01
9.942424272003750341e-01
9.946517168031009382e-01
9.950030279596578930e-01
9.953001660522242666e-01
9.955467857182986879e-01
9.957463946739744109e-01
9.959023577216424838e-01
9.960179009037299913e-01
9.960961157676667677e-01
9.961399637100306625e-01
9.961522803697566708e-01
9.961357800414832875e-01
9.960930600806685575e-01
9.960266052721974406e-01
9.959387921340189243e-01
9.958318931271120666e-01
9.957080807429989910e-01
9.955694314403060741e-01
9.954179294027033498e-01
9.952554700920520636e-01
9.950838635728542769e-01
9.949048375871559768e-01
9.947200403628643217e-01
9.945310431429391640e-01
9.943393424279615145e-01
9.941463619300168197e-01
9.939534542414611984e-01
9.937619022277685010e-01
9.935729201590880466e-01
9.933876546001838559e-01
9.932071850829161663e-01
9.930325245892331898e-01
9.928646198756513330e-01
9.927043516723698113e-01
9.925525347914481156e-01
9.924099181788947899e-01
9.922771849451084147e-01
9.921549524069570580e-01
9.920437721729680192e-01
9.919441303007469068e-01
9.918564475529693114e-01
9.917810797752206753e-01
9.917183184157219999e-01
9.916683912036793336e-01
9.916314629997381447e-01
9.916076368288766485e-01
9.915969551030995310e-01
9.915994010385210666e-01
9.916149002688660063e-01
9.916433226550569469e-01
9.916844842883774103e-01
9.917381496826646048e-01
9.918040341490579337e-01
9.918818063449827971e-01
9.919710909872537785e-01
9.920714717174271557e-01
9.921824941058332570e-01
9.923036687790781629e-01
9.924344746542780316e-01
9.925743622618939943e-01
9.927227571378516302e-01
9.928790632646757874e-01
9.930426665407161568e-01
9.932129382561923903e-01
9.933892385547835602e-01
9.935709198598104974e-01
9.937573302447019197e-01
9.939478167283560817e-01
9.941417284771661977e-01
9.943384198968115983e-01
9.945372535983736384e-01
9.947376032248521627e-01
9.949388561256965469e-01
9.951404158684741263e-01
9.953417045782593231e-01
9.955421650967206659e-01
9.957412629542145011e-01
9.959384881494628416e-01
9.961333567326322580e-01
9.963254121888441839e-01
9.965142266203789179e-01
9.966994017270839334e-01
9.968805695858029559e-01
9.970573932309905185e-01
9.972295670400855849e-01
9.973968169286596686e-01
9.975589003618205997e-01
9.977156061897966000e-01
9.978667543170188781e-01
9.980121952152957165e-01
9.981518092927902375e-01
9.982855061314099832e-01
9.984132236058331777e-01
9.985349268976937420e-01
9.986506074183862935e-01
9.987602816535082750e-01
9.988639899411392298e-01
9.989617951949943953e-01
9.990537815820245138e-01
9.991400531623617631e-01
9.992207324977270266e-01
9.992959592326410290e-01
9.993658886511671557e-01
9.994306902105749568e-01
9.994905460524006191e-01
9.995456494909765732e-01
9.995962034797017948e-01
9.996424190561400414e-01
9.996845137684607918e-01
9.997227100876999728e-01
9.997572338127003189e-01
9.997883124772317665e-01
