9.997977665455815011e-01
9.997683425552817971e-01
9.997357100053615442e-01
9.996996650959081299e-01
9.996600063930428659e-01
9.996165361190394449e-01
9.995690613887201481e-01
9.995173953815535972e-01
9.994613584425261488e-01
9.994007791083406866e-01
9.993354950586139651e-01
9.992653539943656682e-01
9.991902144481085157e-01
9.991099465312283101e-01
9.990244326250712348e-01
9.989335680222988234e-01
9.988372615246925434e-01
9.987354360028093403e-01
9.986280289218192330e-01
9.985149928366231498e-01
9.983962958580672176e-01
9.982719220908435886e-01
9.981418720425812019e-01
9.980061630027378117e-01
9.978648293892599108e-01
9.977179230605771609e-01
9.975655135903647164e-01
9.974076885026047501e-01
9.972445534647929044e-01
9.970762324376227781e-01
9.969028677801108351e-01
9.967246203098361068e-01
9.965416693187368891e-01
9.963542125456726906e-01
9.961624661076797782e-01
9.959666643924921514e-01
9.957670599154020419e-01
9.955639231438846437e-01
9.953575422935471151e-01
9.951482230988754063e-01
9.949362885619060792e-01
9.947220786813338878e-01
9.945059501636779320e-01
9.942882761169647976e-01
9.940694457259763306e-01
9.938498639064680118e-01
9.936299509339430180e-01
9.934101420406096228e-01
9.931908869721221000e-01
9.929726494936681469e-01
9.927559068330035208e-01
9.925411490462037190e-01
9.923288782902977001e-01
9.921196079856204886e-01
9.919138618497382875e-01
9.917121727842153067e-01
9.915150815953320818e-01
9.913231355301553860e-01
9.911368866101092356e-01
9.909568897453765457e-01
9.907837006150642667e-01
9.906178733000335912e-01
9.904599576576021969e-01
9.903104964299010993e-01
9.901700220804834363e-01
9.900390533567808848e-01
9.899180915791598867e-01
9.898076166606223358e-01
9.897080828646026562e-01
9.896199143118338259e-01
9.895435002508848887e-01
9.894791901106864129e-01
9.894272883571580968e-01
9.893880491798604515e-01
9.893616710383789092e-01
9.893482911017814629e-01
9.893479796178835661e-01
9.893607342520291947e-01
9.893864744375159281e-01
9.894250357814706742e-01
9.894761645707631503e-01
9.895395124222909899e-01
9.896146311205600288e-01
9.897009676828781854e-01
9.897978596886526370e-01
9.899045309043058571e-01
9.900200872293100085e-01
9.901435129819663450e-01
9.902736675360490626e-01
9.904092823115473454e-01
9.905489581147721712e-01
9.906911628153100002e-01
9.908342293400015377e-01
9.909763539575359159e-01
9.911155948215962797e-01
9.912498707359344019e-01
9.913769601014149613e-01
9.914945000030078726e-01
9.915999853939461151e-01
9.916907683347834235e-01
9.917640572468187088e-01
9.918169161422258906e-01
9.918462637971491302e-01
9.918488728388807907e-01
9.918213687239694210e-01
9.917602285905954274e-01
9.916617799757773133e-01
9.915221993958783786e-01
9.913375107974653488e-01
9.911035838948528687e-01
9.908161324206657961e-01
9.904707123265189539e-01
9.900627199824867386e-01
9.895873904364278495e-01
9.890397958074532703e-01
9.884148439017961252e-01
9.877072771539678886e-01
9.869116720111497099e-01
9.860224388940141971e-01
9.850338228822221875e-01
9.839399052872757068e-01
9.827346062886981315e-01
9.814116888211337209e-01
9.799647639093130858e-01
9.783872976543581679e-01
9.766726200780773137e-01
9.748139360312496615e-01
9.728043383670628153e-01
9.706368235715796544e-01
9.683043100292527683e-01
9.657996590830663086e-01
9.631156990260061335e-01
9.602452521334730040e-01
9.571811648153155661e-01
9.539163409317739095e-01
9.504437782802842571e-01
9.467566082202928390e-01
9.428481383614982780e-01
9.387118981978068710e-01
9.343416875252715803e-01
9.297316274378930601e-01
9.248762136509032228e-01
9.197703718575225285e-01
9.144095147826786230e-01
9.087896005563147472e-01
9.029071919902262877e-01
8.967595163063795116e-01
8.903445248319707961e-01
8.836609521476406215e-01
8.767083741508649997e-01
8.694872644771995951e-01
8.619990487083060149e-01
8.542461557881029233e-01
8.462320660674188533e-01
8.379613554036104972e-01
8.294397347550097610e-01
8.206740847310090015e-01
8.116724845870404437e-01
8.024442351895724190e-01
7.929998755191449700e-01
7.833511923288900558e-01
7.735112226311855466e-01
7.634942487451683579e-01
7.533157857016610226e-01
7.429925608684668781e-01
7.325424857266059631e-01
7.219846197955865907e-01
7.113391267718844890e-01
7.006272230082287722e-01
6.898711185209605024e-01
6.790939507677957732e-01
6.683197114881329615e-01
6.575731669422812953e-01
6.468797719245835687e-01
6.362655779586282589e-01
6.257571361110459973e-01
6.153813948845663351e-01
6.051655936718396411e-01
5.951371522701115468e-01
5.853235569740394828e-01
5.757522437807904847e-01
5.664504792588067605e-01
5.574452396499038898e-01
5.487630887940315727e-01
5.404300554871896978e-01
5.324715109054313222e-01
5.249120467511145804e-01
5.177753548008725559e-01
5.110841085570820841e-01
5.048598477248704697e-01
4.991228662535553973e-01
4.938921046935864645e-01
4.891850476262615821e-01
4.850176269225325854e-01
4.814041315781030228e-01
4.783571248539619791e-01
4.758873694239327268e-01
4.740037611935939976e-01
4.727132724080317372e-01
4.720209046097447736e-01
4.719296519432309989e-01
4.724404752302630017e-01
4.735522871606049344e-01
4.752619488581772966e-01
4.775642779936660753e-01
4.804520685226085774e-01
4.839161220342794723e-01
4.879452906024361880e-01
4.925265309352317988e-01
4.976449695292392006e-01
5.032839784424213425e-01
5.094252612136258573e-01
5.160489483723746940e-01
5.231337019028388102e-01
5.306568279503480756e-01
5.385943969880188087e-01
5.469213705955465743e-01
5.556117339423979340e-01
5.646386330140972243e-01
5.739745155737696614e-01
5.835912748122309424e-01
5.934603946095823312e-01
6.035530953102989926e-01
6.138404789030511566e-01
6.242936724968035644e-01
6.348839689967489264e-01
6.455829639079995186e-01
6.563626872319681116e-01
6.671957294701907903e-01
6.780553608127699583e-01
6.889156426632105923e-01
6.997515307373882720e-01
7.105389690706170880e-01
7.212549743719347539e-01
7.318777102770865906e-01
7.423865511694871522e-01
7.527621353595971287e-01
7.629864075355757835e-01
7.730426505196124065e-01
7.829155064828421384e-01
7.925909878851790102e-01
8.020564785128251328e-01
8.113007250839021633e-01
8.203138199801069952e-01
8.290871757382296536e-01
8.376134919988738048e-01
8.458867156600514692e-01
8.539019950201647280e-01
8.616556287181533769e-01
8.691450102884988871e-01
8.763685691458638072e-01
8.833257087991603917e-01
8.900167430687825343e-01
8.964428310447949411e-01
9.026059114793865135e-01
9.085086372553305978e-01
9.141543105150702342e-01
9.195468189739185449e-01
9.246905738772578376e-01
9.295904499970153445e-01
9.342517279984450251e-01
9.386800394456147334e-01
9.428813146540463430e-01
9.468617335426143811e-01
9.506276795847904415e-01
9.541856969121593757e-01
9.575424505811840348e-01
9.607046899776242599e-01
9.636792153018323148e-01
9.664728470522204740e-01
9.690923984032584482e-01
9.715446503580675852e-01
9.738363295435893408e-01
9.759740885079518646e-01
9.779644883745253203e-01
9.798139837047428191e-01
9.815289094215766674e-01
9.831154696471419152e-01
9.845797283108416176e-01
9.859276013884278322e-01
9.871648506370254150e-01
9.882970786963527488e-01
9.893297254318913492e-01
9.902680654015191264e-01
9.911172063330545567e-01
9.918820885062489268e-01
9.925674849389846122e-01
9.931780022838035960e-01
9.937180823473730218e-01
9.941920041520734275e-01
9.946038864655097900e-01
9.949576907303117057e-01
9.952572243330003454e-01
9.955061441568222591e-01
9.957079603691574299e-01
9.958660403992483090e-01
9.959836130664732057e-01
9.960637728230959942e-01
9.961094840783321080e-01
9.961235855726744415e-01
9.961087947727902403e-01
9.960677122580293696e-01
9.960028260698472469e-01
9.959165159954118662e-01
9.958110577565758570e-01
9.956886270754312651e-01
9.955513035880719785e-01
9.954010745791047610e-01
9.952398385110435841e-01
9.950694083250568589e-01
9.948915144926516740e-01
9.947078078017423941e-01
9.945198618650857858e-01
9.943291753441270142e-01
9.941371738867500474e-01
9.939452117830432920e-01
9.937545733487991306e-01
9.935664740518493909e-01
9.933820614013141315e-01
9.932024156242440505e-01
9.930285501578309804e-01
9.928614119882424038e-01
9.927018818691539792e-01
9.925507744541711697e-01
9.924088383775774291e-01
9.922767563172624206e-01
9.921551450723554710e-01
9.920445556861156033e-01
9.919454736421399188e-01
9.918583191590759629e-01
9.917834476058873250e-01
9.917211500564759863e-01
9.916716539992028734e-01
9.916351242136877131e-01
9.916116638242794545e-01
9.916013155368172960e-01
9.916040630627841468e-01
9.916198327326726236e-01
9.916484952983295464e-01
9.916898679221666235e-01
9.917437163493821872e-01
9.918097572576682897e-01
9.918876607772459941e-01
9.919770531724217966e-01
9.920775196741981050e-01
9.921886074517709542e-01
9.923098287090532654e-01
9.924406638906939637e-01
9.925805649804874120e-01
9.927289588736357695e-01
9.928852508031139612e-01
9.930488277994428126e-01
9.932190621625598403e-01
9.933953149242104042e-01
9.935769392793901700e-01
9.937632839658335770e-01
9.939536965713454686e-01
9.941475267498627311e-01
9.943441293284567273e-01
9.945428672889883304e-01
9.947431146097258647e-01
9.949442589538944892e-01
9.951457041937742387e-01
9.953468727605760957e-01
9.955472078118710044e-01
9.957461752098202279e-01
9.959432653048524431e-01
9.961379945207708975e-01
9.963299067385712471e-01
9.965185744775263421e-01
9.967035998733743130e-01
9.968846154547486016e-01
9.970612847203198514e-01
9.972333025204943580e-01
9.974003952489077784e-01
9.975623208503670014e-01
9.977188686532817430e-01
9.978698590359647014e-01
9.980151429374067851e-01
9.981546012242094035e-01
9.982881439262170087e-01
9.984157093539884897e-01
9.985372631115296826e-01
9.986527970176448665e-01
9.987623279488302419e-01
9.988658966158333596e-01
9.989635662848602715e-01
9.990554214529806520e-01
9.991415664856381218e-01
9.992221242224235134e-01
9.992972345555276581e-01
9.993670529837014316e-01
9.994317491432346268e-01
9.994915053165621677e-01
9.995465149187128251e-01
9.995969809620014468e-01
9.996431145001730689e-01
9.996851330546095982e-01
9.997232590271437624e-01
9.997577181063707075e-01
9.997887376769557521e-01
