9.997977032262155284e-01
9.997682679004086248e-01
9.997356224648865641e-01
9.996995629964250396e-01
9.996598879422600170e-01
9.996163994126087138e-01
9.995689044195251727e-01
9.995172160514478321e-01
9.994611545764445770e-01
9.994005484706385278e-01
9.993352353714192171e-01
9.992650629576692589e-01
9.991898897612637720e-01
9.991095859154820458e-01
9.990240338467217818e-01
9.989331289160519045e-01
9.988367800167825550e-01
9.987349101334617174e-01
9.986274568666509976e-01
9.985143729266127144e-01
9.983956265977694811e-01
9.982712021745787645e-01
9.981411003683845484e-01
9.980053386839206064e-01
9.978639517634926293e-01
9.977169916964697682e-01
9.975645282915746037e-01
9.974066493095545827e-01
9.972434606541271673e-01
9.970750865195693313e-01
9.969016694939417667e-01
9.967233706176482633e-01
9.965403693977875621e-01
9.963528637795152632e-01
9.961610700763566806e-01
9.959652228620404779e-01
9.957655748269367280e-01
9.955623966025235472e-01
9.953559765574475637e-01
9.951466205686534394e-01
9.949346517707147175e-01
9.947204102858753227e-01
9.945042529364241934e-01
9.942865529398510205e-01
9.940676995858146459e-01
9.938480978923036613e-01
9.936281682365331047e-01
9.934083459541523942e-01
9.931890808982961616e-01
9.929708369479607333e-01
9.927540914532119176e-01
9.925393346028973385e-01
9.923270686989187350e-01
9.921178073198019254e-01
9.919120743553210273e-01
9.917104028933670934e-01
9.915133339401073220e-01
9.913214149548037479e-01
9.911351981814299217e-01
9.909552387604451118e-01
9.907820926057122612e-01
9.906163140335509931e-01
9.904584531332428776e-01
9.903090528709043161e-01
9.901686459214684710e-01
9.900377512265166047e-01
9.899168702788546659e-01
9.898064831380032347e-01
9.897070441841572253e-01
9.896189776216645084e-01
9.895426727466668515e-01
9.894784789972338457e-01
9.894267008080798176e-01
9.893875922957434677e-01
9.893613518038679722e-01
9.893481163418533786e-01
9.893479559535324208e-01
9.893608680555199264e-01
9.893867717873162659e-01
9.894255024169589241e-01
9.894768058468297323e-01
9.895403332640138050e-01
9.896156359782333212e-01
9.897021604878101231e-01
9.897992438103140334e-01
9.899061091095935350e-01
9.900218616448794862e-01
9.901454850607688263e-01
9.902758380293632534e-01
9.904116512479157475e-01
9.905515247873131202e-01
9.906939257788783815e-01
9.908371864195940626e-01
9.909795022691874067e-01
9.911189308067780424e-01
9.912533902101637873e-01
9.913806583174064047e-01
9.914983717282698228e-01
9.916040250022551961e-01
9.916949699104741223e-01
9.917684147003279493e-01
9.918214233348490172e-01
9.918509146725141834e-01
9.918536615582544957e-01
9.918262898021792395e-01
9.917652770291132125e-01
9.916669513893603405e-01
9.915274901291193377e-01
9.913429180276658315e-01
9.911091057178049724e-01
9.908217679162023561e-01
9.904764616010687250e-01
9.900685841863344772e-01
9.895933717539255881e-01
9.890458974190294850e-01
9.884210699172638614e-01
9.877136325173022646e-01
9.869181623775853396e-01
9.860290704809674400e-01
9.850406022961595287e-01
9.839468393291957993e-01
9.827417017413662137e-01
9.814189522215688299e-01
9.799722013102809548e-01
9.783949143787573632e-01
9.766804204701127201e-01
9.748219232081843932e-01
9.728125139751238049e-01
9.706451875492968506e-01
9.683128603811417268e-01
9.658083916661615032e-01
9.631246073513335393e-01
9.602543271841493810e-01
9.571903948826021580e-01
9.539257114701159557e-01
9.504532717821501109e-01
9.467662041114972560e-01
9.428578129176544698e-01
9.387216244825934419e-01
9.343514353513067139e-01
9.297413633511657505e-01
9.248859009398849862e-01
9.197799705882514498e-01
9.144189818612374898e-01
9.087988898202001842e-01
9.029162543300847110e-01
8.967682998194810295e-01
8.903529750085641403e-01
8.836690120910063451e-01
8.767159848314564075e-01
8.694943650207438424e-01
8.620055767171637129e-01
8.542520476945714147e-01
8.462372575170469258e-01
8.379657816659884517e-01
8.294433311589638480e-01
8.206767871206432918e-01
8.116742297947048268e-01
8.024449615215569764e-01
7.929995232497469848e-01
7.833497041984520681e-01
7.735085443437683672e-01
7.634903294616710578e-01
7.533105785244370578e-01
7.429860233137681735e-01
7.325345801815265068e-01
7.219753139565192601e-01
7.113283940618699841e-01
7.006150429709230298e-01
6.898574771892884705e-01
6.790788410056591839e-01
6.683031333038418342e-01
6.575551277726293664e-01
6.468602868887172175e-01
6.362446700810648892e-01
6.257348365133603707e-01
6.153577429453913616e-01
6.051406371549061802e-01
5.951109474200680927e-01
5.852961685797268832e-01
5.757237452054979610e-01
5.664209524367715964e-01
5.574147750479220287e-01
5.487317853365453191e-01
5.403980204425692380e-01
5.324388597303977289e-01
5.248789028894189634e-01
5.177418494314104391e-01
5.110503802857153666e-01
5.048260422133632463e-01
4.990891357782846205e-01
4.938586076261650692e-01
4.891519478279565680e-01
4.849850930445039898e-01
4.813723362600448308e-01
4.783262438147967144e-01
4.758575804398298414e-01
4.739752429607310136e-01
4.726862032902294786e-01
4.719954612742955913e-01
4.719060078918688728e-01
4.724187992361338351e-01
4.735327416262100630e-01
4.752446881133819412e-01
4.775494465568236313e-01
4.804397993514948340e-01
4.839065347966343689e-01
4.879384899983545409e-01
4.925226051052442600e-01
4.976439885825900689e-01
5.032859931396693742e-01
5.094303018362700275e-01
5.160570238096928719e-01
5.231447989826260025e-01
5.306709110357894499e-01
5.386114078577315389e-01
5.469412286179702321e-01
5.556343365494442743e-01
5.646638564724836273e-01
5.740022160459501421e-01
5.836212896925425664e-01
5.934925441153120484e-01
6.035871843020561567e-01
6.138762989042212403e-01
6.243310038780821580e-01
6.349225832889190402e-01
6.456226262042297215e-01
6.564031586400107532e-01
6.672367695748906424e-01
6.780967301102509559e-01
6.889571049298650607e-01
6.997928552992676021e-01
7.105799329419197896e-01
7.212953642348618466e-01
7.319173242792720302e-01
7.424252005194087456e-01
7.527996457046806089e-01
7.630226201120569041e-01
7.730774230674983816e-01
7.829487139234385662e-01
7.926225227625709469e-01
8.020862512043362980e-01
8.113286637879018048e-01
8.203398704925071172e-01
8.291113010316570886e-01
8.376356716207307151e-01
8.459069449675407082e-01
8.539202842718264241e-01
8.616720020425272519e-01
8.691595045512332529e-01
8.763812327369119304e-01
8.833366003616747175e-01
8.900259301909374532e-01
8.964503889350774468e-01
9.026119216449000060e-01
9.085131862014008686e-01
9.141574884829490877e-01
9.195487187316928601e-01
9.246912895772247953e-01
9.295900761108181198e-01
9.342503583392302025e-01
9.386777662843955872e-01
9.428782279353978835e-01
9.468579202028112318e-01
9.506232229735644967e-01
9.541806763174381922e-01
9.575369408544929239e-01
9.606987612563222534e-01
9.636729328230227987e-01
9.664662710520344202e-01
9.690855840942803612e-01
9.715376479769416429e-01
9.738291844603266245e-01
9.759668413881450455e-01
9.779571753855627048e-01
9.798066367571880431e-01
9.815215564371341239e-01
9.831081348450388946e-01
9.845724325050210224e-01
9.859203622886184570e-01
9.871576831475394886e-01
9.882899952073074257e-01
9.893227360984467866e-01
9.902611784076381651e-01
9.911104281371920788e-01
9.918754240672423839e-01
9.925609379212267935e-01
9.931715752415007925e-01
9.937117768883242386e-01
9.941858210819255470e-01
9.945978259138539279e-01
9.949517522602758790e-01
9.952514070361790921e-01
9.955004467354608977e-01
9.957023812074964342e-01
9.958605776258481201e-01
9.959782646091860370e-01
9.960585364581625578e-01
9.961043574748545959e-01
9.961185663334845009e-01
9.961038804724934304e-01
9.960629004787796559e-01
9.959981144351949256e-01
9.959119022023852352e-01
9.958065396059929686e-01
9.956842025003104224e-01
9.955469706799036089e-01
9.953968316116744708e-01
9.952356839614435735e-01
9.950653408914978959e-01
9.948875331086828311e-01
9.947039116465026254e-01
9.945160503692417331e-01
9.943254481912060516e-01
9.941335310096390820e-01
9.939416533555061051e-01
9.937510997719566364e-01
9.935630859356693323e-01
9.933787595412704174e-01
9.931992009734240678e-01
9.930254237948924478e-01
9.928583750817459030e-01
9.926989356389184227e-01
9.925479201304130417e-01
9.924060771586988849e-01
9.922740893272392615e-01
9.921525733187415153e-01
9.920420800197192746e-01
9.919430947194394221e-01
9.918560374084106623e-01
9.917812631984039839e-01
9.917190628827055043e-01
9.916696636520018204e-01
9.916332299781065451e-01
9.916098646747069090e-01
9.915996101415212038e-01
9.916024497957156569e-01
9.916183096921455942e-01
9.916470603319356147e-01
9.916885186570550959e-01
9.917424502268280539e-01
9.918085715706962402e-01
9.918865527099635093e-01
9.919760198396708750e-01
9.920765581601449501e-01
9.921877148461308860e-01
9.923090021397859006e-01
9.924399005521934436e-01
9.925798621565253832e-01
9.927283139545788337e-01
9.928846612972107577e-01
9.930482913382572274e-01
9.932185765008817446e-01
9.933948779350079139e-01
9.935765489445536058e-01
9.937629383635993019e-01
9.939533938613673847e-01
9.941472651569269736e-01
9.943439071258050044e-01
9.945426827821367555e-01
9.947429661215508867e-01
9.949441448116113085e-01
9.951456227182678971e-01
9.953468222583744529e-01
9.955471865698852785e-01
9.957461814928227906e-01
9.959432973555335522e-01
9.961380505621094672e-01
9.963299849781791506e-01
9.965186731135809994e-01
9.967037171017354424e-01
9.968847494768615647e-01
9.970614337515382175e-01
9.972334647984960609e-01
9.974005690419340819e-01
9.975625044650734408e-01
9.977190604420510534e-01
9.978700574035880289e-01
9.980153463470916586e-01
9.981548082029151336e-01
9.982883530693513752e-01
9.984159193295204515e-01
9.985374726635867226e-01
9.986530049696630273e-01
9.987625332063203576e-01
9.988660981688114449e-01
9.989637632099729325e-01
9.990556129153314036e-01
9.991417517403002879e-01
9.992223026155994114e-01
9.992974055252975552e-01
9.993672160602875554e-01
9.994319039486978529e-01
9.994916515638483379e-01
9.995466524099667627e-01
9.995971095860847200e-01
9.996432342293374296e-01
9.996852439403057788e-01
9.997233611949742915e-01
9.997578117502290418e-01
9.997888230524250019e-01
