9.997975718968581393e-01
9.997681110050168352e-01
9.997354359650862943e-01
9.996993424061310085e-01
9.996596283115851689e-01
9.996160953167072538e-01
9.995685499531086204e-01
9.995168048296317886e-01
9.994606797424747668e-01
9.994000027109090079e-01
9.993346109380408793e-01
9.992643516986731145e-01
9.991890831583409849e-01
9.991086751289787182e-01
9.990230097674203114e-01
9.989319822231020884e-01
9.988355012409898537e-01
9.987334897250079724e-01
9.986258852662205365e-01
9.985126406388242781e-01
9.983937242657753286e-01
9.982691206546897567e-01
9.981388308036067691e-01
9.980028725753491425e-01
9.978612810385957266e-01
9.977141087734027192e-01
9.975614261387910631e-01
9.974033215001182340e-01
9.972399014142703244e-01
9.970712907711869466e-01
9.968976328908500939e-01
9.967190895755664304e-01
9.965358411181199916e-01
9.963480862671234561e-01
9.961560421515984753e-01
9.959599441674443776e-01
9.957600458289467271e-01
9.955566185888143904e-01
9.953499516303716543e-01
9.951403516354312417e-01
9.949281425310336768e-01
9.947136652176129523e-01
9.944972772802564975e-01
9.942793526835536078e-01
9.940602814490968608e-01
9.938404693130409306e-01
9.936203373592674692e-01
9.934003216217119903e-01
9.931808726473350113e-01
9.929624550091356028e-01
9.927455467565875491e-01
9.925306387890048265e-01
9.923182341356868719e-01
9.921088471253346475e-01
9.919030024262258660e-01
9.917012339380452124e-01
9.915040835161215149e-01
9.913120995091531107e-01
9.911258350923003446e-01
9.909458463787843563e-01
9.907726902948194025e-01
9.906069222047736433e-01
9.904490932758625021e-01
9.902997475743522404e-01
9.901594188881599479e-01
9.900286272738046955e-01
9.899078753288836907e-01
9.897976441945584014e-01
9.896983892959521079e-01
9.896105358318555423e-01
9.895344740287115304e-01
9.894705541775006274e-01
9.894190814758537789e-01
9.893803107014437215e-01
9.893544407463920054e-01
9.893416090459906664e-01
9.893418859383613650e-01
9.893552689946150114e-01
9.893816773614843019e-01
9.894209461601016775e-01
9.894728209854342094e-01
9.895369525507066166e-01
9.896128915198475484e-01
9.897000835684975906e-01
9.897978647104165306e-01
9.899054569212675236e-01
9.900219640858365366e-01
9.901463682879433348e-01
9.902775264548263623e-01
9.904141673598886308e-01
9.905548889796600420e-01
9.906981561929454339e-01
9.908422988026623912e-01
9.909855098540883978e-01
9.911258442173490613e-01
9.912612173971666607e-01
9.913894045292787061e-01
9.915080395206128383e-01
9.916146142892879878e-01
9.917064780608091379e-01
9.917808366783695817e-01
9.918347518879158109e-01
9.918651405624721029e-01
9.918687738350713268e-01
9.918422761154084277e-01
9.917821239719490922e-01
9.916846448686157389e-01
9.915460157533139141e-01
9.913622615044195285e-01
9.911292532509443642e-01
9.908427065924415578e-01
9.904981797558416456e-01
9.900910717383487603e-01
9.896166204982926873e-01
9.890699012693893177e-01
9.884458250881640318e-01
9.877391376391897460e-01
9.869444185380905621e-01
9.860560811876752929e-01
9.850683733577226819e-01
9.839753786534012336e-01
9.827710190505607457e-01
9.814490586876261080e-01
9.800031091129882688e-01
9.784266361930618050e-01
9.767129688890392458e-01
9.748553101093765383e-01
9.728467498398374325e-01
9.706802807432652891e-01
9.683488164070394033e-01
9.658452123974212711e-01
9.631622902568550693e-01
9.602928645530147689e-01
9.572297730573350316e-01
9.539659100963550076e-01
9.504942630819098737e-01
9.468079521865245818e-01
9.429002730888137451e-01
9.387647426707723675e-01
9.343951475050569222e-01
9.297855949261850661e-01
9.249305664355181866e-01
9.198249731463943313e-01
9.144642129333495628e-01
9.088442289084956993e-01
9.029615688093372006e-01
8.968134448461558828e-01
8.903977935241466080e-01
8.837133349263400772e-01
8.767596309186258541e-01
8.695371417184730722e-01
8.620472802548763136e-01
8.542924637391406950e-01
8.462761618649181639e-01
8.380029410617935159e-01
8.294785042400417696e-01
8.207097254850909129e-01
8.117046791887819746e-01
8.024726631405181276e-01
7.930242151445505705e-01
7.833711227793472842e-01
7.735264259705318945e-01
7.635044121092835478e-01
7.533206035122731459e-01
7.429917370859200343e-01
7.325357361256683575e-01
7.219716742487394257e-01
7.113197315251038599e-01
7.006011429349743302e-01
6.898381393409072082e-01
6.790538812177057126e-01
6.682723854331686919e-01
6.575184454169533677e-01
6.468175450934006143e-01
6.361957669873489207e-01
6.256796949402257946e-01
6.152963118977976542e-01
6.050728932517186465e-01
5.950368962354724012e-01
5.852158458923371054e-01
5.756372181496831608e-01
5.663283205508615747e-01
5.573161712139347301e-01
5.486273766057925272e-01
5.402880087409349663e-01
5.323234824362075290e-01
5.247584332755717007e-01
5.176165969618460316e-01
5.109206907543666354e-01
5.046922977114980391e-01
4.989517544737164245e-01
4.937180433352726938e-01
4.890086893590012140e-01
4.848396632885026980e-01
4.812252910037061460e-01
4.781781702489291686e-01
4.757090953364448982e-01
4.738269904929993670e-01
4.725388524716429561e-01
4.718497029970668555e-01
4.717625515497725353e-01
4.722783689237305405e-01
4.733960719146149687e-01
4.751125194123098083e-01
4.774225200833720484e-01
4.803188517376362210e-01
4.837922923794319985e-01
4.878316628489496320e-01
4.924238808643109921e-01
4.975540261806996600e-01
5.032054164903982940e-01
5.093596935974721296e-01
5.159969193137787791e-01
5.230956804395889836e-01
5.306332021129491761e-01
5.385854687375122296e-01
5.469273516295949378e-01
5.556327424622162781e-01
5.646746915276233958e-01
5.740255497910249360e-01
5.836571136677808358e-01
5.935407714249838484e-01
6.036476500871007511e-01
6.139487617149719245e-01
6.244151479287313178e-01
6.350180215588404620e-01
6.457289043358165337e-01
6.565197595687226606e-01
6.673631188150539462e-01
6.782322016100482687e-01
6.891010274010392900e-01
6.999445189215001140e-01
7.107385963385217664e-01
7.214602616153784620e-01
7.320876726456782002e-01
7.426002068355842534e-01
7.529785139336302446e-01
7.632045580316165756e-01
7.732616487828065654e-01
7.831344620030166181e-01
7.928090499341625685e-01
8.022728415565176796e-01
8.115146334336124090e-01
8.205245716609226303e-01
8.292941255649967092e-01
8.378160538625396558e-01
8.460843640385519171e-01
8.540942657385679482e-01
8.618421189923097803e-01
8.693253780949172782e-01
8.765425319678558091e-01
8.834930418054395274e-01
8.901772767856221957e-01
8.965964485865351996e-01
9.027525454045339792e-01
9.086482661167276653e-01
9.142869551726754418e-01
9.196725387376678551e-01
9.248094625453712192e-01
9.297026318520306143e-01
9.343573538193423733e-01
9.387792825897244287e-01
9.429743672571652136e-01
9.469488028800102652e-01
9.507089846296921110e-01
9.542614651220489019e-01
9.576129149358582060e-01
9.607700862866985769e-01
9.637397797932422128e-01
9.665288142474286470e-01
9.691439992794037561e-01
9.715921107922625977e-01
9.738798690300585204e-01
9.760139191347547705e-01
9.780008140432617791e-01
9.798469995739256255e-01
9.815588015522834775e-01
9.831424148281332487e-01
9.846038940395354100e-01
9.859491459839296867e-01
9.871839234617918457e-01
9.883138204639582147e-01
9.893442685797171343e-01
9.902805345089149558e-01
9.911277185675588797e-01
9.918907540827058833e-01
9.925744075787799048e-01
9.931832796638689898e-01
9.937218065309937343e-01
9.941942619958074046e-01
9.946047599986153065e-01
9.949572575049385748e-01
9.952555577449833102e-01
9.955033137382039987e-01
9.957040320545532675e-01
9.958610767688496068e-01
9.959776735688937732e-01
9.960569139814178241e-01
9.961017596826428067e-01
9.961150468621510212e-01
9.960994906100062440e-01
9.960576892976980012e-01
9.959921289236846054e-01
9.959051873942648125e-01
9.957991387104150327e-01
9.956761570313056309e-01
9.955383205856539464e-01
9.953876154030524281e-01
9.952259388390652939e-01
9.950551028702906420e-01
9.948768371387707310e-01
9.946927917290662169e-01
9.945045396659095704e-01
9.943135791254864575e-01
9.941213353589032353e-01
9.939291623320806179e-01
9.937383440919809185e-01
9.935500958745187017e-01
9.933655649745317673e-01
9.931858314026460466e-01
9.930119083576036676e-01
9.928447425455450004e-01
9.926852143797796346e-01
9.925341380957165560e-01
9.923922618158748099e-01
9.922602675993011934e-01
9.921387715083643810e-01
9.920283237238809448e-01
9.919294087369701085e-01
9.918424456430803282e-01
9.917677885603954913e-01
9.917057271914676564e-01
9.916564875435320836e-01
9.916202328196723759e-01
9.915970644898666198e-01
9.915870235480512829e-01
9.915900919586877471e-01
9.916061942939389251e-01
9.916351995604207881e-01
9.916769232125751676e-01
9.917311293479460499e-01
9.917975330780064436e-01
9.918758030666124936e-01
9.919655642266247408e-01
9.920664005637143124e-01
9.921778581548452713e-01
9.922994482474181144e-01
9.924306504635939108e-01
9.925709160929354624e-01
9.927196714552579682e-01
9.928763213145240796e-01
9.930402523238002210e-01
9.932108364807564760e-01
9.933874345729652999e-01
9.935693995923501332e-01
9.937560800985473231e-01
9.939468235116519779e-01
9.941409793157811592e-01
9.943379021560652120e-01
9.945369548130140736e-01
9.947375110396466935e-01
9.949389582482712768e-01
9.951407000353202914e-01
9.953421585341466482e-01
9.955427765871502910e-01
9.957420197300317355e-01
9.959393779823477733e-01
9.961343674398988046e-01
9.963265316658079795e-01
9.965154428784923635e-01
9.967007029360717141e-01
9.968819441181459018e-01
9.970588297072821016e-01
9.972310543740000588e-01
9.973983443705102259e-01
9.975604575399235063e-01
9.977171831490857512e-01
9.978683415545538393e-01
9.980137837124717359e-01
9.981533905441843935e-01
9.982870721702772343e-01
9.984147670263079366e-01
9.985364408737572584e-01
9.986520857196339307e-01
9.987617186577026906e-01
9.988653806434779625e-01
9.989631352139554110e-01
9.990550671615993084e-01
9.991412811704418750e-01
9.992219004203881649e-01
9.992970651640745716e-01
9.993669312790384174e-01
9.994316687966481316e-01
9.994914604083577903e-01
9.995464999494646507e-01
9.995969908607694743e-01
9.996431446293612133e-01
9.996851792111811630e-01
9.997233174399756672e-01
9.997577854296181288e-01
9.997888109794001998e-01
