9.997976315540049175e-01
9.997681825513234921e-01
9.997355213656908823e-01
9.996994438653742376e-01
9.996597482861845352e-01
9.996162365269501970e-01
9.995687153916105183e-01
9.995169977672218042e-01
9.994609037308059829e-01
9.994002615814366886e-01
9.993349087970790912e-01
9.992646929183146565e-01
9.991894723631145059e-01
9.991091171782127134e-01
9.990235097333843850e-01
9.989325453650966802e-01
9.988361329756550999e-01
9.987341955932134141e-01
9.986266708969793182e-01
9.985135117107446501e-01
9.983946864666145560e-01
9.982701796396118432e-01
9.981399921527629449e-01
9.980041417514019519e-01
9.978626633447859051e-01
9.977156093127297343e-01
9.975630497748273484e-01
9.974050728199209681e-01
9.972417846937869923e-01
9.970733099434803126e-01
9.968997915173912761e-01
9.967213908207730455e-01
9.965382877272429551e-01
9.963506805475178529e-01
9.961587859573530768e-01
9.959628388872848737e-01
9.957630923772793352e-01
9.955598173997307621e-01
9.953533026543915918e-01
9.951438543387263191e-01
9.949317958968352249e-01
9.947174677494756700e-01
9.945012270068138704e-01
9.942834471643688943e-01
9.940645177811829880e-01
9.938448441375933307e-01
9.936248468681345702e-01
9.934049615631115326e-01
9.931856383303263591e-01
9.929673413063712095e-01
9.927505481049000435e-01
9.925357491874421401e-01
9.923234471406844337e-01
9.921141558428178131e-01
9.919083995005568699e-01
9.917067115378725983e-01
9.915096333173469834e-01
9.913177126753939250e-01
9.911315022533893071e-01
9.909515576080040189e-01
9.907784350857022915e-01
9.906126894484121870e-01
9.904548712397446275e-01
9.903055238837777940e-01
9.901651805112827720e-01
9.900343605112982281e-01
9.899135658091302581e-01
9.898032768751381383e-01
9.897039484720492331e-01
9.896160051520200840e-01
9.895398365182334066e-01
9.894757922694701335e-01
9.894241770498166666e-01
9.893852451294155026e-01
9.893591949458869772e-01
9.893461635396466614e-01
9.893462209197031454e-01
9.893593643994995634e-01
9.893855129447979291e-01
9.894245015773279750e-01
9.894760758787678467e-01
9.895398866394429227e-01
9.896154846948128636e-01
9.897023159902922362e-01
9.897997169112096039e-01
9.899069099097981272e-01
9.900229994551438262e-01
9.901469683251613585e-01
9.902776742521447462e-01
9.904138469255114874e-01
9.905540853472999396e-01
9.906968555280895039e-01
9.908404885035599907e-01
9.909831786451560598e-01
9.911229822324906236e-01
9.912578162503830059e-01
9.913854573699086847e-01
9.915035410706181107e-01
9.916095608601797062e-01
9.917008675481135960e-01
9.917746685319421829e-01
9.918280270569314050e-01
9.918578614145293626e-01
9.918609440495302909e-01
9.918339005518195250e-01
9.917732085151934607e-01
9.916751962531467068e-01
9.915360413696296948e-01
9.913517691915918473e-01
9.911182510796472389e-01
9.908312026434441533e-01
9.904861818993352385e-01
9.900785874197529646e-01
9.896036565363097726e-01
9.890564636720564629e-01
9.884319188924693966e-01
9.877247667794867292e-01
9.869295857480610001e-01
9.860407879399737396e-01
9.850526198446946102e-01
9.839591638114283390e-01
9.827543406296710415e-01
9.814319133670466044e-01
9.799854926623406959e-01
9.784085436779421663e-01
9.766943949188108265e-01
9.748362491241779892e-01
9.728271964330792443e-01
9.706602300152988860e-01
9.683282643452286731e-01
9.658241562775500277e-01
9.631407290606565086e-01
9.602707993966037581e-01
9.572072076254417583e-01
9.539428510774758951e-01
9.504707205997782182e-01
9.467839402236252200e-01
9.428758098979923563e-01
9.387398511712846672e-01
9.343698556596432558e-01
9.297599360959220016e-01
9.249045797092753096e-01
9.197987036417133444e-01
9.144377120654718638e-01
9.088175546241092917e-01
9.029347857814193912e-01
8.967866246260871588e-01
8.903710146470966702e-01
8.836866829658124312e-01
8.767331984860236016e-01
8.695110284036544623e-01
8.620215925038976490e-01
8.542673146657832062e-01
8.462516709931309222e-01
8.379792339968711312e-01
8.294557122671624150e-01
8.206879850947528254e-01
8.116841315296363657e-01
8.024534534011129594e-01
7.930064918664780915e-01
7.833550371052484529e-01
7.735121308312709054e-01
7.634920613553832780e-01
7.533103509953413823e-01
7.429837356963062689e-01
7.325301367929634155e-01
7.219686249119655619e-01
7.113193760795502030e-01
7.006036201626362203e-01
6.898435818313898293e-01
6.790624142862873303e-01
6.682841260424927654e-01
6.575335011085527981e-01
6.468360129349737253e-01
6.362177325413930218e-01
6.257052312593318621e-01
6.153254785515854808e-01
6.051057353900961555e-01
5.950734436925844140e-01
5.852561123353186012e-01
5.756812002760414160e-01
5.663759973381374824e-01
5.573675032251353967e-01
5.486823053540332840e-01
5.403464561167961033e-01
5.323853502015136741e-01
5.248236026276684729e-01
5.176849281730224739e-01
5.109920228918216623e-01
5.047664484442100363e-01
4.990285199737237720e-01
4.937971982821490746e-01
4.890899870577071207e-01
4.849228359121728893e-01
4.813100499742820615e-01
4.782642067696749599e-01
4.757960810912456040e-01
4.739145785277480982e-01
4.726266782729249272e-01
4.719373857825510665e-01
4.718496957832041261e-01
4.723645660650681588e-01
4.734809024126552801e-01
4.751955549430936232e-01
4.775033260328022111e-01
4.803969899211925076e-01
4.838673239857106401e-01
4.879031515872337410e-01
4.924913962896539932e-01
4.976171471633451526e-01
5.032637347900019709e-01
5.094128174968117762e-01
5.160444772616651354e-01
5.231373246487864836e-01
5.306686120562253972e-01
5.386143544836846653e-01
5.469494569616486501e-01
5.556478477213508960e-01
5.646826161303895031e-01
5.740261543714650916e-01
5.836503018025881451e-01
5.935264909069190020e-01
6.036258937200955632e-01
6.139195676131872226e-01
6.243785993111292676e-01
6.349742460402366673e-01
6.456780727246653750e-01
6.564620841908103133e-01
6.672988513905635521e-01
6.781616307189424209e-01
6.890244755782422015e-01
6.998623394287619703e-01
7.106511696641237830e-01
7.213679917558679655e-01
7.319909832256685789e-01
7.424995371223083174e-01
7.528743148024938936e-01
7.630972879375196305e-01
7.731517697896082009e-01
7.830224359203299400e-01
7.926953346067923123e-01
8.021578873474326521e-01
8.113988799365001725e-01
8.204084446732169411e-01
8.291780343469177250e-01
8.377003887022509421e-01
8.459694941380917488e-01
8.539805374298695684e-01
8.617298542874328726e-01
8.692148735696556550e-01
8.764340579732251557e-01
8.833868419972208397e-01
8.900735679582074678e-01
8.964954207938112818e-01
9.026543623474992950e-01
9.085530657749720795e-01
9.141948506547983300e-01
9.195836193241633261e-01
9.247237948964771581e-01
9.296202613525177405e-01
9.342783060321779853e-01
9.387035647909810487e-01
9.429019700253997716e-01
9.468797017145960115e-01
9.506431415741773971e-01
9.541988303705086771e-01
9.575534284023295983e-01
9.607136791201037473e-01
9.636863758226390519e-01
9.664783313449367697e-01
9.690963506306849995e-01
9.715472060669322341e-01
9.738376154468308954e-01
9.759742224184354553e-01
9.779635792728628152e-01
9.798121319231554160e-01
9.815262069254404587e-01
9.831120003959751275e-01
9.845755686810019336e-01
9.859228206406441819e-01
9.871595114130645721e-01
9.882912375305471508e-01
9.893234332648938034e-01
9.902613680854328582e-01
9.911101451189553435e-01
9.918747005070065459e-01
9.925598035621480131e-01
9.931700576310759088e-01
9.937099015788252165e-01
9.941836118146867296e-01
9.945953047868683061e-01
9.949489398792630279e-01
9.952483226498654023e-01
9.954971083562578205e-01
9.956988057190763186e-01
9.958567808793002962e-01
9.959742615095134033e-01
9.960543410428459588e-01
9.960999829861088006e-01
9.961140252856554023e-01
9.960991847158288115e-01
9.960580612605677286e-01
9.959931424590082738e-01
9.959068076859181051e-01
9.958013323377427062e-01
9.956788918951384737e-01
9.955415658333187645e-01
9.953913413525223852e-01
9.952301169025562499e-01
9.950597054777573502e-01
9.948818376618827619e-01
9.946981644063539463e-01
9.945102595298528358e-01
9.943196219323813256e-01
9.941276775223795159e-01
9.939357808611545275e-01
9.937452165345159738e-01
9.935572002669269542e-01
9.933728797984870962e-01
9.931933355494900750e-01
9.930195811010112950e-01
9.928525635228780954e-01
9.926931635823991185e-01
9.925421958683406931e-01
9.924004088648781252e-01
9.922684850096379350e-01
9.921470407685857307e-01
9.920366267584965758e-01
9.919377279451961904e-01
9.918507639428132405e-01
9.917760894360756474e-01
9.917139947443448511e-01
9.916647065427348640e-01
9.916283887524105500e-01
9.916051436090822513e-01
9.915950129158678239e-01
9.915979794841055517e-01
9.916139687633803712e-01
9.916428506599429538e-01
9.916844415408312408e-01
9.917385064192885125e-01
9.918047613154657993e-01
9.918828757848443534e-01
9.919724756052826775e-01
9.920731456120515102e-01
9.921844326686642956e-01
9.923058487597578026e-01
9.924368741907426683e-01
9.925769608774973607e-01
9.927255357080441156e-01
9.928820039570130929e-01
9.930457527327971601e-01
9.932161544366948647e-01
9.933925702130478319e-01
9.935743533694321172e-01
9.937608527463412944e-01
9.939514160165016099e-01
9.941453928949269825e-01
9.943421382420318810e-01
9.945410150434903507e-01
9.947413972520305903e-01
9.949426724779136810e-01
9.951442445164241368e-01
9.953455357022643613e-01
9.955459890822725422e-01
9.957450703993505625e-01
9.959422698819130337e-01
9.961371038345475659e-01
9.963291160269178715e-01
9.965178788792871112e-01
9.967029944443717149e-01
9.968840951866061451e-01
9.970608445612824111e-01
9.972329373974487821e-01
9.974001000898874425e-01
9.975620906069269100e-01
9.977186983222516847e-01
9.978697436802129728e-01
9.980150777053693467e-01
9.981545813680496870e-01
9.982881648185751855e-01
9.984157665033560614e-01
9.985373521763342142e-01
9.986529138191623245e-01
9.987624684830490596e-01
9.988660570643845826e-01
9.989637430250999373e-01
9.990556110672711432e-01
9.991417657698282717e-01
9.992223301934739510e-01
9.992974444581806948e-01
9.993672642960458319e-01
9.994319595809855183e-01
9.994917128358513647e-01
9.995467177171785123e-01
9.995971774779783825e-01
9.996433034098117787e-01
9.996853132667957720e-01
9.997234296761479122e-01
9.997578785422288616e-01
9.997888874536529080e-01
