9.997975845856935662e-01
9.997681262146819181e-01
9.997354541194219957e-01
9.996993639835975998e-01
9.996596538490711836e-01
9.996161254130353502e-01
9.995685852721294395e-01
9.995168461027982287e-01
9.994607277707868720e-01
9.994000583661286630e-01
9.993346751630827196e-01
9.992644255070908255e-01
9.991891676328449323e-01
9.991087714189385016e-01
9.990231190853287035e-01
9.989321058399979192e-01
9.988356404808614863e-01
9.987336459582237813e-01
9.986260599020533313e-01
9.985128351171587147e-01
9.983939400481052218e-01
9.982693592145280848e-01
9.981390936164405980e-01
9.980031611082827991e-01
9.978615967398252184e-01
9.977144530616670615e-01
9.975618003929389577e-01
9.974037270489244378e-01
9.972403395266208337e-01
9.970717626467426875e-01
9.968981396512827109e-01
9.967196322564421118e-01
9.965364206614939491e-01
9.963487035148876902e-01
9.961566978396129146e-01
9.959606389204623822e-01
9.957607801563349570e-01
9.955573928810526052e-01
9.953507661563042452e-01
9.951412065402345242e-01
9.949290378348477626e-01
9.947146008147816909e-01
9.944982529391042103e-01
9.942803680466223426e-01
9.940613360337546833e-01
9.938415625123652175e-01
9.936214684430968447e-01
9.934014897377565489e-01
9.931820768222258122e-01
9.929636941492944180e-01
9.927468196487990726e-01
9.925319441005768795e-01
9.923195704140973517e-01
9.921102127972777351e-01
9.919043957959924329e-01
9.917026531851986793e-01
9.915055266924626132e-01
9.913135645350025227e-01
9.911273197521658362e-01
9.909473483165177621e-01
9.907742070084074593e-01
9.906084510409400856e-01
9.904506314246875887e-01
9.903012920641407479e-01
9.901609665807977745e-01
9.900301748608538732e-01
9.899094193286547272e-01
9.897991809503872140e-01
9.896999149758823888e-01
9.896120464298961972e-01
9.895359653678019729e-01
9.894720219142761897e-01
9.894205211072621964e-01
9.893817175732253499e-01
9.893558100634012309e-01
9.893429358843083277e-01
9.893431652591246905e-01
9.893564956594796955e-01
9.893828461496281257e-01
9.894220517866798570e-01
9.894738581214012063e-01
9.895379158439320255e-01
9.896137756174593347e-01
9.897008831403933948e-01
9.897985744738865277e-01
9.899060716666611137e-01
9.900224787031893792e-01
9.901467777944538140e-01
9.902778260230252760e-01
9.904143523462988208e-01
9.905549549536778464e-01
9.906980989656110070e-01
9.908421144549135473e-01
9.909851947640246905e-01
9.911253950859687523e-01
9.912606312719871582e-01
9.913886788252146420e-01
9.915071720374650788e-01
9.916136032252064192e-01
9.917053220211177189e-01
9.917795346792013245e-01
9.918333033541875121e-01
9.918635453198383356e-01
9.918670320956252118e-01
9.918403884570543561e-01
9.917800913115314421e-01
9.916824684290703740e-01
9.915436970252864413e-01
9.913598022029758150e-01
9.911266552681700093e-01
9.908399719468846678e-01
9.904953105398954794e-01
9.900880700647856081e-01
9.896134884472469473e-01
9.890666408371460161e-01
9.884424381391309078e-01
9.877356258624150342e-01
9.869407834096415311e-01
9.860523239401030038e-01
9.850644949577207488e-01
9.839713797886130431e-01
9.827669001263119597e-01
9.814448198341561014e-01
9.799987502035397702e-01
9.784221568729605245e-01
9.767083686156671218e-01
9.748505882027205249e-01
9.728419055430874707e-01
9.706753132927457006e-01
9.683437251105943000e-01
9.658399967202431213e-01
9.631569499136453105e-01
9.602873996052989636e-01
9.572241840147249770e-01
9.539601980205442144e-01
9.504884296922159193e-01
9.468019999658304764e-01
9.428942053888192953e-01
9.387585638155243606e-01
9.343888628917860206e-01
9.297792111225282596e-01
9.249240912722425101e-01
9.198184158047562065e-01
9.144575840262292310e-01
9.088375405544302232e-01
9.029548346985456497e-01
8.968066802976151219e-01
8.903910155327304787e-01
8.837065621990015662e-01
8.767528838985717554e-01
8.695304425962775419e-01
8.620406529654930372e-01
8.542859339438257926e-01
8.462697569171541145e-01
8.379966899564215144e-01
8.294724375449598064e-01
8.207038752550548377e-01
8.116990788610476404e-01
8.024673474122911987e-01
7.930192198324416131e-01
7.833664846612651278e-01
7.735221826106809528e-01
7.635006016671463946e-01
7.533172645366603692e-01
7.429889082953351487e-01
7.325334561763876540e-01
7.219699814921154424e-01
7.113186637556818681e-01
7.006007371310726262e-01
6.898384313993298766e-01
6.790549056842670739e-01
6.682741752306915473e-01
6.575210315723649668e-01
6.468209564655150734e-01
6.362000299968657568e-01
6.256848333034189524e-01
6.153023463652942393e-01
6.050798413537182840e-01
5.950447720346658809e-01
5.852246597457371191e-01
5.756469764804905687e-01
5.663390256314477789e-01
5.573278209609527911e-01
5.486399643883927979e-01
5.403015232030402570e-01
5.323379073337959344e-01
5.247737473299609601e-01
5.176327737300281395e-01
5.109376985175677621e-01
5.047100993832892568e-01
4.989703075292097889e-01
4.937372997631924720e-01
4.890285956387052657e-01
4.848601603943466509e-01
4.812463144394765191e-01
4.781996501153904511e-01
4.757309564353418008e-01
4.738491524710752856e-01
4.725612300084031103e-01
4.718722060400285523e-01
4.717850856008403149e-01
4.723008353800585146e-01
4.734183684668487047e-01
4.751345405024499646e-01
4.774441574236198971e-01
4.803399948905480166e-01
4.838128293984453876e-01
4.878514809769732841e-01
4.924428672865484025e-01
4.975720688262953439e-01
5.032224048759081914e-01
5.093755197035798599e-01
5.160114784852090075e-01
5.231088722968826321e-01
5.306449314636294545e-01
5.385956464733645532e-01
5.469358955962230207e-01
5.556395782868550626e-01
5.646797533913274769e-01
5.740287811318756095e-01
5.836584678026053297e-01
5.935402120782820035e-01
6.036451518173591158e-01
6.139443102302890587e-01
6.244087402856333124e-01
6.350096662402463510e-01
6.457186212062999697e-01
6.565075797074109154e-01
6.673490842286724511e-01
6.782163648306814840e-01
6.890834509751169179e-01
6.999252747982380729e-01
7.107177651675824492e-01
7.214379319647747923e-01
7.320639401519486444e-01
7.425751732990020226e-01
7.529522863716672232e-01
7.631772477040679181e-01
7.732333702019319466e-01
7.831053319417486946e-01
7.927791864449318382e-01
8.022423630125494753e-01
8.114836576036916771e-01
8.204932148276420367e-01
8.292625016953998340e-01
8.377842738389014166e-01
8.460525349558067898e-01
8.540624902736316804e-01
8.618104948492669726e-01
8.692939975287855559e-01
8.765114813883991829e-01
8.834624014613176035e-01
8.901471205280265808e-01
8.965668437104158395e-01
9.027235525645430636e-01
9.086199393141424219e-01
9.142593418087913149e-01
9.196456797285050833e-01
9.247833924919981463e-01
9.296773792604015041e-01
9.343329413632500691e-01
9.387557274103009997e-01
9.429516812923115499e-01
9.469269932171932025e-01
9.506880538757100929e-01
9.542414117836250931e-01
9.575937338052592507e-01
9.607517688269924250e-01
9.637223145182790551e-01
9.665121870921471459e-01
9.691281939566206427e-01
9.715771091326727005e-01
9.738656513027600381e-01
9.760004643461899221e-01
9.779881002130330625e-01
9.798350039864900385e-01
9.815475009840405329e-01
9.831317857498946822e-01
9.845939127947935798e-01
9.859397889437170326e-01
9.871751671572476239e-01
9.883056416979801861e-01
9.893366445192841585e-01
9.902734427598112177e-01
9.911211372333194047e-01
9.918846618096373025e-01
9.925687835888948873e-01
9.931781037775100351e-01
9.937170591808239806e-01
9.941899242337139952e-01
9.946008134969162029e-01
9.949536845531147256e-01
9.952523412429787886e-01
9.955004371871609692e-01
9.957014795456733403e-01
9.958588329709181508e-01
9.959757237148555431e-01
9.960552438542717990e-01
9.961003556008195536e-01
9.961138956644567388e-01
9.960985796401576886e-01
9.960570063884340852e-01
9.959916623804199176e-01
9.959049259782433161e-01
9.957990716213319660e-01
9.956762738893790710e-01
9.955386114131535846e-01
9.953880706053198635e-01
9.952265491850892376e-01
9.950558594729319584e-01
9.948777314347614364e-01
9.946938154589308745e-01
9.945056848539831629e-01
9.943148380602223613e-01
9.941227005736764655e-01
9.939306265867074996e-01
9.937399003551760091e-01
9.935517373075118952e-01
9.933672849160630758e-01
9.931876233555414490e-01
9.930137659771187675e-01
9.928466596296398050e-01
9.926871848614553517e-01
9.925361560375124403e-01
9.923943214065816809e-01
9.922623631529018384e-01
9.921408974651642065e-01
9.920304746537382812e-01
9.919315793444871687e-01
9.918446307745590884e-01
9.917699832123161308e-01
9.917079265201982352e-01
9.916586868759401652e-01
9.916224276642724433e-01
9.915992505481182606e-01
9.915891967254061301e-01
9.915922483749863847e-01
9.916083302927705123e-01
9.916373117170876883e-01
9.916790083403441702e-01
9.917331845023227288e-01
9.917995555588366985e-01
9.918777904178861515e-01
9.919675142339418050e-01
9.920683112494544931e-01
9.921797277711656982e-01
9.923012752672820680e-01
9.924324335701005806e-01
9.925726541672791337e-01
9.927213635636848998e-01
9.928779666946792037e-01
9.930418503708613454e-01
9.932123867337411260e-01
9.933889367015629190e-01
9.935708533845893919e-01
9.937574854495466736e-01
9.939481804136370835e-01
9.941422878494792226e-01
9.943391624835156151e-01
9.945381671717646865e-01
9.947386757382445932e-01
9.949400756629034337e-01
9.951417706074245917e-01
9.953431827687821976e-01
9.955437550519092849e-01
9.957429530542724061e-01
9.959402668565434658e-01
9.961352126149178865e-01
9.963273339519715943e-01
9.965162031442876822e-01
9.967014221064378621e-01
9.968826231722831555e-01
9.970594696759675912e-01
9.972316563364235220e-01
9.973989094506660047e-01
9.975609869026115240e-01
9.977176779955884145e-01
9.978688031180588114e-01
9.980142132533140753e-01
9.981537893449760057e-01
9.982874415309858085e-01
9.984151082593401005e-01
9.985367552990891404e-01
9.986523746600229900e-01
9.987619834340055736e-01
9.988656225700918156e-01
9.989633555943925325e-01
9.990552672842009096e-01
9.991414623042359500e-01
9.992220638110951292e-01
9.992972120302672234e-01
9.993670628084644347e-01
9.994317861427312044e-01
9.994915646868942627e-01
9.995465922355412092e-01
9.995970721859307462e-01
9.996432159790599181e-01
9.996852415225444544e-01
9.997233715999245263e-01
9.997578322733714495e-01
9.997888512893942092e-01
