9.997974716144677476e-01
9.997679929353295858e-01
9.997352973887000394e-01
9.996991802647909875e-01
9.996594391796224111e-01
9.996158753726042123e-01
9.995682949517308291e-01
9.995165100757279486e-01
9.994603400661011827e-01
9.993996124454742613e-01
9.993341639016886102e-01
9.992638411797245546e-01
9.991885019054994599e-01
9.991080153469562575e-01
9.990222631185843305e-01
9.989311398356518490e-01
9.988345537240677086e-01
9.987324271910267282e-01
9.986246973605517052e-01
9.985113165768464416e-01
9.983922528771329574e-01
9.982674904344616129e-01
9.981370299699430237e-01
9.980008891330016674e-01
9.978591028476493374e-01
9.977117236224171126e-01
9.975588218214834768e-01
9.974004858946655672e-01
9.972368225642740391e-01
9.970679569673435161e-01
9.968940327523786449e-01
9.967152121304866386e-01
9.965316758815269127e-01
9.963436233166734768e-01
9.961512721995077202e-01
9.959548586283867300e-01
9.957546368833396500e-01
9.955508792410805441e-01
9.953438757618621180e-01
9.951339340518026155e-01
9.949213790039653782e-01
9.947065525208509396e-01
9.944898132200629126e-01
9.942715361237347560e-01
9.940521123308748708e-01
9.938319486701195915e-01
9.936114673285357801e-01
9.933911054501094462e-01
9.931713146954858074e-01
9.929525607524318787e-01
9.927353227844651906e-01
9.925200928032048564e-01
9.923073749483243278e-01
9.920976846576048391e-01
9.918915477085538113e-01
9.916894991124282077e-01
9.914920818413258674e-01
9.912998453692971612e-01
9.911133440091923763e-01
9.909331350281884720e-01
9.907597765265974132e-01
9.905938250666083134e-01
9.904358330400132582e-01
9.902863457666417624e-01
9.901458983181498086e-01
9.900150120649061636e-01
9.898941909469688438e-01
9.897839174735084677e-01
9.896846484585017922e-01
9.895968105040724438e-01
9.895207952464918355e-01
9.894569543835591841e-01
9.894055945058356505e-01
9.893669717579740563e-01
9.893412863601039886e-01
9.893286770228082450e-01
9.893292152925553529e-01
9.893428998673872155e-01
9.893696509250432536e-01
9.894093045073804049e-01
9.894616070057455914e-01
9.895262097917483235e-01
9.896026640365428451e-01
9.896904157592125717e-01
9.897888011411287712e-01
9.898970421382881080e-01
9.900142424177290623e-01
9.901393836373464374e-01
9.902713220809860051e-01
9.904087856528557277e-01
9.905503712273162620e-01
9.906945423422822694e-01
9.908396272170613139e-01
9.909838170687202963e-01
9.911251646952152772e-01
9.912615832887282652e-01
9.913908454390381042e-01
9.915105822843959249e-01
9.916182827663052590e-01
9.917112929448156367e-01
9.917868153323756708e-01
9.918419082069009907e-01
9.918734848684028771e-01
9.918783128082113709e-01
9.918530127654313633e-01
9.917940576517205731e-01
9.916977713327143062e-01
9.915603272624226028e-01
9.913777469756713812e-01
9.911458984531652527e-01
9.908604943840414458e-01
9.905170903618953915e-01
9.901110830622199543e-01
9.896377084620153752e-01
9.890920401759922820e-01
9.884689879982119232e-01
9.877632967530749486e-01
9.869695455750573387e-01
9.860821477522210277e-01
9.850953512839141224e-01
9.840032403177793041e-01
9.827997376446827582e-01
9.814786084419137024e-01
9.800334654643874099e-01
9.784577758900685485e-01
9.767448700288650087e-01
9.748879521033870788e-01
9.728801133048599059e-01
9.707143473178722060e-01
9.683835684934369858e-01
9.658806328310516331e-01
9.631983619072144176e-01
9.603295698604579211e-01
9.572670935117469915e-01
9.540038256644945980e-01
9.505327515909551828e-01
9.468469886718792194e-01
9.429398291145603128e-01
9.388047856313155304e-01
9.344356399165018034e-01
9.298264937158837729e-01
9.249718222380238775e-01
9.198665296138222036e-01
9.145060060679022218e-01
9.088861864246808864e-01
9.030036095332314439e-01
8.968554781589396230e-01
8.904397188570749577e-01
8.837550413143039352e-01
8.768009966194745264e-01
8.695780339053088559e-01
8.620875547885290535e-01
8.543319650279866950e-01
8.463147228190537330e-01
8.380403831483055344e-01
8.295146376456858928e-01
8.207443493920942856e-01
8.117375821686969584e-01
8.025036236701023062e-01
7.930530022465142048e-01
7.833974967895431796e-01
7.735501394317726431e-01
7.635252107905219354e-01
7.533382275503884840e-01
7.430059222458837986e-01
7.325462151734356553e-01
7.219781784299044158e-01
7.113219921411455537e-01
7.005988930078926868e-01
6.898311153561742515e-01
6.790418249347628388e-01
6.682550457522047349e-01
6.574955802903486024e-01
6.467889234700642254e-01
6.361611707781463787e-01
6.256389209927973871e-01
6.152491739692786954e-01
6.050192239681880801e-01
5.949765490273160040e-01
5.851486968951635781e-01
5.755631680608789269e-01
5.662472964323905789e-01
5.572281282324680340e-01
5.485322997017427760e-01
5.401859142184094464e-01
5.322144194662737915e-01
5.246424853054794113e-01
5.174938830229998121e-01
5.107913666617747150e-01
5.045565571471548605e-01
4.988098299458534335e-01
4.935702070046009693e-01
4.888552537219518213e-01
4.846809817060595549e-01
4.810617580627370993e-01
4.780102219409850806e-01
4.755372090369032190e-01
4.736516847212429715e-01
4.723606864108786940e-01
4.716692757504445943e-01
4.715805011079320375e-01
4.720953708178866615e-01
4.732128375290126643e-01
4.749297939304835126e-01
4.772410800442981049e-01
4.801395021807234320e-01
4.836158635613672097e-01
4.876590065208491476e-01
4.922558661043021644e-01
4.973915347849765523e-01
5.030493379347635852e-01
5.092109195912317698e-01
5.158563379783098757e-01
5.229641701546776655e-01
5.305116250847243808e-01
5.384746643521463039e-01
5.468281296664843083e-01
5.555458762488028057e-01
5.646009111249439272e-01
5.739655353042645292e-01
5.836114887792487327e-01
5.935100972478921655e-01
6.036324194371943674e-01
6.139493938933799910e-01
6.244319841035033125e-01
6.350513208245485153e-01
6.457788405206271731e-01
6.565864188466749019e-01
6.674464981682842746e-01
6.783322081716699481e-01
6.892174786947835585e-01
7.000771439993018763e-01
7.108870378025089476e-01
7.216240784964267352e-01
7.322663440972343452e-01
7.427931365890761972e-01
7.531850354507371170e-01
7.634239402791427320e-01
7.734931025480407119e-01
7.833771466613281831e-01
7.930620805762562675e-01
8.025352963801982709e-01
8.117855613040803053e-01
8.208029997444288295e-01
8.295790669430249675e-01
8.381065150374299444e-01
8.463793522464675423e-01
8.543927959917856363e-01
8.621432207798167546e-01
8.696281016780376127e-01
8.768459542159676712e-01
8.837962715255769375e-01
8.904794595087585085e-01
8.968967707824340163e-01
9.030502381061014106e-01
9.089426079436665473e-01
9.145772747527872726e-01
9.199582165322768290e-01
9.250899320929306668e-01
9.299773804509403607e-01
9.346259226772628548e-01
9.390412664721679015e-01
9.432294136728160971e-01
9.471966108440545984e-01
9.509493030493896271e-01
9.544940908508736666e-01
9.578376905437673283e-01
9.609868975945046188e-01
9.639485532186988781e-01
9.667295140095484296e-01
9.693366245057823960e-01
9.717766925718493987e-01
9.740564674509814003e-01
9.761826203435526317e-01
9.781617273582913219e-01
9.800002546818794569e-01
9.817045458127680035e-01
9.832808107071893122e-01
9.847351166889282137e-01
9.860733809790555027e-01
9.873013647072226284e-01
9.884246682720269073e-01
9.894487279242017985e-01
9.903788134528401788e-01
9.912200268614508314e-01
9.919773019273259163e-01
9.926554045444507812e-01
9.932589337569879273e-01
9.937923233972143500e-01
9.942598442486281218e-01
9.946656066617369785e-01
9.950135635566970116e-01
9.953075137533928807e-01
9.955511055756258720e-01
9.957478406816647754e-01
9.959010780784108841e-01
9.960140382807129988e-01
9.960898075808840568e-01
9.961313423961651869e-01
9.961414736637896894e-01
9.961229112544730535e-01
9.960782483757126826e-01
9.960099659363916835e-01
9.959204368440268684e-01
9.958119302058030531e-01
9.956866154045056483e-01
9.955465660208090428e-01
9.953937635742697854e-01
9.952301010569469808e-01
9.950573862359132216e-01
9.948773447040499818e-01
9.946916226624127333e-01
9.945017894220216093e-01
9.943093396180496812e-01
9.941156951348775195e-01
9.939222067461654930e-01
9.937301554797700609e-01
9.935407537227800567e-01
9.933551460870009286e-01
9.931744100596905378e-01
9.929995564681136644e-01
9.928315297894387825e-01
9.926712083395771158e-01
9.925194043757377127e-01
9.923768641477663799e-01
9.922442679327749815e-01
9.921222300862596599e-01
9.920112991409217873e-01
9.919119579818905796e-01
9.918246241241144290e-01
9.917496501144837939e-01
9.916873240778958376e-01
9.916378704230919272e-01
9.916014507207990825e-01
9.915781647635566465e-01
9.915680518136793520e-01
9.915710920431155539e-01
9.915872081665189075e-01
9.916162672666463118e-01
9.916580828091878796e-01
9.917124168422918329e-01
9.917789823743118349e-01
9.918574459216461525e-01
9.919474302169108970e-01
9.920485170660839902e-01
9.921602503416646623e-01
9.922821390973330935e-01
9.924136607880967853e-01
9.925542645785190299e-01
9.927033747203937164e-01
9.928603939802124190e-01
9.930247070960090960e-01
9.931956842427162035e-01
9.933726844850320203e-01
9.935550591969980472e-01
9.937421554280124747e-01
9.939333191958144020e-01
9.941278986880430768e-01
9.943252473552373072e-01
9.945247268795488482e-01
9.947257100049340384e-01
9.949275832161158517e-01
9.951297492551287593e-01
9.953316294657452712e-01
9.955326659575105541e-01
9.957323235824853125e-01
9.959300917191170610e-01
9.961254858589394523e-01
9.963180489930650863e-01
9.965073527967022171e-01
9.966929986112142981e-01
9.968746182245704635e-01
9.970518744524035082e-01
9.972244615233126774e-01
9.973921052734956438e-01
9.975545631572546590e-01
9.977116240813631576e-01
9.978631080726547697e-01
9.980088657894641280e-01
9.981487778886466433e-01
9.982827542607888294e-01
9.984107331468230484e-01
9.985326801495475468e-01
9.986485871534823699e-01
9.987584711660483228e-01
9.988623730922400190e-01
9.989603564538049874e-01
9.990525060624928511e-01
9.991389266552731518e-01
9.992197414976607961e-01
9.992950909595276210e-01
9.993651310661854081e-01
9.994300320262058390e-01
9.994899767365383880e-01
9.995451592651046768e-01
9.995957833112432134e-01
9.996420606452056656e-01
9.996842095293241304e-01
9.997224531254279567e-01
9.997570178954563458e-01
9.997881320048402909e-01
