-0.097036
-0.097036
-0.097036
-0.097036
-0.097036
-0.097036
-0.097036
-0.097036
-0.097036
-0.097036
-0.097036
-0.097036
-0.097036
-0.097036
-0.097036
-0.097036
-0.097036
-0.097036
-0.097036
-0.097036
-0.097036
-0.097036
-0.087335
-0.080094
-0.063246
-0.045042
-0.019458
0.0090067
0.039149
0.069174
0.10428
0.1568
0.18558
0.22377
0.26215
0.29854
0.31798
0.34838
0.37069
0.38186
0.39592
0.40431
0.40046
0.40127
0.38367
0.36562
0.34535
0.32351
0.29259
0.25858
0.22856
0.19171
0.15577
0.11953
0.079864
0.045362
0.01194
-0.021718
-0.050576
-0.077542
-0.099829
-0.11967
-0.13452
-0.14852
-0.1568
-0.16286
-0.16569
-0.16329
-0.16084
-0.15707
-0.14706
-0.13983
-0.13306
-0.12564
-0.11879
-0.11184
-0.1067
-0.10213
-0.099703
-0.097036
-0.097036
-0.097036
-0.097036
-0.097036
-0.097036
-0.097036
-0.097036
-0.097036
-0.097036
-0.097036
-0.097036
-0.097036
-0.097036
-0.097036
-0.097036
-0.097036
-0.097036
-0.097036
-0.097036
-0.097036
