9.997973278998084634e-01
9.997678287111181339e-01
9.997351105446126152e-01
9.996989685925145031e-01
9.996592003838559171e-01
9.996156070841519803e-01
9.995679947426627798e-01
9.995161754765419238e-01
9.994599685847839199e-01
9.993992015883131907e-01
9.993337111956459573e-01
9.992633441961414897e-01
9.991879582848556263e-01
9.991074228243741473e-01
9.990216195497306773e-01
9.989304432226617791e-01
9.988338022410957473e-01
9.987316192090176514e-01
9.986238314708213437e-01
9.985103916130737556e-01
9.983912679353849073e-01
9.982664448909065458e-01
9.981359234959518156e-01
9.979997217073911520e-01
9.978578747658862769e-01
9.977104355026699123e-01
9.975574746074841181e-01
9.973990808554178411e-01
9.972353612907222109e-01
9.970664413661808334e-01
9.968924650372429364e-01
9.967135948108425403e-01
9.965300117495777821e-01
9.963419154326806915e-01
9.961495238759088267e-01
9.959530734131135654e-01
9.957528185427277911e-01
9.955490317427412306e-01
9.953420032578587096e-01
9.951320408624313441e-01
9.949194696023941908e-01
9.947046315188159404e-01
9.944878853547648445e-01
9.942696062460213424e-01
9.940501853947341093e-01
9.938300297234576863e-01
9.936095615051562246e-01
9.933892179627682451e-01
9.931694508298526403e-01
9.929507258617547016e-01
9.927335222847082363e-01
9.925183321684093452e-01
9.923056597059294326e-01
9.920960203834581215e-01
9.918899400213428974e-01
9.916879536672690287e-01
9.914906043222538878e-01
9.912984414804221212e-01
9.911120194642926151e-01
9.909318955385407746e-01
9.907586277868556390e-01
9.905927727385643866e-01
9.904348827340895278e-01
9.902855030209820608e-01
9.901451685751897491e-01
9.900144006453143186e-01
9.898937030208626586e-01
9.897835580288565360e-01
9.896844222666335567e-01
9.895967220822254884e-01
9.895208488173391492e-01
9.894571538316708770e-01
9.894059433310491425e-01
9.893674730256695193e-01
9.893419426484084678e-01
9.893294903667899653e-01
9.893301871255069102e-01
9.893440309593439785e-01
9.893709413187375956e-01
9.894107534518854496e-01
9.894632128881264421e-01
9.895279700670984724e-01
9.896045751568510740e-01
9.896924731015679377e-01
9.897909989358342209e-01
9.898993733975119946e-01
9.900166988653787969e-01
9.901419556408920242e-01
9.902739985859998484e-01
9.904115541210576357e-01
9.905532175789228955e-01
9.906974509034537357e-01
9.908425806732108487e-01
9.909867964244060135e-01
9.911281492412651328e-01
9.912645505771561227e-01
9.913937712661929913e-01
9.915134406826480173e-01
9.916210460044118102e-01
9.917139315369264407e-01
9.917892980554425808e-01
9.918442021260412966e-01
9.918755553695454141e-01
9.918801236371269647e-01
9.918545260720283974e-01
9.917952340382671927e-01
9.916985699044539304e-01
9.915607056788754425e-01
9.913776615007758863e-01
9.911453040023201488e-01
9.908593445660659471e-01
9.905153375139473804e-01
9.901086782757972937e-01
9.896346015983331634e-01
9.890881798692656712e-01
9.884643216456958648e-01
9.877577704911048029e-01
9.869631042407978061e-01
9.860747348313528837e-01
9.850869088450536770e-01
9.839937089350224708e-01
9.827890563102725796e-01
9.814667144716245906e-01
9.800202943987904591e-01
9.784432613953542024e-01
9.767289438013517788e-01
9.748705437822082764e-01
9.728611503975875818e-01
9.706937551439993594e-01
9.683612701506931764e-01
9.658565491894641752e-01
9.631724116356645826e-01
9.603016694902125616e-01
9.572371575410886235e-01
9.539717667081386576e-01
9.504984805774423506e-01
9.468104150915803707e-01
9.429008613203456735e-01
9.387633311933323288e-01
9.343916060318845362e-01
9.297797876736022538e-01
9.249223519384611736e-01
9.198142041420767079e-01
9.144507363192193594e-01
9.088278857798540722e-01
9.029421945812480255e-01
8.967908694636045341e-01
8.903718417637969118e-01
8.836838267926830914e-01
8.767263821367800025e-01
8.694999643253743526e-01
8.620059832900275332e-01
8.542468540354652973e-01
8.462260449395403450e-01
8.379481221057232254e-01
8.294187892047728550e-01
8.206449222630143314e-01
8.116345988830797609e-01
8.023971214188787560e-01
7.929430336696392523e-01
7.832841307075399939e-01
7.734334615090157072e-01
7.634053241202946039e-01
7.532152531520379668e-01
7.428799994648351834e-01
7.324175019754366467e-01
7.218468515816132136e-01
7.111882472700836733e-01
7.004629445358003803e-01
6.896931963009347299e-01
6.789021865772932873e-01
6.681139571659808762e-01
6.573533277325777080e-01
6.466458096348683959e-01
6.360175139134742750e-01
6.254950538841295149e-01
6.151054427945046310e-01
6.048759870292774732e-01
5.948341753656063435e-01
5.850075647981987093e-01
5.754236634697555974e-01
5.661098112594677989e-01
5.570930586001169305e-01
5.484000441134675441e-01
5.400568716742245590e-01
5.320889875346019871e-01
5.245210581641022163e-01
5.173768494816758379e-01
5.106791081790889031e-01
5.044494458539627857e-01
4.987082266873305025e-01
4.934744594124366168e-01
4.887656943276320609e-01
4.845979261055115561e-01
4.809855031418522886e-01
4.779410441707774293e-01
4.754753628462861093e-01
4.735974009546888297e-01
4.723141708775905334e-01
4.716307078711469147e-01
4.715500326650425844e-01
4.720731248146324832e-01
4.731989071630882115e-01
4.749242416880509188e-01
4.772439369205447868e-01
4.801507670337542555e-01
4.836355026069051322e-01
4.876869529759699784e-01
4.922920199891914761e-01
4.974357628923591346e-01
5.031014739771693112e-01
5.092707645365002200e-01
5.159236605836574618e-01
5.230387077091316339e-01
5.305930843687470810e-01
5.385627228217597651e-01
5.469224368671627978e-01
5.556460554617888015e-01
5.647065612455516304e-01
5.740762329481642334e-01
5.837267906088048353e-01
5.936295425064195275e-01
6.037555326746685269e-01
6.140756878627930959e-01
6.245609628028585547e-01
6.351824826555831915e-01
6.459116815318732829e-01
6.567204360255549656e-01
6.675811927446910765e-01
6.784670888940136368e-01
6.893520650388221815e-01
7.002109692702949140e-01
7.110196520923037777e-01
7.217550514590246324e-01
7.323952675090934505e-01
7.429196266638558033e-01
7.533087348822555818e-01
7.635445199908923453e-01
7.736102631325652013e-01
7.834906194979847083e-01
7.931716286212107114e-01
8.026407146278204952e-01
8.118866769240783432e-01
8.208996719039792778e-01
8.296711863277167476e-01
8.381940030889450943e-01
8.464621601385254879e-01
8.544709033689030786e-01
8.622166342858585963e-01
8.696968533033537785e-01
8.769100994930970616e-01
8.838558876040943924e-01
8.905346431398607487e-01
8.969476362433430605e-01
9.030969150933696454e-01
9.089852394630330013e-01
9.146160150314385229e-01
9.199932289772575489e-01
9.251213873170930357e-01
9.300054543852929179e-01
9.346507947859160614e-01
9.390631180833571845e-01
9.432484264367537730e-01
9.472129653256695647e-01
9.509631774614129007e-01
9.545056599302438327e-01
9.578471245720150407e-01
9.609943615606370004e-01
9.639542061211829882e-01
9.667335082922973166e-01
9.693391056215828749e-01
9.717777986654566602e-01
9.740563291531244561e-01
9.761813606663536369e-01
9.781594616820906696e-01
9.799970908231513400e-01
9.817005841627119977e-01
9.832761444306558074e-01
9.847298319735749983e-01
9.860675573250050618e-01
9.872950752479920933e-01
9.884179801180986713e-01
9.894417025212864925e-01
9.903715069476313193e-01
9.912124904684649351e-01
9.919695822912507621e-01
9.926475440932643890e-01
9.932509710419572535e-01
9.937842934167052666e-01
9.942517787534622675e-01
9.946575344405781394e-01
9.950055107006503530e-01
9.952995038996241828e-01
9.955431601303534883e-01
9.957399790233361081e-01
9.958933177422356620e-01
9.960063951259952031e-01
9.960822959427602097e-01
9.961239752234409828e-01
9.961342626445562898e-01
9.961158669311059866e-01
9.960713802507158432e-01
9.960032825703565296e-01
9.959139459467583055e-01
9.958056387214221372e-01
9.956805295911005382e-01
9.955406915249747080e-01
9.953881055006683631e-01
9.952246640328463734e-01
9.950521744705225213e-01
9.948723620423739478e-01
9.946868726332960264e-01
9.944972752800409488e-01
9.943050643789435039e-01
9.941116616042618981e-01
9.939184175413798839e-01
9.937266130448038082e-01
9.935374603363595902e-01
9.933521038640455991e-01
9.931716209464765965e-01
9.929970222316049089e-01
9.928292520013527467e-01
9.926691883558428353e-01
9.925176433120722619e-01
9.923753628521413406e-01
9.922430269555700955e-01
9.921212496489022481e-01
9.920105791037958642e-01
9.919114978122672843e-01
9.918244228648157579e-01
9.917497063539391089e-01
9.916876359221997728e-01
9.916384354706180293e-01
9.916022660398716715e-01
9.915792268736342008e-01
9.915693566704552042e-01
9.915726350278966095e-01
9.915889840801972444e-01
9.916182703285276734e-01
9.916603066608872252e-01
9.917148545568391649e-01
9.917816264705431317e-01
9.918602883838647521e-01
9.919504625197161918e-01
9.920517302041607088e-01
9.921636348642244307e-01
9.922856851467954931e-01
9.924173581424998725e-01
9.925581026970656806e-01
9.927073427914699932e-01
9.928644809711666408e-01
9.930289018039598625e-01
9.931999753456578484e-01
9.933770605925364983e-01
9.935595088998668833e-01
9.937466673463046796e-01
9.939378820247692925e-01
9.941325012415163087e-01
9.943298786063751171e-01
9.945293759985305293e-01
9.947303663937078211e-01
9.949322365401406243e-01
9.951343894722038952e-01
9.953362468520620121e-01
9.955372511310949246e-01
9.957368675242185274e-01
9.959345857915202771e-01
9.961299218229001662e-01
9.963224190226591670e-01
9.965116494922401369e-01
9.966972150106121475e-01
9.968787478131160285e-01
9.970559111709688116e-01
9.972283997750438500e-01
9.973959399290025507e-01
9.975582895583229304e-01
9.977152380432154910e-01
9.978666058848005838e-01
9.980122442151917461e-01
9.981520341632316162e-01
9.982858860885042152e-01
9.984137386968501282e-01
9.985355580508891160e-01
9.986513364889766375e-01
9.987610914655626893e-01
9.988648643251003545e-01
9.989627190204770635e-01
9.990547407854857287e-01
9.991410347691845883e-01
9.992217246382285589e-01
9.992969511515004122e-01
9.993668707097823622e-01
9.994316538819012496e-01
9.994914839078961055e-01
9.995465551793886183e-01
9.995970716975651760e-01
9.996432455100209280e-01
9.996852951291660405e-01
9.997234439368687386e-01
9.997579185823987080e-01
9.997889473833666552e-01
