9.997972872633068553e-01
9.997677823741879521e-01
9.997350579480236421e-01
9.996989091580902320e-01
9.996591335188971250e-01
9.996155321865221044e-01
9.995679112065064542e-01
9.995160826985943769e-01
9.994598659712119471e-01
9.993990885620128717e-01
9.993335872039063039e-01
9.992632087185694401e-01
9.991878108414451454e-01
9.991072629835899832e-01
9.990214469364707695e-01
9.989302575259561001e-01
9.988336032213985805e-01
9.987314067049528621e-01
9.986236054052463063e-01
9.985101519983383689e-01
9.983910148776784510e-01
9.982661785936015608e-01
9.981356442618767311e-01
9.979994299399893576e-01
9.978575709692416584e-01
9.977101202804095070e-01
9.975571486605914195e-01
9.973987449790201465e-01
9.972350163699333914e-01
9.970660883711056632e-01
9.968921050172648846e-01
9.967132288883276958e-01
9.965296411131389087e-01
9.963415413301462964e-01
9.961491476071429041e-01
9.959526963228254592e-01
9.957524420134021836e-01
9.955486571878061630e-01
9.953416321151931090e-01
9.951316745882965442e-01
9.949191096658525080e-01
9.947042793966822671e-01
9.944875425271145764e-01
9.942692741922586341e-01
9.940498655902061387e-01
9.938297236365823961e-01
9.936092705950161363e-01
9.933889436771076165e-01
9.931691946034051366e-01
9.929504891148190904e-01
9.927333064218816228e-01
9.925181385773840237e-01
9.923054897562556542e-01
9.920958754251760769e-01
9.918898213833866606e-01
9.916878626555510889e-01
9.914905422173430072e-01
9.912984095347325830e-01
9.911120188987125879e-01
9.909319275384356196e-01
9.907586934973905413e-01
9.905928732593014541e-01
9.904350191128240555e-01
9.902856762467924234e-01
9.901453795706838257e-01
9.900146502580655650e-01
9.898939920140354953e-01
9.897838870710284898e-01
9.896847919208281441e-01
9.895971327941766038e-01
9.895213009030094931e-01
9.894576474640573993e-01
9.894064785263092521e-01
9.893680496286093584e-01
9.893425603173792160e-01
9.893301485580459076e-01
9.893308850770868856e-01
9.893447676745454888e-01
9.893717155492647297e-01
9.894115636807645497e-01
9.894640573124942051e-01
9.895288465809864986e-01
9.896054813341027545e-01
9.896934061790436665e-01
9.897919557970760174e-01
9.899003505570570516e-01
9.900176924539235701e-01
9.901429613915232464e-01
9.902750118217154007e-01
9.904125697438049825e-01
9.905542300603786821e-01
9.906984542777583780e-01
9.908435685318544017e-01
9.909877619134332960e-01
9.911290850609335568e-01
9.912654489841337124e-01
9.913946240783306774e-01
9.915142392863005583e-01
9.916217813642113077e-01
9.917145942078445797e-01
9.917898781968973454e-01
9.918446895177308598e-01
9.918759394286161823e-01
9.918803934362115937e-01
9.918546703576255341e-01
9.917952412488800773e-01
9.916984281878628016e-01
9.915604029078906034e-01
9.913771852868101808e-01
9.911446417061278158e-01
9.908584833050315677e-01
9.905142641653611468e-01
9.901073794756373170e-01
9.896330637351796744e-01
9.890863890731023123e-01
9.884622637715030358e-01
9.877554310973215568e-01
9.869604685629098650e-01
9.860717877510587481e-01
9.850836348556560873e-01
9.839900921038858828e-01
9.827850802393690577e-01
9.814623622573593886e-01
9.800155485924393339e-01
9.784381039655657419e-01
9.767233561002472975e-01
9.748645065166662294e-01
9.728546436073077786e-01
9.706867581879208284e-01
9.683537617032791367e-01
9.658485072482738687e-01
9.631638135415101498e-01
9.602924919610517085e-01
9.572273767206378459e-01
9.539613582300078276e-01
9.504874196454048407e-01
9.467986765763942714e-01
9.428884198733515909e-01
9.387501613768580722e-01
9.343776824663059255e-01
9.297650852007330879e-01
9.249068458007757565e-01
9.197978701771115650e-01
9.144335511683443496e-01
9.088098271104601000e-01
9.029232413212481267e-01
8.967710020470019971e-01
8.903510423859231082e-01
8.836620796735539241e-01
8.767036737908611155e-01
8.694762838358766066e-01
8.619813225856814976e-01
8.542212081675532032e-01
8.461994123567827542e-01
8.379205049244585757e-01
8.293901934717049507e-01
8.206153582076746167e-01
8.116040811570363056e-01
8.023656693186504985e-01
7.929106713402419571e-01
7.832508873235928260e-01
7.733993714304042699e-01
7.633704270194889840e-01
7.531795941103350822e-01
7.428436290349984539e-01
7.323804762084703546e-01
7.218092320157102337e-01
7.111501008801248691e-01
7.004243436421501157e-01
6.896542184366742934e-01
6.788629143134374821e-01
6.680744778946458018e-01
6.573137334084852013e-01
6.466061964759833858e-01
6.359779820619928525e-01
6.254557070294126664e-01
6.150663877599280571e-01
6.048373333253193040e-01
5.947960347118195212e-01
5.849700506169941416e-01
5.753868903551824232e-01
5.660738944244039228e-01
5.570581133054404166e-01
5.483661850829353313e-01
5.400242124988648973e-01
5.320576400704704056e-01
5.244911319272572703e-01
5.173484510441821449e-01
5.106523405697622753e-01
5.044244079674551351e-01
4.986850127049814452e-01
4.934531582381329606e-01
4.887463890417146350e-01
4.845806934395492371e-01
4.809704129768929137e-01
4.779281590614861130e-01
4.754647375732152792e-01
4.735890821067908485e-01
4.723081964669928468e-01
4.716271069821935669e-01
4.715488251396222630e-01
4.720743209759206138e-01
4.732025075799607405e-01
4.749302369826441383e-01
4.772523076216392823e-01
4.801614834789369457e-01
4.836485248966621020e-01
4.877022309831068325e-01
4.923094934270786371e-01
4.974553614455764494e-01
5.031231174980459464e-01
5.092943633108313328e-01
5.159491156685021007e-01
5.230659113450562003e-01
5.306219204681236201e-01
5.385930675338257423e-01
5.469541592194536728e-01
5.556790180763153675e-01
5.647406211267425036e-01
5.741112423381404817e-01
5.837625979040810265e-01
5.936659932286367791e-01
6.037924704865501591e-01
6.141129556192029826e-01
6.245984036256702066e-01
6.352199410201277985e-01
6.459490043519949820e-01
6.567574737238599525e-01
6.676178002944093137e-01
6.785031268190235831e-01
6.893874003588330579e-01
7.002454763788978909e-01
7.110532135566212109e-01
7.217875587309147134e-01
7.324266215393453461e-01
7.429497384124282844e-01
7.533375257193752894e-01
7.635719219856633710e-01
7.736362192276186045e-01
7.835150835705451122e-01
7.931945654327708928e-01
8.026620996663094143e-01
8.119064961439891315e-01
8.209179213713296841e-01
8.296878717779421208e-01
8.382091394068487133e-01
8.464757707702124101e-01
8.544830196762196461e-01
8.622272948542222260e-01
8.697061032140176451e-01
8.769179895708418826e-01
8.838624736511073721e-01
8.905399851661462973e-01
8.969517977034564549e-01
9.030999621385631393e-01
9.089872402171108590e-01
9.146170388977228338e-01
9.199933459831202143e-01
9.251206675015146708e-01
9.300039672338932251e-01
9.346486087168902612e-01
9.390602999867510015e-01
9.432450412685492447e-01
9.472090757572358966e-01
9.509588435840256038e-01
9.545009390135922311e-01
9.578420708749175727e-01
9.609890261915688958e-01
9.639486369457002102e-01
9.667277498840081140e-01
9.693331992529834462e-01
9.717717823347019612e-01
9.740502376426470876e-01
9.761752256291699181e-01
9.781533117516323372e-01
9.799909517425339223e-01
9.816944789294810292e-01
9.832700934532379033e-01
9.847238532358896235e-01
9.860616665559612803e-01
9.872892860928876857e-01
9.884123043092589711e-01
9.894361500456088088e-01
9.903660862090429839e-01
9.912072084436417407e-01
9.919644446772780677e-01
9.926425554462509071e-01
9.932461349059199529e-01
9.937796124423351474e-01
9.942472548066433324e-01
9.946531687007709177e-01
9.950013037494526147e-01
9.952954557999915686e-01
9.955392704970956741e-01
9.957362470855996017e-01
9.958897423987443931e-01
9.960029749938450472e-01
9.960790294005584800e-01
9.961208604495442875e-01
9.961312976511073058e-01
9.961130495944898744e-01
9.960687083389703211e-01
9.960007537679742562e-01
9.959115578772218536e-01
9.958033889677191386e-01
9.956784157143779845e-01
9.955387110814162277e-01
9.953862560566147932e-01
9.952229431781323132e-01
9.950505798299686955e-01
9.948708912853585495e-01
9.946855234813244406e-01
9.944960455122472398e-01
9.943039518354741535e-01
9.941106641875273597e-01
9.939175332151932718e-01
9.937258398314701147e-01
9.935367963118173495e-01
9.933515471512079920e-01
9.931711697069517397e-01
9.929966746560140445e-01
9.928290062984855835e-01
9.926690427409126105e-01
9.925175959943425275e-01
9.923754120222002539e-01
9.922431707725267724e-01
9.921214862277663027e-01
9.920109065032886031e-01
9.919119140232943721e-01
9.918249257998059676e-01
9.917502938372342314e-01
9.916883056816530040e-01
9.916391851305382810e-01
9.916030931154233841e-01
9.915801287667834751e-01
9.915703306675294204e-01
9.915736782988027187e-01
9.915900936793214937e-01
9.916194431973169854e-01
9.916615396320855869e-01
9.917161443603293991e-01
9.917829697407124501e-01
9.918616816683882842e-01
9.919519022896212679e-01
9.920532128650102477e-01
9.921651567682306938e-01
9.922872426056591477e-01
9.924189474407532074e-01
9.925597201056921559e-01
9.927089845815747493e-01
9.928661434274791420e-01
9.930305812379689456e-01
9.932016681082038723e-01
9.933787630857131568e-01
9.935612175881228803e-01
9.937483787666691049e-01
9.939395927961632848e-01
9.941342080731467856e-01
9.943315783052386614e-01
9.945310654760779467e-01
9.947320426717422004e-01
9.949338967560311664e-01
9.951360308835015545e-01
9.953378668406039909e-01
9.955388472066737382e-01
9.957384373278808098e-01
9.959361270985461756e-01
9.961314325454931895e-01
9.963238972123651394e-01
9.965130933420927040e-01
9.966986228569924000e-01
9.968801181373038167e-01
9.970572426003542210e-01
9.972296910839681949e-01
9.973971900391991330e-01
9.975594975389296959e-01
9.977164031103433750e-01
9.978677274006469977e-01
9.980133216867013157e-01
9.981530672403138293e-01
9.982868745618284079e-01
9.984146824952438992e-01
9.985364572383711446e-01
9.986521912614546581e-01
9.987619021472269321e-01
9.988656313645349893e-01
9.989634429865045240e-01
9.990554223627479136e-01
9.991416747534516141e-01
9.992223239314127481e-01
9.992975107563426551e-01
9.993673917241657767e-01
9.994321374927422896e-01
9.994919313845612718e-01
9.995469678665876989e-01
9.995974510076809372e-01
9.996435929148511645e-01
9.996856121510742099e-01
9.997237321393644960e-01
9.997581795601978571e-01
9.997891827520120067e-01
