9.997975125099323179e-01
9.997680383825461314e-01
9.997353476250366855e-01
9.996992355015277276e-01
9.996594995961712860e-01
9.996159411107280457e-01
9.995683661098556660e-01
9.995165867034432328e-01
9.994604221589387105e-01
9.993996999400492909e-01
9.993342566712820618e-01
9.992639390303740266e-01
9.991886045726574572e-01
9.991081224927659266e-01
9.990223743298073389e-01
9.989312546222768319e-01
9.988346715186136038e-01
9.987325473485471061e-01
9.986248191593339874e-01
9.985114392197921296e-01
9.983923754937955586e-01
9.982676120837117306e-01
9.981371496432207557e-01
9.980010057581139016e-01
9.978592152930593207e-01
9.977118307019740007e-01
9.975589222995321359e-01
9.974005784914760087e-01
9.972369059617298692e-01
9.970680298148235643e-01
9.968940936727734847e-01
9.967152597262856073e-01
9.965317087409201191e-01
9.963436400196131748e-01
9.961512713236780892e-01
9.959548387550378745e-01
9.957545966029439644e-01
9.955508171587782451e-01
9.953437905026679688e-01
9.951338242655519695e-01
9.949212433699837765e-01
9.947063897523402698e-01
9.944896220682009069e-01
9.942713153814942695e-01
9.940518608365723763e-01
9.938316653107145404e-01
9.936111510427035887e-01
9.933907552311244116e-01
9.931709295939534776e-01
9.929521398789206144e-01
9.927348653120958710e-01
9.925195979702632343e-01
9.923068420609718610e-01
9.920971130927683790e-01
9.918909369170819668e-01
9.916888486226052013e-01
9.914913912628359194e-01
9.912991143977283315e-01
9.911125724311652396e-01
9.909323227271827905e-01
9.907589234895339825e-01
9.905929313912259504e-01
9.904348989430509231e-01
9.902853715928123801e-01
9.901448845498542761e-01
9.900139593326048315e-01
9.898931000400880142e-01
9.897827893517248121e-01
9.896834842632130647e-01
9.895956115698294475e-01
9.895195631121408431e-01
9.894556908028241393e-01
9.894043014570530481e-01
9.893656514526902868e-01
9.893399412502462686e-01
9.893273098061535764e-01
9.893278289162407146e-01
9.893414975292338376e-01
9.893682360725053471e-01
9.894078808339680231e-01
9.894601784448235904e-01
9.895247805076604619e-01
9.896012384130665751e-01
9.896889983854036954e-01
9.897873967946677620e-01
9.898956557664920775e-01
9.900128791164409803e-01
9.901380486279564019e-01
9.902700206858777721e-01
9.904075232696062381e-01
9.905491533020001071e-01
9.906933743422582372e-01
9.908385146036317037e-01
9.909827652700641254e-01
9.911241790800054963e-01
9.912606691408403226e-01
9.913900079337566451e-01
9.915098264665180849e-01
9.916176135305273531e-01
9.917107150187742803e-01
9.917863332626923878e-01
9.918415263485543809e-01
9.918732073777196678e-01
9.918781436397281492e-01
9.918529556728360452e-01
9.917941161930270422e-01
9.916979488797659226e-01
9.915606270147504508e-01
9.913781719786612934e-01
9.911464516204032682e-01
9.908611785236223213e-01
9.905179082063880758e-01
9.901120373018867937e-01
9.896388017807896675e-01
9.890932752896207658e-01
9.884703676938785266e-01
9.877648239297341926e-01
9.869712232836264088e-01
9.860839792347094734e-01
9.850973400105152988e-01
9.840053900209018156e-01
9.828020523488819604e-01
9.814810924886727683e-01
9.800361235307205598e-01
9.784606129999554591e-01
9.767478915565916964e-01
9.748911637679569253e-01
9.728835211547497419e-01
9.707179577055397024e-01
9.683873880391418165e-01
9.658846683757160712e-01
9.632026204542316616e-01
9.603340585065432977e-01
9.572718193671142517e-01
9.540087957628277104e-01
9.505379727898264353e-01
9.468524675444275340e-01
9.429455718333998870e-01
9.388107978457761460e-01
9.344419266244138322e-01
9.298330591312156113e-01
9.249786696557454890e-01
9.198736612734217388e-01
9.145134230170078871e-01
9.088938883842581085e-01
9.030115947658184927e-01
8.968637433413738647e-01
8.904482589591301567e-01
8.837638494846309367e-01
8.768100640801864687e-01
8.695873498565063198e-01
8.620971063239978305e-01
8.543417370632335750e-01
8.463246980327686630e-01
8.380505419382479060e-01
8.295249580998940164e-01
8.207548072762002045e-01
8.117481509300047415e-01
8.025142744589457422e-01
7.930637039552582701e-01
7.834082161094322316e-01
7.735608409276653052e-01
7.635358569933784478e-01
7.533487790672170892e-01
7.430163378866905255e-01
7.325564520945883062e-01
7.219881922931874474e-01
7.113317372876938327e-01
7.006083226461112812e-01
6.898401817627080046e-01
6.790504796675712607e-01
6.682632398747894165e-01
6.575032646062374253e-01
6.467960487666837288e-01
6.361676880792872524e-01
6.256447818189363463e-01
6.152543306050806127e-01
6.050236297365445548e-01
5.949801585693084149e-01
5.851514664553201239e-01
5.755650557770581877e-01
5.662482626295308741e-01
5.572281357193367146e-01
5.485313140696518319e-01
5.401839041406766295e-01
5.322113569969826319e-01
5.246383461758703515e-01
5.174886469335483463e-01
5.107850175677810523e-01
5.045490835354147219e-01
4.988012250997518882e-01
4.935604692547617134e-01
4.888443866794218717e-01
4.846689944748588941e-01
4.810486654285255348e-01
4.779960445325511786e-01
4.755219734571969337e-01
4.736354236447165578e-01
4.723434386440177324e-01
4.716510862525130632e-01
4.715614209691647574e-01
4.720754571926006893e-01
4.731921535214064223e-01
4.749084084312370502e-01
4.772190675164651452e-01
4.801169423938494996e-01
4.835928412732539705e-01
4.876356111069185539e-01
4.922321911351049684e-01
4.973676775530176952e-01
5.030253989325030872e-01
5.091870019428403893e-01
5.158325468285007709e-01
5.229406120187098939e-01
5.304884071644455634e-01
5.384518938237001784e-01
5.468059129460438594e-01
5.555243182433531324e-01
5.645801144757539580e-01
5.739455996311816355e-01
5.835925099343370892e-01
5.934921665871937257e-01
6.036156231194789168e-01
6.139338122146879018e-01
6.244176908760490363e-01
6.350383828081408444e-01
6.457673169141759928e-01
6.565763608466148593e-01
6.674379485998525041e-01
6.783252011979575835e-01
6.892120396073508903e-01
7.000732890929491914e-01
7.108847743355302118e-01
7.216234047364047388e-01
7.322672494511603958e-01
7.427956018153462070e-01
7.531890329494097536e-01
7.634294344557637224e-01
7.735000502453603932e-01
7.833854976523993985e-01
7.930717781116858323e-01
8.025462777817631288e-01
8.117977585965123755e-01
8.208163403169048689e-01
8.295934742317955246e-01
8.381219092210460131e-01
8.463956509452328358e-01
8.544099149633498369e-01
8.621610746032217776e-01
8.696466044190306333e-01
8.768650200669704242e-01
8.838158154143508360e-01
8.904993976705068981e-01
8.969170212908268436e-01
9.030707213594744154e-01
9.089632471034282402e-01
9.145979961318462248e-01
9.199789499320718544e-01
9.251106110883884348e-01
9.299979426233989654e-01
9.346463097960663324e-01
9.390614246262560805e-01
9.432492933541960500e-01
9.472161669855365673e-01
9.509684950194048358e-01
9.545128824085511443e-01
9.578560497577406352e-01
9.610047967291386328e-01
9.639659685915771270e-01
9.667464258241441621e-01
9.693530166632547962e-01
9.717925524658648229e-01
9.740717857493634835e-01
9.761973907604142298e-01
9.781759464201188470e-01
9.800139214908059060e-01
9.817176618100175167e-01
9.832933794393949878e-01
9.847471435797238160e-01
9.860848731080341656e-01
9.873123305980398001e-01
9.884351176911119197e-01
9.894586716912323610e-01
9.903882632638403294e-01
9.912289951250882192e-01
9.919858016147258262e-01
9.926634490525999555e-01
9.932665367855928462e-01
9.937994988386849027e-01
9.942666060907052739e-01
9.946719689021479294e-01
9.950195401291247466e-01
9.953131184639720797e-01
9.955563520491329532e-01
9.957527423165477565e-01
9.959056480098065212e-01
9.960182893506200896e-01
9.960937523146955463e-01
9.961349929848140050e-01
9.961448419508192043e-01
9.961260087274064201e-01
9.960810861611629763e-01
9.960125547984192140e-01
9.959227871853113534e-01
9.958140520712587263e-01
9.956885184870150063e-01
9.955482596687977859e-01
9.953952568008779256e-01
9.952314025505818451e-01
9.950585043719901712e-01
9.948782875577393270e-01
9.946923980222236450e-01
9.945024048040556064e-01
9.943098022807608238e-01
9.941160120941745504e-01
9.939223847906931697e-01
9.937302011862045870e-01
9.935406734709757437e-01
9.933549460748275495e-01
9.931740963174033876e-01
9.929991348721053379e-01
9.928310060752301158e-01
9.926705881139094023e-01
9.925186931276469560e-01
9.923760672585232312e-01
9.922433906845964380e-01
9.921212776697067026e-01
9.920102766609179001e-01
9.919108704623095241e-01
9.918234765109089635e-01
9.917484472773429038e-01
9.916860708104417998e-01
9.916365714416526256e-01
9.916001106618115291e-01
9.915767881796867522e-01
9.915666431687646387e-01
9.915696557060653671e-01
9.915857484043291148e-01
9.916147882367082333e-01
9.916565885510902900e-01
9.917109112693306416e-01
9.917774692649322654e-01
9.918559289110474575e-01
9.919459127890423167e-01
9.920470025462514441e-01
9.921587418899541211e-01
9.922806397030317083e-01
9.924121732652663175e-01
9.925527915628395981e-01
9.927019186673592399e-01
9.928589571647140621e-01
9.930232916133029386e-01
9.931942920107269535e-01
9.933713172479023967e-01
9.935537185297625973e-01
9.937408427422377288e-01
9.939320357460298405e-01
9.941266455787680645e-01
9.943240255484069312e-01
9.945235372021410392e-01
9.947245531566137888e-01
9.949264597767297769e-01
9.951286596919098892e-01
9.953305741401151652e-01
9.955316451314019099e-01
9.957313374241402171e-01
9.959291403083491145e-01
9.961245691918799716e-01
9.963171669864395730e-01
9.965065052917039257e-01
9.966921853770597250e-01
9.968738389618266860e-01
9.970511287961849600e-01
9.972237490464359588e-01
9.973914254896761866e-01
9.975539155244125267e-01
9.977110080050890506e-01
9.978625229098685434e-01
9.980083108522751489e-01
9.981482524484078800e-01
9.982822575523160324e-01
9.984102643727336135e-01
9.985322384846622157e-01
9.986481717492224908e-01
9.987580811547576154e-01
9.988620075913583474e-01
9.989600145698286360e-01
9.990521868946614648e-01
9.991386292989388185e-01
9.992194650473068540e-01
9.992948345114242015e-01
9.993648937206858207e-01
9.994298128897040057e-01
9.994897749231259620e-01
9.995449738979774734e-01
9.995956135239190132e-01
9.996419055826194500e-01
9.996840683488683599e-01
9.997223249980038418e-01
9.997569020065921741e-01
9.997880275559226648e-01
