9.997987846986160498e-01
9.997694989656767950e-01
9.997370166891604848e-01
9.997011341015652475e-01
9.996616496532327867e-01
9.996183652935758390e-01
9.995710877015590023e-01
9.995196294551514926e-01
9.994638101330136637e-01
9.994034573450545356e-01
9.993384076914926251e-01
9.992685076525608112e-01
9.991936144129031083e-01
9.991135966259825363e-01
9.990283351244702015e-01
9.989377235826528700e-01
9.988416691364734312e-01
9.987400929660088522e-01
9.986329308441168617e-01
9.985201336537619099e-01
9.984016678752876128e-01
9.982775160437249440e-01
9.981476771752046950e-01
9.980121671607279366e-01
9.978710191249791084e-01
9.977242837475598369e-01
9.975720295439673979e-01
9.974143431038233754e-01
9.972513292842546395e-01
9.970831113568839887e-01
9.969098311075836882e-01
9.967316488889145232e-01
9.965487436259889975e-01
9.963613127773027767e-01
9.961695722528356445e-01
9.959737562923850485e-01
9.957741173076228858e-01
9.955709256917204542e-01
9.953644696005296000e-01
9.951550547092132826e-01
9.949430039478606158e-01
9.947286572189862897e-01
9.945123710988885701e-01
9.942945185236458094e-01
9.940754884590616847e-01
9.938556855521768485e-01
9.936355297600731884e-01
9.934154559496640724e-01
9.931959134600585326e-01
9.929773656169658125e-01
9.927602891865554557e-01
9.925451737542838604e-01
9.923325210125102380e-01
9.921228439393379173e-01
9.919166658500864209e-01
9.917145193021845717e-01
9.915169448341117908e-01
9.913244895193268347e-01
9.911377053169110329e-01
9.909571472019124139e-01
9.907833710600616461e-01
9.906169313336097293e-01
9.904583784074580954e-01
9.903082557274355269e-01
9.901670966455036194e-01
9.900354209897476165e-01
9.899137313602318633e-01
9.898025091551074794e-01
9.897022103347546951e-01
9.896132609352038534e-01
9.895360523456078194e-01
9.894709363681224445e-01
9.894182200821788342e-01
9.893781605387684808e-01
9.893509593139475644e-01
9.893367569542317330e-01
9.893356273497762032e-01
9.893475720740888546e-01
9.893725147313610080e-01
9.894102953541529244e-01
9.894606648949879624e-01
9.895232798552577869e-01
9.895976970936024575e-01
9.896833688535606743e-01
9.897796380467527300e-01
9.898857338232353031e-01
9.900007674550432846e-01
9.901237285524747689e-01
9.902534816256006733e-01
9.903887629960097527e-01
9.905281780562255056e-01
9.906701988667835357e-01
9.908131620739308865e-01
9.909552671244921118e-01
9.910945747488744129e-01
9.912290056785767467e-01
9.913563395610577311e-01
9.914742140324518394e-01
9.915801239074336637e-01
9.916714204454976089e-01
9.917453106540108365e-01
9.917988565905457854e-01
9.918289746301501841e-01
9.918324346672864333e-01
9.918058592271309371e-01
9.917457224667031168e-01
9.916483490528840150e-01
9.915099129117764809e-01
9.913264358520613717e-01
9.910937860740635097e-01
9.908076765861820734e-01
9.904636635612222850e-01
9.900571446770134454e-01
9.895833574985218872e-01
9.890373779724450642e-01
9.884141191199117271e-01
9.877083300282716305e-01
9.869145952587968784e-01
9.860273348031389773e-01
9.850408047371713716e-01
9.839490987359491569e-01
9.827461506273732494e-01
9.814257381741982034e-01
9.799814882836656027e-01
9.784068838507088417e-01
9.766952724438258127e-01
9.748398770419079984e-01
9.728338090251968939e-01
9.706700836138820732e-01
9.683416379335828550e-01
9.658413518680897258e-01
9.631620718364789502e-01
9.602966376043186036e-01
9.572379122075468372e-01
9.539788150331686145e-01
9.505123580636717362e-01
9.468316852525141547e-01
9.429301149567131946e-01
9.388011853099494930e-01
9.344387023761971944e-01
9.298367908801548065e-01
9.249899472671526679e-01
9.198930948021901699e-01
9.145416403757786750e-01
9.089315326438038856e-01
9.030593210901777246e-01
8.969222155651491724e-01
8.905181458193482946e-01
8.838458205245454113e-01
8.769047852472953153e-01
8.696954788217621246e-01
8.622192875536262013e-01
8.544785966786908604e-01
8.464768384980878579e-01
8.382185366173041663e-01
8.297093457289188567e-01
8.209560863991445245e-01
8.119667743460620146e-01
8.027506437326539235e-01
7.933181640400741585e-01
7.836810501354729563e-01
7.738522652034192095e-01
7.638460162695615008e-01
7.536777421085977258e-01
7.433640933946127349e-01
7.329229050191174988e-01
7.223731605693255453e-01
7.117349490250484134e-01
7.010294137958443805e-01
6.902786942796830250e-01
6.795058601795408437e-01
6.687348388644125396e-01
6.579903361059078470e-01
6.472977505608636939e-01
6.366830824044691362e-01
6.261728365477937652e-01
6.157939208989838820e-01
6.055735401496122883e-01
5.955390855876137035e-01
5.857180214568542542e-01
5.761377684014725720e-01
5.668255845514251767e-01
5.578084448246573013e-01
5.491129190413004402e-01
5.407650494662679108e-01
5.327902284183302362e-01
5.252130766057008238e-01
5.180573228696021548e-01
5.113456860372689317e-01
5.050997596033295345e-01
4.993398999723197562e-01
4.940851190041067875e-01
4.893529816070809613e-01
4.851595091201782450e-01
4.815190892133115463e-01
4.784443930159639757e-01
4.759463001552566297e-01
4.740338323475987714e-01
4.727140961422211518e-01
4.719922353609335985e-01
4.718713937168730332e-01
4.723526880267100436e-01
4.734351923565839337e-01
4.751159333630117221e-01
4.773898970071839276e-01
4.802500467354069436e-01
4.836873531310115215e-01
4.876908349546451582e-01
4.922476114013564219e-01
4.973429653148934149e-01
5.029604170128338936e-01
5.090818082910026909e-01
5.156873960926062761e-01
5.227559552470810722e-01
5.302648896062185369e-01
5.381903508312371187e-01
5.465073640147024570e-01
5.551899592561500008e-01
5.642113082508433131e-01
5.735438648980326626e-01
5.831595088894814261e-01
5.930296912018570010e-01
6.031255803889477018e-01
6.134182085526023176e-01
6.238786158658244929e-01
6.344779925283901001e-01
6.451878170554089520e-01
6.559799898328446677e-01
6.668269609213162141e-01
6.777018511503147824e-01
6.885785656188825321e-01
6.994318988048870978e-01
7.102376305822012403e-01
7.209726125518285400e-01
7.316148442076348957e-01
7.421435385778237803e-01
7.525391771075790048e-01
7.627835536741310873e-01
7.728598077506488861e-01
7.827524468575952632e-01
7.924473585573651446e-01
8.019318123581723468e-01
8.111944519944661591e-01
8.202252786420443087e-01
8.290156257052496702e-01
8.375581258800930406e-01
8.458466712502009655e-01
8.538763672116961301e-01
8.616434810484042695e-01
8.691453859903632839e-01
8.763805015869682302e-01
8.833482312119946833e-01
8.900488974922002861e-01
8.964836764154004989e-01
9.026545308292284187e-01
9.085641439896894322e-01
9.142158537606822621e-01
9.196135880034614907e-01
9.247618016301308863e-01
9.296654157292100207e-01
9.343297591055004236e-01
9.387605125121981642e-01
9.429636557915577200e-01
9.469454180823665412e-01
9.507122311987865615e-01
9.542706862363266040e-01
9.576274934171847830e-01
9.607894451491505450e-01
9.637633822396910466e-01
9.665561631796556474e-01
9.691746363889700566e-01
9.716256152994089401e-01
9.739158561366254574e-01
9.760520382546020723e-01
9.780407468700776930e-01
9.798884580417994705e-01
9.816015257391584869e-01
9.831861708464350036e-01
9.846484719520857132e-01
9.859943577768954803e-01
9.872296011000680771e-01
9.883598140482179328e-01
9.893904446185365353e-01
9.903267743140289348e-01
9.911739167755316826e-01
9.919368173021919644e-01
9.926202531591558076e-01
9.932288345783540917e-01
9.937670063654530095e-01
9.942390500331969028e-01
9.946490863884558387e-01
9.950010785072006536e-01
9.952988350382603322e-01
9.955460137829431622e-01
9.957461255033007719e-01
9.959025379168573444e-01
9.960184798399162043e-01
9.960970454450228662e-01
9.961411986007815411e-01
9.961537772640126631e-01
9.961374978952787229e-01
9.960949598692222517e-01
9.960286498511203845e-01
9.959409461107684436e-01
9.958341227444845734e-01
9.957103537758930090e-01
9.955717171064155657e-01
9.954201982872386001e-01
9.952576940860762278e-01
9.950860158243883813e-01
9.949068924638578837e-01
9.947219734248553547e-01
9.945328311242190855e-01
9.943409632248323415e-01
9.941477945950003559e-01
9.939546789813369365e-01
9.937629004045528403e-01
9.935736742929964782e-01
9.933881483738492557e-01
9.932074033463558216e-01
9.930324533652485908e-01
9.928642463655064088e-01
9.927036642617073081e-01
9.925515230564859737e-01
9.924085728929827876e-01
9.922754980857385609e-01
9.921529171633060029e-01
9.920413829540178918e-01
9.919413827439859110e-01
9.918533385336136821e-01
9.917776074158359823e-01
9.917144820960395180e-01
9.916641915703173771e-01
9.916269019754329062e-01
9.916027176207157234e-01
9.915916822091291882e-01
9.915937802519706468e-01
9.916089386791160365e-01
9.916370286443701998e-01
9.916778675233360874e-01
9.917312210992192956e-01
9.917968059301035533e-01
9.918742918894477567e-01
9.919633048698183186e-01
9.920634296381783956e-01
9.921742128294127605e-01
9.922951660631714743e-01
9.924257691676154902e-01
9.925654734922761957e-01
9.927137052910389725e-01
9.928698691552948485e-01
9.930333514765989911e-01
9.932035239177782193e-01
9.933797468713574386e-01
9.935613728844238102e-01
9.937477500296207911e-01
9.939382252028102771e-01
9.941321473290365418e-01
9.943288704597065264e-01
9.945277567453129075e-01
9.947281792695242819e-01
9.949295247319822622e-01
9.951311959686610642e-01
9.953326143001119952e-01
9.955332216993363348e-01
9.957324827723859073e-01
9.959298865461010397e-01
9.961249480586731320e-01
9.963172097499760627e-01
9.965062426498854098e-01
9.966916473640973217e-01
9.968730548583005779e-01
9.970501270429436014e-01
9.972225571622722606e-01
9.973900699927833458e-01
9.975524218577180857e-01
9.977094004656738013e-01
9.978608245828010093e-01
9.980065435493229442e-01
9.981464366522159182e-01
9.982804123667551321e-01
9.984084074802229702e-01
9.985303861113323798e-01
9.986463386388203523e-01
9.987562805521768006e-01
9.988602512366240305e-01
9.989583127032515275e-01
9.990505482737223053e-01
9.991370612272588714e-01
9.992179734158219695e-01
9.992934238516072432e-01
9.993635672693730321e-01
9.994285726647851309e-01
9.994886218090670571e-01
9.995439077398762251e-01
9.995946332285554625e-01
9.996410092247718371e-01
9.996832532810265848e-01
9.997215879615320988e-01
9.997562392423807731e-01
9.997874349126182336e-01
