9.997970924375975121e-01
9.997675608234014577e-01
9.997348072077298919e-01
9.996986267188968656e-01
9.996588168530959884e-01
9.996151787778123632e-01
9.995675185824990372e-01
9.995156484657145013e-01
9.994593878515245500e-01
9.993985644314197225e-01
9.993330151310892973e-01
9.992625870039956171e-01
9.991871380557069138e-01
9.991065380043288036e-01
9.990206689831290232e-01
9.989294261916190631e-01
9.988327185010318354e-01
9.987304690193999912e-01
9.986226156204420779e-01
9.985091114392938838e-01
9.983899253369148408e-01
9.982650423338444989e-01
9.981344640129619084e-01
9.979982088900722914e-01
9.978563127505458707e-01
9.977088289498788898e-01
9.975558286759308446e-01
9.973974011707111842e-01
9.972336539098940467e-01
9.970647127387187725e-01
9.968907219635362305e-01
9.967118443989425591e-01
9.965282613711686777e-01
9.963401726791204505e-01
9.961477965151422920e-01
9.959513693481772956e-01
9.957511457724669279e-01
9.955473983252494108e-01
9.953404172770303759e-01
9.951305103978909106e-01
9.949180027029420614e-01
9.947032361794118094e-01
9.944865694969529102e-01
9.942683777015987046e-01
9.940490518923702501e-01
9.938289988778932216e-01
9.936086408085436084e-01
9.933884147776643747e-01
9.931687723833372283e-01
9.929501792401242977e-01
9.927331144281854591e-01
9.925180698653099931e-01
9.923055495857435737e-01
9.920960689083270223e-01
9.918901534754448468e-01
9.916883381436708556e-01
9.914911657068320450e-01
9.912991854325076124e-01
9.911129513937521063e-01
9.909330205790608526e-01
9.907599507652533610e-01
9.905942981400018832e-01
9.904366146631198298e-01
9.902874451584021687e-01
9.901473241307138240e-01
9.900167723061197300e-01
9.898962928960897134e-01
9.897863675901684699e-01
9.896874522849681277e-01
9.895999725608862763e-01
9.895243189215959800e-01
9.894608418150602214e-01
9.894098464585874275e-01
9.893715874942220490e-01
9.893462635044932840e-01
9.893340114221381709e-01
9.893349008707578163e-01
9.893489284763160585e-01
9.893760121917950512e-01
9.894159856790071261e-01
9.894685927923809743e-01
9.895334822093381222e-01
9.896102022505438578e-01
9.896981959308024379e-01
9.897967962776331730e-01
9.899052219496877747e-01
9.900225731812333230e-01
9.901478280721125458e-01
9.902798392351086498e-01
9.904173308047421465e-01
9.905588958034878821e-01
9.907029938534990254e-01
9.908479492144444123e-01
9.909919491212471065e-01
9.911330423895859942e-01
9.912691382521490180e-01
9.913980053849477114e-01
9.915172710805860712e-01
9.916244205242605858e-01
9.917167961284483191e-01
9.917915968836618079e-01
9.918458776852666636e-01
9.918765486000726828e-01
9.918803740411499259e-01
9.918539718249969050e-01
9.917938120917348943e-01
9.916962160763618250e-01
9.915573547272454880e-01
9.913732471769477472e-01
9.911397590801650503e-01
9.908526008440645683e-01
9.905073257876167991e-01
9.900993282786985095e-01
9.896238419107669104e-01
9.890759377947576647e-01
9.884505230564549771e-01
9.877423396447789772e-01
9.869459635720224666e-01
9.860558047227342415e-01
9.850661073833336667e-01
9.839709516591705896e-01
9.827642559591258653e-01
9.814397807394056317e-01
9.799911337073483608e-01
9.784117766922888482e-01
9.766950343932671030e-01
9.748341052122155848e-01
9.728220743758378974e-01
9.706519295394901992e-01
9.683165790518859506e-01
9.658088730403975308e-01
9.631216274532833355e-01
9.602476511675885895e-01
9.571797762401206278e-01
9.539108913442070348e-01
9.504339783974062872e-01
9.467421523454326859e-01
9.428287040258337415e-01
9.386871459918885163e-01
9.343112611333150852e-01
9.296951538861404352e-01
9.248333037799927325e-01
9.197206210275808980e-01
9.143525038187192422e-01
9.087248969404123633e-01
9.028343513057662806e-01
8.966780839383687862e-01
8.902540379258383485e-01
8.835609418271060944e-01
8.765983679932349837e-01
8.693667892418392995e-01
8.618676333110319998e-01
8.541033345108761665e-01
8.460773819890550218e-01
8.377943640333462838e-01
8.292600078468028713e-01
8.204812142525149676e-01
8.114660868134694338e-01
8.022239548891907379e-01
7.927653901942143255e-01
7.831022164734164903e-01
7.732475119650961126e-01
7.632156043834894543e-01
7.530220582169856458e-01
7.426836542054626733e-01
7.322183609285185524e-01
7.216452985045735957e-01
7.109846944675135560e-01
7.002578319515037064e-01
6.894869903747280482e-01
6.786953788682028588e-01
6.679070627459056109e-01
6.571468833568545609e-01
6.464403716984573611e-01
6.358136562036758033e-01
6.252933651427816653e-01
6.149065241044873176e-01
6.046804490418684619e-01
5.946426353867240167e-01
5.848206437528298274e-01
5.752419827649073447e-01
5.659339895667472309e-01
5.569237085795336606e-01
5.482377691002904285e-01
5.399022623506326557e-01
5.319426186075664198e-01
5.243834850702970840e-01
5.172486051393957451e-01
5.105606998061009705e-01
5.043413518689920938e-01
4.986108937115726336e-01
4.933882993861109512e-01
4.886910817552578834e-01
4.845351954423371410e-01
4.809349463328181917e-01
4.779029083525714316e-01
4.754498482225620881e-01
4.735846588543930480e-01
4.723143020066051800e-01
4.716437607681486233e-01
4.715760023735164896e-01
4.721119517843982427e-01
4.732504763963106820e-01
4.749883821465030742e-01
4.773204212126462842e-01
4.802393114015041098e-01
4.837357672340794057e-01
4.877985426396609370e-01
4.924144850767699921e-01
4.975686008050811404e-01
5.032441309397704954e-01
5.094226378291584201e-01
5.160841012085759516e-01
5.232070234987460378e-01
5.307685435362017312e-01
5.387445579469882784e-01
5.471098493037938049e-01
5.558382201414211465e-01
5.649026318469541064e-01
5.742753473899337990e-01
5.839280768153184420e-01
5.938321243887871859e-01
6.039585362612025499e-01
6.142782475074888282e-01
6.247622273957744721e-01
6.353816217560346313e-01
6.461078913441216098e-01
6.569129451372535122e-01
6.677692675507840292e-01
6.786500386329792356e-01
6.895292463740309019e-01
7.003817903566291747e-01
7.111835760768581149e-01
7.219115993744259496e-01
7.325440205284794448e-01
7.430602276975449838e-01
7.534408895073283485e-01
7.636679967160346916e-01
7.737248930112861078e-01
7.835962951135121424e-01
7.932683024757503087e-01
8.027283969772598393e-01
8.119654331065011554e-01
8.209696192163926654e-01
8.297324905101488568e-01
8.382468744784961068e-01
8.465068495580650998e-01
8.545076978159320547e-01
8.622458524866687402e-01
8.697188411961034316e-01
8.769252257008832707e-01
8.838645389556691878e-01
8.905372202914240143e-01
8.969445494500080107e-01
9.030885801735438756e-01
9.089720739932503069e-01
9.145984348032321076e-01
9.199716447416059761e-01
9.250962018359257799e-01
9.299770598036032343e-01
9.346195703323092463e-01
9.390294281014356370e-01
9.432126187446878696e-01
9.471753698966873802e-01
9.509241054138087845e-01
9.544654028119001765e-01
9.578059539213644724e-01
9.609525287234959023e-01
9.639119423009374632e-01
9.666910248095279545e-01
9.692965943583409238e-01
9.717354326690251787e-01
9.740142633741736278e-01
9.761397328068888157e-01
9.781183931294413769e-01
9.799566876474196109e-01
9.816609381565284398e-01
9.832373341717410842e-01
9.846919238924193296e-01
9.860306067619220016e-01
9.872591274858202315e-01
9.883830713788911426e-01
9.894078609173934113e-01
9.903387533796168540e-01
9.911808394642710462e-01
9.919390427828955747e-01
9.926181201291122136e-01
9.932226624341958798e-01
9.937570963250855760e-01
9.942256862075802282e-01
9.946325368039922177e-01
9.949815960809158533e-01
9.952766585088909101e-01
9.955213686015164098e-01
9.957192246868552532e-01
9.958735828686799962e-01
9.959876611391240697e-01
9.960645436075813430e-01
9.961071848131852757e-01
9.961184140899482786e-01
9.961009399546935095e-01
9.960573544884036012e-01
9.959901376816904239e-01
9.959016617149545336e-01
9.957941951436541927e-01
9.956699069591572471e-01
9.955308704960977861e-01
9.953790671581724814e-01
9.952163899360130239e-01
9.950446466932402201e-01
9.948655632000595883e-01
9.946807858977618766e-01
9.944918843821598520e-01
9.943003535991866704e-01
9.941076157514328049e-01
9.939150219201242642e-01
9.937238534127222911e-01
9.935353228517798119e-01
9.933505750257100031e-01
9.931706875265582379e-01
9.929966712035835918e-01
9.928294704643476631e-01
9.926699634570208541e-01
9.925189621687283692e-01
9.923772124749833390e-01
9.922453941746499639e-01
9.921241210435124414e-01
9.920139409375196005e-01
9.919153359742275411e-01
9.918287228180214798e-01
9.917544530914899070e-01
9.916928139319710622e-01
9.916440287089224315e-01
9.916082579144644971e-01
9.915856002363123700e-01
9.915760938193701746e-01
9.915797177195744272e-01
9.915963935511172833e-01
9.916259873259625213e-01
9.916683114825454171e-01
9.917231270986861524e-01
9.917901462820057912e-01
9.918690347294630838e-01
9.919594144460173180e-01
9.920608666108287066e-01
9.921729345778492748e-01
9.922951269961401977e-01
9.924269210338073632e-01
9.925677656881191080e-01
9.927170851632068915e-01
9.928742822957952185e-01
9.930387420087167794e-01
9.932098347715598852e-01
9.933869200477126737e-01
9.935693497072882741e-01
9.937564713859495802e-01
9.939476317704560859e-01
9.941421797927995074e-01
9.943394697160171658e-01
9.945388640961347892e-01
9.947397366061275781e-01
9.949414747092590883e-01
9.951434821706280909e-01
9.953451813971874174e-01
9.955460155978920200e-01
9.957454507569744040e-01
9.959429774146515424e-01
9.961381122508377040e-01
9.963303994687100484e-01
9.965194119762509350e-01
9.967047523652028396e-01
9.968860536882219181e-01
9.970629800364194661e-01
9.972352269209219244e-01
9.974025214635598990e-01
9.975646224032757026e-01
9.977213199262970900e-01
9.978724353295137517e-01
9.980178205277586700e-01
9.981573574167987850e-01
9.982909571047026143e-01
9.984185590248495501e-01
9.985401299441042378e-01
9.986556628795891788e-01
9.987651759370196336e-01
9.988687110827249027e-01
9.989663328603015646e-01
9.990581270613780873e-01
9.991441993583022319e-01
9.992246739047934145e-01
9.992996919088628083e-01
9.993694101807187868e-01
9.994339996570874574e-01
9.994936439025119412e-01
9.995485375878435663e-01
9.995988849463842696e-01
9.996448982090072599e-01
9.996867960210380488e-01
9.997248018456726948e-01
9.997591423610979744e-01
9.997900458611137520e-01
