9.997993644246522260e-01
9.997701264336519289e-01
9.997376911638193864e-01
9.997018540684973198e-01
9.996624127667830262e-01
9.996191683372355197e-01
9.995719265621629823e-01
9.995204991117774274e-01
9.994647046610106722e-01
9.994043699351374821e-01
9.993393306833607825e-01
9.992694325820387080e-01
9.991945320711960177e-01
9.991144971292916788e-01
9.990292079919442791e-01
9.989385578204685867e-01
9.988424533257431737e-01
9.987408153522090437e-01
9.986335794258076604e-01
9.985206962685274634e-01
9.984021322810435750e-01
9.982778699938169575e-01
9.981479084860319650e-01
9.980122637709636368e-01
9.978709691458080844e-01
9.977240755036990150e-01
9.975716516055642691e-01
9.974137843096392286e-01
9.972505787568094471e-01
9.970821585104812090e-01
9.969086656503197696e-01
9.967302608199279934e-01
9.965471232292952841e-01
9.963594506136098650e-01
9.961674591507341248e-01
9.959713833402573657e-01
9.957714758475325612e-01
9.955680073164160371e-01
9.953612661545500062e-01
9.951515582949066463e-01
9.949392069369478175e-01
9.947245522701078091e-01
9.945079511813939011e-01
9.942897769477092584e-01
9.940704189120577183e-01
9.938502821411179244e-01
9.936297870598134185e-01
9.934093690565041213e-01
9.931894780503494058e-01
9.929705780103066370e-01
9.927531464132091088e-01
9.925376736264887034e-01
9.923246621994485928e-01
9.921146260456209509e-01
9.919080894977249097e-01
9.917055862161294755e-01
9.915076579315496019e-01
9.913148530029997074e-01
9.911277247727781070e-01
9.909468297014668581e-01
9.907727252675569973e-01
9.906059676183155416e-01
9.904471089608478662e-01
9.902966946849178775e-01
9.901552602119262358e-01
9.900233275674585887e-01
9.899014016779763558e-01
9.897899663954949911e-01
9.896894802574781602e-01
9.896003719926554920e-01
9.895230357870453686e-01
9.894578263281296193e-01
9.894050536488605552e-01
9.893649777969518722e-01
9.893378033586556208e-01
9.893236738698644173e-01
9.893226661507973363e-01
9.893347846035881465e-01
9.893599555146300739e-01
9.893980214053946787e-01
9.894487354764515130e-01
9.895117561894408720e-01
9.895866420306704825e-01
9.896728464977502249e-01
9.897697133472241893e-01
9.898764721365513886e-01
9.899922340881113225e-01
9.901159882963351810e-01
9.902465982917824094e-01
9.903827989682360000e-01
9.905231938709502248e-01
9.906662528363134879e-01
9.908103099656730972e-01
9.909535619091316416e-01
9.910940664290169844e-01
9.912297412075962155e-01
9.913583628596133179e-01
9.914775661074491930e-01
9.915848430751943443e-01
9.916775426576841523e-01
9.917528699215590882e-01
9.918078854976194458e-01
9.918395049270848363e-01
9.918444979287678320e-01
9.918194875595525151e-01
9.917609492468703047e-01
9.916652096790347093e-01
9.915284455472964664e-01
9.913466821422992625e-01
9.911157918172545100e-01
9.908314923406247310e-01
9.904893451724327003e-01
9.900847537105117446e-01
9.896129615660811396e-01
9.890690509419306498e-01
9.884479412011528687e-01
9.877443877296293584e-01
9.869529812111302869e-01
9.860681474496502119e-01
9.850841478890896008e-01
9.839950809951540922e-01
9.827948846778862269e-01
9.814773399450015257e-01
9.800360759856140414e-01
9.784645768904551844e-01
9.767561902177868127e-01
9.749041376134558456e-01
9.729015276885775165e-01
9.707413713489314588e-01
9.684165997562027561e-01
9.659200850827159845e-01
9.632446641984285796e-01
9.603831654019333586e-01
9.573284382763957989e-01
9.540733867171508065e-01
9.506110051405607386e-01
9.469344178441883031e-01
9.430369214468711236e-01
9.389120302944108376e-01
9.345535246727911804e-01
9.299555016266316532e-01
9.251124281364182522e-01
9.200191963644417381e-01
9.146711806367806563e-01
9.090642957876053920e-01
9.031950564530700776e-01
8.970606368656481866e-01
8.906589306665163575e-01
8.839886102241079069e-01
8.770491849218261526e-01
8.698410578577588925e-01
8.623655803846322909e-01
8.546251039097737534e-01
8.466230283730091788e-01
8.383638468256290333e-01
8.298531855461512841e-01
8.210978391487807615e-01
8.121058001682585070e-01
8.028862826400695596e-01
7.934497392374435520e-01
7.838078715756676695e-01
7.739736333492752696e-01
7.639612260276974487e-01
7.537860868989483265e-01
7.434648693175895939e-01
7.330154150813105174e-01
7.224567189285895363e-01
7.118088852167689939e-01
7.010930769042085231e-01
6.903314570209138079e-01
6.795471228682159470e-01
6.687640332391137088e-01
6.580069289963219603e-01
6.473012473848631654e-01
6.366730304903192028e-01
6.261488282831124685e-01
6.157555967140155850e-01
6.055205913473695745e-01
5.954712570370830349e-01
5.856351141673802330e-01
5.760396419963531578e-01
5.667121596564317354e-01
5.576797053825809369e-01
5.489689145567254736e-01
5.406058971757931042e-01
5.326161153707310580e-01
5.250242616244998883e-01
5.178541383577996982e-01
5.111285395712525936e-01
5.048691352509724339e-01
4.990963592597738030e-01
4.938293014474971487e-01
4.890856047199451107e-01
4.848813678055645671e-01
4.812310544514347699e-01
4.781474097644164978e-01
4.756413843890685555e-01
4.737220671807471639e-01
4.723966269902147852e-01
4.716702641252129569e-01
4.715461719953912834e-01
4.720255093802513402e-01
4.731073836863038951e-01
4.747888454803563807e-01
4.770648945017976761e-01
4.799284972690002204e-01
4.833706163045401460e-01
4.873802509119540272e-01
4.919444893439706146e-01
4.970485721096725706e-01
5.026759660763904236e-01
5.088084489322017845e-01
5.154262034871990306e-01
5.225079212068975965e-01
5.300309142898066428e-01
5.379712355239258947e-01
5.463038050844140070e-01
5.550025433676465392e-01
5.640405088960683821e-01
5.733900402746745506e-01
5.830229011344012502e-01
5.929104269613323375e-01
6.030236726843136719e-01
6.133335598783835607e-01
6.238110224381858693e-01
6.344271495851028231e-01
6.451533250946805964e-01
6.559613616674975223e-01
6.668236294168953249e-01
6.777131775108022893e-01
6.886038480816483176e-01
6.994703816071381475e-01
7.102885130643545875e-01
7.210350582686164689e-01
7.316879899251298447e-01
7.422265030436289157e-01
7.526310694918926236e-01
7.628834815909367739e-01
7.729668847806376863e-01
7.828657995072800801e-01
7.925661326019400876e-01
8.020551785287350910e-01
8.113216109830094780e-01
8.203554654099356469e-01
8.291481130925240084e-01
8.376922275236581283e-01
8.459817438288268487e-01
8.540118120443382921e-01
8.617787450799287985e-01
8.692799622050496611e-01
8.765139288952590313e-01
8.834800938598696973e-01
8.901788240453037959e-01
8.966113383717244645e-01
9.027796409148179935e-01
9.086864541915856686e-01
9.143351531502376117e-01
9.197297004013473831e-01
9.248745831618914170e-01
9.297747523171914219e-01
9.344355639394762436e-01
9.388627235370888835e-01
9.430622332463979296e-01
9.470403421201644134e-01
9.508034996122388671e-01
9.543583123095716880e-01
9.577115039189962875e-01
9.608698784782753188e-01
9.638402867285292830e-01
9.666295955582505650e-01
9.692446604074214100e-01
9.716923005034308058e-01
9.739792767881018110e-01
9.761122723867090567e-01
9.780978754648663731e-01
9.799425643170786016e-01
9.816526945310601882e-01
9.832344880741487048e-01
9.846940241518475911e-01
9.860372316933349035e-01
9.872698833243600536e-01
9.883975906940581924e-01
9.894258010286637317e-01
9.903597947917480715e-01
9.912046843373832905e-01
9.919654134494664266e-01
9.926467576673236870e-01
9.932533253046220700e-01
9.937895590755313480e-01
9.942597382489672952e-01
9.946679812585573766e-01
9.950182487026190126e-01
9.953143466748383128e-01
9.955599303723657867e-01
9.957585079335795619e-01
9.959134444626989158e-01
9.960279662026561009e-01
9.961051648210832443e-01
9.961480017769170914e-01
9.961593127369826606e-01
9.961418120130589582e-01
9.960980969904661420e-01
9.960306525193128868e-01
9.959418552393860535e-01
9.958339778094712491e-01
9.957091930118725509e-01
9.955695777032490534e-01
9.954171165837851776e-01
9.952537057582871993e-01
9.950811560651370291e-01
9.949011961521557756e-01
9.947154752823192947e-01
9.945255658568296075e-01
9.943329656481657564e-01
9.941390997412418162e-01
9.939453221865122146e-01
9.937529173745751621e-01
9.935631011473365914e-01
9.933770216659251195e-01
9.931957600601137859e-01
9.930203308878754465e-01
9.928516824367613625e-01
9.926906969009795523e-01
9.925381904693288959e-01
9.923949133595232341e-01
9.922615498339528717e-01
9.921387182306629082e-01
9.920269710413655018e-01
9.919267950657745248e-01
9.918386116685857790e-01
9.917627771621574384e-01
9.916995833345181310e-01
9.916492581388575145e-01
9.916119665572552533e-01
9.915878116481596782e-01
9.915768357841023839e-01
9.915790220833659019e-01
9.915942960368119286e-01
9.916225273288242770e-01
9.916635318492829088e-01
9.917170738916250006e-01
9.917828685303142766e-01
9.918605841693957093e-01
9.919498452521995358e-01
9.920502351206872405e-01
9.921612990113608532e-01
9.922825471731293590e-01
9.924134580910489722e-01
9.925534817984880132e-01
9.927020432590464294e-01
9.928585457985529272e-01
9.930223745667107194e-01
9.931929000075053748e-01
9.933694813173563620e-01
9.935514698701866099e-01
9.937382125891064399e-01
9.939290552452098026e-01
9.941233456650503397e-01
9.943204368296224560e-01
9.945196898490813453e-01
9.947204767989316077e-01
9.949221834049528645e-01
9.951242115656527831e-01
9.953259817025447154e-01
9.955269349299794568e-01
9.957265350376556245e-01
9.959242702802560965e-01
9.961196549699565805e-01
9.963122308688185935e-01
9.965015683793503332e-01
9.966872675328075637e-01
9.968689587761261350e-01
9.970463035597380008e-01
9.972189947299245905e-01
9.973867567307880266e-01
9.975493456223577526e-01
9.977065489227633366e-01
9.978581852837520305e-01
9.980041040100732230e-01
9.981441844343260650e-01
9.982783351597330768e-01
9.984064931838941837e-01
9.985286229168651717e-01
9.986447151068374994e-01
9.987547856862728501e-01
9.988588745505585509e-01
9.989570442801254391e-01
9.990493788155611066e-01
9.991359820936370761e-01
9.992169766504482853e-01
9.992925021961508447e-01
9.993627141642251743e-01
9.994277822368986541e-01
9.994878888474788559e-01
9.995432276599610644e-01
9.995940020264684200e-01
9.996404234238803754e-01
9.996827098723944927e-01
9.997210843406802994e-01
9.997557731446096163e-01
9.997870043491214886e-01
