9.997968640805888763e-01
9.997673102918316346e-01
9.997345345484500712e-01
9.996983324450965380e-01
9.996585020140414946e-01
9.996148450264775720e-01
9.995671682391614743e-01
9.995152845755441717e-01
9.994590142342220096e-01
9.993981857210588737e-01
9.993326368044976871e-01
9.992622153962532616e-01
9.991867803616579780e-01
9.991062022653678376e-01
9.990203640589333522e-01
9.989291617169336890e-01
9.988325048280520813e-01
9.987303171467316609e-01
9.986225371100161396e-01
9.985091183229671818e-01
9.983900300147846574e-01
9.982652574665188405e-01
9.981348024101698302e-01
9.979986833980476479e-01
9.978569361405836835e-01
9.977096138103470624e-01
9.975567873098276639e-01
9.973985455006002532e-01
9.972349953917412080e-01
9.970662622858088575e-01
9.968924898812772106e-01
9.967138403309908634e-01
9.965304942569414015e-01
9.963426507224101281e-01
9.961505271632361547e-01
9.959543592806047174e-01
9.957544008982718298e-01
9.955509237875018735e-01
9.953442174631693673e-01
9.951345889544113144e-01
9.949223625529178827e-01
9.947078795413643038e-01
9.944914979036387770e-01
9.942735920173878528e-01
9.940545523280146512e-01
9.938347850016379104e-01
9.936147115527048657e-01
9.933947684399814237e-01
9.931754066225957356e-01
9.929570910657408156e-01
9.927403001836312413e-01
9.925255252054285826e-01
9.923132694481850979e-01
9.921040474794651232e-01
9.918983841512708510e-01
9.916968134862568229e-01
9.914998773970280510e-01
9.913081242195853626e-01
9.911221070427221891e-01
9.909423818163858311e-01
9.907695052236463740e-01
9.906040323029535744e-01
9.904465138097334753e-01
9.902974933090467058e-01
9.901575039939349843e-01
9.900270652271818683e-01
9.899066788074643020e-01
9.897968249642475902e-01
9.896979580892589778e-01
9.896105022159524811e-01
9.895348462620441321e-01
9.894713390539383591e-01
9.894202841556628547e-01
9.893819345287379052e-01
9.893564870531673661e-01
9.893440769433602400e-01
9.893447720961494607e-01
9.893585674110390027e-01
9.893853791252071872e-01
9.894250392074614986e-01
9.894772898561180474e-01
9.895417781455176920e-01
9.896180508644818463e-01
9.897055495873945397e-01
9.898036060147572535e-01
9.899114376150549566e-01
9.900281435937092755e-01
9.901527012079520684e-01
9.902839624388437567e-01
9.904206510236559513e-01
9.905613598437077449e-01
9.907045486547901847e-01
9.908485421397966730e-01
9.909915282563718231e-01
9.911315568465044468e-01
9.912665384702047389e-01
9.913942434218452338e-01
9.915123008854944686e-01
9.916181981846569071e-01
9.917092800822431276e-01
9.917827480882928093e-01
9.918356597358763960e-01
9.918649277896365302e-01
9.918673193564893076e-01
9.918394548740063765e-01
9.917778069588492063e-01
9.916786991052664035e-01
9.915383042320317086e-01
9.913526430852868110e-01
9.911175825145288609e-01
9.908288336494774917e-01
9.904819500167784119e-01
9.900723256474732725e-01
9.895951932388923344e-01
9.890456224480917991e-01
9.884185184080849229e-01
9.877086205727950707e-01
9.869105020116871740e-01
9.860185692901447529e-01
9.850270630865012311e-01
9.839300597107782931e-01
9.827214737031362279e-01
9.813950617012739963e-01
9.799444277749501664e-01
9.783630304319005377e-01
9.766441915021689679e-01
9.747811071068052113e-01
9.727668609116547627e-01
9.705944398573277399e-01
9.682567525422633992e-01
9.657466504171176025e-01
9.630569519256140243e-01
9.601804696997754407e-01
9.571100408864181563e-01
9.538385606473678280e-01
9.503590188385098170e-01
9.466645398330111316e-01
9.427484254123568164e-01
9.386042006057481180e-01
9.342256623144123973e-01
9.296069305129756044e-01
9.247425017757421317e-01
9.196273048320056098e-01
9.142567578118814264e-01
9.086268268031220119e-01
9.027340853004937049e-01
8.965757740931145081e-01
8.901498611022649055e-01
8.834551006531931039e-01
8.764910916399486496e-01
8.692583340229080857e-01
8.617582830849870312e-01
8.539934008651133279e-01
8.459672041868552261e-01
8.376843087065595217e-01
8.291504684192455565e-01
8.203726100819930256e-01
8.113588620436659182e-01
8.021185770063279374e-01
7.926623482873434989e-01
7.830020192012601132e-01
7.731506852365006566e-01
7.631226887625963684e-01
7.529336060681557363e-01
7.426002265966851201e-01
7.321405243154590625e-01
7.215736212205302591e-01
7.109197430472953272e-01
7.002001673196415199e-01
6.894371639303953359e-01
6.786539285008033051e-01
6.678745088164055321e-01
6.571237246806094223e-01
6.464270815654582503e-01
6.358106784718138282e-01
6.253011104388577213e-01
6.149253661662741344e-01
6.047107212325518732e-01
5.946846274105010988e-01
5.848745985973995420e-01
5.753080938930347221e-01
5.660123983751550458e-01
5.570145021391583740e-01
5.483409781875503430e-01
5.400178597750142639e-01
5.320705178366407218e-01
5.245235391495430832e-01
5.174006059010288761e-01
5.107243773587673008e-01
5.045163743588451100e-01
4.987968673450349222e-01
4.935847687056745814e-01
4.888975301620022140e-01
4.847510459624112533e-01
4.811595626298397210e-01
4.781355959935033040e-01
4.756898562108762274e-01
4.738311814508077147e-01
4.725664808640068770e-01
4.719006874129386686e-01
4.718367210701157610e-01
4.723754628224818841e-01
4.735157398410743124e-01
4.752543220905641741e-01
4.775859305636944718e-01
4.805032572324898776e-01
4.839969967124988504e-01
4.880558895395278318e-01
4.926667768615159426e-01
4.978146662522892063e-01
5.034828082599824839e-01
5.096527832116859447e-01
5.163045977080531479e-01
5.234167901579389603e-01
5.309665446241238485e-01
5.389298121774497297e-01
5.472814388888030956e-01
5.559952995269341613e-01
5.650444359757385016e-01
5.744011993380359060e-01
5.840373946548347295e-01
5.939244271402595032e-01
6.040334488136496205e-01
6.143355044024310097e-01
6.248016753930165645e-01
6.354032211227250704e-01
6.461117158339644284e-01
6.568991806529322908e-01
6.677382095087900371e-01
6.786020880754320972e-01
6.894649048959555770e-01
7.003016539389235184e-01
7.110883279342790075e-01
7.218020019439564949e-01
7.324209067361038272e-01
7.429244916505743923e-01
7.532934767649516195e-01
7.635098942927517340e-01
7.735571192665018359e-01
7.834198896760288244e-01
7.930843163445548960e-01
8.025378829301845762e-01
8.117694365364664932e-01
8.207691695014250888e-01
8.295285930086502280e-01
8.380405032257087772e-01
8.462989407237526684e-01
8.542991439673397469e-01
8.620374976851581383e-01
8.695114769407815691e-01
8.767195877183046049e-01
8.836613048214995159e-01
8.903370078579624369e-01
8.967479160428202256e-01
9.028960225112315774e-01
9.087840287766401071e-01
9.144152799140259358e-01
9.197937009857991564e-01
9.249237351640288152e-01
9.298102839378517004e-01
9.344586497305356065e-01
9.388744811880064267e-01
9.430637213407739861e-01
9.470325587850026983e-01
9.507873819766812229e-01
9.543347366859926684e-01
9.576812866173864958e-01
9.608337771646930925e-01
9.637990022398787993e-01
9.665837740885937501e-01
9.691948959852313417e-01
9.716391376844518701e-01
9.739232134945787767e-01
9.760537628304780666e-01
9.780373330989590164e-01
9.798803647678866469e-01
9.815891784705625955e-01
9.831699639990525430e-01
9.846287710435898122e-01
9.859715015396099957e-01
9.872039034890587317e-01
9.883315661281456554e-01
9.893599163194980450e-01
9.902942160526128079e-01
9.911395609425193154e-01
9.919008796226477243e-01
9.925829339340223045e-01
9.931903198190840110e-01
9.937274688346834361e-01
9.941986502050663699e-01
9.946079733419541657e-01
9.949593907650439162e-01
9.952567013623225822e-01
9.955035539353997986e-01
9.957034509804838507e-01
9.958597526605488248e-01
9.959756809285340573e-01
9.960543237650227866e-01
9.960986394966941937e-01
9.961114611639552141e-01
9.960955009075670441e-01
9.960533543449001659e-01
9.959875049068189767e-01
9.959003281062988044e-01
9.957940957099076229e-01
9.956709797834593090e-01
9.955330565836559842e-01
9.953823102685508406e-01
9.952206364013277406e-01
9.950498452242677594e-01
9.948716646829153243e-01
9.946877431843069717e-01
9.944996520776399063e-01
9.943088878507796435e-01
9.941168740414000338e-01
9.939249628671167347e-01
9.937344365845270922e-01
9.935465085924101158e-01
9.933623242992858371e-01
9.931829617799214915e-01
9.930094322490670145e-01
9.928426803836125636e-01
9.926835845264055935e-01
9.925329568061335150e-01
9.923915432079705168e-01
9.922600236291472253e-01
9.921390119522993656e-01
9.920290561674942609e-01
9.919306385713174690e-01
9.918441760684785224e-01
9.917700205981749839e-01
9.917084597040846106e-01
9.916597172634545876e-01
9.916239543874239004e-01
9.916012705015530004e-01
9.915917046125874990e-01
9.915952367648014354e-01
9.916117896868537063e-01
9.916412306279376310e-01
9.916833733800763939e-01
9.917379804816728317e-01
9.918047655958088793e-01
9.918833960552575491e-01
9.919734955646762886e-01
9.920746470489716362e-01
9.921863956353371705e-01
9.923082517549947079e-01
9.924396943492216350e-01
9.925801741628759167e-01
9.927291171073822085e-01
9.928859276740734652e-01
9.930499923779436688e-01
9.932206832113119610e-01
9.933973610866480008e-01
9.935793792478875286e-01
9.937660866299693474e-01
9.939568311470312612e-01
9.941509628906753937e-01
9.943478372209082483e-01
9.945468177337225546e-01
9.947472790907596618e-01
9.949486096980207916e-01
9.951502142221430036e-01
9.953515159342767316e-01
9.955519588730872282e-01
9.957510098198286697e-01
9.959481600798224532e-01
9.961429270660051571e-01
9.963348556815303514e-01
9.965235194997117407e-01
9.967085217409201725e-01
9.968894960473911881e-01
9.970661070582871321e-01
9.972380507887693701e-01
9.974050548182872289e-01
9.975668782947314517e-01
9.977233117625291525e-01
9.978741768241110588e-01
9.980193256454366058e-01
9.981586403173383637e-01
9.982920320853235774e-01
9.984194404610583495e-01
9.985408322290488803e-01
9.986562003619566807e-01
9.987655628575509148e-01
9.988689615094900054e-01
9.989664606229764487e-01
9.990581456848945940e-01
9.991441219963879128e-01
9.992245132740819047e-01
9.992994602244147373e-01
9.993691190939442137e-01
9.994336601971854916e-01
9.994932664226292562e-01
9.995481317171938107e-01
9.995984595495531755e-01
9.996444613535858670e-01
9.996863549545890182e-01
9.997243629828295175e-01
9.997587112813445254e-01
9.997896273174968762e-01
