9.997974560032475422e-01
9.997679806367691935e-01
9.997352897189117904e-01
9.996991787465890900e-01
9.996594455499908660e-01
9.996158915870583250e-01
9.995683231852403594e-01
9.995165527199579847e-01
9.994603997228207470e-01
9.993996919160915704e-01
9.993342661729819332e-01
9.992639694059477495e-01
9.991886593871476263e-01
9.991082055065749756e-01
9.990224894740874495e-01
9.989314059716823957e-01
9.988348632619846734e-01
9.987327837581275736e-01
9.986251045591498787e-01
9.985117779538073002e-01
9.983927718944400898e-01
9.982680704413354755e-01
9.981376741769656391e-01
9.980016005886271913e-01
9.978598844173921512e-01
9.977125779709182796e-01
9.975597513975649200e-01
9.974014929193885104e-01
9.972379090219325448e-01
9.970691245992435725e-01
9.968952830531835341e-01
9.967165463468474762e-01
9.965330950126701781e-01
9.963451281165822682e-01
9.961528631803081568e-01
9.959565360645419307e-01
9.957564008162543834e-01
9.955527294837334118e-01
9.953458119031040052e-01
9.951359554599928936e-01
9.949234848296560907e-01
9.947087416982776098e-01
9.944920844672480165e-01
9.942738879410668584e-01
9.940545429980763847e-01
9.938344562415774019e-01
9.936140496270138289e-01
9.933937600589177741e-01
9.931740389492214049e-01
9.929553517264463336e-01
9.927381772832466478e-01
9.925230073478866766e-01
9.923103457635509272e-01
9.921007076579951844e-01
9.918946184850072623e-01
9.916926129185145156e-01
9.914952335799923633e-01
9.913030295801121827e-01
9.911165548563279915e-01
9.909363662893263536e-01
9.907630215829176246e-01
9.905970768940064453e-01
9.904390842016657093e-01
9.902895884070308519e-01
9.901491241586465319e-01
9.900182124010072915e-01
9.898973566472880625e-01
9.897870389806375790e-01
9.896877157918763102e-01
9.895998132650091206e-01
9.895237226256002883e-01
9.894597951707735373e-01
9.894083371033515206e-01
9.893696041964215038e-01
9.893437963183153716e-01
9.893310518515656682e-01
9.893314420427065103e-01
9.893449653227008866e-01
9.893715416401378526e-01
9.894110068509858191e-01
9.894631072094626223e-01
9.895274940043341516e-01
9.896037183835953988e-01
9.896912264079333887e-01
9.897893543696345553e-01
9.898973244087084788e-01
9.900142404520899664e-01
9.901390844949928827e-01
9.902707132360630826e-01
9.904078550701517214e-01
9.905491074345819102e-01
9.906929344969970241e-01
9.908376651655242950e-01
9.909814913953153281e-01
9.911224667597465787e-01
9.912585052498481542e-01
9.913873802620020159e-01
9.915067237316785853e-01
9.916140253699998741e-01
9.917066319601974822e-01
9.917817466725480369e-01
9.918364283590218600e-01
9.918675907926125523e-01
9.918720018210094302e-01
9.918462824098727149e-01
9.917869055573801385e-01
9.916901950688915557e-01
9.915523241884915961e-01
9.913693140928135916e-01
9.911370322619307283e-01
9.908511907522652429e-01
9.905073444074370403e-01
9.901008890548018693e-01
9.896270597481180431e-01
9.890809291303287454e-01
9.884574060047753852e-01
9.877512342181457017e-01
9.869569919739011876e-01
9.860690917105283670e-01
9.850817806943481525e-01
9.839891424913433937e-01
9.827850994960040110e-01
9.814634167069891113e-01
9.800177069488642534e-01
9.784414377457357759e-01
9.767279400557284941e-01
9.748704190744743592e-01
9.728619673107523624e-01
9.706955801278753793e-01
9.683641739302628615e-01
9.658606071558740735e-01
9.631777042119649135e-01
9.603082824642219517e-01
9.572451823580918617e-01
9.539813007164965608e-01
9.505096272205830754e-01
9.468232840402314165e-01
9.429155685392501818e-01
9.387799989370577691e-01
9.344103627646864751e-01
9.298007679086582877e-01
9.249456959921447119e-01
9.198400577993317562e-01
9.144792504065322181e-01
9.088592156428245694e-01
9.029764994643623144e-01
8.968283117905160307e-01
8.904125863172479560e-01
8.837280397941598142e-01
8.767742302270745691e-01
8.695516134484363446e-01
8.620615974838045092e-01
8.543065941348437775e-01
8.462900671979640688e-01
8.380165767435832080e-01
8.294918188941653447e-01
8.207226605599415858e-01
8.117171686195736591e-01
8.024846330688202301e-01
7.930355837032067035e-01
7.833817999501915263e-01
7.735363135217028230e-01
7.635134036181457917e-01
7.533285844790752472e-01
7.429985851423337451e-01
7.325413213413312086e-01
7.219758595378804600e-01
7.113223731542875905e-01
7.006020911319837952e-01
6.898372390037943447e-01
6.790509727220901404e-01
6.682673055349370728e-01
6.575110282466340994e-01
6.468076232376058776e-01
6.361831726518496488e-01
6.256642611884061234e-01
6.152778739574407130e-01
6.050512898823779961e-01
5.950119711480053031e-01
5.851874492116695414e-01
5.756052079114492015e-01
5.662925642223761713e-01
5.572765472299343603e-01
5.485837759096119370e-01
5.402403363222522126e-01
5.322716588571804186e-01
5.247023961780736823e-01
5.175563025495497627e-01
5.108561152444945908e-01
5.046234387521251197e-01
4.988786325233975916e-01
4.936407030023982623e-01
4.889272006984836105e-01
4.847541230530988399e-01
4.811358238463434578e-01
4.780849298707940953e-01
4.756122655732486493e-01
4.737267863287993874e-01
4.724355209659503174e-01
4.717435241067899909e-01
4.716538388230795409e-01
4.721674700383308165e-01
4.732833690285687123e-01
4.749984292915522266e-01
4.773074939669947891e-01
4.802033748999213758e-01
4.836768833469259343e-01
4.877168722317830607e-01
4.923102897636373321e-01
4.974422441387011951e-01
5.030960789557588075e-01
5.092534588875170520e-01
5.158944650644408103e-01
5.229976995457477074e-01
5.305403981741532160e-01
5.384985510372768402e-01
5.468470296898650940e-01
5.555597202277995361e-01
5.646096612478761489e-01
5.739691856774133960e-01
5.836100654156683998e-01
5.935036576957564147e-01
6.036210520522559131e-01
6.139332167668030138e-01
6.244111436626478273e-01
6.350259901301458232e-01
6.457492172889374160e-01
6.565527232296857196e-01
6.674089703285583930e-01
6.782911056911706815e-01
6.891730738587450444e-01
7.000297209970751666e-01
7.108368898872520214e-01
7.215715051446213169e-01
7.322116482073401933e-01
7.427366217562898498e-01
7.531270033518645546e-01
7.633646881981775989e-01
7.734329210692091339e-01
7.833163175522828148e-01
7.930008748798380580e-01
8.024739727288524582e-01
8.117243644667012648e-01
8.207421594111985463e-01
8.295187967497802406e-01
8.380470118272957958e-01
8.463207955629983292e-01
8.543353477946968866e-01
8.620870253715909870e-01
8.695732858273023114e-01
8.767926274615460702e-01
8.837445266435488556e-01
8.904293731237051812e-01
8.968484041032871446e-01
9.030036377666510461e-01
9.088978069277755534e-01
9.145342933846917211e-01
9.199170635129890750e-01
9.250506055646592340e-01
9.299398690725759753e-01
9.345902066952962439e-01
9.390073187728776860e-01
9.431972008031480614e-01
9.471660939902687426e-01
9.509204389642523791e-01
9.544668327218778225e-01
9.578119887965506063e-01
9.609627006272796201e-01
9.639258080650767724e-01
9.667081669286259338e-01
9.693166214997325225e-01
9.717579798325119977e-01
9.740389917380619655e-01
9.761663292980032880e-01
9.781465697552578220e-01
9.799861806282353927e-01
9.816915068947353884e-01
9.832687600938446737e-01
9.847240091975306697e-01
9.860631731081119788e-01
9.872920146430319566e-01
9.884161358741418990e-01
9.894409746948282791e-01
9.903718024946809306e-01
9.912137228279209733e-01
9.919716709684435196e-01
9.926504142510639284e-01
9.932545531053651455e-01
9.937885226954193962e-01
9.942565950855463131e-01
9.946628818591278787e-01
9.950113371242371718e-01
9.953057608463473649e-01
9.955498024545467173e-01
9.957469646733665414e-01
9.959006075374053912e-01
9.960139525502952340e-01
9.960900869531319479e-01
9.961319680702406254e-01
9.961424277020941576e-01
9.961241765363950673e-01
9.960798085489064313e-01
9.960118053657220916e-01
9.959225405585008239e-01
9.958142838439707489e-01
9.956892051589466552e-01
9.955493785824199859e-01
9.953967860771296694e-01
9.952333210245647432e-01
9.950607915296526551e-01
9.948809234744858676e-01
9.946953633043097431e-01
9.945056805335394934e-01
9.943133699646828916e-01
9.941198536185301693e-01
9.939264823796570836e-01
9.937345373669632664e-01
9.935452310444222723e-01
9.933597080922836886e-01
9.931790460634429829e-01
9.930042558534737385e-01
9.928362820157700108e-01
9.926760029553300946e-01
9.925242310358876052e-01
9.923817126353815521e-01
9.922491281842080735e-01
9.921270922193713426e-01
9.920161534856830610e-01
9.919167951126410809e-01
9.918294348926993687e-01
9.917544256834534000e-01
9.916920559529290857e-01
9.916425504838155547e-01
9.916060712492020812e-01
9.915827184692700413e-01
9.915725318554813317e-01
9.915754920461467004e-01
9.915915222348382629e-01
9.916204899909197845e-01
9.916622092694741264e-01
9.917164426060603999e-01
9.917829034899919849e-01
9.918612589081485797e-01
9.919511320496851026e-01
9.920521051603611307e-01
9.921637225335903087e-01
9.922854936237095469e-01
9.924168962654381643e-01
9.925573799820680554e-01
9.927063693636726249e-01
9.928632674955764070e-01
9.930274594165592328e-01
9.931983155858036261e-01
9.933751953374652111e-01
9.935574503019525272e-01
9.937444277735394405e-01
9.939354740047636749e-01
9.941299374091515650e-01
9.943271716550958761e-01
9.945265386351385128e-01
9.947274112964250570e-01
9.949291763196418392e-01
9.951312366352810246e-01
9.953330137675739930e-01
9.955339499978709261e-01
9.957335103406171894e-01
9.959311843263960462e-01
9.961264875877852143e-01
9.963189632450292210e-01
9.965081830897887238e-01
9.966937485665093854e-01
9.968752915522667291e-01
9.970524749373117501e-01
9.972249930099496007e-01
9.973925716508296180e-01
9.975549683431813586e-01
9.977119720069728137e-01
9.978634026663442125e-01
9.980091109609394717e-01
9.981489775128657982e-01
9.982829121618939094e-01
9.984108530821249605e-01
9.985327657936426959e-01
9.986486420826005128e-01
9.987584988427553601e-01
9.988623768506451617e-01
9.989603394854462692e-01
9.990524714030961650e-01
9.991388771725981943e-01
9.992196798806531888e-01
9.992950197090020303e-01
9.993650524872504937e-01
9.994299482226227660e-01
9.994898896071775507e-01
9.995450705026179827e-01
9.995956944030269797e-01
9.996419728766687829e-01
9.996841239894188602e-01
9.997223707143377824e-01
9.997569393342776722e-01
9.997880578470377255e-01
