9.997975453402649926e-01
9.997680793526354526e-01
9.997353981092074182e-01
9.996992970066873596e-01
9.996595737602040899e-01
9.996160296987727234e-01
9.995684710084339342e-01
9.995167099124688814e-01
9.994605657816932887e-01
9.993998661712720777e-01
9.993344477835715001e-01
9.992641573591456439e-01
9.991888524999409382e-01
9.991084024301497557e-01
9.990226887008585299e-01
9.989316058447652580e-01
9.988350619868666680e-01
9.987329794162416174e-01
9.986252951230076835e-01
9.985119613033216490e-01
9.983929458340464747e-01
9.982682327175211867e-01
9.981378224958254997e-01
9.980017326330854477e-01
9.978599978637621160e-01
9.977126705045138433e-01
9.975598207271222373e-01
9.974015367901084561e-01
9.972379252270113792e-01
9.970691109898067728e-01
9.968952375465974791e-01
9.967164669334293015e-01
9.965329797608635243e-01
9.963449751767088358e-01
9.961526707870373976e-01
9.959563025382539569e-01
9.957561245634903857e-01
9.955524089969448598e-01
9.953454457599211214e-01
9.951355423222333352e-01
9.949230234422927754e-01
9.947082308885718538e-01
9.944915231442410519e-01
9.942732750955990406e-01
9.940538777034834128e-01
9.938337376551816815e-01
9.936132769925026809e-01
9.933929327096708839e-01
9.931731563126198203e-01
9.929544133291692276e-01
9.927371827575391938e-01
9.925219564387587345e-01
9.923092383368535829e-01
9.920995437093084179e-01
9.918933981492652485e-01
9.916913364802943942e-01
9.914939014843934251e-01
9.913016424441588592e-01
9.911151134808409147e-01
9.909348716712145233e-01
9.907614749278642607e-01
9.905954796295279863e-01
9.904374379905435122e-01
9.902878951611221447e-01
9.901473860530899396e-01
9.900164318888412529e-01
9.898955364744950192e-01
9.897851822016121570e-01
9.896858257852952923e-01
9.895978937500462536e-01
9.895217776783843400e-01
9.894578292409345055e-01
9.894063550304391663e-01
9.893676112259077726e-01
9.893417981168252107e-01
9.893290545209054709e-01
9.893294521321966961e-01
9.893429898392599453e-01
9.893695880555241073e-01
9.894090831055782909e-01
9.894612217119587161e-01
9.895256556267647552e-01
9.896019364511071670e-01
9.896895106828651478e-01
9.897877150295206761e-01
9.898957720179782926e-01
9.900127859273923914e-01
9.901377390642613907e-01
9.902694883916451918e-01
9.904067625165462463e-01
9.905481590315636797e-01
9.906921421991419230e-01
9.908370409593793005e-01
9.909810472356724853e-01
9.911222145066687084e-01
9.912584566082472959e-01
9.913875467256749729e-01
9.915071165337532300e-01
9.916146554417230030e-01
9.917075098999037497e-01
9.917828827264778546e-01
9.918378324154094594e-01
9.918692723901415542e-01
9.918739701723486846e-01
9.918485464405617513e-01
9.917894739598532849e-01
9.916930763709292940e-01
9.915555268348855700e-01
9.913728465385484023e-01
9.911409030747458937e-01
9.908554087220745599e-01
9.905119186597766134e-01
9.901058291652522492e-01
9.896323758545215732e-01
9.890866320395874656e-01
9.884635072910831211e-01
9.877577463096581800e-01
9.869639282250816104e-01
9.860764664577020833e-01
9.850896092923461245e-01
9.839974413294918509e-01
9.827938859921111492e-01
9.814727092783648299e-01
9.800275249597828475e-01
9.784518014310866763e-01
9.767388704208976868e-01
9.748819377717472534e-01
9.728740964927270474e-01
9.707083422785226512e-01
9.683775916743777579e-01
9.658747030477374818e-01
9.631925005040844479e-01
9.603238008570702533e-01
9.572614437318167635e-01
9.539983248456552767e-01
9.505274324730751401e-01
9.468418870617670846e-01
9.429349839249140386e-01
9.388002388918020857e-01
9.344314367549145794e-01
9.298226823074292602e-01
9.249684537209280633e-01
9.198636579696495286e-01
9.145036879652251871e-01
9.088844810250501505e-01
9.030025782587497440e-01
8.968551844211586355e-01
8.904402277473778549e-01
8.837564192564241194e-01
8.768033109853099472e-01
8.695813525957062362e-01
8.620919457812429298e-01
8.543374958955270992e-01
8.463214602196358349e-01
8.380483922935818564e-01
8.295239817493726964e-01
8.207550891039905316e-01
8.117497749989277533e-01
8.025173234086950824e-01
7.930682583836254906e-01
7.834143539417901536e-01
7.735686367801974939e-01
7.635453815356953999e-01
7.533600983900669013e-01
7.430295128804544902e-01
7.325715378441275405e-01
7.220052374943854989e-01
7.113507836907155824e-01
7.006294045299741313e-01
6.898633254452425367e-01
6.790757030542502459e-01
6.682905520492452567e-01
6.575326654645756719e-01
6.468275286969957794e-01
6.362012276870518956e-01
6.256803516983546753e-01
6.152918911558311610e-01
6.050631310249913186e-01
5.950215402329122050e-01
5.851946576488936680e-01
5.756099751595883385e-01
5.662948183905935906e-01
5.572762256446234241e-01
5.485808256458233334e-01
5.402347147006132388e-01
5.322633339074751557e-01
5.246913470708228777e-01
5.175425199968377576e-01
5.108396018708669661e-01
5.046042094356470997e-01
4.988567147059379536e-01
4.936161369669023191e-01
4.889000398094969224e-01
4.847244339551590731e-01
4.811036866131941370e-01
4.780504380967341982e-01
4.755755263965087964e-01
4.736879203756474421e-01
4.723946622034691512e-01
4.717008195919449864e-01
4.716094483359510869e-01
4.721215655882154971e-01
4.732361342231180545e-01
4.749500585611785564e-01
4.772581916394068591e-01
4.801533541227936963e-01
4.836263648602356913e-01
4.876660829951741105e-01
4.922594614481412556e-01
4.973916114961078883e-01
5.030458780827657961e-01
5.092039254053024600e-01
5.158458322374106508e-01
5.229501963657540164e-01
5.304942474383894657e-01
5.384539674492341277e-01
5.468042180131715835e-01
5.555188735224045882e-01
5.645709592169407820e-01
5.739327931514398573e-01
5.835761309979041744e-01
5.934723125898796470e-01
6.035924090898020511e-01
6.139073696479212527e-01
6.243881664196689885e-01
6.350059368191807163e-01
6.457321219105156551e-01
6.565385998752769625e-01
6.673978135459294192e-01
6.782828910578839743e-01
6.891677587498548085e-01
7.000272455302465335e-01
7.108371780261761863e-01
7.215744659397289595e-01
7.322171771514696115e-01
7.427446022321011476e-01
7.531373081474403985e-01
7.633771810673350977e-01
7.734474583135755310e-01
7.833327496030990655e-01
7.930190478586891523e-01
8.024937299680657832e-01
8.117455479719257738e-01
8.207646112506306046e-01
8.295423603566013382e-01
8.380715332040675758e-01
8.463461243789855981e-01
8.543613383693040575e-01
8.621135375392861011e-01
8.696001856814922215e-01
8.768197879768635516e-01
8.837718281778549345e-01
8.904567038028001758e-01
8.968756600928280420e-01
9.030307234370813507e-01
9.089246349191828500e-01
9.145607845794084811e-01
9.199431469244485626e-01
9.250762181515148619e-01
9.299649554874008794e-01
9.346147189773137409e-01
9.390312159941384129e-01
9.432204486773974050e-01
9.471886644534388555e-01
9.509423097350974130e-01
9.544879868507540888e-01
9.578324142097458527e-01
9.609823896736323645e-01
9.639447570709085422e-01
9.667263757662485357e-01
9.693340931740085376e-01
9.717747200891416748e-01
9.740550086964689935e-01
9.761816331108993383e-01
9.781611722961999211e-01
9.800000952077705385e-01
9.817047480050529185e-01
9.832813431812618132e-01
9.847359504616152170e-01
9.860744893258175381e-01
9.873027230158896161e-01
9.884262538963208833e-01
9.894505200397445410e-01
9.903807929177996794e-01
9.912221760834476481e-01
9.919796047377280601e-01
9.926578460807338189e-01
9.932615003534426279e-01
9.937950024839481422e-01
9.942626242585390628e-01
9.946684769449347652e-01
9.950165143017045688e-01
9.953105359143865627e-01
9.955541908049447830e-01
9.957509812668471350e-01
9.959042668830727640e-01
9.960172686886836768e-01
9.960930734431182598e-01
9.961346379800832818e-01
9.961447936048207774e-01
9.961262505096981634e-01
9.960816021796187192e-01
9.960133297588389389e-01
9.959238063506088423e-01
9.958153012208291743e-01
9.956899838768679123e-01
9.955499279930026812e-01
9.953971151548282048e-01
9.952334383965235620e-01
9.950607055072060447e-01
9.948806420857156940e-01
9.946948943270640386e-01
9.945050315283464615e-01
9.943125483070357484e-01
9.941188665300690896e-01
9.939253369578292530e-01
9.937332406127953321e-01
9.935437898880884466e-01
9.933581294161953901e-01
9.931773367226225391e-01
9.930024226930020959e-01
9.928343318851241550e-01
9.926739427194485321e-01
9.925220675828287931e-01
9.923794528804731341e-01
9.922467790706231971e-01
9.921246607151259500e-01
9.920136465771123291e-01
9.919142197944887940e-01
9.918267981550440426e-01
9.917517344957819114e-01
9.916893172457614813e-01
9.916397711283624350e-01
9.916032580356102244e-01
9.915798780840532345e-01
9.915696708587634634e-01
9.915726168493375070e-01
9.915886390793310357e-01
9.916176049283429439e-01
9.916593281439431973e-01
9.917135710387771086e-01
9.917800468664238478e-01
9.918584223679008938e-01
9.919483204790614517e-01
9.920493231875008311e-01
9.921609745259774016e-01
9.922827836877761154e-01
9.924142282479311294e-01
9.925547574728250666e-01
9.927037956994451129e-01
9.928607457645562961e-01
9.930249924632985614e-01
9.931959060162639519e-01
9.933728455239887456e-01
9.935551623880066741e-01
9.937422036781446977e-01
9.939333154265711512e-01
9.941278458301815446e-01
9.943251483441900573e-01
9.945245846512044130e-01
9.947255274915715040e-01
9.949273633423089125e-01
9.951294949334708040e-01
9.953313435922774843e-01
9.955323514067747626e-01
9.957319832021565009e-01
9.959297283242031229e-01
9.961251022255631637e-01
9.963176478518671608e-01
9.965069368259213967e-01
9.966925704295119814e-01
9.968741803836754789e-01
9.970514294296548563e-01
9.972240117141788485e-01
9.973916529841438949e-01
9.975541105972451916e-01
9.977111733565341423e-01
9.978626611782669409e-01
9.980084246036697859e-01
9.981483441663502321e-01
9.982823296279700331e-01
9.984103190953963480e-01
9.985322780328390602e-01
9.986481981824099075e-01
9.987580964060949196e-01
9.988620134613143131e-01
9.989600127210815916e-01
9.990521788483200938e-01
9.991386164322302310e-01
9.992194485928278525e-01
9.992948155580184677e-01
9.993648732159657877e-01
9.994297916441930996e-01
9.994897536159492724e-01
9.995449530839832786e-01
9.995955936420695132e-01
9.996418869654510875e-01
9.996840512327936912e-01
9.997223095341998267e-01
9.997568882722134287e-01
9.997880155653724454e-01
