9.997975388681423770e-01
9.997680713462978597e-01
9.997353883127670926e-01
9.996992851391859336e-01
9.996595595157735659e-01
9.996160127471848122e-01
9.995684509960519604e-01
9.995166864636008119e-01
9.994605385003367815e-01
9.993998346432292346e-01
9.993344115789035698e-01
9.992641160349261531e-01
9.991888056032603993e-01
9.991083495013162175e-01
9.990226292767370175e-01
9.989315394621950395e-01
9.988349881860948409e-01
9.987328977443153954e-01
9.986252051370688720e-01
9.985118625737539055e-01
9.983928379474306114e-01
9.982681152793647650e-01
9.981376951330368508e-01
9.980015949961742461e-01
9.978598496287570674e-01
9.977125113745944907e-01
9.975596504339725445e-01
9.974013550950066032e-01
9.972377319216744196e-01
9.970689058970184648e-01
9.968950205206476012e-01
9.967162378603993123e-01
9.965327385587938736e-01
9.963447217956833413e-01
9.961524052092221027e-01
9.959560247779241093e-01
9.957558346670785099e-01
9.955521070431385677e-01
9.953451318598355302e-01
9.951352166196795190e-01
9.949226861141566847e-01
9.947078821453143593e-01
9.944911632305236671e-01
9.942729042910348758e-01
9.940534963235085897e-01
9.938333460520352158e-01
9.936128755563030657e-01
9.933925218695698334e-01
9.931727365380144112e-01
9.929539851309499010e-01
9.927367466893510795e-01
9.925215130982524281e-01
9.923087883669036158e-01
9.920990877991763268e-01
9.918929370356872610e-01
9.916908709484751894e-01
9.914934323688880946e-01
9.913011706296283032e-01
9.911146399026669052e-01
9.909343973159615571e-01
9.907610008335759888e-01
9.905950068858473401e-01
9.904369677386428705e-01
9.902874285934284426e-01
9.901469244127890645e-01
9.900159764691396358e-01
9.898950886176142161e-01
9.897847432974862247e-01
9.896853972699370949e-01
9.895974771035408457e-01
9.895213744224672370e-01
9.894574409361065470e-01
9.894059832725680126e-01
9.893672576422675169e-01
9.893414643615260351e-01
9.893287422696742661e-01
9.893291630764726730e-01
9.893427256795865876e-01
9.893693504942292494e-01
9.894088738387535331e-01
9.894610424207701538e-01
9.895255079681489763e-01
9.896018220479314564e-01
9.896894311136558153e-01
9.897876718178900690e-01
9.898957666219061480e-01
9.900128197285403830e-01
9.901378133575230445e-01
9.902696043751476607e-01
9.904069212823375379e-01
9.905483615572222567e-01
9.906923893405490400e-01
9.908373334448841163e-01
9.909813856618663319e-01
9.911225993359576991e-01
9.912588881683800368e-01
9.913880252113379532e-01
9.915076420102969523e-01
9.916152278510208529e-01
9.917081290682880912e-01
9.917835483746251235e-01
9.918385441699846261e-01
9.918700297969434976e-01
9.918747727106399514e-01
9.918493935382101112e-01
9.917903650088705225e-01
9.916940107429591533e-01
9.915565038961724476e-01
9.913738656639138336e-01
9.911419636601076499e-01
9.908565101950665976e-01
9.905130604880623135e-01
9.901070108621724541e-01
9.896335969817732225e-01
9.890878922066963508e-01
9.884648061514971218e-01
9.877590835533642810e-01
9.869653035677160569e-01
9.860778796261912005e-01
9.850910600071789425e-01
9.839989292837800772e-01
9.827954108276415468e-01
9.814742705588883620e-01
9.800291221418164778e-01
9.784534338325300284e-01
9.767405371877795339e-01
9.748836378434330152e-01
9.728758285659222516e-01
9.707101047704161934e-01
9.683793826852711284e-01
9.658765203235147867e-01
9.631943413988858227e-01
9.603256622965464784e-01
9.572633221773564349e-01
9.540002162600007551e-01
9.505293322877638174e-01
9.468437901468635953e-01
9.429368845615209160e-01
9.388021307478613409e-01
9.344333128648327769e-01
9.298245350560643274e-01
9.249702748324849511e-01
9.198654385020155200e-01
9.145054183102594436e-01
9.088861509153047802e-01
9.030041767810510489e-01
8.968567000374186859e-01
8.904416483229330437e-01
8.837577320961168548e-01
8.768045028774363869e-01
8.695824098638639255e-01
8.620928543440040670e-01
8.543382413337688996e-01
8.463220278512553207e-01
8.380487672552232592e-01
8.295241490847008459e-01
8.207550338579510107e-01
8.117494823173528884e-01
8.025167786425300154e-01
7.930674471969821893e-01
7.834132624229758202e-01
7.735672515548029926e-01
7.635436898807965722e-01
7.533580883485505586e-01
7.430271733744703289e-01
7.325688587866543422e-01
7.220022098979179681e-01
7.113473997720953790e-01
7.006256578104353983e-01
6.898592108447986204e-01
6.790712169796229158e-01
6.682856924746263250e-01
6.575274320046142762e-01
6.468219226715158365e-01
6.361952521771234714e-01
6.256740115934723567e-01
6.152851931920562123e-01
6.050560838140455200e-01
5.950141542822908747e-01
5.851869453731518567e-01
5.756019508830070297e-01
5.662864983414401809e-01
5.572676279412327460e-01
5.485719702746554294e-01
5.402256234863851425e-01
5.322540304753291540e-01
5.246818568003895900e-01
5.175328699678569677e-01
5.108298207998986928e-01
5.045943276032217595e-01
4.988467638733535825e-01
4.936061502817498114e-01
4.888900516989179712e-01
4.847144800058139635e-01
4.810938034369319771e-01
4.780406631810822926e-01
4.755658979392537455e-01
4.736784771030411179e-01
4.723854431719092251e-01
4.716918639733693741e-01
4.716007951876208804e-01
4.721132536080552278e-01
4.732282014922702951e-01
4.749425422759584459e-01
4.772511278353295250e-01
4.801467773938029593e-01
4.836203080766834361e-01
4.876605770244214488e-01
4.922545348818998523e-01
4.973872903887938124e-01
5.030421857051596835e-01
5.092008820177538198e-01
5.158434548866106528e-01
5.229484987088258707e-01
5.304932395976262871e-01
5.384536559003348932e-01
5.468046055092541380e-01
5.555199590554564804e-01
5.645727380176938093e-01
5.739352567279700779e-01
5.835792672125756919e-01
5.934761057735609135e-01
6.035968401916527171e-01
6.139124164184492916e-01
6.243938036242214773e-01
6.350121364785786815e-01
6.457388535651548134e-01
6.565458308687328604e-01
6.674055093238896452e-01
6.782910154781203182e-01
6.891762743989210405e-01
7.000361140426409889e-01
7.108463604018349091e-01
7.215839228559246532e-01
7.322268692654417821e-01
7.427544904710725593e-01
7.531473539830130237e-01
7.633873467716570937e-01
7.734577071950792249e-01
7.833430462200268174e-01
7.930293582090577331e-01
8.025040216551386774e-01
8.117557903446694922e-01
8.207747755190333283e-01
8.295524196820870388e-01
8.380814627655872595e-01
8.463559014156667448e-01
8.543709422008120002e-01
8.621229495652773522e-01
8.696093893617347081e-01
8.768287687937463826e-01
8.837805735831236742e-01
8.904652031504256549e-01
8.968839045599529269e-01
9.030387059349931356e-01
9.089323499962299602e-01
9.145682283177253291e-01
9.199503168322694657e-01
9.250831130527614743e-01
9.299715754101082199e-01
9.346210650423243393e-01
9.390372903053617604e-01
9.432262542147739071e-01
9.471942049696030486e-01
9.509475896565733333e-01
9.544930111843664688e-01
9.578371884547786097e-01
9.609869197401188501e-01
9.639490492042985803e-01
9.667304364785684889e-01
9.693379291815067411e-01
9.717783382563072170e-01
9.740584159862132330e-01
9.761848365406093908e-01
9.781641788993115094e-01
9.800029120004519756e-01
9.817073819575644622e-01
9.832838011935316480e-01
9.847382393425745395e-01
9.860766157760423312e-01
9.873046936131240070e-01
9.884280750834826268e-01
9.894521981150586898e-01
9.903823340267431385e-01
9.912235862122416030e-01
9.919808897081563437e-01
9.926590115461130237e-01
9.932625517956130690e-01
9.937959452111881919e-01
9.942634634043394648e-01
9.946692174675916265e-01
9.950171609847078269e-01
9.953110933675922700e-01
9.955546634665217720e-01
9.957513734059878496e-01
9.959045826034540472e-01
9.960175119326490911e-01
9.960932479965457498e-01
9.961347474778841082e-01
9.961448415370042220e-01
9.961262402279221773e-01
9.960815369041333689e-01
9.960132125857239505e-01
9.959236402591951087e-01
9.958150890811945377e-01
9.956897284572975293e-01
9.955496319673053929e-01
9.953967811094082130e-01
9.952330688371169298e-01
9.950603028651997528e-01
9.948802087239801972e-01
9.946944325452429236e-01
9.945045435675594625e-01
9.943120363539627027e-01
9.941183327203931830e-01
9.939247833790302300e-01
9.937326693062884519e-01
9.935432028507179547e-01
9.933575286010937200e-01
9.931767240394576701e-01
9.930018000076401563e-01
9.928337010187435752e-01
9.926733054471488238e-01
9.925214256317858030e-01
9.923788079277019447e-01
9.922461327404183962e-01
9.921240145762567630e-01
9.920130021398571030e-01
9.919135785076009793e-01
9.918261614027411577e-01
9.917511035948526343e-01
9.916886934428805755e-01
9.916391555976987737e-01
9.916026518768011888e-01
9.915792823206088791e-01
9.915690864369456348e-01
9.915720446375455577e-01
9.915880798680055674e-01
9.916170594303834740e-01
9.916587969956186521e-01
9.917130548010935076e-01
9.917795460269022145e-01
9.918579373427089951e-01
9.919478516154381920e-01
9.920488707664090189e-01
9.921605387649228280e-01
9.922823647437328809e-01
9.924138262203208161e-01
9.925543724065033491e-01
9.927034275876599478e-01
9.928603945518478247e-01
9.930246580483230723e-01
9.931955882545293601e-01
9.933725442304978115e-01
9.935548773398087397e-01
9.937419346168020473e-01
9.939330620605477673e-01
9.941276078371650282e-01
9.943249253733550397e-01
9.945243763254295599e-01
9.947253334096159971e-01
9.949271830809565120e-01
9.951293280496454896e-01
9.953311896251334501e-01
9.955322098797628749e-01
9.957318536250662211e-01
9.959296101951796709e-01
9.961249950330991476e-01
9.963175510767673382e-01
9.965068499432397919e-01
9.966924929104618025e-01
9.968741116975127214e-01
9.970513690455368172e-01
9.972239591029997685e-01
9.973916076203499514e-01
9.975540719606300621e-01
9.977111409340179149e-01
9.978626344656559288e-01
9.980084031073962469e-01
9.981483274051872190e-01
9.982823171347137148e-01
9.984103104185044764e-01
9.985322727380127050e-01
9.986481958541011394e-01
9.987580966489201240e-01
9.988620159013521516e-01
9.989600170070317420e-01
9.990521846524986760e-01
9.991386234513793818e-01
9.992194565487171332e-01
9.992948241978196755e-01
9.993648823123862934e-01
9.994298009953576090e-01
9.994897630450266801e-01
9.995449624385600584e-01
9.995956027932784149e-01
9.996418958068719052e-01
9.996840596791455313e-01
9.997223175198549638e-01
9.997568957495629460e-01
9.997880225030792989e-01
