9.997975320405791955e-01
9.997680632701870795e-01
9.997353788173168887e-01
9.996992740402443900e-01
9.996595466162486732e-01
9.996159978376785160e-01
9.995684338557059290e-01
9.995166668611482619e-01
9.994605161953474814e-01
9.993998093875313682e-01
9.993343831181583647e-01
9.992640841103319627e-01
9.991887699533549272e-01
9.991083098638473547e-01
9.990225853905686515e-01
9.989314910692165261e-01
9.988349350331029441e-01
9.987328395848380502e-01
9.986251417331064584e-01
9.985117936974122754e-01
9.983927633824302150e-01
9.982680348224077793e-01
9.981376085950254273e-01
9.980015022032737715e-01
9.978597504233026605e-01
9.977124056158462873e-01
9.975595379987267641e-01
9.974012358780737220e-01
9.972376058362382167e-01
9.970687728748924838e-01
9.968948805124485668e-01
9.967160908356540450e-01
9.965325845060022392e-01
9.963445607223546663e-01
9.961522371419044841e-01
9.959558497622441608e-01
9.957556527678068647e-01
9.955519183442943509e-01
9.953449364648409015e-01
9.951350146515722805e-01
9.949224777158667266e-01
9.947076674800051643e-01
9.944909424819992072e-01
9.942726776642082376e-01
9.940532640449257773e-01
9.938331083704472491e-01
9.936126327432756034e-01
9.933922742201183320e-01
9.931724843712529394e-01
9.929537287907408416e-01
9.927364865449403997e-01
9.925212495448797467e-01
9.923085218263711926e-01
9.920988187203674258e-01
9.918926658950205644e-01
9.916905982502847161e-01
9.914931586457206292e-01
9.913008964424472325e-01
9.911143658409552470e-01
9.909341239977164095e-01
9.907607289051864052e-01
9.905947370218460835e-01
9.904367006413239416e-01
9.902871649923207231e-01
9.901466650639714207e-01
9.900157221543857133e-01
9.898948401433492750e-01
9.897845014935378050e-01
9.896851629880584200e-01
9.895972512156844259e-01
9.895211578187855794e-01
9.894572345226543275e-01
9.894057879686837254e-01
9.893670743776126209e-01
9.893412940727644989e-01
9.893285858967789670e-01
9.893290215586539871e-01
9.893425999508448365e-01
9.893692414785438816e-01
9.894087824449330215e-01
9.894609695369973590e-01
9.895254544562724908e-01
9.896017887375638811e-01
9.896894187961555733e-01
9.897876812403146873e-01
9.898957984810387023e-01
9.900128746650979084e-01
9.901378919506672593e-01
9.902697071374223503e-01
9.904070486551581620e-01
9.905485139070434597e-01
9.906925669558294123e-01
9.908375365339572305e-01
9.909816143518117570e-01
9.911228536725471550e-01
9.912591681171492031e-01
9.913883306598069156e-01
9.915079727713292934e-01
9.916155836672814194e-01
9.917085096177198356e-01
9.917839532768334410e-01
9.918389729933830834e-01
9.918704820664830946e-01
9.918752479159167468e-01
9.918498911417255037e-01
9.917908844542004942e-01
9.916945514625815639e-01
9.915570653186991379e-01
9.913744472204808478e-01
9.911425647896914271e-01
9.908571303485111947e-01
9.905136991306334737e-01
9.901076674744823114e-01
9.896342710589571823e-01
9.890885832557585466e-01
9.884655136867834813e-01
9.877598070901565386e-01
9.869660426139800213e-01
9.860786336725451129e-01
9.850918285151796239e-01
9.839997116726511006e-01
9.827962064595888725e-01
9.814750787231689699e-01
9.800299420377381887e-01
9.784542645515691417e-01
9.767413776950125692e-01
9.748844869584816220e-01
9.728766849436142339e-01
9.707109668813673764e-01
9.683802487965977868e-01
9.658773884798882436e-01
9.631952094041487111e-01
9.603265276961143737e-01
9.572641822416404489e-01
9.540010679690954509e-01
9.505301723176535766e-01
9.468446148574134469e-01
9.429376899865232753e-01
9.388029125874186587e-01
9.344340664803534313e-01
9.298252554681517568e-01
9.249709567219841500e-01
9.198660762144711400e-01
9.145060058640129830e-01
9.088866820134315905e-01
9.030046448273015836e-01
8.968570981562860034e-01
8.904419693839238370e-01
8.837579687422509878e-01
8.768046475579488463e-01
8.695824548710249235e-01
8.620927918539232904e-01
8.543380634509882832e-01
8.463217266568876518e-01
8.380483348583381842e-01
8.295235776766164415e-01
8.207543157690406765e-01
8.117486100759393475e-01
8.025157450354045707e-01
7.930662453310544091e-01
7.834118857875351782e-01
7.735656940838576690e-01
7.635419460149387438e-01
7.533561530957989527e-01
7.430250423695354822e-01
7.325665283480929935e-01
7.219996770826515586e-01
7.113446624268034979e-01
7.006227146193682032e-01
6.898560613735951197e-01
6.790678617147742901e-01
6.682821328582818632e-01
6.575236704644870089e-01
6.468179626457128961e-01
6.361910981337925985e-01
6.256696690452088205e-01
6.152806687050860202e-01
6.050513850122420934e-01
5.950092898461196711e-01
5.851819250336716127e-01
5.755967854110470849e-01
5.662811995320964353e-01
5.572622085937581904e-01
5.485664441678227421e-01
5.402200053493020349e-01
5.322483359536506198e-01
5.246761024177624133e-01
5.175270730823791077e-01
5.108239995552706914e-01
5.045885008742134747e-01
4.988409512051491523e-01
4.936003718226957826e-01
4.888843281262033047e-01
4.847088324436241713e-01
4.810882533666952510e-01
4.780352323435141937e-01
4.755606082280570135e-01
4.736733504502861347e-01
4.723805014253243950e-01
4.716871287660172607e-01
4.715962878006798586e-01
4.721089948276921966e-01
4.732242114618588902e-01
4.749388403451505480e-01
4.772477324077099015e-01
4.801437057750901349e-01
4.836175763255652349e-01
4.876581998082604175e-01
4.922525253395914069e-01
4.973856600030598374e-01
5.030409441865244524e-01
5.092000372022997823e-01
5.158430126494726320e-01
5.229484628951270864e-01
5.304936119723036025e-01
5.384544361179757210e-01
5.468057911047350395e-01
5.555215454557942412e-01
5.645747185751635033e-01
5.739376227741580516e-01
5.835820081326730246e-01
5.934792090998630698e-01
6.036002917149079217e-01
6.139162003154186031e-01
6.243979025995662901e-01
6.350165319189955415e-01
6.457435257035253340e-01
6.565507589559544943e-01
6.674106718060017762e-01
6.782963901763237047e-01
6.891818386901469307e-01
7.000418450383856239e-01
7.108522351231120195e-01
7.215899184023293333e-01
7.322329629765051973e-01
7.427606600782833413e-01
7.531535777511075835e-01
7.633936036280053461e-01
7.734639768462325815e-01
7.833493092547327841e-01
7.930355961872825876e-01
8.025102171828637498e-01
8.117619271344478360e-01
8.207808384364928544e-01
8.295583947787555923e-01
8.380873372985782055e-01
8.463616638549131821e-01
8.543765822246613961e-01
8.621284580453580926e-01
8.696147583380905433e-01
8.768339914412891511e-01
8.837856441704919908e-01
8.904701169923524562e-01
8.968886579642453283e-01
9.030432961452030671e-01
9.089367751310657439e-01
9.145724873081992889e-01
9.199544093575231507e-01
9.250870394754381332e-01
9.299753367120657810e-01
9.346246627614063218e-01
9.390407264738507287e-01
9.432295313000732540e-01
9.471973258175991894e-01
9.509505574380485715e-01
9.544958293447453057e-01
9.578398606674104476e-01
9.609894498632218784e-01
9.639514412416193556e-01
9.667326945437435537e-01
9.693400574660551161e-01
9.717803410011309762e-01
9.740602974564389616e-01
9.761866010035703534e-01
9.781658306054408225e-01
9.800044551668436466e-01
9.817088207539457212e-01
9.832851397303917773e-01
9.847394816611995116e-01
9.860777658402168910e-01
9.873057553022795974e-01
9.884290521870928714e-01
9.894530943281030222e-01
9.903831529460905836e-01
9.912243313338259254e-01
9.919815644248430875e-01
9.926596191461783958e-01
9.932630954617757135e-01
9.937964280201518896e-01
9.942638883268177796e-01
9.946695873687944056e-01
9.950174786252781178e-01
9.953113614049802216e-01
9.955548844567874145e-01
9.957515498060172110e-01
9.959047167735703976e-01
9.960176061395947800e-01
9.960933044168027717e-01
9.961347682012940963e-01
9.961448285706419048e-01
9.961261955001710078e-01
9.960814622689074804e-01
9.960131098267739347e-01
9.959235110944398839e-01
9.958149351670158023e-01
9.956895513927386254e-01
9.955494332981196237e-01
9.953965623319048772e-01
9.952328314017613309e-01
9.950600481799286579e-01
9.948799381572018818e-01
9.946941474284977103e-01
9.945042451978234332e-01
9.943117259955832621e-01
9.941180116066529182e-01
9.939244527133377360e-01
9.937323302630028943e-01
9.935428565756164732e-01
9.933571762114968839e-01
9.931763666240297495e-01
9.930014386258892989e-01
9.928333367002469823e-01
9.926729391905358968e-01
9.925210584035150108e-01
9.923784406606716013e-01
9.922457663324563137e-01
9.921236498885366295e-01
9.920126399952912122e-01
9.919132196892603837e-01
9.918258066523549799e-01
9.917507536114337219e-01
9.916883488815232406e-01
9.916388170685876968e-01
9.916023199444634617e-01
9.915789575034335002e-01
9.915687692069864445e-01
9.915717354206123879e-01
9.915877790440416062e-01
9.916167673341158562e-01
9.916585139174642904e-01
9.917127809882934075e-01
9.917792816848545190e-01
9.918576826364674526e-01
9.919476066713414086e-01
9.920486356738068556e-01
9.921603135779666349e-01
9.922821494832015921e-01
9.924136208754559263e-01
9.925541769368333433e-01
9.927032419247964201e-01
9.928602186012425168e-01
9.930244916909770625e-01
9.931954313486518471e-01
9.933723966131123850e-01
9.935547388283096915e-01
9.937418050104633860e-01
9.939329411419881577e-01
9.941274953737747611e-01
9.943248211186880292e-01
9.945242800205640332e-01
9.947252447844875389e-01
9.949271018556651303e-01
9.951292539357371458e-01
9.953311223268588304e-01
9.955321490953105146e-01
9.957317990477719816e-01
9.959295615147103486e-01
9.961249519366106586e-01
9.963175132500370346e-01
9.965068170717726881e-01
9.966924646805720434e-01
9.968740877973797376e-01
9.970513491662389427e-01
9.972239429395249877e-01
9.973915948725861069e-01
9.975540623343336355e-01
9.977111341417629342e-01
9.978626302277607829e-01
9.980084011528257415e-01
9.981483274724277654e-01
9.982823189726136581e-01
9.984103137870751210e-01
9.985322774091794917e-01
9.986482016123954253e-01
9.987581032921017954e-01
9.988620232409485267e-01
9.989600248687836581e-01
9.990521928767001070e-01
9.991386318931005928e-01
9.992194650779019360e-01
9.992948326992495689e-01
9.993648906855074898e-01
9.994298091539688400e-01
9.994897709168301114e-01
9.995449699645807540e-01
9.995956099271610107e-01
9.996419025140674819e-01
9.996840659360036740e-01
9.997223233126384390e-01
9.997569010734057571e-01
9.997880273609088819e-01
