9.997975005240968827e-01
9.997680263975528003e-01
9.997353359088867464e-01
9.996992243689654112e-01
9.996594894098562722e-01
9.996159322816625670e-01
9.995683590970266819e-01
9.995165820126636902e-01
9.994604203408951060e-01
9.993997015875900614e-01
9.993342624160013177e-01
9.992639495385686743e-01
9.991886205407524146e-01
9.991081446423153434e-01
9.990224034021919497e-01
9.989312913732201205e-01
9.988347167126411241e-01
9.987326017535085310e-01
9.986248835411003499e-01
9.985115143372280677e-01
9.983924620940908268e-01
9.982677108981417025e-01
9.981372613833847662e-01
9.980011311126824047e-01
9.978593549250429628e-01
9.977119852465059502e-01
9.975590923621426853e-01
9.974007646468205923e-01
9.972371087527187594e-01
9.970682497520932941e-01
9.968943312344293872e-01
9.967155153578430848e-01
9.965319828553674819e-01
9.963439329975211090e-01
9.961515835132822572e-01
9.959551704722267029e-01
9.957549481310905559e-01
9.955511887483641242e-01
9.953441823706539182e-01
9.951342365944625401e-01
9.949216763066840441e-01
9.947068434064889608e-01
9.944900965103786739e-01
9.942718106410106671e-01
9.940523768989650844e-01
9.938322021149588181e-01
9.936117084781559416e-01
9.933913331342250075e-01
9.931715277447148438e-01
9.929527579972298179e-01
9.927355030538528302e-01
9.925202549233788085e-01
9.923075177412422621e-01
9.920978069396405585e-01
9.918916482893198605e-01
9.916895767938643802e-01
9.914921354171511991e-01
9.912998736249216680e-01
9.911133457221796839e-01
9.909331089693574901e-01
9.907597214618406589e-01
9.905937397594998250e-01
9.904357162552647198e-01
9.902861962744559099e-01
9.901457148995074231e-01
9.900147935178077452e-01
9.898939360936388487e-01
9.897836251685550035e-01
9.896843175980100105e-01
9.895964400355953261e-01
9.895203841798878575e-01
9.894565018026114656e-01
9.894050995805734328e-01
9.893664337576040246e-01
9.893407046664414173e-01
9.893280511440858405e-01
9.893285448774685742e-01
9.893421847192170882e-01
9.893688910156785976e-01
9.894084999910388589e-01
9.894607582321697237e-01
9.895253173186275841e-01
9.896017286408864688e-01
9.896894384473748918e-01
9.897877831571614271e-01
9.898959849702776426e-01
9.900131478017618614e-01
9.901382535587380795e-01
9.902701587724183074e-01
9.904075915890826476e-01
9.905491491161343420e-01
9.906932951115149377e-01
9.908383579973755184e-01
9.909825291721844343e-01
9.911238615896148518e-01
9.912602685677793790e-01
9.913895227887754569e-01
9.915092554461558683e-01
9.916169554968740085e-01
9.917099689744560687e-01
9.917854983215826925e-01
9.918406017028560395e-01
9.918721922621938081e-01
9.918770372939549329e-01
9.918517573024738798e-01
9.917928249310907773e-01
9.916965637489708607e-01
9.915591468919612295e-01
9.913765955624489479e-01
9.911447774026547197e-01
9.908594047660602699e-01
9.905160329227553628e-01
9.901100582464346100e-01
9.896367164435835306e-01
9.890910808990511782e-01
9.884680612266387723e-01
9.877624021284082678e-01
9.869686826819248360e-01
9.860813161902942658e-01
9.850945507452721905e-01
9.840024706684569189e-01
9.827989990090982841e-01
9.814779012888253940e-01
9.800327906930093036e-01
9.784571349149849828e-01
9.767442648624166113e-01
9.748873854342537948e-01
9.728795885716374769e-01
9.707138687765156648e-01
9.683831412775369962e-01
9.658802630039968751e-01
9.631980565053867016e-01
9.603293369266937551e-01
9.572669421183842564e-01
9.540037659254000380e-01
9.505327946620061308e-01
9.468471467394390384e-01
9.429401153715564199e-01
9.388052142405997058e-01
9.344362259612374322e-01
9.298272531367860472e-01
9.249727717573578145e-01
9.198676866461590329e-01
9.145073886177358391e-01
9.088878129711255305e-01
9.030054989021438772e-01
8.968576493829567564e-01
8.904421910242000804e-01
8.837578334058383556e-01
8.768041273382548573e-01
8.695815214953774852e-01
8.620914168475324324e-01
8.543362183137591659e-01
8.463193830519991634e-01
8.380454648113294658e-01
8.295201537835563688e-01
8.207503114122116639e-01
8.117439996453329476e-01
8.025105041542184292e-01
7.930603510832854308e-01
7.834053169457031451e-01
7.735584313348395913e-01
7.635339721818845682e-01
7.533474533541046902e-01
7.430156044548876793e-01
7.325563427546656348e-01
7.219887372496358591e-01
7.113329649115787134e-01
7.006102592557784670e-01
6.898428514139793855e-01
6.790539039546095168e-01
6.682674377425165124e-01
6.575082521748834008e-01
6.468018391687577751e-01
6.361742913089600826e-01
6.256522045935934973e-01
6.152625762386012553e-01
6.050326980237370478e-01
5.949900456808858706e-01
5.851621648428487754e-01
5.755765540874505648e-01
5.662605456288978267e-01
5.572411842263480519e-01
5.485451048989662404e-01
5.401984100574908076e-01
5.322265466842600601e-01
5.246541842163552349e-01
5.175050938091880770e-01
5.108020296796480508e-01
5.045666132476043231e-01
4.988192208110131531e-01
4.935788755017396223e-01
4.888631442753463840e-01
4.846880406873101954e-01
4.810679341994759106e-01
4.780154667432909843e-01
4.755414772399548795e-01
4.736549347418448352e-01
4.723628808145058366e-01
4.716703817244310981e-01
4.715804909353478180e-01
4.720942223456442433e-01
4.732105346227726272e-01
4.749263269081114291e-01
4.772364460789472185e-01
4.801337056641528100e-01
4.836089164178984934e-01
4.876509284624008789e-01
4.922466848172830645e-01
4.973812860404497327e-01
5.030380656142314777e-01
5.091986756215804988e-01
5.158431821709388299e-01
5.229501699455116892e-01
5.304968551736812810e-01
5.384592062426134529e-01
5.468120711074477835e-01
5.555293105843202017e-01
5.645839365577061120e-01
5.739482540819023093e-01
5.835940063137919909e-01
5.934925211803431244e-01
6.036148586604408450e-01
6.139319575476710478e-01
6.244147805593641687e-01
6.350344566683513436e-01
6.457624195580037307e-01
6.565705411386246748e-01
6.674312591141464690e-01
6.783176976521829715e-01
6.892037802872051921e-01
7.000643342751331488e-01
7.108751857167190380e-01
7.216132448753130868e-01
7.322565812301884414e-01
7.427844879276377377e-01
7.531775354164155223e-01
7.634176141796410464e-01
7.734879665997509424e-01
7.833732081143214288e-01
7.930593379364903051e-01
8.025337397223347713e-01
8.117851726671536650e-01
8.208037536016670188e-01
8.295809307363706253e-01
8.381094497667729293e-01
8.463833131032652002e-01
8.543977330265959402e-01
8.621490795933139939e-01
8.696348241252956912e-01
8.768534791141566753e-01
8.838045353557331119e-01
8.904883971029056156e-01
8.969063159880730218e-01
9.030603244208873503e-01
9.089531691139737246e-01
9.145882453307749849e-01
9.199695323870213937e-01
9.251015308721373120e-01
9.299892019907037843e-01
9.346379093582690700e-01
9.390533635216240516e-01
9.432415694122434635e-01
9.472087768838652888e-01
9.509614344318950696e-01
9.545061461440145223e-01
9.578496318884289762e-01
9.609986907087577634e-01
9.639601673626988498e-01
9.667409219151287258e-01
9.693478022749868472e-01
9.717876195487686886e-01
9.740671260712920887e-01
9.761929959661094225e-01
9.781718080829979733e-01
9.800100311578717749e-01
9.817140110406872289e-01
9.832899598390224538e-01
9.847439468285470454e-01
9.860818909862124615e-01
9.873095550073706095e-01
9.884325406739293829e-01
9.894562854469016733e-01
9.903860601631703231e-01
9.912269677229020859e-01
9.919839426607506283e-01
9.926617515007721826e-01
9.932649938018213165e-01
9.937981038070740070e-01
9.942653526182144708e-01
9.946708508216514089e-01
9.950185515008336257e-01
9.953122535751937061e-01
9.955556054123586573e-01
9.957521086658892573e-01
9.959051222958275051e-01
9.960178667336446745e-01
9.960934281567056514e-01
9.961347628400765153e-01
9.961447015554117934e-01
9.961259539878287717e-01
9.960811131422377951e-01
9.960126597106941926e-01
9.959229663721778092e-01
9.958143019959980746e-01
9.956888357199785711e-01
9.955486408749120164e-01
9.953956987276546542e-01
9.952319020167954555e-01
9.950590582571682274e-01
9.948788927925948933e-01
9.946930515801402084e-01
9.945031036937206359e-01
9.943105435400245717e-01
9.941167927851976005e-01
9.939232019964248099e-01
9.937310520082188736e-01
9.935415550286692543e-01
9.933558555059613937e-01
9.931750307799482869e-01
9.930000915473216061e-01
9.928319821718858407e-01
9.926715808735191438e-01
9.925196998305783058e-01
9.923770852308053669e-01
9.922444173052389349e-01
9.921223103783276542e-01
9.920113129654720696e-01
9.919119079467105804e-01
9.918245128423450740e-01
9.917494802131047171e-01
9.916870982041040561e-01
9.916375912484772792e-01
9.916011209432773477e-01
9.915777871070817762e-01
9.915676290258164105e-01
9.915706268906170351e-01
9.915867034291010462e-01
9.916157257292105287e-01
9.916575072527751278e-01
9.917118100340833742e-01
9.917783470570136206e-01
9.918567848025967582e-01
9.919467459572498536e-01
9.920478122702994783e-01
9.921595275478126696e-01
9.922814007681818316e-01
9.924129093034074200e-01
9.925535022286208209e-01
9.927026037011610349e-01
9.928596163894919391e-01
9.930239249314950500e-01
9.931948994012178566e-01
9.933718987630313357e-01
9.935542742923592074e-01
9.937413729426683995e-01
9.939325406392381934e-01
9.941271254812955593e-01
9.943244808353813857e-01
9.945239683042249590e-01
9.947249605569067343e-01
9.949268440076208808e-01
9.951290213318791933e-01
9.953309138104826648e-01
9.955319634930223094e-01
9.957316351740396199e-01
9.959294181763007625e-01
9.961248279369100400e-01
9.963174073932553609e-01
9.965067281670320076e-01
9.966923915458832939e-01
9.968740292635103195e-01
9.970513040804764859e-01
9.972239101693410879e-01
9.973915733092036939e-01
9.975540508961994179e-01
9.977111317779215893e-01
9.978626359211266728e-01
9.980084139233399432e-01
9.981483463800837619e-01
9.982823431203303732e-01
9.984103423233879893e-01
9.985323095307170327e-01
9.986482365661036864e-01
9.987581403771749189e-01
9.988620618104249171e-01
9.989600643307637862e-01
9.990522326951482013e-01
9.991386715881950265e-01
9.992195042259055526e-01
9.992948709318827394e-01
9.993649276888123545e-01
9.994298446666712854e-01
9.994898047282122500e-01
9.995450019118938823e-01
9.995956398926205688e-01
9.996419304214808621e-01
9.996840917470957155e-01
9.997223470231441089e-01
9.997569227090067345e-01
9.997880469730940911e-01
