9.997974245482329492e-01
9.997679407302400012e-01
9.997352398271149854e-01
9.996991171715468028e-01
9.996593704291106830e-01
9.996158008953660579e-01
9.995682147403598394e-01
9.995164241898840674e-01
9.994602486364574379e-01
9.993995156764461374e-01
9.993340620728283774e-01
9.992637346457026171e-01
9.991883910946375291e-01
9.991079007583241189e-01
9.990221453177152711e-01
9.989310194489768868e-01
9.988344314322105122e-01
9.987323037211336407e-01
9.986245734778627092e-01
9.985111930757328835e-01
9.983921305718392869e-01
9.982673701497954966e-01
9.981369125321506441e-01
9.980007753610544707e-01
9.978589935451465109e-01
9.977116195702843138e-01
9.975587237716144751e-01
9.974003945646192637e-01
9.972367386331038031e-01
9.970678810725932539e-01
9.968939654882488233e-01
9.967151540471317350e-01
9.965316274854166823e-01
9.963435850719205567e-01
9.961512445300381158e-01
9.959548419208118508e-01
9.957546314903715778e-01
9.955508854853245548e-01
9.953438939398142615e-01
9.951339644378808247e-01
9.949214218544074617e-01
9.947066080773210306e-01
9.944898817128206003e-01
9.942716177742366712e-01
9.940522073536960379e-01
9.938320572741040637e-01
9.936115897171049482e-01
9.933912418206835016e-01
9.931714652379937114e-01
9.929527256469110608e-01
9.927355021977746219e-01
9.925202868848943538e-01
9.923075838257272574e-01
9.920979084302318229e-01
9.918917864418840269e-01
9.916897528312017540e-01
9.914923505224482181e-01
9.913001289344658407e-01
9.911136423173554366e-01
9.909334478679366898e-01
9.907601036085773583e-01
9.905941660160341167e-01
9.904361873893295920e-01
9.902867129483768904e-01
9.901462776579733616e-01
9.900154027748850893e-01
9.898945921189992170e-01
9.897843280728823023e-01
9.896850673175596746e-01
9.895972363158873630e-01
9.895212265585316969e-01
9.894573895912865957e-01
9.894060318462203352e-01
9.893674093029209970e-01
9.893417220098288389e-01
9.893291084992332785e-01
9.893296401328359746e-01
9.893433154177192490e-01
9.893700543349407406e-01
9.894096927246428530e-01
9.894619767723576986e-01
9.895265576409639774e-01
9.896029862914037523e-01
9.896907085327307785e-01
9.897890603383262542e-01
9.898972634602346554e-01
9.900144213676486116e-01
9.901395155287799899e-01
9.902714020479047585e-01
9.904088086615155939e-01
9.905503320895372443e-01
9.906944357297331472e-01
9.908394476760286063e-01
9.909835590347508827e-01
9.911248225069503315e-01
9.912611512001907599e-01
9.913903176296067210e-01
9.915099528656980965e-01
9.916175457852901554e-01
9.917104423823277504e-01
9.917858450966458017e-01
9.918408121214943307e-01
9.918722566543206609e-01
9.918769460600230792e-01
9.918515009215178591e-01
9.917923939589231574e-01
9.916959488059123862e-01
9.915583386397838206e-01
9.913755846705331054e-01
9.911435545037015071e-01
9.908579604020393283e-01
9.905143574820985952e-01
9.901081418937921486e-01
9.896345490437251646e-01
9.890886519367227958e-01
9.884653597243524548e-01
9.877594165642583635e-01
9.869654009095728542e-01
9.860777253632604378e-01
9.850906372476084805e-01
9.839982200537648049e-01
9.827943959497014159e-01
9.814729295367238260e-01
9.800274330540357237e-01
9.784513732373681938e-01
9.767380800407396979e-01
9.748807574295901279e-01
9.728724964484511961e-01
9.707062907567497456e-01
9.683750548121622392e-01
9.658716448621763595e-01
9.631888828813143233e-01
9.603195835640851996e-01
9.572565844525322554e-01
9.539927792426426967e-01
9.505211542763870591e-01
9.468348281862548621e-01
9.429270946173829993e-01
9.387914679092451697e-01
9.344217315749050456e-01
9.298119893715139916e-01
9.249567187115594891e-01
9.198508261208052650e-01
9.144897044064169700e-01
9.088692911579059341e-01
9.029861281647978410e-01
8.968374212988496907e-01
8.904211003757865894e-01
8.837358784824798086e-01
8.767813102308394946e-01
8.695578483800634473e-01
8.620668982548267412e-01
8.543108693791122699e-01
8.462932237441223027e-01
8.380185201345421442e-01
8.294924539506335348e-01
8.207218919844263549e-01
8.117149016366687064e-01
8.024807740970546499e-01
7.930300410532393762e-01
7.833744845437140558e-01
7.735271396250377185e-01
7.635022895842520363e-01
7.533154534914324740e-01
7.429833659540474589e-01
7.325239490027348754e-01
7.219562761059472589e-01
7.113005283772885212e-01
7.005779431030638715e-01
6.898107547774727788e-01
6.790221288881364003e-01
6.682360887446208153e-01
6.574774356869931280e-01
6.467716630501110231e-01
6.361448642926418318e-01
6.256236357281126370e-01
6.152349743194609477e-01
6.050061710193287423e-01
5.949647001568165727e-01
5.851381053884840977e-01
5.755538827480204400e-01
5.662393613460083852e-01
5.572215822891664061e-01
5.485271764077397361e-01
5.401822414004882056e-01
5.322122190286346921e-01
5.246417730129817603e-01
5.174946683111605328e-01
5.107936524739188355e-01
5.045603397992470818e-01
4.988150990197569579e-01
4.935769452708551608e-01
4.888634370935748263e-01
4.846905792253557443e-01
4.810727319235801325e-01
4.780225275495471049e-01
4.755507951142138312e-01
4.736664934513030722e-01
4.723766536382238979e-01
4.716863312310518586e-01
4.715985688171434598e-01
4.721143693185398948e-01
4.732326804022541911e-01
4.749503902707321590e-01
4.772623350186109281e-01
4.801613176513455095e-01
4.836381387686311539e-01
4.876816388218371268e-01
4.922787517608795405e-01
4.974145697930113519e-01
5.030724188846589229e-01
5.092339445483428095e-01
5.158792073705357195e-01
5.229867876535079230e-01
5.305338984653624745e-01
5.384965063180773281e-01
5.468494586240006949e-01
5.555666170175557195e-01
5.646209955715708606e-01
5.739849028874826065e-01
5.836300869964956561e-01
5.935278819755613888e-01
6.036493551587025497e-01
6.139654538116334770e-01
6.244471501367478972e-01
6.350655834869839422e-01
6.457921986915137191e-01
6.565988794338394330e-01
6.674580756739454390e-01
6.783429241702434442e-01
6.892273612337909139e-01
7.000862269356724621e-01
7.108953600873750833e-01
7.216316834220212195e-01
7.322732785196580663e-01
7.427994501405688066e-01
7.531907797546567584e-01
7.634291681801690377e-01
7.734978673692093354e-01
7.833815014984043534e-01
7.930660776387087330e-01
8.025389863866767559e-01
8.117889929388697468e-01
8.208062191798821683e-01
8.295821174315194391e-01
8.381094365749319763e-01
8.463821813084190238e-01
8.543955653407059314e-01
8.621459593428040247e-01
8.696308344912577759e-01
8.768487024322439982e-01
8.837990524803611692e-01
8.904822868390686041e-01
8.968996545928027420e-01
9.030531851751762984e-01
9.089456219648515134e-01
9.145803566022000508e-01
9.199613645573215814e-01
9.250931424149246851e-01
9.299806472754961195e-01
9.346292386064841695e-01
9.390446228131620332e-01
9.432328007375413437e-01
9.472000182360909015e-01
9.509527199338304593e-01
9.544975062041684000e-01
9.578410933809882177e-01
9.609902771721465786e-01
9.639518992117427354e-01
9.667328166621129704e-01
9.693398747552451900e-01
9.717798821468350834e-01
9.740595889440797350e-01
9.761856672600401907e-01
9.781646941424881891e-01
9.800031367230667145e-01
9.817073394328285074e-01
9.832835131323068856e-01
9.847377260077946337e-01
9.860758960900832815e-01
9.873037852572563722e-01
9.884269945889804232e-01
9.894509609459307686e-01
9.903809546543962394e-01
9.912220781826550642e-01
9.919792657023595028e-01
9.926572834348946772e-01
9.932607306894587484e-01
9.937940415064542288e-01
9.942614868266200778e-01
9.946671771131397888e-01
9.950150653606403273e-01
9.953089504314472924e-01
9.955524806655686731e-01
9.957491577165080709e-01
9.959023405700440090e-01
9.960152497074381550e-01
9.960909713780881081e-01
9.961324619493744370e-01
9.961425523033878848e-01
9.961239522514225841e-01
9.960792549377046612e-01
9.960109412039463983e-01
9.959213838861721291e-01
9.958128520150708596e-01
9.956875148910937501e-01
9.955474460058560959e-01
9.953946267822847416e-01
9.952309501075106146e-01
9.950582236348337606e-01
9.948781728341989927e-01
9.946924437745005010e-01
9.945026056255823477e-01
9.943101528729083594e-01
9.941165072433552075e-01
9.939230193462575969e-01
9.937309700394982848e-01
9.935415715358831834e-01
9.933559682700899840e-01
9.931752375509496078e-01
9.930003900275938822e-01
9.928323700009517028e-01
9.926720556141612750e-01
9.925202589566445299e-01
9.923777261168819086e-01
9.922451372183743734e-01
9.921231064719675530e-01
9.920121822757343999e-01
9.919128473910965305e-01
9.918255192209348703e-01
9.917505502122364591e-01
9.916882284024732819e-01
9.916387781255335820e-01
9.916023608897298613e-01
9.915790764372636179e-01
9.915689639916042131e-01
9.915720036965538497e-01
9.915881182483445855e-01
9.916171747199085118e-01
9.916589865744727117e-01
9.917133158637887469e-01
9.917798756045796971e-01
9.918583323251300987e-01
9.919483087723164338e-01
9.920493867677655508e-01
9.921611102002293459e-01
9.922829881396911800e-01
9.924144980572103814e-01
9.925550891331050840e-01
9.927041856348249871e-01
9.928611903448373299e-01
9.930254880180729993e-01
9.931964488480183872e-01
9.933734319203991747e-01
9.935557886335972810e-01
9.937428660654696877e-01
9.939340102670496391e-01
9.941285694646907478e-01
9.943258971534812973e-01
9.945253550661794506e-01
9.947263160034187646e-01
9.949281665124793950e-01
9.951303094034461560e-01
9.953321660930745107e-01
9.955331787681186428e-01
9.957328123612569915e-01
9.959305563340710155e-01
9.961259262628134881e-01
9.963184652239674977e-01
9.965077449778552143e-01
9.966933669498417858e-01
9.968749630100000036e-01
9.970521960534659556e-01
9.972247603851245312e-01
9.973923819137131552e-01
9.975548181618784094e-01
9.977118581001666042e-01
9.978633218142943795e-01
9.980090600163195047e-01
9.981489534114245110e-01
9.982829119329157397e-01
9.984108738586416898e-01
9.985328048223297559e-01
9.986486967332686149e-01
9.987585666173276477e-01
9.988624553914896564e-01
9.989604265829208352e-01
9.990525650021496729e-01
9.991389753782707883e-01
9.992197809623217797e-01
9.992951221032273512e-01
9.993651547991044826e-01
9.994300492254015733e-01
9.994899882404387759e-01
9.995451658685241547e-01
9.995957857610182629e-01
9.996420596365345190e-01
9.996842057028855200e-01
9.997224470653304218e-01
9.997570101280539578e-01
9.997881229984219020e-01
