9.997975408876925707e-01
9.997680760895880647e-01
9.997353964698272311e-01
9.996992974904281848e-01
9.996595769339249316e-01
9.996160361978798647e-01
9.995684815369885179e-01
9.995167252422010318e-01
9.994605867498941310e-01
9.993998936775654318e-01
9.993344827855996648e-01
9.992642008672329990e-01
9.991889055708280676e-01
9.991084661599149985e-01
9.990227642171650713e-01
9.989316942985874137e-01
9.988351645438586779e-01
9.987330972479165903e-01
9.986254293978932273e-01
9.985121131782515036e-01
9.983931164457365837e-01
9.982684231745622139e-01
9.981380338712042555e-01
9.980019659573268198e-01
9.978602541187604480e-01
9.977129506180956175e-01
9.975601255683622659e-01
9.974018671653968049e-01
9.972382818768452672e-01
9.970694945862668135e-01
9.968956486914465343e-01
9.967169061567611177e-01
9.965334475202175524e-01
9.963454718565571966e-01
9.961531966985497366e-01
9.959568579192413784e-01
9.957567095784327638e-01
9.955530237370092683e-01
9.953460902428868939e-01
9.951362164922484821e-01
9.949237271693970319e-01
9.947089639679336237e-01
9.944922852950699443e-01
9.942740659597100183e-01
9.940546968435008957e-01
9.938345845523871569e-01
9.936141510443413649e-01
9.933938332269440785e-01
9.931740825163991593e-01
9.929553643474783309e-01
9.927381576218501369e-01
9.925229540803585104e-01
9.923102575831337369e-01
9.921005832800320334e-01
9.918944566528639095e-01
9.916924124102411975e-01
9.914949932156982282e-01
9.913027482300222903e-01
9.911162314495013392e-01
9.909359998230172772e-01
9.907626111325752438e-01
9.905966216239164845e-01
9.904385833762530122e-01
9.902890414028521215e-01
9.901485304771152629e-01
9.900175716819010763e-01
9.898966686830958928e-01
9.897863037317984336e-01
9.896869334029595455e-01
9.895989840818645300e-01
9.895228472134829367e-01
9.894588743334100656e-01
9.894073719028700920e-01
9.893685959740086133e-01
9.893427467154036759e-01
9.893299628312844929e-01
9.893303159112588618e-01
9.893438047502592925e-01
9.893703496807876308e-01
9.894097869611897522e-01
9.894618632644743839e-01
9.895262303119645164e-01
9.896024396947225021e-01
9.896899379231650640e-01
9.897880617415623083e-01
9.898960337392572750e-01
9.900129582845501597e-01
9.901378178004333064e-01
9.902694693939589898e-01
9.904066418432183605e-01
9.905479329379827114e-01
9.906918071622888844e-01
9.908365936999068424e-01
9.909804847369614311e-01
9.911215340301960941e-01
9.912576557046426373e-01
9.913866232409102031e-01
9.915060686100056753e-01
9.916134815125718927e-01
9.917062086796667453e-01
9.917814531936534062e-01
9.918362737903759774e-01
9.918675841074459099e-01
9.918721518481101729e-01
9.918465978356997281e-01
9.917873949400152211e-01
9.916908668641487568e-01
9.915531867881181016e-01
9.913703758743245276e-01
9.911383016492315567e-01
9.908526762858431702e-01
9.905090548225699010e-01
9.901028333659427361e-01
9.896292473373898835e-01
9.890833698378984629e-01
9.884601102187894339e-01
9.877542129618893663e-01
9.869602569878923592e-01
9.860726555273702232e-01
9.850856567043260181e-01
9.839933449969587853e-01
9.827896437538735652e-01
9.814683189557847909e-01
9.800229844222255737e-01
9.784471086693293795e-01
9.767340236278512222e-01
9.748769354297953660e-01
9.728689374669475809e-01
9.707030259150341012e-01
9.683721179030351234e-01
9.658690724883843837e-01
9.631867145755509396e-01
9.603178618880745532e-01
9.572553550728892802e-01
9.539920909811500094e-01
9.505210591322611480e-01
9.468353813279113407e-01
9.429283543411726143e-01
9.387934955626386913e-01
9.344245914416658971e-01
9.298157485165468028e-01
9.249614467833502385e-01
9.198565951097020799e-01
9.144965883574236454e-01
9.088773658371852582e-01
9.029954706796777808e-01
8.968481096718020629e-01
8.904332130735600481e-01
8.837494939023180507e-01
8.767965061464637611e-01
8.695747013508310364e-01
8.620854830021786874e-01
8.543312581350614998e-01
8.463154855771157781e-01
8.380427202585301050e-01
8.295186530235970634e-01
8.207501454029411114e-01
8.117452588333287089e-01
8.025132778477290785e-01
7.930647268011947748e-01
7.834113797476111030e-01
7.735662631376956089e-01
7.635436510688607958e-01
7.533590528816120901e-01
7.430291929637429238e-01
7.325719826914767197e-01
7.220064845044142920e-01
7.113528681774587969e-01
7.006323594164814983e-01
6.898671809643357467e-01
6.790804864590221923e-01
6.682962873357340960e-01
6.575393731088691185e-01
6.468352254087597064e-01
6.362099261812239614e-01
6.256900604864236159e-01
6.153026143577715601e-01
6.050748682026185765e-01
5.950342862450576087e-01
5.852084025285085866e-01
5.756247040126157843e-01
5.663105113162423265e-01
5.572928576765532327e-01
5.485983667137124264e-01
5.402531296116406256e-01
5.322825823474111040e-01
5.247113836247031537e-01
5.175632941895298433e-01
5.108610582282964163e-01
5.046262875679183857e-01
4.988793494141084972e-01
4.936392583756595842e-01
4.889235735284516160e-01
4.847483012718291073e-01
4.811278047210068021e-01
4.780747203614613694e-01
4.755998826644625144e-01
4.737122573266550063e-01
4.724188837511439365e-01
4.717248273330244546e-01
4.716331420495392113e-01
4.721448437846392787e-01
4.732588947408228330e-01
4.749721992086937128e-01
4.772796108779597812e-01
4.801739517836817184e-01
4.836460428896395269e-01
4.876847462177991144e-01
4.922770183398977872e-01
4.974079749551230112e-01
5.030609661873068905e-01
5.092176621467893183e-01
5.158581482165907062e-01
5.229610294403242987e-01
5.305035433108619136e-01
5.384616801846755507e-01
5.468103104775363654e-01
5.555233177335181516e-01
5.645737366017314907e-01
5.739338947047087913e-01
5.835755573397273244e-01
5.934700739205744924e-01
6.035885250432593274e-01
6.139018690458943883e-01
6.243810869313317635e-01
6.349973245318402126e-01
6.457220308187741065e-01
6.565270912971606920e-01
6.673849554754869295e-01
6.782687574645372974e-01
6.891524288353179095e-01
7.000108029541278754e-01
7.108197101114525074e-01
7.215560628691419787e-01
7.321979311655479883e-01
7.427246068390007672e-01
7.531166573541162590e-01
7.633559686407489497e-01
7.734257770797396958e-01
7.833106907907489980e-01
7.929967004933448083e-01
8.024711803211435068e-01
8.117228790684818396e-01
8.207419024382347494e-01
8.295196869367869041e-01
8.380489661268057944e-01
8.463237299996880791e-01
8.543391782669963463e-01
8.620916683938075753e-01
8.695786592068948107e-01
8.767986509075864632e-01
8.837511223037658459e-01
8.904364660488017780e-01
8.968559226384454908e-01
9.030115138712515588e-01
9.089059764253739626e-01
9.145426961461815552e-01
9.199256435766415274e-01
9.250593111973677285e-01
9.299486527771361200e-01
9.345990251689344497e-01
9.390161328225031800e-01
9.432059752229543514e-01
9.471747974073585485e-01
9.509290436579144190e-01
9.544753144220129437e-01
9.578203264665408057e-01
9.609708762363179391e-01
9.639338063546450952e-01
9.667159751774223597e-01
9.693242292909215463e-01
9.717653788267056614e-01
9.740461754549472051e-01
9.761732929090179978e-01
9.781533098891987965e-01
9.799926951911637207e-01
9.816977949050395003e-01
9.832748215328441788e-01
9.847298448755660294e-01
9.860687845456697076e-01
9.872974039661256418e-01
9.884213057228968813e-01
9.894459281440207699e-01
9.903765429848531143e-01
9.912182541056343554e-01
9.919759970342394428e-01
9.926545393137650164e-01
9.932584815414641222e-01
9.937922590124541600e-01
9.942601438885381171e-01
9.946662478193537549e-01
9.950145249498061339e-01
9.953087752542391087e-01
9.955526481439498365e-01
9.957496463003079334e-01
9.959031296907869812e-01
9.960163197295546222e-01
9.960923035478034260e-01
9.961340383417309763e-01
9.961443557679866556e-01
9.961259663575725565e-01
9.960814639197370646e-01
9.960133299074859226e-01
9.959239377161575035e-01
9.958155568862813167e-01
9.956903571818791487e-01
9.955504125156799944e-01
9.953977046935854611e-01
9.952341269522710920e-01
9.950614872661294186e-01
9.948815114028735085e-01
9.946958457110083307e-01
9.945060596269357234e-01
9.943136478945793222e-01
9.941200324959125201e-01
9.939265642964615344e-01
9.937345244155324497e-01
9.935451253363689617e-01
9.933595117765008364e-01
9.931787613430200778e-01
9.930038850012896656e-01
9.928358273885424801e-01
9.926754670059046992e-01
9.925236163235555686e-01
9.923810218340266553e-01
9.922483640880956912e-01
9.921262577464229349e-01
9.920152516781163277e-01
9.919158291349065015e-01
9.918284080267119052e-01
9.917533413211858662e-01
9.916909175865189496e-01
9.916413616934144359e-01
9.916048356888761406e-01
9.915814398513250749e-01
9.915712139336406716e-01
9.915741385980416656e-01
9.915901370442830043e-01
9.916190768304312675e-01
9.916607718834627994e-01
9.917149846950629177e-01
9.917814286962480796e-01
9.918597708027415694e-01
9.919496341213760449e-01
9.920506008061634740e-01
9.921622150510450711e-01
9.922839862047538873e-01
9.924153919916989253e-01
9.925558818213751078e-01
9.927048801675586454e-01
9.928617899975263894e-01
9.930259962307811383e-01
9.931968692063128934e-01
9.933737681373085993e-01
9.935560445324341794e-01
9.937430455633553539e-01
9.939341173589896217e-01
9.941286082080701414e-01
9.943258716528806662e-01
9.945252694584386655e-01
9.947261744429162222e-01
9.949279731566168516e-01
9.951300683983612672e-01
9.953318815596183811e-01
9.955328547881532320e-01
9.957324529643311051e-01
9.959301654845342799e-01
9.961255078474237079e-01
9.963180230400345838e-01
9.965072827219562113e-01
9.966928882071245388e-01
9.968744712440829048e-01
9.970516945969279954e-01
9.972242524305758860e-01
9.973918705054272138e-01
9.975543061879741380e-01
9.977113482853305904e-01
9.978628167130473292e-01
9.980085620068428476e-01
9.981484646899848601e-01
9.982824345089410523e-01
9.984104095505265120e-01
9.985323552540621428e-01
9.986482633319900826e-01
9.987581506119463937e-01
9.988620578124737248e-01
9.989600482633939071e-01
9.990522065804036123e-01
9.991386373017905331e-01
9.992194634933908581e-01
9.992948253261507707e-01
9.993648786290438846e-01
9.994297934187763577e-01
9.994897524067972716e-01
9.995449494837459481e-01
9.995955881816612765e-01
9.996418801151025768e-01
9.996840434037572720e-01
9.997223010810667443e-01
9.997568794957849558e-01
9.997880067160115347e-01
