9.997974103415346869e-01
9.997679262275087630e-01
9.997352253261029276e-01
9.996991030379080989e-01
9.996593571011810342e-01
9.996157888881360698e-01
9.995682046484890559e-01
9.995164166896232105e-01
9.994602444863727175e-01
9.993995157168670262e-01
9.993340672239769962e-01
9.992637459044985127e-01
9.991884095302066005e-01
9.991079275062783038e-01
9.990221815733032473e-01
9.989310664592350175e-01
9.988344904872695773e-01
9.987323761448563264e-01
9.986246606179997043e-01
9.985112962937922054e-01
9.983922512328646803e-01
9.982675096122411995e-01
9.981370721380288247e-01
9.980009564265144295e-01
9.978591973516239833e-01
9.977118473563313383e-01
9.975589767254975371e-01
9.974006738177431108e-01
9.972370452542906882e-01
9.970682160632218238e-01
9.968943297782286717e-01
9.967155484916706554e-01
9.965320528625140062e-01
9.963440420805059761e-01
9.961517337886607315e-01
9.959553639667757530e-01
9.957551867792082678e-01
9.955514743904900765e-01
9.953445167525016846e-01
9.951346213668417207e-01
9.949221130256840073e-01
9.947073335338012523e-01
9.944906414135394890e-01
9.942724115933613271e-01
9.940530350791457748e-01
9.938329186057737186e-01
9.936124842646736344e-01
9.933921691010055843e-01
9.931724246720845528e-01
9.929537165565507362e-01
9.927365238017638038e-01
9.925213382950075491e-01
9.923086640424104710e-01
9.920990163381016025e-01
9.918929208050817348e-01
9.916909122886601313e-01
9.914935335831235319e-01
9.913013339725872397e-01
9.911148675677383668e-01
9.909346914214010038e-01
9.907613634075093101e-01
9.905954398501239933e-01
9.904374728915162907e-01
9.902880075910275304e-01
9.901475787493254632e-01
9.900167074557849611e-01
9.898958973599698563e-01
9.897856306715674402e-01
9.896863638965970322e-01
9.895985233212799548e-01
9.895225002586008900e-01
9.894586460763070690e-01
9.894072670288589499e-01
9.893686189196144731e-01
9.893429016232578865e-01
9.893302535020599420e-01
9.893307457528837112e-01
9.893443767247764864e-01
9.893710662493661046e-01
9.894106500279353789e-01
9.894628741198341348e-01
9.895273895766510952e-01
9.896037472652089440e-01
9.896913929199010473e-01
9.897896624611401961e-01
9.898977776118005334e-01
9.900148418376026882e-01
9.901398366305949050e-01
9.902716181474330304e-01
9.904089142063084994e-01
9.905503216383986231e-01
9.906943039818949526e-01
9.908391894992719662e-01
9.909831694917509148e-01
9.911242968790918706e-01
9.912604850080941610e-01
9.913895066496226649e-01
9.915089931416699587e-01
9.916164336349574393e-01
9.917091743978434515e-01
9.917844181388104641e-01
9.918392233074647679e-01
9.918705033387286152e-01
9.918750258096346029e-01
9.918494114837723696e-01
9.917901332249026147e-01
9.916935147684973195e-01
9.915557293479528855e-01
9.913727981809353773e-01
9.911405888307834866e-01
9.908548134681213204e-01
9.905110270688730623e-01
9.901046255967479448e-01
9.896308442309951214e-01
9.890847557137953938e-01
9.884612689059961710e-01
9.877551276548768300e-01
9.869609100930488710e-01
9.860730285031612530e-01
9.850857298984282417e-01
9.839930974836682553e-01
9.827890531750308467e-01
9.814673613683269071e-01
9.800216341552860921e-01
9.784453381935821481e-01
9.767318034395430226e-01
9.748742339516651700e-01
9.728657209679907325e-01
9.706992584508640221e-01
9.683677612784220567e-01
9.658640862434278995e-01
9.631810559968603247e-01
9.603114860462923508e-01
9.572482148878875829e-01
9.539841373162374349e-01
9.505122409187520827e-01
9.468256457214039301e-01
9.429176469108357939e-01
9.387817605147056321e-01
9.344117718781612680e-01
9.298017867300081285e-01
9.249462845879588002e-01
9.198401742087917166e-01
9.144788507468106786e-01
9.088582542431624667e-01
9.029749290298653142e-01
8.968260835963575150e-01
8.904096504335621276e-01
8.837243453414573846e-01
8.767697256615383239e-01
8.695462468759688202e-01
8.620553170012071886e-01
8.542993481960392543e-01
8.462818050027295369e-01
8.380072486458537417e-01
8.294813768266026122e-01
8.207110584711551082e-01
8.117043629201086130e-01
8.024705830818257279e-01
7.930202521155335083e-01
7.833651532595701239e-01
7.735183224755913800e-01
7.634940436398491848e-01
7.533078360767788695e-01
7.429764342968132596e-01
7.325177598682659497e-01
7.219508854209211179e-01
7.112959908453244662e-01
7.005743118154114102e-01
6.898080808219835269e-01
6.790204609597525476e-01
6.682354727606002465e-01
6.574779144100018069e-01
6.467732757222008910e-01
6.361476462829369627e-01
6.256276181968005723e-01
6.152401839003952544e-01
6.050126295232501894e-01
5.949724242968413845e-01
5.851471065291661278e-01
5.755641666789402811e-01
5.662509280805188006e-01
5.572344258886298141e-01
5.485412848313859779e-01
5.401975963808338665e-01
5.322287959723892570e-01
5.246595409273658861e-01
5.175135897557223696e-01
5.108136835381889007e-01
5.045814301068998198e-01
4.988371917603829919e-01
4.935999772609290792e-01
4.888873388687142718e-01
4.847152751664699499e-01
4.810981404199820011e-01
4.780485612024589770e-01
4.755773609843768623e-01
4.736934933544704185e-01
4.724039844922257592e-01
4.717138854578002416e-01
4.716262348023745332e-01
4.721420319313195391e-01
4.732602215752144126e-01
4.749776896407971183e-01
4.772892706265204898e-01
4.801877666967560021e-01
4.836639784159055822e-01
4.877067470499806268e-01
4.923030082494294080e-01
4.974378568341710771e-01
5.030946223105771109e-01
5.092549546612957778e-01
5.158989198628913808e-01
5.230051045037686919e-01
5.305507287963766583e-01
5.385117672036063841e-01
5.468630758303389960e-01
5.555785256677232553e-01
5.646311407207624811e-01
5.739932399999101431e-01
5.836365823154590071e-01
5.935325127804866874e-01
6.036521099049181327e-01
6.139663321507919935e-01
6.244461628179316381e-01
6.350627521406587705e-01
6.457875555005092583e-01
6.565924666974356505e-01
6.674499452728317461e-01
6.783331369416376599e-01
6.892159862672453396e-01
7.000733408010841874e-01
7.108810460074688198e-01
7.216160304020047267e-01
7.322563804469622850e-01
7.427814048675100977e-01
7.531716881765643246e-01
7.634091333210120123e-01
7.734769934860470375e-01
7.833598932151194516e-01
7.930438391184861935e-01
8.025162205515816716e-01
8.117658007437003054e-01
8.207826989462482237e-01
8.295583642468407071e-01
8.380855417598145340e-01
8.463582319546478772e-01
8.543716439209134705e-01
8.621221433917752863e-01
8.696071963577982622e-01
8.768253090995999921e-01
8.837759654523489328e-01
8.904595620883366536e-01
8.968773425670389932e-01
9.030313308565733887e-01
9.089242649777561356e-01
9.145595313636042389e-01
9.199411004646840251e-01
9.250734640657546359e-01
9.299615747131606547e-01
9.346107875868165937e-01
9.390268050866442673e-01
9.432156243420894981e-01
9.471834877957873156e-01
9.509368369593034220e-01
9.544822693907144551e-01
9.578264989009520614e-01
9.609763189585092125e-01
9.639385692303178432e-01
9.667201051701970194e-01
9.693277705450142889e-01
9.717683727722137288e-01
9.740486609302211329e-01
9.761753062949537485e-01
9.781548852507140346e-01
9.799938644216267258e-01
9.816985878699788781e-01
9.832752662098678265e-01
9.847299674880367615e-01
9.860686096883130025e-01
9.872969547213483743e-01
9.884206037671715572e-01
9.894449938442060333e-01
9.903753954847726027e-01
9.912169114036084583e-01
9.919744760525479599e-01
9.926528559612115554e-01
9.932566507703213254e-01
9.937902948710849449e-01
9.942580595709384905e-01
9.946640557127398585e-01
9.950122366812020891e-01
9.953064017368161709e-01
9.955501996236418849e-01
9.957471324029948390e-01
9.959005594701135777e-01
9.960137017152383976e-01
9.960896457941093018e-01
9.961313484756368908e-01
9.961416410364564156e-01
9.961232336732835924e-01
9.960787199045821882e-01
9.960105809331784021e-01
9.959211899413173974e-01
9.958128162894565039e-01
9.956876295900561891e-01
9.955477036279569703e-01
9.953950200998074038e-01
9.952314721465551628e-01
9.950588676553308032e-01
9.948789323101564497e-01
9.946933123747792038e-01
9.945035771954752191e-01
9.943112214167666441e-01
9.941176669084720308e-01
9.939242644081858202e-01
9.937322948889416585e-01
9.935429706672687100e-01
9.933574362718948780e-01
9.931767690978332563e-01
9.930019798743544568e-01
9.928340129783086443e-01
9.926737466263438892e-01
9.925219929807471697e-01
9.923794982039255697e-01
9.922469424959959872e-01
9.921249401486332831e-01
9.920140396463492660e-01
9.919147238438560388e-01
9.918274102452364627e-01
9.917524514074411712e-01
9.916901354872842411e-01
9.916406869477367714e-01
9.916042674360285858e-01
9.915809768429331150e-01
9.915708545496964010e-01
9.915738808663971948e-01
9.915899786631072743e-01
9.916190151930309726e-01
9.916608041048153854e-01
9.917151076393918574e-01
9.917816390049836173e-01
9.918600649222577559e-01
9.919500083299698234e-01
9.920510512398336145e-01
9.921627377277418836e-01
9.922845770468824433e-01
9.924160468467728702e-01
9.925565964808228392e-01
9.927056503837723422e-01
9.928626114993165386e-01
9.930268647374467239e-01
9.931977804405672794e-01
9.933747178373059095e-01
9.935570284631312088e-01
9.937440595274148469e-01
9.939351572073955587e-01
9.941296698505796003e-01
9.943269510683897527e-01
9.945263627052962629e-01
9.947272776691755691e-01
9.949290826101830909e-01
9.951311804369661340e-01
9.953329926605369860e-01
9.955339615575692358e-01
9.957335521462590266e-01
9.959312539692131150e-01
9.961265826791113609e-01
9.963190814241468241e-01
9.965083220315137380e-01
9.966939059884887264e-01
9.968754652219763424e-01
9.970526626787487023e-01
9.972251927100221902e-01
9.973927812654534986e-01
9.975551859030939994e-01
9.977121956232795075e-01
9.978636305358030700e-01
9.980093413709895112e-01
9.981492088463885803e-01
9.982831429016897351e-01
9.984110818150705446e-01
9.985329912144795816e-01
9.986488629972938291e-01
9.987587141713456518e-01
9.988625856295088035e-01
9.989605408688730925e-01
9.990526646640900399e-01
9.991390617028131915e-01
9.992198551893839431e-01
9.992951854211641338e-01
9.993652083403055109e-01
9.994300940624303298e-01
9.994900253827800896e-01
9.995451962600016005e-01
9.995958102779267662e-01
9.996420790865240269e-01
9.996842208246072836e-01
9.997224585288472243e-01
9.997570185359904160e-01
9.997881288878165407e-01
