9.997974600103012310e-01
9.997679795635020517e-01
9.997352820323039957e-01
9.996991626867084424e-01
9.996594191211752856e-01
9.996158525521514626e-01
9.995682690632239353e-01
9.995164807872417567e-01
9.994603070183615268e-01
9.993995752504094554e-01
9.993341221410387831e-01
9.992637944037462416e-01
9.991884496318080844e-01
9.991079570595529091e-01
9.990221982671139145e-01
9.989310678349427874e-01
9.988344739539996020e-01
9.987323389967730503e-01
9.986246000532378320e-01
9.985112094346585421e-01
9.983921351469058347e-01
9.982673613337660345e-01
9.981368886896809789e-01
9.980007348405104395e-01
9.978589346903034007e-01
9.977115407317065365e-01
9.975586233175373074e-01
9.974002708911795523e-01
9.972365901737945126e-01
9.970677063068491552e-01
9.968937629491008146e-01
9.967149223279012649e-01
9.965313652454493853e-01
9.963432910413893007e-01
9.961509175138697492e-01
9.959544808018129247e-01
9.957542352316501866e-01
9.955504531321154316e-01
9.953434246208275882e-01
9.951334573662996563e-01
9.949208763286602197e-01
9.947060234817552971e-01
9.944892575183970074e-01
9.942709535393547959e-01
9.940515027252525559e-01
9.938313119888700919e-01
9.936108036034958513e-01
9.933904148009765622e-01
9.931705973310357427e-01
9.929518169713394959e-01
9.927345529757617415e-01
9.925192974464103202e-01
9.923065546133038595e-01
9.920968400042006197e-01
9.918906794860506970e-01
9.916886081589172397e-01
9.914911690830277013e-01
9.912989118199105887e-01
9.911123907693286661e-01
9.909321632849468209e-01
9.907587875533272470e-01
9.905928202228938551e-01
9.904348137718974598e-01
9.902853136070933759e-01
9.901448548877556100e-01
9.900139590727494721e-01
9.898931301916361614e-01
9.897828508441455231e-01
9.896835779358221785e-01
9.895957381612063841e-01
9.895197232495527295e-01
9.894558849917958199e-01
9.894045300712392965e-01
9.893659147242105378e-01
9.893402392606490681e-01
9.893276424781791700e-01
9.893281960065467562e-01
9.893418986222402012e-01
9.893686705754973776e-01
9.894083479735814590e-01
9.894606772650044180e-01
9.895253098691638716e-01
9.896017969945228865e-01
9.896895846859387058e-01
9.897880091380225620e-01
9.898962923065433017e-01
9.900135378439784972e-01
9.901387273785322574e-01
9.902707171485028992e-01
9.904082349960348086e-01
9.905498777163170843e-01
9.906941087504608223e-01
9.908392562028887074e-01
9.909835111573318533e-01
9.911249262596849574e-01
9.912614145311795522e-01
9.913907483717238067e-01
9.915105587109047658e-01
9.916183342630816577e-01
9.917114208432069589e-01
9.917870207014490846e-01
9.918421918372990476e-01
9.918738472575256981e-01
9.918787541470278635e-01
9.918535329272293311e-01
9.917946561830983665e-01
9.916984474471025601e-01
9.915610798363995171e-01
9.913785745482927014e-01
9.911467992284832551e-01
9.908614662369269466e-01
9.905181308472059687e-01
9.901121894272836288e-01
9.896388776623185057e-01
9.890932688938756101e-01
9.884702726642993209e-01
9.877646335700772662e-01
9.869709305435223623e-01
9.860835766977334993e-01
9.850968198851968172e-01
9.840047441351021940e-01
9.828012721479627567e-01
9.814801690378720522e-01
9.800350475221422109e-01
9.784593747645565776e-01
9.767464810815321696e-01
9.748895707196381100e-01
9.728817349078333621e-01
9.707159673781857734e-01
9.683851825346498909e-01
9.658822364306874908e-01
9.631999506932986677e-01
9.603311395036332465e-01
9.572686397131330294e-01
9.540053441395596190e-01
9.505342380497592281e-01
9.468484387961206838e-01
9.429412385319266843e-01
9.388061498876815181e-01
9.344369544465496169e-01
9.298277538127350805e-01
9.249730230224664229e-01
9.198676660037042874e-01
9.145070727482362827e-01
9.088871778189672179e-01
9.030045197764683396e-01
8.968563010727512719e-01
8.904404479273421158e-01
8.837556696716499793e-01
8.768015170229271904e-01
8.695784387294324125e-01
8.620878360143047203e-01
8.543321142377062749e-01
8.463147311954849483e-01
8.380402414783796328e-01
8.295143363289587679e-01
8.207438784542198107e-01
8.117369312801474557e-01
8.025027821703429876e-01
7.930519591738260932e-01
7.833962409166377316e-01
7.735486593073098716e-01
7.635234947865802146e-01
7.533362639158722729e-01
7.430036991657869017e-01
7.325437208338072548e-01
7.219754010882779571e-01
7.113189202021301671e-01
7.005955151035458961e-01
6.898274204307131008e-01
6.790378023331213875e-01
6.682506853118880263e-01
6.574908724360133405e-01
6.467838593102210876e-01
6.361557422033736753e-01
6.256331207748548895e-01
6.152429958605161175e-01
6.050126628006575746e-01
5.949696008110196832e-01
5.851413589148942718e-01
5.755554389711454721e-01
5.662391763499348141e-01
5.572196188259290750e-01
5.485234042780445796e-01
5.401766378054854156e-01
5.322047688917547204e-01
5.246324692710191417e-01
5.174835121739183030e-01
5.107806536517160989e-01
5.045455166974824879e-01
4.987984788994842544e-01
4.935585643739921480e-01
4.888433407309114020e-01
4.846688218250290170e-01
4.810493770371198075e-01
4.779976478120216976e-01
4.755244721544935604e-01
4.736388177479869954e-01
4.723477243164739825e-01
4.716562557954083745e-01
4.715674628154569170e-01
4.720823559324686114e-01
4.731998899603223618e-01
4.749169596808122673e-01
4.772284071177953502e-01
4.801270404725727081e-01
4.836036647250389064e-01
4.876471238116225626e-01
4.922443541973903214e-01
4.973804495668080472e-01
5.030387362662996908e-01
5.092008590426060355e-01
5.158468765345891605e-01
5.229553658931234139e-01
5.305035358246050770e-01
5.384673472788576998e-01
5.468216409325010741e-01
5.555402705547356490e-01
5.645962412847398415e-01
5.739618517992889357e-01
5.836088393066423130e-01
5.935085262691413011e-01
6.036319677332840916e-01
6.139500981332126628e-01
6.244338764323953406e-01
6.350544284796275640e-01
6.457831854797483340e-01
6.565920175171576778e-01
6.674533611212484230e-01
6.783403399271230594e-01
6.892268775618179966e-01
7.000878019748999481e-01
7.108989405314720678e-01
7.216372052939353798e-01
7.322806680344864372e-01
7.428086246414045135e-01
7.532016487065743560e-01
7.634416342072167794e-01
7.735118273192771454e-01
7.833968475211063875e-01
7.930826982619476606e-01
8.025567675783037425e-01
8.118078191408073518e-01
8.208259743031760536e-01
8.296026858020277839e-01
8.381307038206939897e-01
8.464040351811443763e-01
8.544178964652632269e-01
8.621686618900198384e-01
8.696538067707672015e-01
8.768718474035018806e-01
8.838222781812362649e-01
8.905055067326695939e-01
8.969227878343093430e-01
9.030761568014681329e-01
9.089683630106176748e-01
9.146028041469816960e-01
9.199834617085727029e-01
9.251148382326813691e-01
9.300018966446176316e-01
9.346500020626717919e-01
9.390648663290934728e-01
9.432524954754714086e-01
9.472191402731782173e-01
9.509712499662761331e-01
9.545154292359863124e-01
9.578583984028989917e-01
9.610069568356991443e-01
9.639679495033295353e-01
9.667482365810751155e-01
9.693546659997652748e-01
9.717940488108022246e-01
9.740731372275884814e-01
9.761986051956690336e-01
9.781770313389931415e-01
9.800148841276362655e-01
9.817185091125808505e-01
9.832941180752814425e-01
9.847477799432970968e-01
9.860854133278980083e-01
9.873127805449453120e-01
9.884354829862431746e-01
9.894589577148171777e-01
9.903884751640303907e-01
9.912291378270556841e-01
9.919858798299197034e-01
9.926634672881057275e-01
9.932664993535328390e-01
9.937994098655981157e-01
9.942664695268398356e-01
9.946717885306027851e-01
9.950193195747719654e-01
9.953128612020980537e-01
9.955560614137348718e-01
9.957524215082281804e-01
9.959053001032120989e-01
9.960179173013767873e-01
9.960933589657984255e-01
9.961345810724363536e-01
9.961444141095130433e-01
9.961255674946737360e-01
9.960806339813845778e-01
9.960120940261352196e-01
9.959223200878578597e-01
9.958135808307704284e-01
9.956880452018157523e-01
9.955477863542062655e-01
9.953947853894697939e-01
9.952309348919546883e-01
9.950580422320888241e-01
9.948778326178076004e-01
9.946919518774546276e-01
9.945019689620213654e-01
9.943093781597034386e-01
9.941156010212452987e-01
9.939219880002255758e-01
9.937298198181037101e-01
9.935403085693026437e-01
9.933545985866484296e-01
9.931737670919653649e-01
9.929988246603881352e-01
9.928307155299106457e-01
9.926703177897668873e-01
9.925184434824166901e-01
9.923758386542027576e-01
9.922431833891915964e-01
9.921210918593973416e-01
9.920101124226143874e-01
9.919107277965683034e-01
9.918233553351663012e-01
9.917483474294285228e-01
9.916859920523311001e-01
9.916365134634171907e-01
9.916000730857302825e-01
9.915767705644816798e-01
9.915666450139295485e-01
9.915696764562567100e-01
9.915857874537945538e-01
9.916148449337287563e-01
9.916566622024164390e-01
9.917110011445936513e-01
9.917775746010160098e-01
9.918560489164057747e-01
9.919460466479493865e-01
9.920471494229742282e-01
9.921589009328350972e-01
9.922808100484736826e-01
9.924123540416087685e-01
9.925529818941201121e-01
9.927021176769512678e-01
9.928591639788338918e-01
9.930235053643813314e-01
9.931945118406377837e-01
9.933715423110455189e-01
9.935539479959951681e-01
9.937410757996506527e-01
9.939322716035665639e-01
9.941268834686817213e-01
9.943242647285537306e-01
9.945237769581061205e-01
9.947247928036666575e-01
9.949266986616054353e-01
9.951288971944102224e-01
9.953308096745265843e-01
9.955318781477217049e-01
9.957315674091038460e-01
9.959293667862509913e-01
9.961247917251778716e-01
9.963173851761329969e-01
9.965067187774765411e-01
9.966923938371776703e-01
9.968740421127840756e-01
9.970513263920918190e-01
9.972239408781468084e-01
9.973916113836598374e-01
9.975540953413711831e-01
9.977111816383397169e-01
9.978626902835050494e-01
9.980084719191372189e-01
9.981484071878909958e-01
9.982824059680607265e-01
9.984104064902395992e-01
9.985323743488774273e-01
9.986483014221596566e-01
9.987582047131917662e-01
9.988621251246576627e-01
9.989601261779676999e-01
9.990522926864578990e-01
9.991387293905478195e-01
9.992195595609963954e-01
9.992949235746412251e-01
9.993649774654107532e-01
9.994298914520773902e-01
9.994898484433184516e-01
9.995450425202617728e-01
9.995956773968928122e-01
9.996419648595220586e-01
9.996841231879305401e-01
9.997223755627668851e-01
9.997569484661400496e-01
9.997880700849737234e-01
