9.997975116171132770e-01
9.997680437490054084e-01
9.997353609604531233e-01
9.996992587451247747e-01
9.996595349217979320e-01
9.996159909285324829e-01
9.995684330643128668e-01
9.995166736675950014e-01
9.994605322248059087e-01
9.993998364052854022e-01
9.993344230222412916e-01
9.992641389218686054e-01
9.991888418047695231e-01
9.991084009851557424e-01
9.990226980940223322e-01
9.989316277326081295e-01
9.988350980820704939e-01
9.987330314745218596e-01
9.986253649295175894e-01
9.985120506588642808e-01
9.983930565413658975e-01
9.982683665679260576e-01
9.981379812563747622e-01
9.980019180345368612e-01
9.978602115894492641e-01
9.977129141802791867e-01
9.975600959123973599e-01
9.974018449701902433e-01
9.972382678065462303e-01
9.970694892874597537e-01
9.968956527908486853e-01
9.967169202594123867e-01
9.965334722081361507e-01
9.963455076878243721e-01
9.961532442067743132e-01
9.959569176133472590e-01
9.957567819427073363e-01
9.955531092313449903e-01
9.953461893031471108e-01
9.951363295306885348e-01
9.949238545750729301e-01
9.947091061070350015e-01
9.944924425111201227e-01
9.942742385735806598e-01
9.940548851531986196e-01
9.938347888325780310e-01
9.936143715455876269e-01
9.933940701746364343e-01
9.931743361093792188e-01
9.929556347563499585e-01
9.927384449869902650e-01
9.925232585096394056e-01
9.923105791493780359e-01
9.921009220182203103e-01
9.918948125571186436e-01
9.916927854306121226e-01
9.914953832547684920e-01
9.913031551393571839e-01
9.911166550259540298e-01
9.909364398049039790e-01
9.907630671957265989e-01
9.905970933776061527e-01
9.904390703590025824e-01
9.902895430781044617e-01
9.901490462287684258e-01
9.900181008096942126e-01
9.898972103978381787e-01
9.897868571504411239e-01
9.896874975435148158e-01
9.895995578581906482e-01
9.895234294299679600e-01
9.894594636796054665e-01
9.894079669481485872e-01
9.893691951623407865e-01
9.893433483603745193e-01
9.893305651114926436e-01
9.893309168662636210e-01
9.893444022772580615e-01
9.893709415322199385e-01
9.894103707434690476e-01
9.894624364380522064e-01
9.895267901929181154e-01
9.896029834580444273e-01
9.896904626079023881e-01
9.897885642579207222e-01
9.898965108777384447e-01
9.900134067271378902e-01
9.901382341337838788e-01
9.902698501244823204e-01
9.904069834138652384e-01
9.905482317464773256e-01
9.906920595804697971e-01
9.908367960937675134e-01
9.909806334869097899e-01
9.911216255509971429e-01
9.912576864644577768e-01
9.913865897788192161e-01
9.915059675513838711e-01
9.916133095817074583e-01
9.917059627090369922e-01
9.917811301293412152e-01
9.918358706931896807e-01
9.918670981494182026e-01
9.918715803041771029e-01
9.918459380705074713e-01
9.917866443899593376e-01
9.916900230149078288e-01
9.915522471481067468e-01
9.913693379446373299e-01
9.911371628907866826e-01
9.908514340845491208e-01
9.905077064534254516e-01
9.901013759570449491e-01
9.896276778348497283e-01
9.890816849726673521e-01
9.884583064763645677e-01
9.877522865558105991e-01
9.869582038378609257e-01
9.860704712427176277e-01
9.850833365734507074e-01
9.839908839832237630e-01
9.827870364983373186e-01
9.814655597870159953e-01
9.800200673733423518e-01
9.784440275023025269e-01
9.767307718650264370e-01
9.748735063925214606e-01
9.728653243211454749e-01
9.706992217235048681e-01
9.683681156842809390e-01
9.658648652817042324e-01
9.631822955121613905e-01
9.603132242679982555e-01
9.572504924473388410e-01
9.539869972401099352e-01
9.505157285969316749e-01
9.468298088476229113e-01
9.429225353943043730e-01
9.387874263609797820e-01
9.344182690375507638e-01
9.298091709119714610e-01
9.249546130401450350e-01
9.198495054597066733e-01
9.144892443114789327e-01
9.088697702916445076e-01
9.029876280190409776e-01
8.968400258660028657e-01
8.904248957683916776e-01
8.837409525014668921e-01
8.767877518836398876e-01
8.695657473505317148e-01
8.620763443277016380e-01
8.543219518224891562e-01
8.463060306541287936e-01
8.380331377470510157e-01
8.295089659254418768e-01
8.207403786678351132e-01
8.117354393088372921e-01
8.025034342108502416e-01
7.930548894715736541e-01
7.834015807825409627e-01
7.735565361092857639e-01
7.635340309239627699e-01
7.533495757853048147e-01
7.430198961273928315e-01
7.325629041865797664e-01
7.219976630636284476e-01
7.113443429844015231e-01
7.006241698860342648e-01
6.898593665153225363e-01
6.790730862812350832e-01
6.682893401533464006e-01
6.575329169422892139e-01
6.468292973369806909e-01
6.362045621066232393e-01
6.256852949038671508e-01
6.152984801297005646e-01
6.050713963415708108e-01
5.950315057048349843e-01
5.852063400049039021e-01
5.756233837543245357e-01
5.663099549462782267e-01
5.572930840242029671e-01
5.485993916568232542e-01
5.402549659288389261e-01
5.322852395797365022e-01
5.247148679461000054e-01
5.175676082857122440e-01
5.108662011836655470e-01
5.046322547604888964e-01
4.988861324187618962e-01
4.936468448765062300e-01
4.889319472415770695e-01
4.847574418802825802e-01
4.811376878244146837e-01
4.780853174431975994e-01
4.756111610797576494e-01
4.737241803153988684e-01
4.724314104793473357e-01
4.717379129669916349e-01
4.716467378666711063e-01
4.721588973244836840e-01
4.732733499994701276e-01
4.749869968789175445e-01
4.772946886366125074e-01
4.801892446268188896e-01
4.836614835146991753e-01
4.877002654509183799e-01
4.922925456051967519e-01
4.974234387815134051e-01
5.030762947472129376e-01
5.092327838200672030e-01
5.158729921720159872e-01
5.229755262262445470e-01
5.305176254460983731e-01
5.384752827404359898e-01
5.468233716410453304e-01
5.555357793442483594e-01
5.645855446515422038e-01
5.739449997938281811e-01
5.835859150813548224e-01
5.934796452878724482e-01
6.035972766536561451e-01
6.139097733788356770e-01
6.243881224769336491e-01
6.350034758692040260e-01
6.457272886240428278e-01
6.565314522826504184e-01
6.673884222624220097e-01
6.782713383930036866e-01
6.891541377160055326e-01
7.000116587672757795e-01
7.108197366590669475e-01
7.215552883870967049e-01
7.321963879025308319e-01
7.427223306094843380e-01
7.531136870725906318e-01
7.633523458443830512e-01
7.734215454464296036e-01
7.833058956591982813e-01
7.929913883914049277e-01
8.024653985081503516e-01
8.117166750967496069e-01
8.207353237382586375e-01
8.295127804300514995e-01
8.380417778694174702e-01
8.463163048593715931e-01
8.543315596353119323e-01
8.620838979347886788e-01
8.695707766426714613e-01
8.767906938409614215e-01
8.837431260771653196e-01
8.904284636385185747e-01
8.968479445826579299e-01
9.030035882299186634e-01
9.088981287697914802e-01
9.145349495757324476e-01
9.199180187600843883e-01
9.250518264358724707e-01
9.299413240862086649e-01
9.345918663763460588e-01
9.390091556793680461e-01
9.431991895251677915e-01
9.471682111247146096e-01
9.509226630683583759e-01
9.544691442486528121e-01
9.578143700152281781e-01
9.609651355318199473e-01
9.639282822736507939e-01
9.667106675768626367e-01
9.693191371303248038e-01
9.717605002835565386e-01
9.740415080322638586e-01
9.761688335346032641e-01
9.781490550062519329e-01
9.799886408401597970e-01
9.816939367969803598e-01
9.832711551141642969e-01
9.847263653851243692e-01
9.860654870643839054e-01
9.872942834598901207e-01
9.884183570794913276e-01
9.894431462047368342e-01
9.903739225715703087e-01
9.912157900440454750e-01
9.919736841738768796e-01
9.926523725454080571e-01
9.932564558124310494e-01
9.937903693401889393e-01
9.942583853728130805e-01
9.946646156533207606e-01
9.950130144300427526e-01
9.953073817898659970e-01
9.955513672648308443e-01
9.957484736642983059e-01
9.959020610899601555e-01
9.960153510953170253e-01
9.960914309548031254e-01
9.961332580104707013e-01
9.961436640660661368e-01
9.961253597995155529e-01
9.960809391653839828e-01
9.960128837589712347e-01
9.959235671135262535e-01
9.958152589018343104e-01
9.956901290133676197e-01
9.955502514784985157e-01
9.953976082121320790e-01
9.952340925506583114e-01
9.950615125584335585e-01
9.948815940831140514e-01
9.946959835430378982e-01
9.945062504344119869e-01
9.943138895511751674e-01
9.941203229159024657e-01
9.939269014258069745e-01
9.937349062235699693e-01
9.935455498081943171e-01
9.933599769061269846e-01
9.931792651273806394e-01
9.930044254351509947e-01
9.928364024603817395e-01
9.926760746948055658e-01
9.925242545971659780e-01
9.923816886476125587e-01
9.922490573847101425e-01
9.921269754581933942e-01
9.920159917286275331e-01
9.919165894426339447e-01
9.918291865094266413e-01
9.917541359012269631e-01
9.916917261967953534e-01
9.916421822839764921e-01
9.916056662338738059e-01
9.915822783561578646e-01
9.915720584420979478e-01
9.915749871992380893e-01
9.915909878792065202e-01
9.916199280979425268e-01
9.916616218456155707e-01
9.917158316816501173e-01
9.917822711085136911e-01
9.918606071162390236e-01
9.919504628879910468e-01
9.920514206553492365e-01
9.921630246903485606e-01
9.922847844197288936e-01
9.924161776453174211e-01
9.925566538530504745e-01
9.927056375918950071e-01
9.928625319028995255e-01
9.930267217778406819e-01
9.931975776264835298e-01
9.933744587313445562e-01
9.935567166690664198e-01
9.937436986780477932e-01
9.939347509528098090e-01
9.941292218466618591e-01
9.943264649655153553e-01
9.945258421371200308e-01
9.947267262415019351e-01
9.949285038899254863e-01
9.951305779412321639e-01
9.953323698458961255e-01
9.955333218095731018e-01
9.957328987692891653e-01
9.959305901767291358e-01
9.961259115843651424e-01
9.963184060314167478e-01
9.965076452278982533e-01
9.966932305362824485e-01
9.968747937516381219e-01
9.970519976824577801e-01
9.972245365358081148e-01
9.973921361118823770e-01
9.975545538144912072e-01
9.977115784854739822e-01
9.978630300723881907e-01
9.980087591401062275e-01
9.981486462380547708e-01
9.982826011357150975e-01
9.984105619396154152e-01
9.985324941053320691e-01
9.986483893579518600e-01
9.987582645340026266e-01
9.988621603570415619e-01
9.989601401579305540e-01
9.990522885493702265e-01
9.991387100625980233e-01
9.992195277523781005e-01
9.992948817746529766e-01
9.993649279396124019e-01
9.994298362416119685e-01
9.994897893664618227e-01
9.995449811762090464e-01
9.995956151717380056e-01
9.996419029343270868e-01
9.996840625487262155e-01
9.997223170122784275e-01
9.997568926369810871e-01
9.997880174540207943e-01
