9.997975252330707496e-01
9.997680552190619796e-01
9.997353693526301877e-01
9.996992629787778695e-01
9.996595337619309518e-01
9.996159829822179876e-01
9.995684167794345321e-01
9.995166473340691971e-01
9.994604939783752195e-01
9.993997842339067406e-01
9.993343547750161981e-01
9.992640523203959457e-01
9.991887344567305096e-01
9.991082703998813708e-01
9.990225416997445818e-01
9.989314428950522018e-01
9.988348821240201625e-01
9.987327816959752358e-01
9.986250786280469471e-01
9.985117251498070168e-01
9.983926891774947965e-01
9.982679547582798962e-01
9.981375224839732496e-01
9.980014098727495453e-01
9.978596517168420998e-01
9.977123003938163093e-01
9.975594261389307826e-01
9.974011172762236033e-01
9.972374804063094400e-01
9.970686405493778270e-01
9.968947412425269716e-01
9.967159445912969762e-01
9.965324312760339698e-01
9.963444005144878046e-01
9.961520699827686176e-01
9.959556756974251579e-01
9.957554718619112677e-01
9.955517306810539591e-01
9.953447421472666479e-01
9.951348138021667289e-01
9.949222704768987402e-01
9.947074540138510779e-01
9.944907229715479469e-01
9.942724523133282810e-01
9.940530330789869584e-01
9.938328720368907465e-01
9.936123913122196782e-01
9.933920279849917101e-01
9.931722336494399617e-01
9.929534739242273922e-01
9.927362279009465107e-01
9.925209875164648921e-01
9.923082568330013897e-01
9.920985512084289359e-01
9.918923963382717535e-01
9.916903271502337525e-01
9.914928865319194706e-01
9.913006238726943531e-01
9.911140934013973336e-01
9.909338523028420331e-01
9.907604585977031197e-01
9.905944687724339559e-01
9.904364351482546347e-01
9.902869029809323598e-01
9.901464072859883503e-01
9.900154693870667488e-01
9.898945931884503002e-01
9.897842611760684361e-01
9.896849301548130695e-01
9.895970267335251203e-01
9.895209425726513297e-01
9.894570294132751798e-01
9.894055939099745123e-01
9.893668922937264298e-01
9.893411248947865388e-01
9.893284305590502870e-01
9.893288809947179407e-01
9.893424750890195130e-01
9.893691332371324920e-01
9.894086917270961123e-01
9.894608972253232659e-01
9.895254014070935522e-01
9.896017557750816929e-01
9.896894067064507805e-01
9.897876907653287981e-01
9.898958303126286218e-01
9.900129294392743251e-01
9.901379702421336804e-01
9.902698094545397955e-01
9.904071754354617507e-01
9.905486655134345675e-01
9.906927436735627479e-01
9.908377385685311900e-01
9.909818418278554253e-01
9.911231066337787832e-01
9.912594465274556788e-01
9.913886344054665400e-01
9.915083016643693181e-01
9.916159374499273760e-01
9.917088879678592761e-01
9.917843558143821792e-01
9.918393992874061649e-01
9.918709316428955258e-01
9.918757202655581473e-01
9.918503857285829728e-01
9.917914007235385521e-01
9.916950888487274796e-01
9.915576232522336220e-01
9.913750251345877507e-01
9.911431621254336299e-01
9.908577465588231936e-01
9.905143336828449163e-01
9.901083198512182770e-01
9.896349407572978540e-01
9.890892697845772297e-01
9.884662165622202235e-01
9.877605258292240231e-01
9.869667767263334834e-01
9.860793826504845594e-01
9.850925918219797239e-01
9.840004887293444247e-01
9.827969966303473637e-01
9.814758812994487380e-01
9.800307562213623758e-01
9.784550894369391516e-01
9.767422122506397297e-01
9.748853300080375650e-01
9.728775351467018329e-01
9.707118227142169653e-01
9.683811085328950519e-01
9.658782501719456182e-01
9.631960708646372105e-01
9.603273864805796922e-01
9.572650356320369092e-01
9.540019129585798341e-01
9.505310055968937410e-01
9.468454328026723044e-01
9.429384886497926832e-01
9.388036876888776749e-01
9.344348134034310416e-01
9.298259692574688540e-01
9.249716320844401096e-01
9.198667075237269009e-01
9.145065871685958969e-01
9.088872070486628818e-01
9.030051070312081762e-01
8.968574906896182863e-01
8.904422851543541961e-01
8.837582004327791951e-01
8.768047876594849965e-01
8.695824957190686488e-01
8.620927256691999219e-01
8.543378823838529978e-01
8.463214228352480273e-01
8.380479004388050601e-01
8.295230048985341442e-01
8.207535970110155787e-01
8.117477379144348859e-01
8.025147123049450881e-01
7.930650451855436600e-01
7.834105117621739112e-01
7.735641401571298204e-01
7.635402066701145740e-01
7.533542233814112254e-01
7.430229179582775734e-01
7.325642055936054664e-01
7.219971530736771781e-01
7.113419350382260697e-01
7.006197825596778284e-01
6.898529242283730767e-01
6.790645199858381664e-01
6.682785879981927302e-01
6.575199249061777218e-01
6.468140198270635466e-01
6.361869625170470943e-01
6.256653461311808551e-01
6.152761650421723072e-01
6.050467082002948249e-01
5.950044485352854462e-01
5.851769289183128553e-01
5.755916452188836185e-01
5.662759270086836771e-01
5.572568164824122094e-01
5.485609461850354807e-01
5.402144161556547974e-01
5.322426711201482252e-01
5.246703783874420157e-01
5.175213071269586518e-01
5.108182097265262511e-01
5.045827059497060008e-01
4.988351706278596476e-01
4.935946256341013916e-01
4.888786368923178083e-01
4.847032171735489170e-01
4.810827354232982689e-01
4.780298333459543914e-01
4.755553499459961309e-01
4.736682546898223212e-01
4.723755899068836639e-01
4.716824229946705582e-01
4.715918089296052829e-01
4.721047635157700206e-01
4.732202477266534979e-01
4.749351634127669808e-01
4.772443605612789463e-01
4.801406562038045278e-01
4.836148649763771790e-01
4.876558412424444322e-01
4.922505325964559031e-01
4.973840444730840415e-01
5.030397154961347983e-01
5.091992031123966367e-01
5.158425789696337027e-01
5.229484334151907055e-01
5.304939884127591876e-01
5.384552181002804083e-01
5.468069761423295372e-01
5.555231289662283523e-01
5.645766939133731732e-01
5.739399812865576544e-01
5.835847392313729953e-01
5.934823003559701604e-01
6.036037289695563857e-01
6.139199678068962829e-01
6.244019831046609958e-01
6.350209069064880474e-01
6.457481754976032162e-01
6.565556629072288874e-01
6.674158084677423997e-01
6.783017374835418334e-01
6.891873741391729702e-01
7.000475458646902016e-01
7.108580784752246418e-01
7.215958815098675316e-01
7.322390233105036117e-01
7.427667955022138058e-01
7.531597666611993258e-01
7.633998250817068953e-01
7.734702106778892361e-01
7.833555361777921888e-01
7.930417978825761161e-01
8.025163763727348742e-01
8.117680276427199360e-01
8.207868652344624261e-01
8.295643340175882230e-01
8.380931763286487701e-01
8.463673912327731585e-01
8.543821877084452066e-01
8.621339325795382980e-01
8.696200940285704339e-01
8.768391815218822272e-01
8.837906829618671356e-01
8.904749998545455902e-01
8.968933812438317776e-01
9.030478571182066760e-01
9.089411719426435665e-01
9.145767189100956207e-01
9.199584754442247103e-01
9.250909404198955910e-01
9.299790735017702259e-01
9.346282369355296549e-01
9.390441400620729295e-01
9.432327867636349783e-01
9.472004259930297820e-01
9.509535054839354240e-01
9.544986286918231144e-01
9.578425149721725429e-01
9.609919629651756390e-01
9.639538171242372222e-01
9.667349372990960976e-01
9.693421712630547749e-01
9.717823300572608902e-01
9.740621660128025994e-01
9.761883533030591975e-01
9.781674708737937429e-01
9.800059875963533784e-01
9.817102494895585396e-01
9.832864688579462387e-01
9.847407151975545725e-01
9.860789077250337042e-01
9.873068093912360510e-01
9.884300222463332508e-01
9.894539840297474909e-01
9.903839658646547139e-01
9.912250709434249352e-01
9.919822340970816388e-01
9.926602221486467981e-01
9.932636349570946876e-01
9.937969070655243709e-01
9.942643098740591157e-01
9.946699542648225201e-01
9.950177936130494283e-01
9.953116271248628744e-01
9.955551034483585138e-01
9.957517245102727177e-01
9.959048495355276032e-01
9.960176992112631522e-01
9.960933599604909761e-01
9.961347882932151121e-01
9.961448152047697180e-01
9.961261505922976989e-01
9.960813876608436424e-01
9.960130072906340226e-01
9.959233823369506577e-01
9.958147818337875767e-01
9.956893750724402636e-01
9.955492355265022075e-01
9.953963445956246492e-01
9.952325951419562777e-01
9.950597947955120981e-01
9.948796690078411942e-01
9.946938638372556651e-01
9.945039484534438090e-01
9.943114173544110868e-01
9.941176922941834526e-01
9.939241239253960858e-01
9.937319931665584694e-01
9.935425123092426203e-01
9.933568258854895694e-01
9.931760113202051654e-01
9.930010793970803773e-01
9.928329745695286812e-01
9.926725751502093464e-01
9.925206934138861570e-01
9.923780756486663135e-01
9.922454021901147003e-01
9.921232874714350780e-01
9.920122801209420027e-01
9.919128631355395020e-01
9.918254541560088677e-01
9.917504058667131472e-01
9.916880065389893639e-01
9.916384807341280805e-01
9.916019901785517732e-01
9.915786348206557799e-01
9.915684540758487042e-01
9.915714282636363119e-01
9.915874802381442477e-01
9.916164772112620041e-01
9.916582327655708573e-01
9.917125090523626341e-01
9.917790191683024670e-01
9.918574297026178099e-01
9.919473634450478583e-01
9.920484022431718119e-01
9.921600899961227071e-01
9.922819357701279097e-01
9.924134170198033456e-01
9.925539828977384404e-01
9.927030576336667300e-01
9.928600439635030250e-01
9.930243265877696235e-01
9.931952756384831993e-01
9.933722501334510957e-01
9.935546013971329193e-01
9.937416764277562375e-01
9.939328211912015210e-01
9.941273838232428384e-01
9.943247177230130074e-01
9.945241845219694454e-01
9.947251569141433158e-01
9.949270213349877823e-01
9.951291804776650762e-01
9.953310556371032236e-01
9.955320888735825768e-01
9.957317449889849792e-01
9.959295133101572217e-01
9.961249092751156553e-01
9.963174758190813662e-01
9.965067845585949824e-01
9.966924367732425960e-01
9.968740641858516716e-01
9.970513295433749423e-01
9.972239270021023838e-01
9.973915823222814225e-01
9.975540528786860373e-01
9.977111274951171449e-01
9.978626261121884555e-01
9.980083992990230746e-01
9.981483276205844746e-01
9.982823208732491960e-01
9.984103172018339301e-01
9.985322821115775183e-01
9.986482073885079025e-01
9.987581099411795282e-01
9.988620305759539075e-01
9.989600327168312033e-01
9.990522010793922991e-01
9.991386403067469280e-01
9.992194735736126265e-01
9.992948411628964633e-01
9.993648990175478808e-01
9.994298172691313820e-01
9.994897787436638481e-01
9.995449774448733615e-01
9.995956170152360265e-01
9.996419091759706221e-01
9.996840721485968917e-01
9.997223290626164882e-01
9.997569063562574687e-01
9.997880321798430225e-01
