9.997975028379546547e-01
9.997680339002125161e-01
9.997353499730137205e-01
9.996992465544976003e-01
9.996595214692413078e-01
9.996159761624127116e-01
9.995684169413613374e-01
9.995166561540790306e-01
9.994605132975846740e-01
9.993998160527224339e-01
9.993344012449498770e-01
9.992641157332716739e-01
9.991888172314610239e-01
9.991083750670554098e-01
9.990226708843243930e-01
9.989315992975286163e-01
9.988350685004030449e-01
9.987330008370211010e-01
9.986253333381274189e-01
9.985120182258182542e-01
9.983930233881848082e-01
9.982683328243416865e-01
9.981379470592091074e-01
9.980018835265646038e-01
9.978601769182710024e-01
9.977128794972314196e-01
9.975600613715186471e-01
9.974018107272658584e-01
9.972382340182438520e-01
9.970694561105696296e-01
9.968956203816341510e-01
9.967168887730758486e-01
9.965334417983994220e-01
9.963454785066203634e-01
9.961532164040435289e-01
9.959568913369294396e-01
9.957567573383169224e-01
9.955530864426159754e-01
9.953461684717332947e-01
9.951363107964018573e-01
9.949238380760445644e-01
9.947090919798824427e-01
9.944924308911030630e-01
9.942742295947321063e-01
9.940548789484169312e-01
9.938347855336669978e-01
9.936143712832349317e-01
9.933940730783221706e-01
9.931743423072074695e-01
9.929556443747999950e-01
9.927384581505850347e-01
9.925232753405310859e-01
9.923105997668503209e-01
9.921009465381117609e-01
9.918948410911685443e-01
9.916928180857330632e-01
9.914954201322491167e-01
9.913031963339987707e-01
9.911167006251427880e-01
9.909364898876222849e-01
9.907631218315029464e-01
9.905971526254035986e-01
9.904391342660440190e-01
9.902896116786314984e-01
9.901491195427299941e-01
9.900181788413584538e-01
9.898972931343235082e-01
9.897869445601602534e-01
9.896875895745282925e-01
9.895996544364669134e-01
9.895235304575509261e-01
9.894595690326951631e-01
9.894080764751038704e-01
9.893693086816215398e-01
9.893434656584448872e-01
9.893306859407168252e-01
9.893310409428299756e-01
9.893445292791779311e-01
9.893710710974495948e-01
9.894105024682139371e-01
9.894625698753096721e-01
9.895269248513240967e-01
9.896031188010833146e-01
9.896905980535414260e-01
9.897886991787224753e-01
9.898966446014996201e-01
9.900135385380910424e-01
9.901383632743869789e-01
9.902699757978065120e-01
9.904071047865722344e-01
9.905483479523605750e-01
9.906921697245121283e-01
9.908368992566450872e-01
9.909807287298544320e-01
9.911217119209025928e-01
9.912577629991012884e-01
9.913866555120492974e-01
9.915060215181143999e-01
9.916133508225482007e-01
9.917059902743892152e-01
9.917811430827890851e-01
9.918358681140297950e-01
9.918670791341850368e-01
9.918715439670473533e-01
9.918458835424942555e-01
9.917865708168440708e-01
9.916899295538941228e-01
9.915521329632226433e-01
9.913692022009552574e-01
9.911370047475681622e-01
9.908512526874605486e-01
9.905075009260065899e-01
9.901011453916351845e-01
9.896274212832024686e-01
9.890814014364939233e-01
9.884579948980551922e-01
9.877519458095798122e-01
9.869578327215544622e-01
9.860700684705039354e-01
9.850829007695987016e-01
9.839904136771471244e-01
9.827865301210556570e-01
9.814650156691578919e-01
9.800194837447873120e-01
9.784434024935325658e-01
9.767301035102352591e-01
9.748727926345092110e-01
9.728645630180101644e-01
9.706984106571319160e-01
9.683672525706206180e-01
9.658639477828259157e-01
9.631813212500666133e-01
9.603121908401776041e-01
9.572493974440533515e-01
9.539858382633757961e-01
9.505145032811825878e-01
9.468285148820119179e-01
9.429211705465964100e-01
9.387859885029622431e-01
9.344167561718680348e-01
9.298075812002553064e-01
9.249529448322796332e-01
9.198477573240307903e-01
9.144874150656856493e-01
9.088678590341024988e-01
9.029856341602237046e-01
8.968379491596802922e-01
8.904227363422101416e-01
8.837387108865250029e-01
8.767854290426517760e-01
8.695633447041678510e-01
8.620738637786953262e-01
8.543193957771164637e-01
8.463034020406736690e-01
8.380304400309086521e-01
8.295062031205308051e-01
8.207375553440325877e-01
8.117325605951833944e-01
8.025005057943224163e-01
7.930519175912671415e-01
7.833985722191468826e-01
7.735534981698063417e-01
7.635309714216613752e-01
7.533465030149339992e-01
7.430168188358113879e-01
7.325598315389150184e-01
7.219946046051993749e-01
7.113413085986798334e-01
7.006211697489612700e-01
6.898564110463596410e-01
6.790701860915613342e-01
6.682865059916575090e-01
6.575301596386791125e-01
6.468266277454020052e-01
6.362019910464367101e-01
6.256828331009662847e-01
6.152961381576922406e-01
6.050691845634483812e-01
5.950294342155311167e-01
5.852044185750523431e-01
5.756216217754817066e-01
5.663083613777831760e-01
5.572916673417743771e-01
5.485981598029099349e-01
5.402539262646651741e-01
5.322843988389387437e-01
5.247142321897928507e-01
5.175671828588159773e-01
5.108659906723282962e-01
5.046322629504701451e-01
4.988863622547180521e-01
4.936472984221926819e-01
4.889326256411310467e-01
4.847583453208506032e-01
4.811388155005791312e-01
4.780866675237938068e-01
4.756127306778489272e-01
4.737259654623052763e-01
4.724334061037733790e-01
4.717401128803717647e-01
4.716491347559241820e-01
4.721614827533681114e-01
4.732761144196938607e-01
4.749899296520739833e-01
4.772977780678487880e-01
4.801924780109603219e-01
4.836648471953129969e-01
4.877037448925085616e-01
4.922961254784228302e-01
4.974271030610085687e-01
5.030800268212194393e-01
5.092365666108180644e-01
5.158768082654527909e-01
5.229793580094150851e-01
5.305214552503140224e-01
5.384790929881060340e-01
5.468271449939481332e-01
5.555394988509454457e-01
5.645891938916092201e-01
5.739485630166283325e-01
5.835893773371814142e-01
5.934829925494471414e-01
6.036004959261480618e-01
6.139128527968448212e-01
6.243910513871151480e-01
6.350062448975328788e-01
6.457298897270075111e-01
6.565338787819918753e-01
6.673906688633335360e-01
6.782734011860076517e-01
6.891560141630080905e-01
7.000133476725514114e-01
7.108212381261544976e-01
7.215566037627860752e-01
7.321975197092809307e-01
7.427232824677385548e-01
7.531144636145483684e-01
7.633529526208372440e-01
7.734219888283101474e-01
7.833061827354461659e-01
7.929915268647644844e-01
8.024653965904029462e-01
8.117165414048318484e-01
8.207350671925913721e-01
8.295124101562927343e-01
8.380413031047158068e-01
8.463157348640516497e-01
8.543309036107766818e-01
8.620831649482709746e-01
8.695699755593151448e-01
8.767898332635648551e-01
8.837422142937760849e-01
8.904275085779369547e-01
8.968469537777743472e-01
9.030025687887061059e-01
9.088970873536638129e-01
9.145338923848983503e-01
9.199169515254498330e-01
9.250507544169846996e-01
9.299402520746901102e-01
9.345907987042326726e-01
9.390080962317459701e-01
9.431981417564944126e-01
9.471671780782088268e-01
9.509216473978597817e-01
9.544681482423650332e-01
9.578133956207923738e-01
9.609641843821927765e-01
9.639273557133077874e-01
9.667097666878845530e-01
9.693182627579780553e-01
9.717596530610299599e-01
9.740406884042750457e-01
9.761680417796475551e-01
9.781482912573200572e-01
9.799879051038062894e-01
9.816932289706774561e-01
9.832704750019264361e-01
9.847257127114319442e-01
9.860648614864745420e-01
9.872936845785208471e-01
9.884177844482957553e-01
9.894425993383254569e-01
9.903734009525266835e-01
9.912152931289784918e-01
9.919732113986831079e-01
9.926519233298898293e-01
9.932560295644011772e-01
9.937899654591755283e-01
9.942580032534565904e-01
9.946642546885358094e-01
9.950126740139944026e-01
9.953070613207897210e-01
9.955510661477109391e-01
9.957481913133973128e-01
9.959017969311861895e-01
9.960151045684029203e-01
9.960912015152666443e-01
9.961330451313228362e-01
9.961434672392367462e-01
9.961251785369660272e-01
9.960807729998862881e-01
9.960127322445376796e-01
9.959234298254838746e-01
9.958151354365474273e-01
9.956900189876211060e-01
9.955501545285622145e-01
9.953975239925358931e-01
9.952340207327119437e-01
9.950614528285315341e-01
9.948815461408661021e-01
9.946959470992693397e-01
9.945062252090757227e-01
9.943138752712158412e-01
9.941203193131111782e-01
9.939269082346999795e-01
9.937349231793245474e-01
9.935455766446679160e-01
9.933600133539869370e-01
9.931793109123671082e-01
9.930044802764966816e-01
9.928364660694094512e-01
9.926761467737250655e-01
9.925243348380909936e-01
9.923817767318166005e-01
9.922491529821398926e-01
9.921270782272523237e-01
9.920161013162416275e-01
9.919167054846017573e-01
9.918293086310517870e-01
9.917542637182209520e-01
9.916918593164326667e-01
9.916423203064721470e-01
9.916058087539488808e-01
9.915824249647493538e-01
9.915722087281667596e-01
9.915751407516246729e-01
9.915911442884834948e-01
9.916200869582172395e-01
9.916617827562386189e-01
9.917159942487929758e-01
9.917824349465873546e-01
9.918607718491335712e-01
9.919506281501271339e-01
9.920515860925394058e-01
9.921631899604774762e-01
9.922849491932671517e-01
9.924163416056890341e-01
9.925568166968785633e-01
9.927057990291517919e-01
9.928626916569854854e-01
9.930268795856191932e-01
9.931977332382903034e-01
9.933746119109907458e-01
9.935568671938481700e-01
9.937438463387714416e-01
9.939348955538358510e-01
9.941293632059690077e-01
9.943266029147813656e-01
9.945259765218131820e-01
9.947268569209759548e-01
9.949286307375099225e-01
9.951307008443083246e-01
9.953324887059522563e-01
9.955334365422304765e-01
9.957330093042928709e-01
9.959306964579004440e-01
9.961260135695113593e-01
9.963185036921982096e-01
9.965077385496514673e-01
9.966933195178004912e-01
9.968748784049101808e-01
9.970520780323682830e-01
9.972246126197984450e-01
9.973922079795742857e-01
9.975546215272749206e-01
9.977116421160578952e-01
9.978630897043108128e-01
9.980088148672077164e-01
9.981486981639052791e-01
9.982826493729972661e-01
9.984106066094573517e-01
9.985325353365891443e-01
9.986484272864348810e-01
9.987582993016513866e-01
9.988621921110454327e-01
9.989601690497994513e-01
9.990523147339598342e-01
9.991387336970977140e-01
9.992195489952714338e-01
9.992949007846627651e-01
9.993649448746434460e-01
9.994298512577091120e-01
9.994898026167968741e-01
9.995449928101168835e-01
9.995956253338152964e-01
9.996419117636118346e-01
9.996840701779715621e-01
9.997223235673315944e-01
9.997568982362787793e-01
9.997880222082051738e-01
