0.016749
0.016749
0.016749
0.016749
0.016749
0.016749
0.016749
0.016749
0.016749
0.016749
0.016749
0.016749
0.016749
0.016749
0.016749
0.016749
0.016749
0.016749
0.016749
0.016749
0.016749
0.016749
0.016749
0.017953
0.025664
0.037817
0.057963
0.083296
0.11422
0.15004
0.18281
0.22222
0.25652
0.28525
0.32076
0.34165
0.36851
0.38344
0.39278
0.3938
0.39041
0.37885
0.36272
0.33608
0.30271
0.26102
0.21643
0.16476
0.10964
0.051758
-0.0077902
-0.068862
-0.12878
-0.1868
-0.24328
-0.29272
-0.34048
-0.37969
-0.41208
-0.43275
-0.4487
-0.45512
-0.45781
-0.44738
-0.43119
-0.39948
-0.37498
-0.33286
-0.29574
-0.25231
-0.20169
-0.15923
-0.11235
-0.07148
-0.038035
-0.011237
0.0049145
0.015152
0.016749
0.016749
0.016749
0.016749
0.016749
0.016749
0.016749
0.016749
0.016749
0.016749
0.016749
0.016749
0.016749
0.016749
0.016749
0.016749
0.016749
0.016749
0.016749
0.016749
0.016749
0.016749
