0.068513
0.068513
0.068513
0.068513
0.068513
0.068513
0.068513
0.068513
0.068513
0.068513
0.068513
0.068513
0.068513
0.068513
0.068513
0.068513
0.068513
0.068513
0.068513
0.068513
0.068513
0.068513
0.068513
0.070932
0.086424
0.11084
0.15131
0.20207
0.26405
0.33561
0.4008
0.47897
0.54658
0.60254
0.6714
0.71073
0.76106
0.78701
0.80114
0.79755
0.78441
0.75391
0.71367
0.65169
0.57568
0.4828
0.38352
0.27087
0.14975
0.024263
-0.10214
-0.23474
-0.36212
-0.48372
-0.60287
-0.70487
-0.80318
-0.88188
-0.94539
-0.98282
-1.0099
-1.0165
-1.0155
-0.98592
-0.94438
-0.86886
-0.81068
-0.71378
-0.62881
-0.53071
-0.41715
-0.32226
-0.21789
-0.12722
-0.052947
0.0064083
0.042231
0.064962
0.068513
0.068513
0.068513
0.068513
0.068513
0.068513
0.068513
0.068513
0.068513
0.068513
0.068513
0.068513
0.068513
0.068513
0.068513
0.068513
0.068513
0.068513
0.068513
0.068513
0.068513
0.068513
