9.997975859515639829e-01
9.997681228847243862e-01
9.997354443886239395e-01
9.996993457868289523e-01
9.996596247167648386e-01
9.996160824262884104e-01
9.995685250180669223e-01
9.995167646311294840e-01
9.994606205525534692e-01
9.993999202556869133e-01
9.993345003643809843e-01
9.992642075452893291e-01
9.991888993322780577e-01
9.991084448883451596e-01
9.990227257111662373e-01
9.989316362885204414e-01
9.988350847094841223e-01
9.987329932365103247e-01
9.986252988424744181e-01
9.985119537155640046e-01
9.983929257336491281e-01
9.982681989085916419e-01
9.981377737999063138e-01
9.980016678963491428e-01
9.978599159634036209e-01
9.977125703542842894e-01
9.975597012819784615e-01
9.974013970499814308e-01
9.972377642397203257e-01
9.970689278531736921e-01
9.968950314098352639e-01
9.967162369978933567e-01
9.965327252802733682e-01
9.963446954569524783e-01
9.961523651856803996e-01
9.959559704638745181e-01
9.957557654749626952e-01
9.955520224027847309e-01
9.953450312178026005e-01
9.951350994387714310e-01
9.949225518731747986e-01
9.947077303391039793e-01
9.944909933703602878e-01
9.942727159053836861e-01
9.940532889591791044e-01
9.938331192757422494e-01
9.936126289566326042e-01
9.933922550593429213e-01
9.931724491570305124e-01
9.929536768490894172e-01
9.927364172100106021e-01
9.925211621620868563e-01
9.923084157558466067e-01
9.920986933407177633e-01
9.918925206073860856e-01
9.916904324826938399e-01
9.914929718577421003e-01
9.913006881301492657e-01
9.911141355421876353e-01
9.909338712977371344e-01
9.907604534426601717e-01
9.905944384952475312e-01
9.904363788157760640e-01
9.902868197068989131e-01
9.901462962394970146e-01
9.900153298017195791e-01
9.898944243721806702e-01
9.897840625216428601e-01
9.896847011509739556e-01
9.895967669767148367e-01
9.895206517792248802e-01
9.894567074320720357e-01
9.894052407350876210e-01
9.893665080772678921e-01
9.893407099594200282e-01
9.893279854100259785e-01
9.893284063311266197e-01
9.893419718139622177e-01
9.893686024664944956e-01
9.894081347966152684e-01
9.894603156956528478e-01
9.895247970665841386e-01
9.896011306400400720e-01
9.896887630186819163e-01
9.897870309868258554e-01
9.898951571173471020e-01
9.900122457020066324e-01
9.901372790245942523e-01
9.902691139888634142e-01
9.904064791054213446e-01
9.905479718337851791e-01
9.906920562680108233e-01
9.908370611469209388e-01
9.909811781632320571e-01
9.911224605400484888e-01
9.912588218383904248e-01
9.913880349558147342e-01
9.915077312738082016e-01
9.916153999105471462e-01
9.917083870357901176e-01
9.917838952060727964e-01
9.918389826809361765e-01
9.918705626845570889e-01
9.918754025817896336e-01
9.918501229431713195e-01
9.917911964798463709e-01
9.916949468365461318e-01
9.915575472387229139e-01
9.913750189986406669e-01
9.911432298947063790e-01
9.908578924485962336e-01
9.905145621358365515e-01
9.901086355774539882e-01
9.896353487731452958e-01
9.890897754500879158e-01
9.884668256159706567e-01
9.877612444199120878e-01
9.869676114404642986e-01
9.860803405355575979e-01
9.850936804046714901e-01
9.840017160282554798e-01
9.827983711629492136e-01
9.814774120829204973e-01
9.800324527670513097e-01
9.784569617382021800e-01
9.767442707638420707e-01
9.748875856264880291e-01
9.728799991673006131e-01
9.707145067965906593e-01
9.683840246507902094e-01
9.658814105566626562e-01
9.631994879403092957e-01
9.603310727911426037e-01
9.572690037598001744e-01
9.540061754343980294e-01
9.505355748020494211e-01
9.468503208627170320e-01
9.429437073207460607e-01
9.388092482363517011e-01
9.344407264754225340e-01
9.298322447517367584e-01
9.249782790115571585e-01
9.198737338670470720e-01
9.145139997425237866e-01
9.088950113567189071e-01
9.030133071254796695e-01
8.968660890332419422e-01
8.904512824887106381e-01
8.837675956510816500e-01
8.768145776884219700e-01
8.695926754101143130e-01
8.621032877011256534e-01
8.543488171778926832e-01
8.463327184842476258e-01
8.380595426515600188e-01
8.295349769603748147e-01
8.207658797615299262e-01
8.117603097430482473e-01
8.025275491648782289e-01
7.930781206264670979e-01
7.834237969816567615e-01
7.735776040707549317e-01
7.635538159999002428e-01
7.533679427619359714e-01
7.430367100596859675e-01
7.325780312604317501e-01
7.220109714782403376e-01
7.113557038471484129e-01
7.006334581119546545e-01
6.898664617233032370e-01
6.790778736790841208e-01
6.682917114042368212e-01
6.575327710055138830e-01
6.468265412765854538e-01
6.361991118622869479e-01
6.256770760193010039e-01
6.152874284348867073e-01
6.050574585862393828e-01
5.950146401416696040e-01
5.851865169220280549e-01
5.756005859575391570e-01
5.662841781922887119e-01
5.572643374065971988e-01
5.485676979467863923e-01
5.402203618724983336e-01
5.322477761535719942e-01
5.246746105710484720e-01
5.175246369994388473e-01
5.108206107690158593e-01
5.045841548264488052e-01
4.988356474284161290e-01
4.935941141145868682e-01
4.888771247124072961e-01
4.847006961252743329e-01
4.810792016470186727e-01
4.780252875283449443e-01
4.755497974945381845e-01
4.736617058780616674e-01
4.723680599847315253e-01
4.716739322582378380e-01
4.715823827454959094e-01
4.720944322954117034e-01
4.732090468470815381e-01
4.749231330813168395e-01
4.772315456227727015e-01
4.801271058900944411e-01
4.836006325994164357e-01
4.876409838333803926e-01
4.922351104945194011e-01
4.973681208692691813e-01
5.030233559377405017e-01
5.091824749754414459e-01
5.158255509069016309e-01
5.229311747882195993e-01
5.304765687164151311e-01
5.384377063886811587e-01
5.467894404647712925e-01
5.555056358214873757e-01
5.645593077302323293e-01
5.739227639377775247e-01
5.835677495875057907e-01
5.934655938845148082e-01
6.035873573839496409e-01
6.139039787687898819e-01
6.243864199818598415e-01
6.350058085878559355e-01
6.457335762652086641e-01
6.565415923650046448e-01
6.674022915250338306e-01
6.782887943910722583e-01
6.891750205742437352e-01
7.000357930617894242e-01
7.108469333977220916e-01
7.215853470580710916e-01
7.322290985610628855e-01
7.427574759736862431e-01
7.531510446005225123e-01
7.633916897663386436e-01
7.734626487285048979e-01
7.833485318766132410e-01
7.930353334926750764e-01
8.025104324539926726e-01
8.117625833604813490e-01
8.207818986573597320e-01
8.295598224014467670e-01
8.380890963838496521e-01
8.463637193729283137e-01
8.543789002787017806e-01
8.621310060632978445e-01
8.696175052318466658e-01
8.768369077349360552e-01
8.837887020981476383e-01
8.904732905673113930e-01
8.968919230211388482e-01
9.030466303572219910e-01
9.089401580044706996e-01
9.145759001564894852e-01
9.199578352577226781e-01
9.250904632090020119e-01
9.299787446929115298e-01
9.346280429535326340e-01
9.390440683009372291e-01
9.432328255493441782e-01
9.472005645401013751e-01
9.509537338473346146e-01
9.544989377157687693e-01
9.578428962372407263e-01
9.609924087349692723e-01
9.639543202927337573e-01
9.667354913396180027e-01
9.693427701796288876e-01
9.717829683389573869e-01
9.740628385914628096e-01
9.761890555146529591e-01
9.781681984234879002e-01
9.800067365272309150e-01
9.817110161548063818e-01
9.832872498962323959e-01
9.847415075112418981e-01
9.860797084608321494e-01
9.873076159228733051e-01
9.884308321588252122e-01
9.894547951048755507e-01
9.903847760672944700e-01
9.912258784084273522e-01
9.919830371164678473e-01
9.926610191589485543e-01
9.932644245267380212e-01
9.937976878822217808e-01
9.942650807322342965e-01
9.946707140531426683e-01
9.950185413021833680e-01
9.953123617556095537e-01
9.955558241203139591e-01
9.957524303712035341e-01
9.959055397716212177e-01
9.960183730384059020e-01
9.960940166167061571e-01
9.961354270323611315e-01
9.961454352915685151e-01
9.961267512987252992e-01
9.960819682638816230e-01
9.960135670713454736e-01
9.959239205808142481e-01
9.958152978322004634e-01
9.956898681252778216e-01
9.955497049456130121e-01
9.953967897091277051e-01
9.952330152992087120e-01
9.950601893726140901e-01
9.948800374135510216e-01
9.946942055191906329e-01
9.945042629044504867e-01
9.943117041189882821e-01
9.941179509748467868e-01
9.939243541888691524e-01
9.937321947496758900e-01
9.935426850244448715e-01
9.933569696257891213e-01
9.931761260634999200e-01
9.930011652096965014e-01
9.928330316088782581e-01
9.926726036664654806e-01
9.925206937505952620e-01
9.923780482422444038e-01
9.922453475682040391e-01
9.921232062501358362e-01
9.920121730009664462e-01
9.919127308973765267e-01
9.918252976542178967e-01
9.917502260234973832e-01
9.916878043372172602e-01
9.916382572099893267e-01
9.916017464140310933e-01
9.915783719360090620e-01
9.915681732222461076e-01
9.915711306161157923e-01
9.915871669889919637e-01
9.916161495639012058e-01
9.916578919290119920e-01
9.917121562362283260e-01
9.917786555784188218e-01
9.918570565371318537e-01
9.919469818910165992e-01
9.920480134735514266e-01
9.921596951670830222e-01
9.922815360186144629e-01
9.924130134612758614e-01
9.925535766240225488e-01
9.927026497108687453e-01
9.928596354299504823e-01
9.930239184519553675e-01
9.931948688770050326e-01
9.933718456889498727e-01
9.935542001762436293e-01
9.937412792990932831e-01
9.939324289834032822e-01
9.941269973231064982e-01
9.943243376737445072e-01
9.945238116215767699e-01
9.947247918139938694e-01
9.949266646385470647e-01
9.951288327394286481e-01
9.953307173617275128e-01
9.955317605152176341e-01
9.957314269508067417e-01
9.959292059440937317e-01
9.961246128817633494e-01
9.963171906478047735e-01
9.965065108078049461e-01
9.966921745908543517e-01
9.968738136699198948e-01
9.970510907429154246e-01
9.972236999181058881e-01
9.973913669089329304e-01
9.975538490448035978e-01
9.977109351058243147e-01
9.978624449908349847e-01
9.980082292293663837e-01
9.981481683492376966e-01
9.982821721123995573e-01
9.984101786322235883e-01
9.985321533857336451e-01
9.986480881341963656e-01
9.987579997650497532e-01
9.988619290673308448e-01
9.989599394516025521e-01
9.990521156239328127e-01
9.991385622218162954e-01
9.992194024181610956e-01
9.992947764977128111e-01
9.993648404086875603e-01
9.994297642910674462e-01
9.994897309821139109e-01
9.995449344992625162e-01
9.995955785007711869e-01
9.996418747253120740e-01
9.996840414131249464e-01
9.997223017133068934e-01
9.997568820841851167e-01
9.997880106963477065e-01
