9.997977236515668276e-01
9.997682808321594061e-01
9.997356247205851920e-01
9.996995507406702952e-01
9.996598566190059154e-01
9.996163436798202184e-01
9.995688180878293805e-01
9.995170920284661698e-01
9.994609848184876633e-01
9.994003239433846275e-01
9.993349460210836366e-01
9.992646976940066095e-01
9.991894364535319761e-01
9.991090314022428309e-01
9.990233639600646365e-01
9.989323285205181646e-01
9.988358330629431014e-01
9.987337997257780264e-01
9.986261653449325371e-01
9.985128819600909145e-01
9.983939172905423876e-01
9.982692551809517756e-01
9.981388960164496726e-01
9.980028571055777897e-01
9.978611730290317672e-01
9.977138959517924954e-01
9.975610958961468322e-01
9.974028609732354944e-01
9.972392975711172891e-01
9.970705304978471073e-01
9.968967030787219130e-01
9.967179772075709376e-01
9.965345333527485527e-01
9.963465705192551258e-01
9.961543061691396916e-01
9.959579761029745404e-01
9.957578343056995296e-01
9.955541527604756524e-01
9.953472212343223990e-01
9.951373470392192999e-01
9.949248547720019875e-01
9.947100860357548369e-01
9.944933991445025212e-01
9.942751688118233178e-01
9.940557858225683718e-01
9.938356566852030172e-01
9.936152032604269602e-01
9.933948623597231853e-01
9.931750853054067685e-01
9.929563374416489063e-01
9.927390975839184284e-01
9.925238573923937935e-01
9.923111206532214679e-01
9.921014024501141337e-01
9.918952282077475591e-01
9.916931325877946790e-01
9.914956582182560263e-01
9.913033542370407458e-01
9.911167746315164839e-01
9.909364763569776802e-01
9.907630172186414619e-01
9.905969535038340323e-01
9.904388373534241952e-01
9.902892138642401809e-01
9.901486179171153923e-01
9.900175707283073168e-01
9.898965761252690454e-01
9.897861165511092629e-01
9.896866488055273692e-01
9.895985995335488949e-01
9.895223604770058135e-01
9.894582835073895133e-01
9.894066754624490923e-01
9.893677928126468624e-01
9.893418361872925448e-01
9.893289447937336778e-01
9.893291907663027684e-01
9.893425734846413855e-01
9.893690139034096998e-01
9.894083489370633089e-01
9.894603259441895338e-01
9.895245973556986430e-01
9.896007154898512903e-01
9.896881275946164402e-01
9.897861711541673380e-01
9.898940694915064897e-01
9.900109276933520830e-01
9.901357288767022036e-01
9.902673308091143323e-01
9.904044628869658196e-01
9.905457234680502543e-01
9.906895775471022958e-01
9.908343547555009678e-01
9.909782476597140954e-01
9.911193103272363247e-01
9.912554571240006496e-01
9.913844617036380313e-01
9.915039561465860407e-01
9.916114302059425567e-01
9.917042306171134358e-01
9.917795604296626433e-01
9.918344783222908800e-01
9.918658978654469882e-01
9.918705867006519794e-01
9.918451656110920389e-01
9.917861074643670172e-01
9.916897360153986707e-01
9.915522245653979327e-01
9.913695944814402417e-01
9.911377135906338509e-01
9.908522944731016358e-01
9.905088926890758261e-01
9.901029049873570909e-01
9.896295675552190252e-01
9.890839543835298064e-01
9.884609758353402054e-01
9.877553775213111509e-01
9.869617396009146004e-01
9.860744766440497910e-01
9.850878382031788005e-01
9.839959102608712982e-01
9.827926177312072964e-01
9.814717282052877190e-01
9.800268571405396090e-01
9.784514747000200297e-01
9.767389144509864840e-01
9.748823841311625715e-01
9.728749786860274584e-01
9.707096957708521989e-01
9.683794538970018628e-01
9.658771133832300126e-01
9.631955002494672069e-01
9.603274331632251082e-01
9.572657535175396193e-01
9.540033586848293279e-01
9.505332384535893908e-01
9.468485146150298348e-01
9.429424836250871467e-01
9.388086622242204360e-01
9.344408358535488679e-01
9.298331096616870850e-01
9.249799618525564870e-01
9.198762990809938866e-01
9.145175135605905226e-01
9.088995415074034856e-01
9.030189225044624735e-01
8.968728593359230894e-01
8.904592778068290970e-01
8.837768860353375500e-01
8.768252326795409335e-01
8.696047635412763599e-01
8.621168759751529631e-01
8.543639705230011705e-01
8.463494991925648581e-01
8.380780098049361859e-01
8.295551858483027896e-01
8.207878812962179360e-01
8.117841498768558761e-01
8.025532683154321667e-01
7.931057531148142381e-01
7.834533704887778338e-01
7.736091391176587173e-01
7.635873254563381174e-01
7.534034313885222822e-01
7.430741740878701318e-01
7.326174580143682835e-01
7.220523390421211829e-01
7.113989807810245924e-01
7.006786032184848523e-01
6.899134238672448571e-01
6.791265916606961106e-01
6.683421138871292744e-01
6.575847764988622668e-01
6.468800581710795194e-01
6.362540385186929992e-01
6.257333009081573749e-01
6.153448303255903973e-01
6.051159067836873184e-01
5.950739947686707332e-01
5.852466292459104213e-01
5.756612987597442554e-01
5.663453261802499084e-01
5.573257476678074029e-01
5.486291904456600532e-01
5.402817499913425969e-01
5.323088672796880694e-01
5.247352067325955494e-01
5.175845355531807357e-01
5.108796051433562857e-01
5.046420353232000666e-01
4.988922020864985374e-01
4.936491296382918836e-01
4.889303874659428617e-01
4.847519931940824645e-01
4.811283219647802811e-01
4.780720230667526716e-01
4.755939445108329222e-01
4.737030662130998770e-01
4.724064424020201214e-01
4.717091538120553595e-01
4.716142701640215762e-01
4.721228233627342563e-01
4.732337917662549076e-01
4.749440957992315804e-01
4.772486050967077453e-01
4.801401572753566382e-01
4.836095883375659543e-01
4.876457746211757538e-01
4.922356861148936558e-01
4.973644508673320530e-01
5.030154301269817996e-01
5.091703037618970917e-01
5.158091654219838507e-01
5.229106268241177080e-01
5.304519304613575237e-01
5.384090699628072407e-01
5.467569172608317540e-01
5.554693556579248792e-01
5.645194178273924557e-01
5.738794277308826297e-01
5.835211453926368863e-01
5.934159134360281751e-01
6.035348042635744203e-01
6.138487667479628485e-01
6.243287712997759309e-01
6.349459521881141155e-01
6.456717460139276277e-01
6.564780252728432686e-01
6.673372259947045748e-01
6.782224685107545170e-01
6.891076704757952420e-01
6.999676513608990014e-01
7.107782277311691654e-01
7.215162987311229958e-01
7.321599213158095365e-01
7.426883748868069457e-01
7.530822151166776113e-01
7.633233168711033301e-01
7.733949062625646853e-01
7.832815819908454102e-01
7.929693262417966126e-01
8.024455055246626500e-01
8.116988619281533257e-01
8.207194953647788394e-01
8.294988374505037898e-01
8.380296177315446071e-01
8.463058230214390854e-01
8.543226506490388950e-01
8.620764564416958375e-01
8.695646982779245970e-01
8.767858760407163388e-01
8.837394687872551780e-01
8.904258699240410468e-01
8.968463211395902857e-01
9.030028458013023007e-01
9.088981824702703216e-01
9.145357191292967647e-01
9.199194286567602408e-01
9.250538060138115970e-01
9.299438075461790021e-01
9.345947927360088725e-01
9.390124686749589111e-01
9.432028374682900340e-01
9.471721467219120782e-01
9.509268432109725389e-01
9.544735297801876239e-01
9.578189254830729027e-01
9.609698289296995100e-01
9.639330847806191205e-01
9.667155532980262755e-01
9.693240828437961198e-01
9.717654851974110164e-01
9.740465135545196551e-01
9.761738430584885329e-01
9.781540537122797030e-01
9.799936155158255335e-01
9.816988756742432987e-01
9.832760477242958874e-01
9.847312024300145517e-01
9.860702603029992686e-01
9.872989856082937665e-01
9.884229817226454218e-01
9.894476877182343255e-01
9.903783760514558443e-01
9.912201512429887895e-01
9.919779494421321342e-01
9.926565387752205316e-01
9.932605203848127173e-01
9.937943300732674512e-01
9.942622404712438966e-01
9.946683636585234023e-01
9.950166541712713864e-01
9.953109123363381716e-01
9.955547878793093997e-01
9.957517837586465914e-01
9.959052601832697471e-01
9.960184387752339941e-01
9.960944068426664799e-01
9.961361217308193350e-01
9.961464152209852374e-01
9.961279979481764135e-01
9.960834638090021453e-01
9.960152943312670093e-01
9.959258629766313264e-01
9.958174393474565900e-01
9.956921932689080101e-01
9.955521987177157195e-01
9.953994375698758112e-01
9.952358031411387973e-01
9.950631034964692034e-01
9.948830645077884061e-01
9.946973326432053675e-01
9.945074774755123803e-01
9.943149939028379514e-01
9.941213040798486666e-01
9.939277590635744453e-01
9.937356401836027198e-01
9.935461601518417174e-01
9.933604639320993135e-01
9.931796293942046772e-01
9.930046677811663614e-01
9.928365240208267828e-01
9.926760769155564823e-01
9.925241392447320399e-01
9.923814578150436105e-01
9.922487134931561314e-01
9.921265212539547296e-01
9.920154302756588605e-01
9.919159241105983682e-01
9.918284209575387589e-01
9.917532740582620798e-01
9.916907722377722445e-01
9.916411406041247822e-01
9.916045414205800768e-01
9.915810751596288997e-01
9.915707817454897377e-01
9.915736419889713549e-01
9.915895792161273370e-01
9.916184610898963747e-01
9.916601016218867803e-01
9.917142633695911202e-01
9.917806598125555873e-01
9.918589578993415312e-01
9.919487807554737691e-01
9.920497105409425975e-01
9.921612914442257125e-01
9.922830327982260501e-01
9.924144123020216535e-01
9.925548793309334483e-01
9.927038583161875707e-01
9.928607521744383657e-01
9.930249457666694424e-01
9.931958093655434139e-01
9.933727021101512733e-01
9.935549754273259593e-01
9.937419763992146882e-01
9.939330510576339650e-01
9.941275475868032174e-01
9.943248194173278653e-01
9.945242281957145103e-01
9.947251466152005062e-01
9.949269610952123921e-01
9.951290742982888959e-01
9.953309074747943574e-01
9.955319026271741700e-01
9.957315244868798487e-01
9.959292622984057264e-01
9.961246314061592555e-01
9.963171746411495500e-01
9.965064635057391262e-01
9.966920991559941045e-01
9.968737131824882969e-01
9.970509681917923972e-01
9.972235581922901382e-01
9.973912087894150069e-01
9.975536771968603889e-01
9.977107520717549694e-01
9.978622531831740083e-01
9.980080309246185388e-01
9.981479656821987678e-01
9.982819670711332583e-01
9.984099730537788764e-01
9.985319489526911507e-01
9.986478863721369725e-01
9.987578020410368129e-01
9.988617365894889577e-01
9.989597532698675231e-01
9.990519366320287364e-01
9.991383911604936330e-01
9.992192398797071773e-01
9.992946229317154483e-01
9.993646961290031383e-01
9.994296294839145611e-01
9.994896057151824165e-01
9.995448187317015343e-01
9.995954720938936555e-01
9.996417774538350898e-01
9.996839529767496124e-01
9.997222217484355022e-01
9.997568101755699432e-01
9.997879463884741247e-01
