9.997977048107560272e-01
9.997682589616155857e-01
9.997355994600926055e-01
9.996995217077728757e-01
9.996598234104504543e-01
9.996163058733692486e-01
9.995687752444251117e-01
9.995170436947203862e-01
9.994609305294605006e-01
9.994002632256097085e-01
9.993348783957904935e-01
9.992646226804865472e-01
9.991893535725897557e-01
9.991089401796774405e-01
9.990232639301208639e-01
9.989322192292557911e-01
9.988357140714729798e-01
9.987336706133196351e-01
9.986260257116567063e-01
9.985127314297166379e-01
9.983937555126654040e-01
9.982690818330925975e-01
9.981387108058148439e-01
9.980026597705383695e-01
9.978609633403294765e-01
9.977136737134904010e-01
9.975608609463485488e-01
9.974026131846018828e-01
9.972390368512105141e-01
9.970702567893394708e-01
9.968964163595027683e-01
9.967176774907902104e-01
9.965342206868303965e-01
9.963462449879162408e-01
9.961539678914431706e-01
9.959576252334445545e-01
9.957574710345218350e-01
9.955537773137986823e-01
9.953468338746737087e-01
9.951369480660426925e-01
9.949244445223167643e-01
9.947096648849335088e-01
9.944929675071577657e-01
9.942747271427903044e-01
9.940553346179646921e-01
9.938351964835466790e-01
9.936147346437883554e-01
9.933943859548859390e-01
9.931746017850138220e-01
9.929558475253051908e-01
9.927386020392281463e-01
9.925233570359049962e-01
9.923106163512578348e-01
9.921008951194707493e-01
9.918947188162328121e-01
9.916926221545998565e-01
9.914951478141375008e-01
9.913028449842982148e-01
9.911162677037540503e-01
9.909359729786327842e-01
9.907625186642647908e-01
9.905964610971047524e-01
9.904383524658779692e-01
9.902887379136862123e-01
9.901481523657156281e-01
9.900171170802825049e-01
9.898961359241954527e-01
9.897856913767643094e-01
9.896862402702385486e-01
9.895982092780001294e-01
9.895219901654530581e-01
9.894579348222439785e-01
9.894063500981867820e-01
9.893674924690155636e-01
9.893415625617960618e-01
9.893286995733902023e-01
9.893289756186887107e-01
9.893423900482550826e-01
9.893688637774110672e-01
9.894082336704693725e-01
9.894602470246313120e-01
9.895245561978708304e-01
9.896007134238128389e-01
9.896881658541204496e-01
9.897862508652238711e-01
9.898941916613973602e-01
9.900110932003318709e-01
9.901359384606243097e-01
9.902675850632258747e-01
9.904047622511055193e-01
9.905460682234683567e-01
9.906899678130992593e-01
9.908347904880471235e-01
9.909787286521707372e-01
9.911198362132477291e-01
9.912560273825715695e-01
9.913850756663449282e-01
9.915046130068071450e-01
9.916121290299224622e-01
9.917049703566125363e-01
9.917803399358797733e-01
9.918352963606922312e-01
9.918667531310890739e-01
9.918714778335506743e-01
9.918460912111695116e-01
9.917870661055001591e-01
9.916907262581006188e-01
9.915532449676843774e-01
9.913706436074697370e-01
9.911387900167569764e-01
9.908533967910111429e-01
9.905100195058177404e-01
9.901040549220306852e-01
9.896307392322696295e-01
9.890851464226108058e-01
9.884621868377927445e-01
9.877566060533751191e-01
9.869629841738486453e-01
9.860757356913850691e-01
9.850891100553815782e-01
9.839971931177200481e-01
9.827939096322182433e-01
9.814730269985442179e-01
9.800281604502888433e-01
9.784527798934111731e-01
9.767402186043280254e-01
9.748836839960784983e-01
9.728762706558951034e-01
9.707109758479103290e-01
9.683807176605242484e-01
9.658783559591700429e-01
9.631967162819959904e-01
9.603286167885989322e-01
9.572668983407568444e-01
9.540044577595483410e-01
9.505342842658027758e-01
9.468494990709969139e-01
9.429433980440338203e-01
9.388094973363101392e-01
9.344415818036153620e-01
9.298337560191884954e-01
9.249804976281744695e-01
9.198767127502439633e-01
9.145177930947470113e-01
9.088996744119631765e-01
9.030188958652844988e-01
8.968726598730915045e-01
8.904588919361778876e-01
8.837762999374829676e-01
8.768244323761540393e-01
8.696037349782332893e-01
8.621156051120940633e-01
8.543624434287387936e-01
8.463477021456888849e-01
8.380759293988832015e-01
8.295528091000805571e-01
8.207851957579126445e-01
8.117811437489892423e-01
8.025499305611948353e-01
7.931020735741620697e-01
7.834493399913616818e-01
7.736047495935418628e-01
7.635825700434654140e-01
7.533983045359220476e-01
7.430686716536065717e-01
7.326115773573145251e-01
7.220460791066838357e-01
7.113923421740478981e-01
7.006715882776455295e-01
6.899060367203695421e-01
6.791188382755544151e-01
6.683340021113763907e-01
6.575763160899508186e-01
6.468712608160751554e-01
6.362449178440552355e-01
6.257238724796579943e-01
6.153351116386260866e-01
6.051059172443038481e-01
5.950637556656581673e-01
5.852361637143166373e-01
5.756506317361287373e-01
5.663344843499245052e-01
5.573147594042133779e-01
5.486180857418869738e-01
5.402705603836575055e-01
5.322976257627682894e-01
5.247239476659938395e-01
5.175732945584008426e-01
5.108684189907777284e-01
5.046309418079963915e-01
4.988812398926595337e-01
4.936383381898497014e-01
4.889198067646057799e-01
4.847416636426100656e-01
4.811182841756838080e-01
4.780623176561811238e-01
4.755846118778884746e-01
4.736941463052370960e-01
4.723979744676527481e-01
4.717011761419936944e-01
4.716068198238454467e-01
4.721159359187236948e-01
4.732275010079297628e-01
4.749384334619839443e-01
4.772436005883272658e-01
4.801358374105159088e-01
4.836059770844725048e-01
4.876428928646583394e-01
4.922335514401033896e-01
4.973630773680737249e-01
5.030148282423905215e-01
5.091704801447753947e-01
5.158101228416427375e-01
5.229123641059779670e-01
5.304544424649519918e-01
5.384123475991530183e-01
5.467609475494353832e-01
5.554741218229897193e-01
5.645248994321033775e-01
5.738856008479850113e-01
5.835279828089154908e-01
5.934233848877512596e-01
6.035428766994654914e-01
6.138574046159051001e-01
6.243379368531083440e-01
6.349556058071854636e-01
6.456818465384495109e-01
6.564885303405305628e-01
6.673480923817665111e-01
6.782336524699225100e-01
6.891191280677704256e-01
6.999793387753956431e-01
7.107901015940321088e-01
7.215283163943833067e-01
7.321720411279430962e-01
7.427005564408879490e-01
7.530944194745693432e-01
7.633355067622750179e-01
7.734070462565654225e-01
7.832936386429113496e-01
7.929812682114729672e-01
8.024573036677153937e-01
8.117104893624090822e-01
8.207309275108516378e-01
8.295100520486576867e-01
8.380405948361830948e-01
8.463165449749208147e-01
8.543331020366770057e-01
8.620866240299166483e-01
8.695745709376411225e-01
8.767954446580096262e-01
8.837487261634577873e-01
8.904348106672874685e-01
8.968549415498356936e-01
9.030111437507273298e-01
9.089061572808765366e-01
9.145433714493749200e-01
9.199267603377661029e-01
9.250608199890398842e-01
9.299505077124563535e-01
9.346011838394716609e-01
9.390185562018107390e-01
9.432086275412713272e-01
9.471776460030514322e-01
9.509320588110352634e-01
9.544784691750880512e-01
9.578235964373766897e-01
9.609742394272147159e-01
9.639372429619621485e-01
9.667194674049414127e-01
9.693277611699270269e-01
9.717689360451488012e-01
9.740497451974998722e-01
9.761768637092711476e-01
9.781568714947271870e-01
9.799962384416861516e-01
9.817013116234576398e-01
9.832783044285646756e-01
9.847332874591961938e-01
9.860721810539473386e-01
9.873007492957870390e-01
9.884245953721125799e-01
9.894491581600245445e-01
9.903797099164522999e-01
9.912213549594078854e-01
9.919790292333904302e-01
9.926575006587837757e-01
9.932613701719691379e-01
9.937950733697875627e-01
9.942628826789017271e-01
9.946689099774597143e-01
9.950171096031816820e-01
9.953112816884620573e-01
9.955550757691915553e-01
9.957519946196247140e-01
9.959053982706354002e-01
9.960185081729956424e-01
9.960944114708314423e-01
9.961360653530996201e-01
9.961463014528216808e-01
9.961278302649677618e-01
9.960832455544244013e-01
9.960150287255638002e-01
9.959255531247628301e-01
9.958170882469976615e-01
9.956918038175968100e-01
9.955517737205640261e-01
9.953989797457633015e-01
9.952353151288299005e-01
9.950625878600007912e-01
9.948825237411922373e-01
9.946967691745399742e-01
9.945068936701900730e-01
9.943143920662445012e-01
9.941206864592598835e-01
9.939271278493843065e-01
9.937349975098855870e-01
9.935455080962778407e-01
9.933598045153030354e-01
9.931789645785009668e-01
9.930039994688740768e-01
9.928358540521105002e-01
9.926754070659251639e-01
9.925234712222645861e-01
9.923807932574346680e-01
9.922480539646765241e-01
9.921258682424278774e-01
9.920147851895534385e-01
9.919152882763337953e-01
9.918277956170949983e-01
9.917526603671760199e-01
9.916901712635866062e-01
9.916405533253443982e-01
9.916039687261701818e-01
9.915805178490717520e-01
9.915702405293997934e-01
9.915731174902499001e-01
9.915890719716231594e-01
9.916179715525251792e-01
9.916596301631543930e-01
9.917138102824559764e-01
9.917802253145653335e-01
9.918585421359780163e-01
9.919483838036435852e-01
9.920493324125551071e-01
9.921609320898090445e-01
9.922826921105387665e-01
9.924140901196270015e-01
9.925545754417109956e-01
9.927035724607663481e-01
9.928604840495416362e-01
9.930246950283676544e-01
9.931955756324160056e-01
9.933724849663615464e-01
9.935547744256143510e-01
9.937417910638173257e-01
9.939328808871320531e-01
9.941273920569090317e-01
9.943246779836101279e-01
9.945241002962661447e-01
9.947250316732492159e-01
9.949268585216726191e-01
9.951289834942546042e-01
9.953308278339688675e-01
9.955318335382362660e-01
9.957314653357834944e-01
9.959292124706110583e-01
9.961245902887969628e-01
9.963171416251166423e-01
9.965064379877301981e-01
9.966920805404688721e-01
9.968737008835804048e-01
9.970509616351614923e-01
9.972235568169205422e-01
9.973912120493628741e-01
9.975536845629491278e-01
9.977107630332170407e-01
9.978622672492337697e-01
9.980080476260080324e-01
9.981479845725961253e-01
9.982819877285065147e-01
9.984099950816203162e-01
9.985319719811197592e-01
9.986479100588475655e-01
9.987578260720724188e-01
9.988617606798136928e-01
9.989597771637175327e-01
9.990519601030223296e-01
9.991384140114855095e-01
9.992192619423748701e-01
9.992946440658750928e-01
9.993647162216545698e-01
9.994296484480263976e-01
9.994896234882323371e-01
9.995448352739958464e-01
9.995954873866951251e-01
9.996417914973354524e-01
9.996839657879259544e-01
9.997222333588329235e-01
9.997568206290570192e-01
9.997879557390125793e-01
