9.997974638642234124e-01
9.997679839102969757e-01
9.997352869105191608e-01
9.996991681344518099e-01
9.996594251756322214e-01
9.996158592490894668e-01
9.995682764364947070e-01
9.995164888682914750e-01
9.994603158357602268e-01
9.993995848294096040e-01
9.993341325031724898e-01
9.992638055664698760e-01
9.991884616082011839e-01
9.991079698580769275e-01
9.990222118914344751e-01
9.989310822838175508e-01
9.988344892212321913e-01
9.987323550712303710e-01
9.986246169189276767e-01
9.985112270708632609e-01
9.983921535283648563e-01
9.982673804309001309e-01
9.981369084688499482e-01
9.980007552642968793e-01
9.978589557178119129e-01
9.977115623188715920e-01
9.975586454174301121e-01
9.974002934543073629e-01
9.972366131483842988e-01
9.970677296391113886e-01
9.968937865834672785e-01
9.967149462072333321e-01
9.965313893112155430e-01
9.963433152338083687e-01
9.961509417720219028e-01
9.959545050637187424e-01
9.957542594343185005e-01
9.955504772115649770e-01
9.953434485120840058e-01
9.951334810033736211e-01
9.949208996445102482e-01
9.947060464082408959e-01
9.944892799862270483e-01
9.942709754780363340e-01
9.940515240630451999e-01
9.938313326527508096e-01
9.936108235191382088e-01
9.933904338927492805e-01
9.931706155220234589e-01
9.929518341833889483e-01
9.927345691295562657e-01
9.925193124615746543e-01
9.923065684085401461e-01
9.920968524974573821e-01
9.918906905947260100e-01
9.916886178000950958e-01
9.914911771737502377e-01
9.912989182774843977e-01
9.911123955116675210e-01
9.909321662309497070e-01
9.907587886232940289e-01
9.905928193389785807e-01
9.904348108586018551e-01
9.902853085918009723e-01
9.901448477013091720e-01
9.900139496500731662e-01
9.898931184724052423e-01
9.897828367735037602e-01
9.896835614651490198e-01
9.895957192489341914e-01
9.895197018620317531e-01
9.894558611042072460e-01
9.894045036685490402e-01
9.893658858021605607e-01
9.893402078267763411e-01
9.893276085528524000e-01
9.893281596240077747e-01
9.893418598316335855e-01
9.893686294418718719e-01
9.894083045788427677e-01
9.894606317087971670e-01
9.895252622696608658e-01
9.896017474890980159e-01
9.896895334316997417e-01
9.897879563121830815e-01
9.898962381066114258e-01
9.900134824877465656e-01
9.901386711038527855e-01
9.902706602128418245e-01
9.904081776757984734e-01
9.905498203059551754e-01
9.906940515613565923e-01
9.908391995620502435e-01
9.909834554059117062e-01
9.911248717513585493e-01
9.912613616304207786e-01
9.913906974520239057e-01
9.915105101529841924e-01
9.916182884531504760e-01
9.917113781713290388e-01
9.917869815600707240e-01
9.918421566199964179e-01
9.918738163580264056e-01
9.918787279585550287e-01
9.918535118422090457e-01
9.917946405932642762e-01
9.916984377440200005e-01
9.915610764124201948e-01
9.913785777979384761e-01
9.911468095502470321e-01
9.908614840354619258e-01
9.905181565358681661e-01
9.901122234309764902e-01
9.896389204205823242e-01
9.890933208641550234e-01
9.884703343253156138e-01
9.877647054252295389e-01
9.869710131242385165e-01
9.860836705666915503e-01
9.850969256393399265e-01
9.840048624083725937e-01
9.828014036136858422e-01
9.814803144107258071e-01
9.800352075596534540e-01
9.784595502680745183e-01
9.767466728966307521e-01
9.748897797359107331e-01
9.728819620580437810e-01
9.707162136367490923e-01
9.683854489154161138e-01
9.658825239840098664e-01
9.632002605023682884e-01
9.603314726800665779e-01
9.572689973918013795e-01
9.540057274726545522e-01
9.505346482000895936e-01
9.468488769296455887e-01
9.429417058095310722e-01
9.388066474562120067e-01
9.344374834291334642e-01
9.298283152984183619e-01
9.249736180552164955e-01
9.198682955708346043e-01
9.145077377683241693e-01
9.088878791293482085e-01
9.030052581204066620e-01
8.968570770863908415e-01
8.904412621265658245e-01
8.837565224389738461e-01
8.768024085945724799e-01
8.695793691827224947e-01
8.620888052555381043e-01
8.543331219906594720e-01
8.463157769906983763e-01
8.380413246433782160e-01
8.295154559795516747e-01
8.207450334870164399e-01
8.117381203664166822e-01
8.025040037513355706e-01
7.930532114576546165e-01
7.833975218768060023e-01
7.735499666829591670e-01
7.635248260844994528e-01
7.533376164143082976e-01
7.430050699200604347e-01
7.325451066837258551e-01
7.219767986673140125e-01
7.113203259483116270e-01
7.005969252719861373e-01
6.898288311076878898e-01
6.790392094515835808e-01
6.682520846682971083e-01
6.574922597083380227e-01
6.467852300769738605e-01
6.361570919635228805e-01
6.256344449684625442e-01
6.152442898899483925e-01
6.050139220522301464e-01
5.949708206769406260e-01
5.851425348153945771e-01
5.755565663766881723e-01
5.662402508034363180e-01
5.572206359649268803e-01
5.485243598567748347e-01
5.401775277168573419e-01
5.322055891892176760e-01
5.246332161903290991e-01
5.174841821548248344e-01
5.107812433595804169e-01
5.045460230448357564e-01
4.987988990675095158e-01
4.935588958338943399e-01
4.888435812651122925e-01
4.846689695480683735e-01
4.810494304161158086e-01
4.779976056864877476e-01
4.755243337552587102e-01
4.736385827149276473e-01
4.723473927147069373e-01
4.716558281295764044e-01
4.715669400416979684e-01
4.720817394676469769e-01
4.731991816881024882e-01
4.749161619541649726e-01
4.772275227575544232e-01
4.801260727617098212e-01
4.836026173983767329e-01
4.876460010407835943e-01
4.922431605708661451e-01
4.973791900651273190e-01
5.030374162323703047e-01
5.091994841474252187e-01
5.158454527385998301e-01
5.229538994036225796e-01
5.305020330496792447e-01
5.384658147784258109e-01
5.468200853671065786e-01
5.555386986327885968e-01
5.645946597089558372e-01
5.739602672130885708e-01
5.836072582412863419e-01
5.935069550923544046e-01
6.036304126001034165e-01
6.139485649397402600e-01
6.244323707730766726e-01
6.350529556086055294e-01
6.457817502767619899e-01
6.565906244583579188e-01
6.674520142552129442e-01
6.783390428562565688e-01
6.892256334292203857e-01
7.000866134566936516e-01
7.108978098344895802e-01
7.216361341585811884e-01
7.322796577425154663e-01
7.428076760282844582e-01
7.532007621780494322e-01
7.634408097596390164e-01
7.735110645632341519e-01
7.833961457078522095e-01
7.930820563121260269e-01
8.025561841124488893e-01
8.118072925111106120e-01
8.208255026260214970e-01
8.296022669908192926e-01
8.381303356185264564e-01
8.464037151929018066e-01
8.544176221887658240e-01
8.621684307458876706e-01
8.696536161307049095e-01
8.768716946167621762e-01
8.838221605990626006e-01
8.905054217305660158e-01
8.969227328320292791e-01
9.030761292806595009e-01
9.089683605300997726e-01
9.146028243556701964e-01
9.199835023561012681e-01
9.251148971777998220e-01
9.300019718614727093e-01
9.346500916451019325e-01
9.390649684930837404e-01
9.432526085599315380e-01
9.472192627392174158e-01
9.509713803951534983e-01
9.545155663259201617e-01
9.578585409649172933e-01
9.610071037887106815e-01
9.639680998685876689e-01
9.667483894761987884e-01
9.693548206324701377e-01
9.717942044724811046e-01
9.740732932868682026e-01
9.761987610920520586e-01
9.781771865766786256e-01
9.800150382695969054e-01
9.817186617749560362e-01
9.832942689221307875e-01
9.847479286817412136e-01
9.860855597036631837e-01
9.873129243383097497e-01
9.884356240083779221e-01
9.894590958044997553e-01
9.903886101847050316e-01
9.912292696642087675e-01
9.919860083887332980e-01
9.926635924913546072e-01
9.932666211396872225e-01
9.937995281870987130e-01
9.942665843485144483e-01
9.946718998281975921e-01
9.950194273335757345e-01
9.953129654156430695e-01
9.955561620825630342e-01
9.957525186387168326e-01
9.959053937064565876e-01
9.960180073921328647e-01
9.960934455614892657e-01
9.961346641922316225e-01
9.961444937734886818e-01
9.961256437230616712e-01
9.960807067939208004e-01
9.960121634415145531e-01
9.959223861233009734e-01
9.958136435017069799e-01
9.956881045216857684e-01
9.955478423343799843e-01
9.953948380392809714e-01
9.952309842188439282e-01
9.950580882418481599e-01
9.948778753149184473e-01
9.946919912655077800e-01
9.945020050442076043e-01
9.943094109393626479e-01
9.941156305024606565e-01
9.939220141884509419e-01
9.937298427208097751e-01
9.935403281966301847e-01
9.933546149520556812e-01
9.931737802128568493e-01
9.929988345587140719e-01
9.928307222327250603e-01
9.926703213297333184e-01
9.925184438982530555e-01
9.923758359910545002e-01
9.922431776989257823e-01
9.921210832008116043e-01
9.920101008615545002e-01
9.919107134059514941e-01
9.918233381949091987e-01
9.917483276262795133e-01
9.916859696796122003e-01
9.916364886206779916e-01
9.916000458783252869e-01
9.915767411030772527e-01
9.915666134139540233e-01
9.915696428373060867e-01
9.915857519390065544e-01
9.916148076491393404e-01
9.916566232763128763e-01
9.917109607068759214e-01
9.917775327825779641e-01
9.918560058485463848e-01
9.919460024618206306e-01
9.920471042490717206e-01
9.921588549005344593e-01
9.922807632856135429e-01
9.924123066741196153e-01
9.925529340456957783e-01
9.927020694687599400e-01
9.928591155292638692e-01
9.930234567888147623e-01
9.931944632512487159e-01
9.933714938166162689e-01
9.935538997017454577e-01
9.937410278070777370e-01
9.939322240102907990e-01
9.941268363682977949e-01
9.943242182104844451e-01
9.945237311074603959e-01
9.947247477011004202e-01
9.949266543831877252e-01
9.951288538114964055e-01
9.953307672536387818e-01
9.955318367504397692e-01
9.957315270919688821e-01
9.959293276006818685e-01
9.961247537174033884e-01
9.963173483871400338e-01
9.965066832429764210e-01
9.966923595875888386e-01
9.968740091732352093e-01
9.970512947824418104e-01
9.972239106130246222e-01
9.973915824725225754e-01
9.975540677885822438e-01
9.977111554432650520e-01
9.978626654406299590e-01
9.980084484182030202e-01
9.981483850140521197e-01
9.982823851020627970e-01
9.984103869086198291e-01
9.985323560241862184e-01
9.986482843232049600e-01
9.987581888053049806e-01
9.988621103699820702e-01
9.989601125357662204e-01
9.990522801134412711e-01
9.991387178412191039e-01
9.992195489880095760e-01
9.992949139291713578e-01
9.993649686975311086e-01
9.994298835111397050e-01
9.994898412783309594e-01
9.995450360802611289e-01
9.995956716313040280e-01
9.996419597185026706e-01
9.996841186226924636e-01
9.997223715258737320e-01
9.997569449117748031e-01
9.997880669691742161e-01
