9.997973676580816926e-01
9.997678762415797005e-01
9.997351671050506150e-01
9.996990355876288481e-01
9.996592793713566794e-01
9.996156997790236476e-01
9.995681030192310468e-01
9.995163013680032904e-01
9.994601142798910098e-01
9.993993694249619919e-01
9.993339036511758033e-01
9.992635638742403126e-01
9.991882078990539373e-01
9.991077051782100149e-01
9.990219375137736613e-01
9.989307997086870339e-01
9.988342001738002018e-01
9.987320614957614362e-01
9.986243209699551260e-01
9.985109311014739308e-01
9.983918600758587836e-01
9.982670922001481983e-01
9.981366283137225182e-01
9.980004861675703109e-01
9.978587007699846190e-01
9.977113246963256188e-01
9.975584283603707858e-01
9.974001002448916742e-01
9.972364470894194977e-01
9.970675940336607423e-01
9.968936847156556480e-01
9.967148813244846028e-01
9.965313646080986576e-01
9.963433338376079806e-01
9.961510067300871629e-01
9.959546193325904406e-01
9.957544258705781637e-01
9.955506985643021167e-01
9.953437274168382976e-01
9.951338199773700488e-01
9.949213010829822679e-01
9.947065125816137998e-01
9.944898130379240531e-01
9.942715774226631442e-01
9.940521967847127938e-01
9.938320779033029684e-01
9.936116429160641861e-01
9.933913289165809957e-01
9.931715875130385784e-01
9.929528843374650915e-01
9.927356984930494344e-01
9.925205219251220790e-01
9.923078586997152728e-01
9.920982241722303696e-01
9.918921440277087553e-01
9.916901531735705655e-01
9.914927944655046455e-01
9.913006172474767563e-01
9.911141756875819775e-01
9.909340268926841722e-01
9.907607287864443890e-01
9.905948377373783309e-01
9.904369059259786612e-01
9.902874784426103361e-01
9.901470901108014866e-01
9.900162620336540042e-01
9.898954978643438318e-01
9.897852798050522649e-01
9.896860643421386827e-01
9.895982777289272780e-01
9.895223112311245517e-01
9.894585161535993656e-01
9.894071986710275546e-01
9.893686144886782996e-01
9.893429633633484821e-01
9.893303835180419226e-01
9.893309459873217415e-01
9.893446489332067273e-01
9.893714119738673540e-01
9.894110705690493113e-01
9.894633705069461049e-01
9.895279625370176912e-01
9.896043971918998539e-01
9.896921198390081775e-01
9.897904659986968001e-01
9.898986569609353747e-01
9.900157957265337538e-01
9.901408632921345765e-01
9.902727152907271346e-01
9.904100789915665226e-01
9.905515506553839167e-01
9.906955932329287728e-01
9.908405343874681082e-01
9.909845648151246467e-01
9.911257368310915083e-01
9.912619631849739488e-01
9.913910160649145320e-01
9.915105262478305370e-01
9.916179823520516745e-01
9.917107301489018756e-01
9.917859718912483968e-01
9.918407656197093525e-01
9.918720244109517914e-01
9.918765155372646358e-01
9.918508595122499383e-01
9.917915290039872600e-01
9.916948476043103700e-01
9.915569884508852461e-01
9.913739727075573382e-01
9.911416679179693157e-01
9.908557862577499487e-01
9.905118827216848887e-01
9.901053532942174495e-01
9.896314331644124884e-01
9.890851950601270426e-01
9.884615477904936665e-01
9.877552351008157538e-01
9.869608349593816943e-01
9.860727594112516092e-01
9.850852551493735065e-01
9.839924049680123241e-01
9.827881302768981531e-01
9.814661948661737023e-01
9.800202101215648165e-01
9.784436418956350412e-01
9.767298192440130311e-01
9.748719452346116254e-01
9.728631100327638226e-01
9.706963064556115572e-01
9.683644481749082988e-01
9.658603907286325008e-01
9.631769554786220322e-01
9.603069566240706179e-01
9.572432313495440326e-01
9.539786731516010088e-01
9.505062683506241283e-01
9.468191357545854281e-01
9.429105693997149595e-01
9.387740842499239236e-01
9.344034646928632837e-01
9.297928156261792143e-01
9.249366158833283169e-01
9.198297737047400613e-01
9.144676839176287819e-01
9.088462864468824787e-01
9.029621257406894586e-01
8.968124106584657307e-01
8.903950743357675890e-01
8.837088335118217231e-01
8.767532467806555818e-01
8.695287712071932962e-01
8.620368167356557976e-01
8.542797978097596001e-01
8.462611816230024564e-01
8.379855324232170499e-01
8.294585513088553741e-01
8.206871109753242077e-01
8.116792848981713160e-01
8.024443704758458251e-01
7.929929056978248791e-01
7.833366789535203267e-01
7.734887316528713530e-01
7.634633533898890212e-01
7.532760694446076766e-01
7.429436204856272319e-01
7.324839344034081989e-01
7.219160902723193995e-01
7.112602745058365095e-01
7.005377293329737576e-01
6.897706937839371832e-01
6.789823374282358825e-01
6.681966871584434919e-01
6.574385473571314753e-01
6.467334138231473073e-01
6.361073818666441726e-01
6.255870490105348569e-01
6.151994127601335682e-01
6.049717639234741817e-01
5.949315759831745876e-01
5.851063910377087840e-01
5.755237028464978977e-01
5.662108375301408980e-01
5.571948324949727027e-01
5.485023141703575522e-01
5.401593751677835620e-01
5.321914514927450490e-01
5.246232004631239398e-01
5.174783800105710041e-01
5.107797300633100113e-01
5.045488567287054193e-01
4.988061200106291837e-01
4.935705258088607383e-01
4.888596229542000460e-01
4.846894060325418474e-01
4.810742247428214657e-01
4.780267005167759820e-01
4.755576511022941988e-01
4.736760237764958692e-01
4.723888378097071961e-01
4.717011367473278316e-01
4.716159510139834588e-01
4.721342712739251546e-01
4.732550329044602488e-01
4.749751118563206864e-01
4.772893320874439516e-01
4.801904846658884285e-01
4.836693585446208976e-01
4.877147829168885229e-01
4.923136809667254532e-01
4.974511347358387958e-01
5.031104607364087489e-01
5.092732958499386342e-01
5.159196929658215192e-01
5.230282257302840687e-01
5.305761016973951083e-01
5.385392830993768198e-01
5.468926143841508214e-01
5.556099556044886700e-01
5.646643206860162412e-01
5.740280195514808614e-01
5.836728030368745213e-01
5.935700095022506950e-01
6.036907120171897123e-01
6.140058649888049391e-01
6.244864490997862339e-01
6.351036134359435703e-01
6.458288137075547386e-01
6.566339455069393205e-01
6.674914715960417189e-01
6.783745422822483606e-01
6.892571080175766696e-01
7.001140234449577671e-01
7.109211422143393300e-01
7.216554019993416391e-01
7.322948992604684237e-01
7.428189534215003942e-01
7.532081602495570571e-01
7.634444343543136391e-01
7.735110408457229747e-01
7.833926163102122864e-01
7.930751793806051220e-01
8.025461312830217686e-01
8.117942468430195957e-01
8.208096565217185558e-01
8.295838201293859182e-01
8.381094929279621075e-01
8.463806848846263664e-01
8.543926138753851207e-01
8.621416536607580117e-01
8.696252774651750395e-01
8.768419979882251525e-01
8.837913046601734157e-01
8.904735989272242191e-01
8.968901283150354509e-01
9.030429199733760459e-01
9.089347143520168926e-01
9.145688995995227000e-01
9.199494472141399593e-01
9.250808494110019931e-01
9.299680586038979735e-01
9.346164293342759111e-01
9.390316629162202000e-01
9.432197550049848944e-01
9.471869462391900862e-01
9.509396760537447424e-01
9.544845397124944730e-01
9.578282485668608848e-01
9.609775935095256072e-01
9.639394115605141033e-01
9.667205554967435166e-01
9.693278664149245216e-01
9.717681491013162587e-01
9.740481500697790729e-01
9.761745381213595696e-01
9.781538872737750578e-01
9.799926619071143152e-01
9.816972039723331767e-01
9.832737221112292092e-01
9.847282825401092454e-01
9.860668015539378883e-01
9.872950395130848378e-01
9.884185961806184473e-01
9.894429072842551021e-01
9.903732421834453570e-01
9.912147025285746871e-01
9.919722218058562024e-01
9.926505656681496870e-01
9.932543329586756009e-01
9.937879573413573864e-01
9.942557094583117649e-01
9.946616995417468798e-01
9.950098804141555009e-01
9.953040508170922784e-01
9.955478590148904017e-01
9.957448066252758689e-01
9.958982526338489016e-01
9.960114175537216896e-01
9.960873876951545913e-01
9.961291195127710552e-01
9.961394439998895178e-01
9.961210711007252305e-01
9.960765941118255862e-01
9.960084940442498480e-01
9.959191439178886052e-01
9.958108129591501934e-01
9.956856706732331030e-01
9.955457907625651082e-01
9.953931548638877969e-01
9.952296560780399259e-01
9.950571022688302625e-01
9.948772191105054175e-01
9.946916528671986280e-01
9.945019728922940283e-01
9.943096738407363189e-01
9.941161775927898070e-01
9.939228348934138202e-01
9.937309267170701954e-01
9.935416653732164205e-01
9.933561953727698679e-01
9.931755940802939886e-01
9.930008721804145511e-01
9.928329739899245387e-01
9.926727776491129918e-01
9.925210952270301368e-01
9.923786727756965798e-01
9.922461903677129991e-01
9.921242621504166026e-01
9.920134364477596334e-01
9.919141959385640028e-01
9.918269579368836908e-01
9.917520747969955641e-01
9.916898344621906114e-01
9.916404611731528540e-01
9.916041163484137222e-01
9.915808996462170954e-01
9.915708502142053238e-01
9.915739481306430347e-01
9.915901160384689161e-01
9.916192209712655359e-01
9.916610763682469631e-01
9.917154442735356401e-01
9.917820377132818832e-01
9.918605232425389273e-01
9.919505236521910518e-01
9.920516208246439316e-01
9.921633587253980702e-01
9.922852465160720836e-01
9.924167617729408031e-01
9.925573537936576152e-01
9.927064469735827901e-01
9.928634442321103704e-01
9.930277304686054851e-01
9.931986760270934411e-01
9.933756401486888432e-01
9.935579743909380701e-01
9.937450259937574693e-01
9.939361411724538797e-01
9.941306683193732452e-01
9.943279610969882887e-01
9.945273814066437623e-01
9.947283022186783619e-01
9.949301102511796113e-01
9.951322084861603523e-01
9.953340185134414986e-01
9.955349826939703384e-01
9.957345661356843403e-01
9.959322584763603547e-01
9.961275754691768514e-01
9.963200603679850387e-01
9.965092851105509242e-01
9.966948512993205611e-01
9.968763909805828938e-01
9.970535672242739622e-01
9.972260745080756550e-01
9.973936389109074874e-01
9.975560181223649403e-01
9.977130012760889732e-01
9.978644086164306648e-01
9.980100910090294875e-01
9.981499293070303924e-01
9.982838335855378498e-01
9.984117422575169432e-01
9.985336210846358362e-01
9.986494620964775359e-01
9.987592824311095629e-01
9.988631231091871232e-01
9.989610477526117416e-01
9.990531412573200321e-01
9.991395084281199379e-01
9.992202725817271869e-01
9.992955741224042177e-01
9.993655690930026703e-01
9.994304277028928096e-01
9.994903328333593073e-01
9.995454785206494552e-01
9.995960684170580590e-01
9.996423142312489407e-01
9.996844341504302900e-01
9.997226512489492123e-01
9.997571918902370403e-01
9.997882841316548808e-01
