9.997974998606825592e-01
9.997680363962747618e-01
9.997353595552289640e-01
9.996992650713333317e-01
9.996595510135629636e-01
9.996160190770241316e-01
9.995684758209889553e-01
9.995167338435405613e-01
9.994606128859775396e-01
9.993999408635725334e-01
9.993345548223727670e-01
9.992643018243054787e-01
9.991890397648366395e-01
9.991086381287654916e-01
9.990229786904341047e-01
9.989319561647395096e-01
9.988354788149315100e-01
9.987334690223783618e-01
9.986258638224023709e-01
9.985126154090493422e-01
9.983936916103806070e-01
9.982690763346641072e-01
9.981387699867718677e-01
9.980027898532296549e-01
9.978611704537458937e-01
9.977139638566868696e-01
9.975612399558594356e-01
9.974030867061040029e-01
9.972396103155415359e-01
9.970709353928451923e-01
9.968972050485592762e-01
9.967185809502328020e-01
9.965352433319237813e-01
9.963473909594177114e-01
9.961552410532454882e-01
9.959590291722448807e-01
9.957590090609291789e-01
9.955554524642921121e-01
9.953486489138251292e-01
9.951389054884524077e-01
9.949265465537430186e-01
9.947119134821577058e-01
9.944953643561882384e-01
9.942772736550812285e-01
9.940580319244063379e-01
9.938380454260609120e-01
9.936177357644435659e-01
9.933975394825211858e-01
9.931779076194274802e-01
9.929593052191260094e-01
9.927422107776290305e-01
9.925271156143617990e-01
9.923145231515708709e-01
9.921049480842824009e-01
9.918989154222680460e-01
9.916969593848437015e-01
9.914996221291401124e-01
9.913074522927673993e-01
9.911210033325601465e-01
9.909408316423099494e-01
9.907674944340624235e-01
9.906015473696058171e-01
9.904435419311843347e-01
9.902940225231601223e-01
9.901535232992761948e-01
9.900225647132876450e-01
9.899016497939910897e-01
9.897912601490643780e-01
9.896918517056031428e-01
9.896038501988089209e-01
9.895276464239195491e-01
9.894635912701820191e-01
9.894119905594098707e-01
9.893730997154217555e-01
9.893471182943448516e-01
9.893341844093145321e-01
9.893343690863820594e-01
9.893476705913305524e-01
9.893740087694262719e-01
9.894132194417539772e-01
9.894650489025226259e-01
9.895291485614631233e-01
9.896050697740551572e-01
9.896922588997535408e-01
9.897900526246375952e-01
9.898976735800169013e-01
9.900142262826202577e-01
9.901386934152273112e-01
9.902699324591974772e-01
9.904066726825644373e-01
9.905475124794586028e-01
9.906909170488970018e-01
9.908352163936858803e-01
9.909786036135853626e-01
9.911191334611850756e-01
9.912547211243100120e-01
9.913831411953276662e-01
9.915020267855393366e-01
9.916088687419245540e-01
9.917010149238542072e-01
9.917756694989401378e-01
9.918298922198732770e-01
9.918605976478352959e-01
9.918645542927435610e-01
9.918383836461448499e-01
9.917785590889115488e-01
9.916814046629851553e-01
9.915430937042195580e-01
9.913596473418959665e-01
9.911269328797381872e-01
9.908406620832876932e-01
9.904963894093437027e-01
9.900895102248782331e-01
9.896152590754249134e-01
9.890687080763965744e-01
9.884447655150538914e-01
9.877381747657910660e-01
9.869435136368294170e-01
9.860551942820127147e-01
9.850674638268166472e-01
9.839744058724553266e-01
9.827699430555649762e-01
9.814478408528155562e-01
9.800017128293334601e-01
9.784250275364575478e-01
9.767111172675400077e-01
9.748531888797956624e-01
9.728443368852114359e-01
9.706775590040287449e-01
9.683457743601624479e-01
9.658418444791673219e-01
9.631585972261292872e-01
9.602888537934318736e-01
9.572254588170785450e-01
9.539613136655865633e-01
9.504894129078974574e-01
9.468028839267965679e-01
9.428950296025265798e-01
9.387593739481571165e-01
9.343897105343306198e-01
9.297801534967659043e-01
9.249251908758323593e-01
9.198197399940999386e-01
9.144592045354970056e-01
9.088395329490606134e-01
9.029572777617481671e-01
8.968096553489217637e-01
8.903946056784730612e-01
8.837108515156998356e-01
8.767579565515654094e-01
8.695363818974707337e-01
8.620475403757132948e-01
8.542938480269757218e-01
8.462787722549595104e-01
8.380068760340904088e-01
8.294838576193952484e-01
8.207165852183707644e-01
8.117131261129734154e-01
8.024827697556107253e-01
7.930360444058862646e-01
7.833847269242856237e-01
7.735418453942627393e-01
7.635216743043585774e-01
7.533397220859485710e-01
7.430127108687281101e-01
7.325585483837958600e-01
7.219962920118010441e-01
7.113461050397706931e-01
7.006292052536677861e-01
6.898678060533945944e-01
6.790850503319403320e-01
6.683049374101250883e-01
6.575522433624804153e-01
6.468524351083360102e-01
6.362315786752532620e-01
6.257162420702082617e-01
6.153333932180244936e-01
6.051102934474088535e-01
5.950743870235617461e-01
5.852531872436094185e-01
5.756741596281220730e-01
5.663646027593438603e-01
5.573515273352426247e-01
5.486615340282934294e-01
5.403206907592108532e-01
5.323544100183705829e-01
5.247873268909140076e-01
5.176431784647665957e-01
5.109446853229953067e-01
5.047134358419588240e-01
4.989697740332973419e-01
4.937326916796459519e-01
4.890197255198626136e-01
4.848468602382873804e-01
4.812284380032424425e-01
4.781770752818059744e-01
4.757035876304488431e-01
4.738169231241322610e-01
4.725241050401461917e-01
4.718301843575619658e-01
4.717382025694720760e-01
4.722491652338985935e-01
4.733620266115325936e-01
4.750736856553413601e-01
4.773789935298279330e-01
4.802707727474909705e-01
4.837398479180030630e-01
4.877750880128577382e-01
4.923634599556779845e-01
4.974900932569416012e-01
5.031383553221774330e-01
5.092899369754511074e-01
5.159249476556070357e-01
5.230220196618446948e-01
5.305584207481079950e-01
5.385101742930562541e-01
5.468521862044297688e-01
5.555583776541590524e-01
5.646018226840983090e-01
5.739548896727206806e-01
5.835893856112122080e-01
5.934767021041473800e-01
6.035879619862365431e-01
6.138941654334535425e-01
6.243663344450689490e-01
6.349756545834925880e-01
6.456936128819810161e-01
6.564921308665645494e-01
6.673436916881027026e-01
6.782214604230454302e-01
6.890993966766936207e-01
6.999523587097631339e-01
7.107561984066645966e-01
7.214878465106919769e-01
7.321253876655746673e-01
7.426481249226708492e-01
7.530366334963607411e-01
7.632728036748291922e-01
7.733398729171343522e-01
7.832224472880897626e-01
7.929065124979813861e-01
8.023794349224713240e-01
8.116299530775393789e-01
8.206481601133692738e-01
8.294254779684872014e-01
8.379546238901927069e-01
8.462295700787285657e-01
8.542454972503067401e-01
8.619987429380180366e-01
8.694867453599971485e-01
8.767079836815186988e-01
8.836619154827276557e-01
8.903489122174701453e-01
8.967701934123607499e-01
9.029277603101963923e-01
9.088243296095281920e-01
9.144632678942188342e-01
9.198485272846959049e-01
9.249845827779085150e-01
9.298763716772326937e-01
9.345292354481061770e-01
9.389488642713188504e-01
9.431412445047157034e-01
9.471126092065441648e-01
9.508693918205377571e-01
9.544181830746225614e-01
9.577656911022361941e-01
9.609187047578395813e-01
9.638840600662932356e-01
9.666686097192408456e-01
9.692791955102311174e-01
9.717226235836502468e-01
9.740056423602194702e-01
9.761349229933196092e-01
9.781170422052580804e-01
9.799584673502541587e-01
9.816655435508991889e-01
9.832444827566855228e-01
9.847013545764661258e-01
9.860420787410527632e-01
9.872724190572875758e-01
9.883979787205879886e-01
9.894241968590070657e-01
9.903563461881463859e-01
9.911995316627307817e-01
9.919586900172691069e-01
9.926385900949532548e-01
9.932438338707753056e-01
9.937788580817475959e-01
9.942479363840496243e-01
9.946551819638356218e-01
9.950045505352391739e-01
9.952998436656799175e-01
9.955447123748043525e-01
9.957426609591301103e-01
9.958970509995908049e-01
9.960111055135860703e-01
9.960879132167516081e-01
9.961304328624348559e-01
9.961414976288214262e-01
9.961238195248524052e-01
9.960799937866414711e-01
9.960125032361873965e-01
9.959237225739920873e-01
9.958159225769455114e-01
9.956912741727510507e-01
9.955518523624438121e-01
9.953996399633791015e-01
9.952365311465810604e-01
9.950643347446236353e-01
9.948847773092965863e-01
9.946995059021672692e-01
9.945100906056939527e-01
9.943180267476456891e-01
9.941247368370826898e-01
9.939315722158370559e-01
9.937398144351203833e-01
9.935506763723511714e-01
9.933653031083619078e-01
9.931847725896328916e-01
9.930100961039768359e-01
9.928422186010570361e-01
9.926820188911981147e-01
9.925303097571243072e-01
9.923878380135423560e-01
9.922552845489299722e-01
9.921332643825758746e-01
9.920223267679435519e-01
9.919229553709336678e-01
9.918355685487076911e-01
9.917605197515740878e-01
9.916980980671277202e-01
9.916485289225097643e-01
9.916119749574127118e-01
9.915885370773669383e-01
9.915782556939687353e-01
9.915811121560703656e-01
9.915970303735462954e-01
9.916258786330719444e-01
9.916674716033483383e-01
9.917215725253560876e-01
9.917878955814595221e-01
9.918661084354836177e-01
9.919558349342046943e-01
9.920566579590315293e-01
9.921681224149934142e-01
9.922897383425298701e-01
9.924209841360130957e-01
9.925613098514937116e-01
9.927101405848846039e-01
9.928668799007446255e-01
9.930309132910536407e-01
9.932016116429065455e-01
9.933783346939277781e-01
9.935604344544297639e-01
9.937472585758840848e-01
9.939381536461172617e-01
9.941324683927471595e-01
9.943295567776685440e-01
9.945287809668407197e-01
9.947295141611457447e-01
9.949311432756423601e-01
9.951330714560757684e-01
9.953347204230033052e-01
9.955355326353282353e-01
9.957349732664113606e-01
9.959325319872395221e-01
9.961277245524092772e-01
9.963200941859302606e-01
9.965092127651125065e-01
9.966946818020756549e-01
9.968761332237352502e-01
9.970532299524832442e-01
9.972256662911934688e-01
9.973931681176239072e-01
9.975554928947564237e-01
9.977124295050492364e-01
9.978637979179684203e-01
9.980094487014334881e-01
9.981492623889260951e-01
9.982831487148978722e-01
9.984110457317308951e-01
9.985329188217959562e-01
9.986487596180879667e-01
9.987585848464783922e-01
9.988624351018018377e-01
9.989603735688348252e-01
9.990524846977597573e-01
9.991388728420337317e-01
9.992196608648002965e-01
9.992949887182065449e-01
9.993650119983710223e-01
9.994299004774097606e-01
9.994898366130042788e-01
9.995450140355927049e-01
9.995956360134540253e-01
9.996419138967663764e-01
9.996840655431427081e-01
9.997223137291016970e-01
9.997568845543137739e-01
9.997880058480977938e-01
