9.997974743918164320e-01
9.997679958733397543e-01
9.997353004430050705e-01
9.996991833743570366e-01
9.996594422640391331e-01
9.996158783292388161e-01
9.995682976527840990e-01
9.995165123652341999e-01
9.994603417569229986e-01
9.993996133163468576e-01
9.993341636943725570e-01
9.992638395963308051e-01
9.991884986060490803e-01
9.991080099472405829e-01
9.990222551883870539e-01
9.989311288973923286e-01
9.988345392519197841e-01
9.987324086105598964e-01
9.986246740489335139e-01
9.985112878636361877e-01
9.983922180456834550e-01
9.982674487239384664e-01
9.981369805779540805e-01
9.980008312188225483e-01
9.978590355360142938e-01
9.977116460078375715e-01
9.975587329730437602e-01
9.974003848612374989e-01
9.972367083800866006e-01
9.970678286578330551e-01
9.968938893402491397e-01
9.967150526418991907e-01
9.965314993523443077e-01
9.963434287986839832e-01
9.961510587665558525e-01
9.959546253823448048e-01
9.957543829598582974e-01
9.955506038150637727e-01
9.953435780526214138e-01
9.951336133278492202e-01
9.949210345874114347e-01
9.947061837913954152e-01
9.944894196185491975e-01
9.942711171552709448e-01
9.940516675675182823e-01
9.938314777531334077e-01
9.936109699702313502e-01
9.933905814352973485e-01
9.931707638825635343e-01
9.929519830741428965e-01
9.927347182483726717e-01
9.925194614919273794e-01
9.923067170195886133e-01
9.920970003441764717e-01
9.918908373181095639e-01
9.916887630274402454e-01
9.914913205190277745e-01
9.912990593418018470e-01
9.911125338838309151e-01
9.909323014881327163e-01
9.907589203318203364e-01
9.905929470552281568e-01
9.904349341300483500e-01
9.902854269581924385e-01
9.901449606959994432e-01
9.900140568015165510e-01
9.898932193058224138e-01
9.897829308127282788e-01
9.896836482346609287e-01
9.895957982760852367e-01
9.895197726794637827e-01
9.894559232524602344e-01
9.894045566988534102e-01
9.893659292793990367e-01
9.893402413325991240e-01
9.893276316889201283e-01
9.893281720153328518e-01
9.893418611299814591e-01
9.893686193291811870e-01
9.894082827706142114e-01
9.894605979573983801e-01
9.895252163674901347e-01
9.896016892715463475e-01
9.896894627798508148e-01
9.897878731551887910e-01
9.898961424236867312e-01
9.900133743097281336e-01
9.901385505142750176e-01
9.902705273484908588e-01
9.904080327267180683e-01
9.905496635148871576e-01
9.906938832226168667e-01
9.908390200198547992e-01
9.909832650521835928e-01
9.911246710230638968e-01
9.912611510064980314e-01
9.913904774499852079e-01
9.915102813252829606e-01
9.916180513834176313e-01
9.917111334705928094e-01
9.917867298630776984e-01
9.918418985817539779e-01
9.918735526506862188e-01
9.918784592687516222e-01
9.918532388689584867e-01
9.917943640465163302e-01
9.916981583439441472e-01
9.915607948894863410e-01
9.913782948938386630e-01
9.911465260196817839e-01
9.908612006487977908e-01
9.905178740826522388e-01
9.901119427242761617e-01
9.896386423021005241e-01
9.890930462100570031e-01
9.884700640526883353e-01
9.877644404990850724e-01
9.869707545649610836e-01
9.860834194578245171e-01
9.850966831355991715e-01
9.840046297437726741e-01
9.828011821096603873e-01
9.814801054841235661e-01
9.800350127304895409e-01
9.784593711669147265e-01
9.767465112714873721e-01
9.748896374585269697e-01
9.728818411294408719e-01
9.707161161919103387e-01
9.683853772269808147e-01
9.658824804648473705e-01
9.632002477069039337e-01
9.603314933042306212e-01
9.572690542714779038e-01
9.540058235805070064e-01
9.505347866406540502e-01
9.468490609325869167e-01
9.429419387209758696e-01
9.388069327280853527e-01
9.344378246064496407e-01
9.298287160044946820e-01
9.249740819748075715e-01
9.198688264312087082e-01
9.145083393183328635e-01
9.088885551165689636e-01
9.030060122664649302e-01
8.968579130606016969e-01
8.904421835180548195e-01
8.837575327274712622e-01
8.768035111200910281e-01
8.695805671143563842e-01
8.620901015596352801e-01
8.543345193986405794e-01
8.463172779668013401e-01
8.380429313526254198e-01
8.295171702562343929e-01
8.207468568039993917e-01
8.117400538055633552e-01
8.025060479753424181e-01
7.930553666835837845e-01
7.833997878515821522e-01
7.735523426610818598e-01
7.635273108082027971e-01
7.533402080963669256e-01
7.430077662294195529e-01
7.325479047340928140e-01
7.219796950088234189e-01
7.113233165623293885e-01
7.006000055690936312e-01
6.898319959288436998e-01
6.790424530724338270e-01
6.682554008065690887e-01
6.574956415342403382e-01
6.467886702264891152e-01
6.361605825544924819e-01
6.256379776193332631e-01
6.152478557410786530e-01
6.050175117896507970e-01
5.949744245584984714e-01
5.851461426992161652e-01
5.755601677519588399e-01
5.662438348234964947e-01
5.572241914827433806e-01
5.485278754628704068e-01
5.401809917798022775e-01
5.322089898988192624e-01
5.246365416036583573e-01
5.174874202452027783e-01
5.107843820686467362e-01
5.045490503377668690e-01
4.988018029914111917e-01
4.935616645793198254e-01
4.888462032305633809e-01
4.846714334072521613e-01
4.810517251876124112e-01
4.779997208053635704e-01
4.755262591460620580e-01
4.736403088653663440e-01
4.723489107492133687e-01
4.716571298818728053e-01
4.715680181253893988e-01
4.720825873438156961e-01
4.731997937288446865e-01
4.749165335010011590e-01
4.772276501736716359e-01
4.801259534770282444e-01
4.836022499465275626e-01
4.876453850871738105e-01
4.922422969311354146e-01
4.973780807134442483e-01
5.030360642991915654e-01
5.091978939064851772e-01
5.158436295831176910e-01
5.229518498118566061e-01
5.304997645401727802e-01
5.384633358554400395e-01
5.468174054569069353e-01
5.555358280115967329e-01
5.645916094235057248e-01
5.739570489948411236e-01
5.836038844154239902e-01
5.935034384827643228e-01
6.036267664315695392e-01
6.139448027385954187e-01
6.244285062675470899e-01
6.350490026300484869e-01
6.457777226629460854e-01
6.565865359598638262e-01
6.674478784459477732e-01
6.783348730489643374e-01
6.892214425967817526e-01
7.000824141598631645e-01
7.108936141566198907e-01
7.216319536477436847e-01
7.322755033613013165e-01
7.428035581114597052e-01
7.531966903980993333e-01
7.634367931001473373e-01
7.735071112999183374e-01
7.833922633969973015e-01
7.930782517860626157e-01
8.025524634816608716e-01
8.118036611724810392e-01
8.208219652766957086e-01
8.295988276471055745e-01
8.381269976392483612e-01
8.464004813065881816e-01
8.544144945240704780e-01
8.621654108646304993e-01
8.696507050629465052e-01
8.768688928973442653e-01
8.838194683050784040e-01
8.905028385192579332e-01
8.969202579786546004e-01
9.030737617159062536e-01
9.089660988766827820e-01
9.146006669637823938e-01
9.199814473374464674e-01
9.251129424379793686e-01
9.300001151305467006e-01
9.346483305061896729e-01
9.390633004089133928e-01
9.432510308972881230e-01
9.472177727912755030e-01
9.509699754017166828e-01
9.545142434916170648e-01
9.578572974754302471e-01
9.610059368251345768e-01
9.639670066200334286e-01
9.667473671507665900e-01
9.693538664667266103e-01
9.717933157395778343e-01
9.740724673034376613e-01
9.761979952240142921e-01
9.781764782440848238e-01
9.800143849506268712e-01
9.817180610091752468e-01
9.832937183131013059e-01
9.847474258990697171e-01
9.860851024845531665e-01
9.873125104886769643e-01
9.884352514035757986e-01
9.894587623896904383e-01
9.903883139749076747e-01
9.912290087440450703e-01
9.919857809118912684e-01
9.926633966797824282e-01
9.932664552825340998e-01
9.937993906394133603e-01
9.942664735297171985e-01
9.946718142203413437e-01
9.950193654794149412e-01
9.953129259165318654e-01
9.955561435962057004e-01
9.957525198767984698e-01
9.959054134321823071e-01
9.960180444177062498e-01
9.960934987455617451e-01
9.961347324373546197e-01
9.961445760236002922e-01
9.961257389610381763e-01
9.960808140392206633e-01
9.960122817479418744e-01
9.959225145769101672e-01
9.958137812188692095e-01
9.956882506473325734e-01
9.955479960404368667e-01
9.953949985232999342e-01
9.952311507028406279e-01
9.950582599713466703e-01
9.948780515582016371e-01
9.946921713130716380e-01
9.945021882084116305e-01
9.943095965542685377e-01
9.941158179238480663e-01
9.939222027939944581e-01
9.937300319104035440e-01
9.935405173928378852e-01
9.933548036006669690e-01
9.931739677835252911e-01
9.929990205456519226e-01
9.928309061554275727e-01
9.926705027337056064e-01
9.925186223557117549e-01
9.923760111015775820e-01
9.922433490900254283e-01
9.921212505284073835e-01
9.920102638103273085e-01
9.919108716895627120e-01
9.918234915560733000e-01
9.917484758366844622e-01
9.916861125396835286e-01
9.916366259591919974e-01
9.916001775518735739e-01
9.915768669953972658e-01
9.915667334351355722e-01
9.915697569228895114e-01
9.915858600489890762e-01
9.916149097669075818e-01
9.916567194075155411e-01
9.917110508782550626e-01
9.917776170407719416e-01
9.918560842588767246e-01
9.919460751070749982e-01
9.920471712282907806e-01
9.921589163278090595e-01
9.922808192888987744e-01
9.924123573940677456e-01
9.925529796345118339e-01
9.927021100890801586e-01
9.928591513530581336e-01
9.930234879963141248e-01
9.931944900298973478e-01
9.933715163600486120e-01
9.935539182087890220e-01
9.937410424807820997e-01
9.939322350569840259e-01
9.941268439966707282e-01
9.943242226307050791e-01
9.945237325303188936e-01
9.947247463371868825e-01
9.949266504421030444e-01
9.951288475010974244e-01
9.953307587793195355e-01
9.955318263144476987e-01
9.957315148927571302e-01
9.959293138322972139e-01
9.961247385689095957e-01
9.963173320420760648e-01
9.965066658788487297e-01
9.966923413753975280e-01
9.968739902770332728e-01
9.970512753589285682e-01
9.972238908111714650e-01
9.973915624332349017e-01
9.975540476443953697e-01
9.977111353180792008e-01
9.978626454494841092e-01
9.980084286670914961e-01
9.981483655997863691e-01
9.982823661121817960e-01
9.984103684213514462e-01
9.985323381084632022e-01
9.986482670387369920e-01
9.987581722027093489e-01
9.988620944909731847e-01
9.989600974134051903e-01
9.990522657724426603e-01
9.991387042983150835e-01
9.992195362523665914e-01
9.992949020028555340e-01
9.993649575760170656e-01
9.994298731838564542e-01
9.994898317292378875e-01
9.995450272884461862e-01
9.995956635715964600e-01
9.996419523620909686e-01
9.996841119377408713e-01
9.997223654781276503e-01
9.997569394651483199e-01
9.997880620863123236e-01
