9.997976295380780476e-01
9.997681828571418627e-01
9.997355241015236649e-01
9.996994489810016038e-01
9.996597555227020315e-01
9.996162453617837285e-01
9.995687249796285645e-01
9.995170068790684148e-01
9.994609106897831552e-01
9.994002642004452541e-01
9.993349043172531365e-01
9.992646779510679922e-01
9.991894428373377934e-01
9.991090682943183365e-01
9.990234359257987862e-01
9.989324402746385667e-01
9.988359894330255395e-01
9.987340056145688205e-01
9.986264256922621207e-01
9.985132017051324693e-01
9.983943013351178619e-01
9.982697083545223338e-01
9.981394230433368042e-01
9.980034625748674948e-01
9.978618613675047655e-01
9.977146714001138283e-01
9.975619624884377590e-01
9.974038225200450025e-01
9.972403576457059549e-01
9.970716924256102232e-01
9.968979699294938657e-01
9.967193517904886502e-01
9.965360182132945166e-01
9.963481679380646883e-01
9.961560181621287313e-01
9.959598044223335611e-01
9.957597804413055309e-01
9.955562179412850154e-01
9.953494064293401111e-01
9.951396529576778116e-01
9.949272818624301795e-01
9.947126344836750844e-01
9.944960688685542394e-01
9.942779594581734326e-01
9.940586967575357757e-01
9.938386869860844630e-01
9.936183517045694691e-01
9.933981274119408900e-01
9.931784651038814138e-01
9.929598297824898667e-01
9.927426999045804168e-01
9.925275667541655356e-01
9.923149337230038336e-01
9.921053154816978914e-01
9.918992370227925903e-01
9.916972325566879576e-01
9.914998442410036805e-01
9.913076207243195492e-01
9.911211154859816963e-01
9.909408849548972942e-01
9.907674863919024855e-01
9.906014755223524482e-01
9.904434039079843544e-01
9.902938160497953834e-01
9.901532462166091619e-01
9.900222149971102947e-01
9.899012255763892654e-01
9.897907597414077330e-01
9.896912736232656993e-01
9.896031931876984045e-01
9.895269094888613504e-01
9.894627737051467919e-01
9.894110919795107151e-01
9.893721200905194468e-01
9.893460579840094304e-01
9.893330441987835400e-01
9.893331502230496843e-01
9.893463748211915876e-01
9.893726383727955431e-01
9.894117772674877465e-01
9.894635383998917622e-01
9.895275738087727646e-01
9.896034355030710605e-01
9.896905705149996457e-01
9.897883162166538629e-01
9.898958959317394335e-01
9.900124148681448411e-01
9.901368563903591991e-01
9.902680786433720739e-01
9.904048115319332712e-01
9.905456540511881069e-01
9.906890719569986237e-01
9.908333957569984696e-01
9.909768189968380936e-01
9.911173968103840215e-01
9.912530446979931353e-01
9.913815374935116553e-01
9.915005084784194178e-01
9.916074486005754807e-01
9.916997057552954242e-01
9.917744840879672008e-01
9.918288432800091980e-01
9.918596977836089401e-01
9.918638159752718453e-01
9.918378192036656493e-01
9.917781807135164218e-01
9.916812244343324867e-01
9.915431236304927953e-01
9.913598994177348356e-01
9.911274191603270944e-01
9.908413947732612748e-01
9.904973809646868688e-01
9.900907734655758352e-01
9.896168073062685533e-01
9.890705552130967249e-01
9.884469262126381883e-01
9.877406645461999091e-01
9.869463490126404448e-01
9.860583928733317460e-01
9.850710444685505385e-01
9.839783887094192272e-01
9.827743496231550191e-01
9.814526941412787808e-01
9.800070373299775150e-01
9.784308492684371528e-01
9.767174637841342655e-01
9.748600892533195728e-01
9.728518216699015841e-01
9.706856601763791392e-01
9.683545252362838474e-01
9.658512796087903585e-01
9.631687522628943343e-01
9.602997653411047274e-01
9.572371642513342049e-01
9.539738509310140557e-01
9.505028202899360457e-01
9.468171997984096144e-01
9.429102921455958519e-01
9.387756208498176935e-01
9.344069786587924087e-01
9.297984785335640101e-01
9.249446069659124081e-01
9.198402793356592611e-01
9.144808969720541469e-01
9.088624055427829695e-01
9.029813543556138855e-01
8.968349561218076360e-01
8.904211466977073330e-01
8.837386442920042162e-01
8.767870076016011094e-01
8.695666923193957620e-01
8.620791054432563882e-01
8.543266568075285061e-01
8.463128072570851312e-01
8.380421128896625715e-01
8.295202648053102701e-01
8.207541238224340674e-01
8.117517496481584383e-01
8.025224240264221542e-01
7.930766674300504526e-01
7.834262489124255158e-01
7.735841887896135471e-01
7.635647538839360760e-01
7.533834451239009855e-01
7.430569773618855844e-01
7.326032513387011891e-01
7.220413177917405223e-01
7.113913337695656480e-01
7.006745112792396313e-01
6.899130584523853749e-01
6.791301134710086007e-01
6.683496715439269931e-01
6.575965052688631518e-01
6.468960787538875490e-01
6.362744559051474180e-01
6.257582033162344404e-01
6.153742882188358854e-01
6.051499719753792306e-01
5.951126996131652636e-01
5.852899859169793384e-01
5.757092986143241831e-01
5.663979392049004469e-01
5.573829220045265487e-01
5.486908519934954320e-01
5.403478020806123938e-01
5.323791904165480204e-01
5.248096584131911602e-01
5.176629501486449403e-01
5.109617938593713493e-01
5.047277862406410742e-01
4.989812802926154589e-01
4.937412774608541666e-01
4.890253248255131968e-01
4.848494180919227237e-01
4.812279111256418940e-01
4.781734327567391807e-01
4.756968115505443295e-01
4.738070092052006910e-01
4.725110631902075253e-01
4.718140391850835780e-01
4.717189938140118333e-01
4.722269481016166948e-01
4.733368719979095252e-01
4.750456802380363941e-01
4.773482397159113377e-01
4.802373884612970434e-01
4.837039662185168565e-01
4.877368565328120686e-01
4.923230401582883164e-01
4.974476595102894638e-01
5.030940937955772352e-01
5.092440443664963956e-01
5.158776297608622663e-01
5.229734898081652705e-01
5.305088981052070718e-01
5.384598820910406758e-01
5.468013498825534668e-01
5.555072229688418073e-01
5.645505738053625544e-01
5.739037672985287664e-01
5.835386051287807518e-01
5.934264718262067806e-01
6.035384814884365845e-01
6.138456240167610156e-01
6.243189097441813606e-01
6.349295113390587275e-01
6.456489018909068456e-01
6.564489881210031630e-01
6.673022377099518954e-01
6.781817997970496226e-01
6.890616177816206722e-01
6.999165336437080942e-01
7.107223830993690816e-01
7.214560810129386770e-01
7.320956966032383662e-01
7.426205181009180034e-01
7.530111066378279983e-01
7.632493392743369132e-01
7.733184411946294468e-01
7.832030072210603988e-01
7.928890129144711141e-01
8.023638156360834994e-01
8.116161460463690025e-01
8.206360906056417992e-01
8.294150657187564502e-01
8.379457842312364457e-01
8.462222150357119332e-01
8.542395365853669986e-01
8.619940851350741395e-01
8.694832985412992432e-01
8.767056564491758630e-01
8.836606176801615753e-01
8.903485556073910123e-01
8.967706922694513860e-01
9.029290319281577659e-01
9.088262947235016265e-01
9.144658510208190094e-01
9.198516569829598977e-01
9.249881918353870525e-01
9.298803972262158490e-01
9.345336190175881352e-01
9.389535517807732212e-01
9.431461862060795953e-01
9.471177595810051919e-01
9.508747094367928643e-01
9.544236304152406980e-01
9.577712343646176407e-01
9.609243136360293702e-01
9.638897075195905773e-01
9.666742717331457957e-01
9.692848508548057573e-01
9.717282535738466231e-01
9.740112306221458960e-01
9.761404552398086354e-01
9.781225060234564062e-01
9.799638520033069344e-01
9.816708397951616760e-01
9.832496826752747943e-01
9.847064514293892845e-01
9.860470668316284604e-01
9.872772936141248623e-01
9.884027357940181613e-01
9.894288332305839484e-01
9.903608592916400832e-01
9.912039195149431325e-01
9.919629511569854063e-01
9.926427235284130957e-01
9.932478390221751718e-01
9.937827347474731399e-01
9.942516846895554927e-01
9.946588023223381647e-01
9.950080436076333967e-01
9.953032103213419468e-01
9.955479536531651741e-01
9.957457780321072871e-01
9.959000451351313066e-01
9.960139780406992438e-01
9.960906654924969184e-01
9.961330662413728776e-01
9.961440134354399012e-01
9.961262190294492003e-01
9.960822781850799945e-01
9.960146736338528761e-01
9.959257799741716433e-01
9.958178678737358291e-01
9.956931081484790003e-01
9.955535756894661192e-01
9.954012532100242616e-01
9.952380347869029809e-01
9.950657291715667707e-01
9.948860628508210402e-01
9.947006828398543554e-01
9.945111591953411656e-01
9.943189872413701336e-01
9.941255895064683434e-01
9.939323173756904328e-01
9.937404524674249284e-01
9.935512077500393557e-01
9.933657284185420933e-01
9.931850925559226884e-01
9.930103116075980063e-01
9.928423307003467757e-01
9.926820288391877689e-01
9.925302190168342475e-01
9.923876482706465163e-01
9.922549977214618622e-01
9.921328826273788648e-01
9.920218524836239560e-01
9.919223911971428720e-01
9.918349173616763936e-01
9.917597846559238484e-01
9.916972823841039286e-01
9.916476361748987056e-01
9.916110088515206478e-01
9.915875014825397127e-01
9.915771546202112319e-01
9.915799497303796617e-01
9.915958108155971118e-01
9.916246062308812226e-01
9.916661506895102507e-01
9.917202074543652879e-01
9.917864907085531812e-01
9.918646680973222107e-01
9.919543634315970415e-01
9.920551595417909096e-01
9.921666012689054348e-01
9.922881985783124081e-01
9.924194297800746911e-01
9.925597448382386112e-01
9.927085687502811284e-01
9.928653049768628724e-01
9.930293389012887495e-01
9.932000412976306203e-01
9.933767717863555280e-01
9.935588822565306621e-01
9.937457202342265816e-01
9.939366321775848778e-01
9.941309666801125822e-01
9.943280775650564784e-01
9.945273268551406698e-01
9.947280876034626518e-01
9.949297465728826895e-01
9.951317067527750693e-01
9.953333897034930544e-01
9.955342377203323379e-01
9.957337158101456920e-01
9.959313134750690244e-01
9.961265462990983588e-01
9.963189573345049288e-01
9.965081182863346765e-01
9.966936304945187564e-01
9.968751257144423672e-01
9.970522666981859183e-01
9.972247475800688488e-01
9.973922940715782559e-01
9.975546634722264328e-01
9.977116445043294757e-01
9.978630569810844619e-01
9.980087513185914583e-01
9.981486079035836179e-01
9.982825363295071419e-01
9.984104745142088344e-01
9.985323877127767478e-01
9.986482674390031455e-01
9.987581303084989148e-01
9.988620168156571166e-01
9.989599900554975154e-01
9.990521343999589909e-01
9.991385541365250811e-01
9.992193720752897690e-01
9.992947281287910544e-01
9.993647778673300230e-01
9.994296910511519805e-01
9.994896501399580524e-01
9.995448487798108683e-01
9.995954902677021137e-01
9.996417859948645290e-01
9.996839538713470086e-01
9.997222167363309930e-01
9.997568007610582175e-01
9.997879338538804284e-01
