9.997974677966744439e-01
9.997679884507343351e-01
9.997352921298785500e-01
9.996991741083804950e-01
9.996594319843342680e-01
9.996158669771089134e-01
9.995682851724360107e-01
9.995164987044780069e-01
9.994603268678322605e-01
9.993995971558664593e-01
9.993341462248608309e-01
9.992638207860250477e-01
9.991884784294464694e-01
9.991079883853877242e-01
9.990222322290750467e-01
9.989311045352565754e-01
9.988345134884468735e-01
9.987323814540052247e-01
9.986246455141574163e-01
9.985112579718669057e-01
9.983921868242181530e-01
9.982674162057941780e-01
9.981369468014823498e-01
9.980007962273009792e-01
9.978589993772302158e-01
9.977116087336762584e-01
9.975586946390970766e-01
9.974003455264430773e-01
9.972366681064100957e-01
9.970677875100029119e-01
9.968938473855503135e-01
9.967150099500321492e-01
9.965314559953504236e-01
9.963433848509382074e-01
9.961510143048226684e-01
9.959545804858919160e-01
9.957543377106198301e-01
9.955505582978412260e-01
9.953435323553101455e-01
9.951335675416758120e-01
9.949209888071658403e-01
9.947061381156441229e-01
9.944893741498118667e-01
9.942710720001487479e-01
9.940516228367595186e-01
9.938314335616292849e-01
9.936109264369326066e-01
9.933905386830496065e-01
9.931707220378608314e-01
9.929519422668023898e-01
9.927346786111365118e-01
9.925194231600007466e-01
9.923066801301255735e-01
9.920969650357236436e-01
9.918908037300231406e-01
9.916887312992855863e-01
9.914912907899746664e-01
9.912990317500229853e-01
9.911125085659092671e-01
9.909322785784813181e-01
9.907588999621121939e-01
9.905929293538309199e-01
9.904349192214562114e-01
9.902854149624420455e-01
9.901449517280553891e-01
9.900140509706106817e-01
9.898932167147288519e-01
9.897829315569578457e-01
9.896836524015603098e-01
9.895958059438270116e-01
9.895197839159195485e-01
9.894559381139520493e-01
9.894045752287832229e-01
9.893659515067632082e-01
9.893402672703983658e-01
9.893276613324829549e-01
9.893282053405718646e-01
9.893418980916105498e-01
9.893686598589209735e-01
9.894083267754190114e-01
9.894606453177358096e-01
9.895252669357085251e-01
9.896017428703616226e-01
9.896895192009841358e-01
9.897879321581827261e-01
9.898962037349247067e-01
9.900134376216757071e-01
9.901386154849569632e-01
9.902705936012113908e-01
9.904080998500225386e-01
9.905497310627585650e-01
9.906939507148881940e-01
9.908390869428140846e-01
9.909833308593357648e-01
9.911247351360089608e-01
9.912612128158750924e-01
9.913905363164280393e-01
9.915103365803269453e-01
9.916181023302959030e-01
9.917111793848599754e-01
9.917867699929989733e-01
9.918419321484066575e-01
9.918735788477237580e-01
9.918784772617907919e-01
9.918532477945635195e-01
9.917943630107640685e-01
9.916981464205694152e-01
9.915607711176205319e-01
9.913782582753695172e-01
9.911464755162723295e-01
9.908611351786184018e-01
9.905177925168866526e-01
9.901118438834713986e-01
9.896385249524359828e-01
9.890929090596122242e-01
9.884699057477901452e-01
9.877642596208132675e-01
9.869705496258925903e-01
9.860831888990904126e-01
9.850964253243277291e-01
9.840043429709870448e-01
9.828008645886975314e-01
9.814797553496380500e-01
9.800346280381048159e-01
9.784589498935852836e-01
9.767460513166350555e-01
9.748891366460175067e-01
9.728812972104687873e-01
9.707155268488636413e-01
9.683847400783585080e-01
9.658817930713037292e-01
9.631995075784957061e-01
9.603306979089365480e-01
9.572682010450576096e-01
9.540049099377575503e-01
9.505338099881087688e-01
9.468480186826888634e-01
9.429408283077378439e-01
9.388057516242280798e-01
9.344365703419863500e-01
9.298273861867063506e-01
9.249726743095254555e-01
9.198673387452965811e-01
9.145067695832334032e-01
9.088869014727579687e-01
9.030042730486284031e-01
8.968560868233377281e-01
8.904402690618756777e-01
8.837555291248699874e-01
8.768014177414233945e-01
8.695783836532740008e-01
8.620878280578024855e-01
8.543321562694556892e-01
8.463148260178461335e-01
8.380403918065575386e-01
8.295145447698473173e-01
8.207441474851729923e-01
8.117372632278361255e-01
8.025031791898534772e-01
7.930524232281400687e-01
7.833967737566289724e-01
7.735492624523788718e-01
7.635241695060341893e-01
7.533370112111456018e-01
7.430045197535813939e-01
7.325446151302192899e-01
7.219763691939682371e-01
7.113199618885739373e-01
7.005966298003989401e-01
6.898286072143100522e-01
6.790390599161273411e-01
6.682520120341097769e-01
6.574922662563864595e-01
6.467853177999836056e-01
6.361572625404519066e-01
6.256346997394972576e-01
6.152446298322247209e-01
6.050143477564988714e-01
5.949713323254135489e-01
5.851431321610174319e-01
5.755572487241134017e-01
5.662410169919722680e-01
5.572214843537590667e-01
5.485252883127751389e-01
5.401785336052864483e-01
5.322066693676494875e-01
5.246343670061214270e-01
5.174853994464461149e-01
5.107825224620963223e-01
5.045473587998331455e-01
4.988002858377104110e-01
4.935603275226595477e-01
4.888450513409885456e-01
4.846704710744759170e-01
4.810509560861859768e-01
4.779991478629979085e-01
4.755258845155064806e-01
4.736401339003085686e-01
4.723489359846475555e-01
4.716573550193906561e-01
4.715684420238303032e-01
4.720832080156831534e-01
4.732006083428422771e-01
4.749175383909836068e-01
4.772288408542204596e-01
4.801273246657872251e-01
4.836037955933172316e-01
4.876470984098097983e-01
4.922441704577548149e-01
4.973801063310447912e-01
5.030382333079606028e-01
5.092001970794106658e-01
5.158460572302596692e-01
5.229543918485879406e-01
5.305024105586111371e-01
5.384660751982428550e-01
5.468202272925610785e-01
5.555387214103022497e-01
5.645945634327544926e-01
5.739600527137880270e-01
5.836069270671949694e-01
5.935065094838569699e-01
6.036298554575925124e-01
6.139478997856321341e-01
6.244316017085298487e-01
6.350520872656058025e-01
6.457807877662929963e-01
6.565895733153949143e-01
6.674508803813123947e-01
6.783378324604951715e-01
6.892243529682569037e-01
7.000852695746878629e-01
7.108964093035994303e-01
7.216346838207152725e-01
7.322781644529735567e-01
7.428061466018669456e-01
7.531992033381564866e-01
7.634392280908196549e-01
7.735094664675747911e-01
7.833945373655231137e-01
7.930804436463346763e-01
8.025545727589760148e-01
8.118056877925294845e-01
8.208239095306378852e-01
8.296006901562917868e-01
8.381287793200735692e-01
8.464021833359379743e-01
8.544161183057549236e-01
8.621669579971582564e-01
8.696521773089295193e-01
8.768702921547699702e-01
8.838207965806305078e-01
8.905040979038132409e-01
8.969214506250321461e-01
9.030748898188981633e-01
9.089671646553545425e-01
9.146016726459913482e-01
9.199823951464959348e-01
9.251138345812975894e-01
9.300009537902577117e-01
9.346491178314277892e-01
9.390640385097180909e-01
9.432517218399104619e-01
9.472184185947234436e-01
9.509705780353663318e-01
9.545148048737203128e-01
9.578578194723590400e-01
9.610064212512077209e-01
9.639674552377867078e-01
9.667477816715401850e-01
9.693542485514584639e-01
9.717936669997091492e-01
9.740727893018520378e-01
9.761982894759509977e-01
9.781767462179818962e-01
9.800146280688653011e-01
9.817182806487109170e-01
9.832939158059845752e-01
9.847476025328608662e-01
9.860852595026540213e-01
9.873126490906040109e-01
9.884353727452042104e-01
9.894588675835023217e-01
9.903884040902752872e-01
9.912290848075816507e-01
9.919858439078950152e-01
9.926634475507989386e-01
9.932664949300528123e-01
9.937994199247106586e-01
9.942664932748503936e-01
9.946718252092916490e-01
9.950193684593722221e-01
9.953129215993056222e-01
9.955561326597448524e-01
9.957525029667937400e-01
9.959053911637267831e-01
9.960180173769831447e-01
9.960934674915297160e-01
9.961346975034017781e-01
9.961445379191364857e-01
9.961256981730014504e-01
9.960807710334751430e-01
9.960122369705476375e-01
9.959224684552538953e-01
9.958137341626445149e-01
9.956882030493691138e-01
9.955479482773764710e-01
9.953949509561282882e-01
9.952311036772805153e-01
9.950582138181268688e-01
9.948780065932152361e-01
9.946921278374376563e-01
9.945021465084583623e-01
9.943095569014525070e-01
9.941157805746252407e-01
9.939221679896584893e-01
9.937299998769036913e-01
9.935404883405896115e-01
9.933547777243650900e-01
9.931739452619705588e-01
9.929990015415972593e-01
9.928308908154522827e-01
9.926704911881216731e-01
9.925186147185065533e-01
9.923760074703964484e-01
9.922433495461933095e-01
9.921212551369911203e-01
9.920102726202363330e-01
9.919108847336859380e-01
9.918235088514486542e-01
9.917484973846977248e-01
9.916861383262920437e-01
9.916366559551703652e-01
9.916002117130789939e-01
9.915769052630521996e-01
9.915667757361290580e-01
9.915698031700986848e-01
9.915859101416255594e-01
9.916149635908925175e-01
9.916567768358925949e-01
9.917111117716475022e-01
9.917776812478928949e-01
9.918561516171010561e-01
9.919461454430784642e-01
9.920472443587626810e-01
9.921589920602421619e-01
9.922808974224557321e-01
9.924124377205225667e-01
9.925530619392614051e-01
9.927021941522160553e-01
9.928592369504907200e-01
9.930235749009335144e-01
9.931945780127587886e-01
9.933716051915658651e-01
9.935540076599208570e-01
9.937411323241968075e-01
9.939323250681867394e-01
9.941269339550825590e-01
9.943243123206817469e-01
9.945238217421006333e-01
9.947248348677730778e-01
9.949267380960471474e-01
9.951289340912206072e-01
9.953308441273428508e-01
9.955319102515443053e-01
9.957315972600278009e-01
9.959293944811740129e-01
9.961248173614917212e-01
9.963174088514040738e-01
9.965067405891218089e-01
9.966924138821394719e-01
9.968740604872109445e-01
9.970513431910257296e-01
9.972239561952228604e-01
9.973916253108190411e-01
9.975541079685885659e-01
9.977111930533691941e-01
9.978627005716413922e-01
9.980084811629974517e-01
9.981484154672138898e-01
9.982824133595263882e-01
9.984104130673093769e-01
9.985323801816552436e-01
9.986483065772749912e-01
9.987582092537052869e-01
9.988621291099918365e-01
9.989601296638610517e-01
9.990522957249454716e-01
9.991387320299677244e-01
9.992195618460220086e-01
9.992949255463402514e-01
9.993649791613292699e-01
9.994298929063477610e-01
9.994898496867904436e-01
9.995450435806525480e-01
9.995956782989557921e-01
9.996419656252290009e-01
9.996841238366647175e-01
9.997223761115239249e-01
9.997569489297323253e-01
9.997880704762346360e-01
