9.997976014580274295e-01
9.997681424777320469e-01
9.997354688335082784e-01
9.996993759413048686e-01
9.996596615341474257e-01
9.996161269576450126e-01
9.995685784131753682e-01
9.995168281381279218e-01
9.994606955162000927e-01
9.994000081141692915e-01
9.993346026446501273e-01
9.992643258569223752e-01
9.991890353599095498e-01
9.991086003827356343e-01
9.990229024790089341e-01
9.989318361811160285e-01
9.988353096104340967e-01
9.987332450486058333e-01
9.986255794739694602e-01
9.985122650660369636e-01
9.983932696796639084e-01
9.982685772893704623e-01
9.981381884032284324e-01
9.980021204448816796e-01
9.978604081016608784e-01
9.977131036363992012e-01
9.975602771604497043e-01
9.974020168655404195e-01
9.972384292124338856e-01
9.970696390748711169e-01
9.968957898379119387e-01
9.967170434505118193e-01
9.965335804329370495e-01
9.963455998403917269e-01
9.961533191849452074e-01
9.959569743184866208e-01
9.957568192799417517e-01
9.955531261103246488e-01
9.953461846393463208e-01
9.951363022472087261e-01
9.949238036048764222e-01
9.947090303955037349e-01
9.944923410188082347e-01
9.942741102790204621e-01
9.940547290556152049e-01
9.938346039543815014e-01
9.936141569345370295e-01
9.933938249056035730e-01
9.931740592856880268e-01
9.929553255107179677e-01
9.927381024821544386e-01
9.925228819388057788e-01
9.923101677366817919e-01
9.921004750194317712e-01
9.918943292608595197e-01
9.916922651603690131e-01
9.914948253719932936e-01
9.913025590479352944e-01
9.911160201782943657e-01
9.909357657098636363e-01
9.907623534285324718e-01
9.905963395918705450e-01
9.904382763008600099e-01
9.902887086024241281e-01
9.901481713173175825e-01
9.900171855910538943e-01
9.898962551687984224e-01
9.897858623985378301e-01
9.896864639703051303e-01
9.895984864028107841e-01
9.895223212924696421e-01
9.894583203435269869e-01
9.894067902017426031e-01
9.893679871178603369e-01
9.893421114707969810e-01
9.893293021840582346e-01
9.893296310722015097e-01
9.893430971570870147e-01
9.893696209960318733e-01
9.894090390656404832e-01
9.894610982458800219e-01
9.895254504487468461e-01
9.896016474345438185e-01
9.896891358562646124e-01
9.897872525688876655e-01
9.898952202355264518e-01
9.900121432565145430e-01
9.901370040407526663e-01
9.902686596312518796e-01
9.904058386890051136e-01
9.905471388313894510e-01
9.906910243135200744e-01
9.908358240336140321e-01
9.909797298367244434e-01
9.911207950853869741e-01
9.912569334609528937e-01
9.913859179557811263e-01
9.915053800141142570e-01
9.916128087783846468e-01
9.917055503978879916e-01
9.917808073581749762e-01
9.918356377920749534e-01
9.918669547369127759e-01
9.918715253071055393e-01
9.918459697568694500e-01
9.917867604141413773e-01
9.916902204739884708e-01
9.915525226477011067e-01
9.913696876724373830e-01
9.911375826957261603e-01
9.908519195593661344e-01
9.905082530183120237e-01
9.901019789420592021e-01
9.896283325588272062e-01
9.890823868164848598e-01
9.884590509485836618e-01
9.877530693489472435e-01
9.869590208737748505e-01
9.860713187058882667e-01
9.850842109311869210e-01
9.839917819921376596e-01
9.827879551966836047e-01
9.814664964727544127e-01
9.800210195680145731e-01
9.784449929010186064e-01
9.767317482730371037e-01
9.748744916489998635e-01
9.728663162109280060e-01
9.707002178776444890e-01
9.683691134703578118e-01
9.658658616849185030e-01
9.631832870083181231e-01
9.603142066895842266e-01
9.572514608439954831e-01
9.539879457349300651e-01
9.505166502401504180e-01
9.468306954694348798e-01
9.429233774587187922e-01
9.387882128228127732e-01
9.344189872048416223e-01
9.298098063162872906e-01
9.249551493173953087e-01
9.198499242442077506e-01
9.144895251460885000e-01
9.088698905568016739e-01
9.029875628835088985e-01
8.968397482619978600e-01
8.904243763935997258e-01
8.837401598501950506e-01
8.767866523090256381e-01
8.695643051593472395e-01
8.620745219088393752e-01
8.543197098097218278e-01
8.463033281231890914e-01
8.380299324465085853e-01
8.295052145402506127e-01
8.207360371138122668e-01
8.117304630557211631e-01
8.024977786309710481e-01
7.930485102105896411e-01
7.833944341481289264e-01
7.735485794731659093e-01
7.635252231321938421e-01
7.533398775713937567e-01
7.430092705224899952e-01
7.325513169208297537e-01
7.219850829526879288e-01
7.113307422951919978e-01
7.006095246760022377e-01
6.898436569398358476e-01
6.790562968642497310e-01
6.682714600171566488e-01
6.575139399929891271e-01
6.468092224032319093e-01
6.361833930304308105e-01
6.256630405832355191e-01
6.152751545143309020e-01
6.050470183840350735e-01
5.950060992709322871e-01
5.851799337481186081e-01
5.755960109603607266e-01
5.662816533545320663e-01
5.572638956336999350e-01
5.485693625244749683e-01
5.402241459679398838e-01
5.322536823662652461e-01
5.246826305397225276e-01
5.175347510713230736e-01
5.108327877378999737e-01
5.045983517459720069e-01
4.988518095069147673e-01
4.936121746976603886e-01
4.888970053590000475e-01
4.847223067825930931e-01
4.811024409288858772e-01
4.780500431007199680e-01
4.755759465708077061e-01
4.736891158253954126e-01
4.723965890412772373e-01
4.717034303592290145e-01
4.716126924545236410e-01
4.721253898351550626e-01
4.732404832218239932e-01
4.749548752815870856e-01
4.772634179005571520e-01
4.801589310912924846e-01
4.836322335386366023e-01
4.876721846948560701e-01
4.922657382418961225e-01
4.973980066463311589e-01
5.030523364418206800e-01
5.092103937853225126e-01
5.158522597474546334e-01
5.229565347148419363e-01
5.305004512034983133e-01
5.384599943078134388e-01
5.468100289401534031e-01
5.555244329520145907e-01
5.645762351698803139e-01
5.739377573282091749e-01
5.835807588391787037e-01
5.934765833049453487e-01
6.035963056541269189e-01
6.139108787709900428e-01
6.243912784842462482e-01
6.350086457932214712e-01
6.457344252330130541e-01
6.565404983174267795e-01
6.673993110491136527e-01
6.782839945501170087e-01
6.891684779425328866e-01
7.000275926972232554e-01
7.108371677674079070e-01
7.215741149319558900e-01
7.322165038886006005e-01
7.427436267581735141e-01
7.531360517851755088e-01
7.633756661454327297e-01
7.734457078959611209e-01
7.833307872233304936e-01
7.930168972626802093e-01
8.024914148681572268e-01
8.117430918151288255e-01
8.207620370036217139e-01
8.295396903097235208e-01
8.380687887962247062e-01
8.463433260449090278e-01
8.543585054102367238e-01
8.621106880176668819e-01
8.695973363397714317e-01
8.768169541801309474e-01
8.837690238795332665e-01
8.904539415322652030e-01
8.968729509634699726e-01
9.030280771730220257e-01
9.089220598986313959e-01
9.145582878924598536e-01
9.199407344430228228e-01
9.250738946090901749e-01
9.299627245662090980e-01
9.346125834007373845e-01
9.390291776221721953e-01
9.432185086031947829e-01
9.471868230991605797e-01
9.509405669454896737e-01
9.544863419831119966e-01
9.578308662191499234e-01
9.609809371925691623e-01
9.639433984826030199e-01
9.667251092712366711e-01
9.693329168496573889e-01
9.717736319419857383e-01
9.740540067073701902e-01
9.761807152731543091e-01
9.781603366468192284e-01
9.799993398522347521e-01
9.817040711359182881e-01
9.832807430910416313e-01
9.847354255504097154e-01
9.860740381041966929e-01
9.873023441035656544e-01
9.884259460171630485e-01
9.894502820137075494e-01
9.903806236503390759e-01
9.912220745529987109e-01
9.919795699818124701e-01
9.926578771812418767e-01
9.932615964216109372e-01
9.937951626455149290e-01
9.942628476395144466e-01
9.946687626583650133e-01
9.950168614357490782e-01
9.953109435219542611e-01
9.955546578950644765e-01
9.957515067978667256e-01
9.959048497577125403e-01
9.960179077508908296e-01
9.960937674766112693e-01
9.961353857084145336e-01
9.961455936927469113e-01
9.961271015656183447e-01
9.960825027588275926e-01
9.960142783673467948e-01
9.959248014492996237e-01
9.958163412297591499e-01
9.956910671795560219e-01
9.955510529406108589e-01
9.953982800701881573e-01
9.952346415780212174e-01
9.950619452325822900e-01
9.948819166158818783e-01
9.946962019100572538e-01
9.945063704035607133e-01
9.943139167098582476e-01
9.941202626970301326e-01
9.939267591323384110e-01
9.937346870514850439e-01
9.935452588677334829e-01
9.933596192411130454e-01
9.931788457323997843e-01
9.930039492703413018e-01
9.928358744635549238e-01
9.926754997906205302e-01
9.925236377030847157e-01
9.923810346764008194e-01
9.922483712433042280e-01
9.921262620428322743e-01
9.920152559162473960e-01
9.919158360786345385e-01
9.918284203920382236e-01
9.917533617628281339e-01
9.916909486826464004e-01
9.916414059289301308e-01
9.916048954377103541e-01
9.915815173582408493e-01
9.915713112960781173e-01
9.915742577485268106e-01
9.915902797339091190e-01
9.916192446138809569e-01
9.916609661059888614e-01
9.917152064817766899e-01
9.917816789439882763e-01
9.918600501747134590e-01
9.919499430446675481e-01
9.920509394721576113e-01
9.921625834186693638e-01
9.922843840064341503e-01
9.924158187418179455e-01
9.925563368269838538e-01
9.927053625410453552e-01
9.928622986709181308e-01
9.930265299713342264e-01
9.931974266330446666e-01
9.933743477381280496e-01
9.935566446815456976e-01
9.937436645386330536e-01
9.939347533590537909e-01
9.941292593688314527e-01
9.943265360633583017e-01
9.945259451757013647e-01
9.947268595060332341e-01
9.949286655995469575e-01
9.951307662617443484e-01
9.953325829014674220e-01
9.955335576934722930e-01
9.957331555537110024e-01
9.959308659217971371e-01
9.961262043464026439e-01
9.963187138705874579e-01
9.965079662153165652e-01
9.966935627606987591e-01
9.968751353257981895e-01
9.970523467492329317e-01
9.972248912741844551e-01
9.973924947428869370e-01
9.975549146071208684e-01
9.977119397626760255e-01
9.978633902171234471e-01
9.980091166015063742e-01
9.981489995376595648e-01
9.982829488737546830e-01
9.984109028012756459e-01
9.985328268669186880e-01
9.986487128928459578e-01
9.987585778182810348e-01
9.988624624746200720e-01
9.989604303050777512e-01
9.990525660384347306e-01
9.991389743247959254e-01
9.992197783394959343e-01
9.992951183595393250e-01
9.993651503153558879e-01
9.994300443193334660e-01
9.994899831716858030e-01
9.995451608438192803e-01
9.995957809395641380e-01
9.996420551354536777e-01
9.996842016026563638e-01
9.997224434151199546e-01
9.997570069508601165e-01
9.997881202959472136e-01
