9.997975864810069169e-01
9.997681251504417776e-01
9.997354488780276771e-01
9.996993530611123502e-01
9.996596354147614383e-01
9.996160972675149914e-01
9.995685448048211574e-01
9.995167902495217804e-01
9.994606529723807364e-01
9.993999605290725397e-01
9.993345496231365033e-01
9.992642669969796776e-01
9.991889702550029728e-01
9.991085286242784580e-01
9.990228236589234756e-01
9.989317498944543239e-01
9.988352154580275588e-01
9.987331426397136891e-01
9.986254684288978778e-01
9.985121450187002257e-01
9.983931402800636512e-01
9.982684382059706651e-01
9.981380393252052841e-01
9.980019610842323363e-01
9.978602381951572342e-01
9.977129229473754579e-01
9.975600854804167472e-01
9.974018140156206691e-01
9.972382150446172933e-01
9.970694134730910818e-01
9.968955527189476973e-01
9.967167947647223025e-01
9.965333201648385320e-01
9.963453280090919240e-01
9.961530358444496969e-01
9.959566795578992382e-01
9.957565132235781657e-01
9.955528089177676510e-01
9.953458565054669194e-01
9.951359634021842426e-01
9.949234543142322362e-01
9.947086709602096510e-01
9.944919717754562294e-01
9.942737316001075687e-01
9.940543413499537406e-01
9.938342076676504044e-01
9.936137525499835199e-01
9.933934129448962480e-01
9.931736403099130639e-01
9.929549001215035586e-01
9.927376713228971417e-01
9.925224456959659269e-01
9.923097271411065456e-01
9.921000308476590757e-01
9.918938823363493418e-01
9.916918163546079024e-01
9.914943756054148682e-01
9.913021092906030285e-01
9.911155714502927205e-01
9.909353190813512402e-01
9.907619100194160477e-01
9.905959005710650578e-01
9.904378428851096094e-01
9.902882820546645704e-01
9.901477529445710246e-01
9.900167767418499576e-01
9.898958572301269632e-01
9.897854767923371933e-01
9.896860921494982088e-01
9.895981298469016529e-01
9.895219815027145316e-01
9.894579988376954738e-01
9.894064885084862260e-01
9.893677067707054018e-01
9.893418540017819840e-01
9.893290691170406603e-01
9.893294239158617609e-01
9.893429173976673319e-01
9.893694700898556516e-01
9.894089184314696084e-01
9.894610092571800575e-01
9.895253944259465584e-01
9.896016256373861841e-01
9.896891494763656594e-01
9.897873027226279374e-01
9.898953079574158709e-01
9.900122694931755563e-01
9.901371696456736649e-01
9.902688653604602154e-01
9.904060851978054858e-01
9.905474266723007792e-01
9.906913539355286513e-01
9.908361957828358824e-01
9.909801439585456118e-01
9.911212517281162704e-01
9.912574326809859837e-01
9.913864597242372234e-01
9.915059642248664762e-01
9.916134352573626742e-01
9.917062189134963068e-01
9.917815176326260085e-01
9.918363895134093555e-01
9.918677475714423597e-01
9.918723589119955442e-01
9.918468437925538339e-01
9.917876745562579366e-01
9.916911744245129334e-01
9.915535161449658963e-01
9.913707204997309619e-01
9.911386546881898463e-01
9.908530306089295969e-01
9.905094030764441948e-01
9.901031680201488605e-01
9.896295607260511273e-01
9.890836541950677185e-01
9.884603577064040580e-01
9.877544156894908500e-01
9.869604070234856419e-01
9.860727448990125321e-01
9.850856773922483933e-01
9.839932889162167351e-01
9.827895027277071538e-01
9.814680846800267755e-01
9.800226484212397615e-01
9.784466622440787242e-01
9.767334577967983211e-01
9.748762408634228382e-01
9.728681044167587499e-01
9.707020441379631270e-01
9.683709765822554605e-01
9.658677601515741618e-01
9.631852190117431434e-01
9.603161700643029208e-01
9.572534530519325457e-01
9.539899638417763672e-01
9.505186908934877277e-01
9.468327548789029491e-01
9.429254513785146896e-01
9.387902965368168928e-01
9.344210755146683534e-01
9.298118935325527801e-01
9.249572292544924190e-01
9.198519902188642128e-01
9.144915699799653908e-01
9.088719065833659183e-01
9.029895419593794159e-01
8.968416817829297782e-01
8.904262553152243465e-01
8.837419747135889514e-01
8.767883932711292294e-01
8.695659620282004676e-01
8.620760841835490851e-01
8.543211667250261154e-01
8.463046686984312394e-01
8.380311455387912112e-01
8.295062889014973573e-01
8.207369614514308243e-01
8.117312260965303672e-01
8.024983691880336334e-01
7.930489172525713171e-01
7.833946468707917443e-01
7.735485873726024586e-01
7.635250160793953800e-01
7.533394458877553657e-01
7.430086050558541988e-01
7.325504091216794578e-01
7.219839249501054379e-01
7.113293269722160694e-01
7.006078457440143570e-01
6.898417090116341077e-01
6.790540755254639294e-01
6.682689618956725308e-01
6.575111628260583707e-01
6.468061651019408886e-01
6.361800557411985135e-01
6.256594247460085523e-01
6.152712629171144254e-01
6.050428552133843008e-01
5.950016701579886602e-01
5.851752458097325693e-01
5.755910728347825023e-01
5.662764752311078009e-01
5.572584892759142594e-01
5.485637412856433359e-01
5.402183247987466519e-01
5.322476778133087283e-01
5.246764607341412034e-01
5.175284357065517149e-01
5.108263480355770270e-01
5.045918104090144629e-01
4.988451906588293738e-01
4.936055038072088008e-01
4.888903091494757325e-01
4.847156131250967004e-01
4.810957787192090551e-01
4.780434421196703143e-01
4.755694373281065257e-01
4.736827293875852662e-01
4.723903568444187684e-01
4.716973840075416868e-01
4.716068635064798453e-01
4.721198095789080895e-01
4.732351824422101894e-01
4.749498840212454942e-01
4.772587652180131368e-01
4.801546448190670002e-01
4.836283400446232950e-01
4.876687086503042057e-01
4.922627023993735307e-01
4.973954316309874280e-01
5.030502405591497084e-01
5.092087928484231307e-01
5.158511669265204436e-01
5.229559604112754556e-01
5.305004029506631413e-01
5.384604766999983028e-01
5.468110435908726252e-01
5.555259784822734748e-01
5.645783072265483371e-01
5.739403486321570380e-01
5.835838592623636689e-01
5.934801799751825424e-01
6.036003830858784891e-01
6.139154190201281391e-01
6.243962613244364857e-01
6.350140489113049735e-01
6.457402244405501257e-01
6.565466677754245861e-01
6.674058235028502706e-01
6.782908215709498867e-01
6.891755901735793222e-01
7.000349600998725386e-01
7.108447598657274824e-01
7.215819010522037669e-01
7.322244533912452003e-01
7.427517092600290916e-01
7.531442373695120818e-01
7.633839255581744698e-01
7.734540127263627163e-01
7.833391100678110952e-01
7.930252118707865616e-01
8.024996962699108005e-01
8.117513164293110872e-01
8.207701827268247818e-01
8.295477365862559127e-01
8.380767166692275616e-01
8.463511181892577895e-01
8.543661461480187569e-01
8.621181633172142478e-01
8.696046337993907915e-01
8.768240629978008016e-01
8.837759348099503143e-01
8.904606468326988766e-01
8.968794443299332730e-01
9.030343536682904348e-01
9.089281158736378652e-01
9.145641209025697771e-01
9.199463431606398345e-01
9.250792787339762180e-01
9.299678847348155086e-01
9.346175210957430313e-01
9.390338950833103659e-01
9.432230087403291607e-01
9.471911094084449756e-01
9.509446434293113981e-01
9.544902130743907476e-01
9.578345367104332819e-01
9.609844121702409980e-01
9.639466832664038698e-01
9.667282093591851311e-01
9.693358378683603060e-01
9.717763796022418354e-01
9.740565867648888210e-01
9.761831334941544203e-01
9.781625987782202047e-01
9.800014515961144035e-01
9.817060381278889247e-01
9.832825708821825161e-01
9.847371195923906306e-01
9.860756037372354621e-01
9.873037865468751173e-01
9.884272703615665234e-01
9.894514932161246890e-01
9.903817265298735517e-01
9.912230737883901410e-01
9.919804701100438660e-01
9.926586825971244199e-01
9.932623113781965385e-01
9.937957912552102258e-01
9.942633938757949874e-01
9.946692303580051409e-01
9.950172543015014526e-01
9.953112651256227350e-01
9.955549116809262467e-01
9.957516960864050137e-01
9.959049777496263856e-01
9.960179775313496853e-01
9.960937820197236503e-01
9.961353478818797402e-01
9.961455062626558554e-01
9.961269672013672860e-01
9.960823240381069255e-01
9.960140577811628093e-01
9.959245414069833879e-01
9.958160440639164390e-01
9.956907351509066695e-01
9.955506882426660153e-01
9.953978848337126095e-01
9.952342178752279223e-01
9.950614950810060533e-01
9.948814419818847732e-01
9.946957047119184825e-01
9.945058525141120542e-01
9.943133799586303390e-01
9.941197088718862762e-01
9.939261899805786893e-01
9.937341042804178626e-01
9.935446641447214233e-01
9.933590141931119000e-01
9.931782319450253027e-01
9.930033282865072808e-01
9.928352477817407040e-01
9.926748688628370676e-01
9.925230039326150555e-01
9.923803994154019037e-01
9.922477357903601858e-01
9.921256276405506780e-01
9.920146237489907426e-01
9.919152072704744416e-01
9.918277960050133624e-01
9.917527427955754593e-01
9.916903360694637737e-01
9.916408005393130276e-01
9.916042980763878356e-01
9.915809287657192383e-01
9.915707321496827209e-01
9.915736886639140435e-01
9.915897212670060634e-01
9.916186972631960694e-01
9.916604303152249944e-01
9.917146826426714856e-01
9.917811673993008892e-01
9.918595512212783349e-01
9.919494569364363246e-01
9.920504664231580838e-01
9.921621236058190130e-01
9.922839375721577149e-01
9.924153857964298497e-01
9.925559174508117311e-01
9.927049567862836765e-01
9.928619065632134921e-01
9.930261515111162840e-01
9.931970617966273673e-01
9.933739964786109100e-01
9.935563069295527683e-01
9.937433402029295371e-01
9.939344423270793927e-01
9.941289615071904340e-01
9.943262512183013158e-01
9.945256731736307199e-01
9.947266001540554514e-01
9.949284186860951618e-01
9.951305315572811505e-01
9.953323601592776182e-01
9.955333466505474904e-01
9.957329559317225076e-01
9.959306774281527774e-01
9.961260266753769743e-01
9.963185467045148069e-01
9.965078092258349285e-01
9.966934156100315523e-01
9.968749976680617575e-01
9.970522182317584914e-01
9.972247715388438127e-01
9.973923834274127653e-01
9.975548113464144384e-01
9.977118441900956203e-01
9.978633019657489056e-01
9.980090353053741037e-01
9.981489248329670216e-01
9.982828804000294376e-01
9.984108402025066997e-01
9.985327697926472679e-01
9.986486609992123453e-01
9.987585307690231007e-01
9.988624199420190752e-01
9.989603919708461843e-01
9.990525315945404383e-01
9.991389434742153908e-01
9.992197507968914039e-01
9.992950938518518900e-01
9.993651285823093033e-01
9.994300251138430458e-01
9.994899662601676171e-01
9.995451460063967675e-01
9.995957679701702459e-01
9.996420438418293086e-01
9.996841918062461252e-01
9.997224349508696539e-01
9.997569996669216641e-01
9.997881140532973721e-01
