9.997976364652548797e-01
9.997681832494303977e-01
9.997355160965041287e-01
9.996994304774691198e-01
9.996597241794740185e-01
9.996161986006226741e-01
9.995686599924338278e-01
9.995169206393604844e-01
9.994607999683728927e-01
9.994001255850467613e-01
9.993347342356760921e-01
9.992644726975108416e-01
9.991891986012092497e-01
9.991087811909415972e-01
9.990231020283036889e-01
9.989320556463235912e-01
9.988355501594788910e-01
9.987335078348638095e-01
9.986258656286015611e-01
9.985125756903890926e-01
9.983936058378145573e-01
9.982689400009003844e-01
9.981385786362800827e-01
9.980025391095662668e-01
9.978608560438665398e-01
9.977135816320392703e-01
9.975607859101888186e-01
9.974025569900191179e-01
9.972390012480114585e-01
9.970702434698927030e-01
9.968964269495007580e-01
9.967177135418758827e-01
9.965342836711756913e-01
9.963463362947724278e-01
9.961540888256185111e-01
9.959577770155936260e-01
9.957576548030601105e-01
9.955539941281922323e-01
9.953470847197909421e-01
9.951372338572057608e-01
9.949247661106512819e-01
9.947100230625917083e-01
9.944933630119837664e-01
9.942751606620109373e-01
9.940558067905206352e-01
9.938357079007316131e-01
9.936152858479324612e-01
9.933949774359066565e-01
9.931752339747486058e-01
9.929565207896482448e-01
9.927393166681892644e-01
9.925241132318142201e-01
9.923114142154212391e-01
9.921017346376601598e-01
9.918955998434418886e-01
9.916935443995309463e-01
9.914961108238845577e-01
9.913038481296715387e-01
9.911173101656431950e-01
9.909370537357345965e-01
9.907636364824148334e-01
9.905976145203485572e-01
9.904395398093104319e-01
9.902899572579790810e-01
9.901494015531516757e-01
9.900183937120302646e-01
9.898974373584893405e-01
9.897870147276134345e-01
9.896875824062736360e-01
9.895995668210803009e-01
9.895233594886957418e-01
9.894593120472071623e-01
9.894077310910165401e-01
9.893688728354737005e-01
9.893429376411860821e-01
9.893300644315076164e-01
9.893303250400191651e-01
9.893437185277285106e-01
9.893701655120845651e-01
9.894095025515542430e-01
9.894614766302960440e-01
9.895257397872411209e-01
9.896018439325541260e-01
9.896892358919295862e-01
9.897872527154754074e-01
9.898951172830918743e-01
9.900119342323818739e-01
9.901366862283927928e-01
9.902682305871042256e-01
9.904052962567870821e-01
9.905464811534484548e-01
9.906902498388067135e-01
9.908349315218998310e-01
9.909787183587479564e-01
9.911196640186877849e-01
9.912556824812438494e-01
9.913845470238128454e-01
9.915038893580974122e-01
9.916111988721548753e-01
9.917038219351179684e-01
9.917789612230585305e-01
9.918336750270239088e-01
9.918648765079103313e-01
9.918693328674578202e-01
9.918436644101727984e-01
9.917843434773461198e-01
9.916876932414797619e-01
9.915498863573366517e-01
9.913669434744789566e-01
9.911347316255737505e-01
9.908489625149528024e-01
9.905051907429462954e-01
9.900988120134079917e-01
9.896250613846214739e-01
9.890790116374028607e-01
9.884555718486331966e-01
9.877494862735199943e-01
9.869553336554027778e-01
9.860675270975851614e-01
9.850803146471236449e-01
9.839877807552686040e-01
9.827838487928313160e-01
9.814622848105630792e-01
9.800167027441020196e-01
9.784405712696008228e-01
9.767272225192550339e-01
9.748698628651545350e-01
9.728615859748214190e-01
9.706953883322220200e-01
9.683641874038564357e-01
9.658608426107390121e-01
9.631781792438489642e-01
9.603090154332158956e-01
9.572461922495680842e-01
9.539826069828539756e-01
9.505112496044331172e-01
9.468252423798326767e-01
9.429178825572133160e-01
9.387826880135934360e-01
9.344134456969617197e-01
9.298042626581459746e-01
9.249496194222023293e-01
9.198444254055985203e-01
9.144840760430875681e-01
9.088645112473817678e-01
9.029822747860627441e-01
8.968345741241249280e-01
8.904193402477245112e-01
8.837352869556547308e-01
8.767819690804059540e-01
8.695598390809948786e-01
8.620703014356361216e-01
8.543157642543610653e-01
8.462996875303514521e-01
8.380266274544764249e-01
8.295022762306406561e-01
8.207334968502237871e-01
8.117283523122006406e-01
8.024961288112890667e-01
7.930473524593822932e-01
7.833937991550203872e-01
7.735484972710165996e-01
7.635257228906362492e-01
7.533409873868306406e-01
7.430110172057142748e-01
7.325537257834178195e-01
7.219881775932840418e-01
7.113345443867793438e-01
7.006140537552076886e-01
6.898489301992872802e-01
6.790623289489567949e-01
6.682782628258429058e-01
6.575215224852739571e-01
6.468175904135231580e-01
6.361925490893660662e-01
6.256729837475134559e-01
6.152858802057706855e-01
6.050585182387411276e-01
5.950183609995046696e-01
5.851929410079268479e-01
5.756097432410209880e-01
5.662960858778854911e-01
5.572789992697484429e-01
5.485851037249629414e-01
5.402404867194622318e-01
5.322705801650369217e-01
5.247000383903599463e-01
5.175526175121936134e-01
5.108510568957838061e-01
5.046169634228786505e-01
4.988706993019648150e-01
4.936312741668893445e-01
4.889162422158032095e-01
4.847416051412527516e-01
4.811217215932455105e-01
4.780692238995232213e-01
4.755949427405802288e-01
4.737078404409474919e-01
4.724149534930121019e-01
4.717213448754646876e-01
4.716300666659525298e-01
4.721421333774993290e-01
4.732565063716266396e-01
4.749700896190200972e-01
4.772777369921347157e-01
4.801722711844811364e-01
4.836445142596167424e-01
4.876833297401034217e-01
4.922756760538805620e-01
4.974066710634570398e-01
5.030596673128062690e-01
5.092163375384981538e-01
5.158567699059817269e-01
5.229595723495894521e-01
5.305019853162291632e-01
5.384600021384426949e-01
5.468084961930670396e-01
5.555213539377782395e-01
5.645716128600853922e-01
5.739316033226343761e-01
5.835730932459044507e-01
5.934674345354373770e-01
6.035857101366597366e-01
6.138988805869942667e-01
6.243779289332953564e-01
6.349940028933287461e-01
6.457185531637377185e-01
6.565234668139341423e-01
6.673811947558254687e-01
6.782648723429020032e-01
6.891484322285388320e-01
7.000067087014477663e-01
7.108155328149577956e-01
7.215518177346458284e-01
7.321936338441423775e-01
7.427202732696762677e-01
7.531123036080756838e-01
7.633516107682772889e-01
7.734214309607119198e-01
7.833063719900644761e-01
7.929924241227306325e-01
8.024669609088760369e-01
8.117187304386186408e-01
8.207378376009252241e-01
8.295157179911369916e-01
8.380451041776184606e-01
8.463199850891869325e-01
8.543355593223691535e-01
8.620881831911071380e-01
8.695753143514985961e-01
8.767954518310718814e-01
8.837480732767104552e-01
8.904335702086867421e-01
8.968531820315310821e-01
9.030089295070277133e-01
9.089035483419622974e-01
9.145404234848988345e-01
9.199235246638256536e-01
9.250573436315152609e-01
9.299468335194125412e-01
9.345973506351855642e-01
9.390145989750096067e-01
9.432045776603342757e-01
9.471735314512103043e-01
9.509279044350087418e-01
9.544742969410642264e-01
9.578194256888156177e-01
9.609700871395524535e-01
9.639331239899451287e-01
9.667153947189943697e-01
9.693237460786350290e-01
9.717649884016077433e-01
9.740458735879458096e-01
9.761730756230189154e-01
9.781531734750276152e-01
9.799926362176353267e-01
9.816978102235541792e-01
9.832749082769021154e-01
9.847300004555988862e-01
9.860690066395983999e-01
9.872976905060654174e-01
9.884216548784497958e-01
9.894463383026143033e-01
9.903770127296110948e-01
9.912187821912901153e-01
9.919765823616248923e-01
9.926551809034263041e-01
9.932591785069654344e-01
9.937930105339281006e-01
9.942609491870255667e-01
9.946671061324467988e-01
9.950154355090592428e-01
9.953097372647532470e-01
9.955536607664603466e-01
9.957507086360176674e-01
9.959042407690964493e-01
9.960174784987383401e-01
9.960935088685917149e-01
9.961352889836609936e-01
9.961456504083103791e-01
9.961273035824427247e-01
9.960828422273494409e-01
9.960147477128274973e-01
9.959253933570100248e-01
9.958170486301460844e-01
9.956918832335279745e-01
9.955519710250888554e-01
9.953992937640748773e-01
9.952357446487440917e-01
9.950631316233690127e-01
9.948831804339244300e-01
9.946975374157153160e-01
9.945077720007450273e-01
9.943153789377220386e-01
9.941217802230759570e-01
9.939283267470272465e-01
9.937362996644049096e-01
9.935469115053560119e-01
9.933613070461292383e-01
9.931805639645920891e-01
9.930056933089084215e-01
9.928376398107698897e-01
9.926772820766621708e-01
9.925254326918503400e-01
9.923828382720764063e-01
9.922501794974438738e-01
9.921280711616783377e-01
9.920170622680158923e-01
9.919176362004868963e-01
9.918302109964698410e-01
9.917551397432213811e-01
9.916927111177644694e-01
9.916431500861639936e-01
9.916066187749335015e-01
9.915832175241776625e-01
9.915729861291437963e-01
9.915759052741515145e-01
9.915918981604112670e-01
9.916208323270083724e-01
9.916625216622851902e-01
9.917167286009709315e-01
9.917831665006314745e-01
9.918615021893002481e-01
9.919513586744886924e-01
9.920523180021201259e-01
9.921639242523077051e-01
9.922856866573079859e-01
9.924170828254599286e-01
9.925575620535237453e-01
9.927065487085939832e-01
9.928634456597552616e-01
9.930276377389022358e-01
9.931984952097154817e-01
9.933753772236794122e-01
9.935576352422564872e-01
9.937446164048926445e-01
9.939356668233675363e-01
9.941301347841033920e-01
9.943273738413345164e-01
9.945267457854656268e-01
9.947276234724607979e-01
9.949293935016382262e-01
9.951314587307772408e-01
9.953332406189256965e-01
9.955341813887260694e-01
9.957337460014399344e-01
9.959314239391627854e-01
9.961267307899868140e-01
9.963192096331231484e-01
9.965084322222433899e-01
9.966939999665793692e-01
9.968755447106320000e-01
9.970527293147036785e-01
9.972252480398756669e-01
9.973928267424949645e-01
9.975552228846926717e-01
9.977122253688933684e-01
9.978636542056508185e-01
9.980093600254160702e-01
9.981492234459463653e-01
9.982831543079464520e-01
9.984110907921476263e-01
9.985329984313181528e-01
9.986488690306348781e-01
9.987587195094025372e-01
9.988625906763022311e-01
9.989605459491835981e-01
9.990526700289762418e-01
9.991390675356254247e-01
9.992198616121967802e-01
9.992951925015322034e-01
9.993652160982426924e-01
9.994301024774970843e-01
9.994900344011620197e-01
9.995452058014568930e-01
9.995958202424819472e-01
9.996420893608015668e-01
9.996842312876801362e-01
9.997224690575258199e-01
9.997570290094671686e-01
9.997881391916120242e-01
