9.997976239208034022e-01
9.997681686202418705e-01
9.997354991164517646e-01
9.996994108597970774e-01
9.996597016170725158e-01
9.996161727665652252e-01
9.995686305407848193e-01
9.995168872062542009e-01
9.994607621733611058e-01
9.994000830327056661e-01
9.993346865174583815e-01
9.992644193938253760e-01
9.991891392837035646e-01
9.991087154249618241e-01
9.990230293755016922e-01
9.989319756673795681e-01
9.988354624169062390e-01
9.987334118958626217e-01
9.986257610679279972e-01
9.985124620932075423e-01
9.983934828025020636e-01
9.982688071417755715e-01
9.981384355862288338e-01
9.980023855225439444e-01
9.978606915972534352e-01
9.977134060288365136e-01
9.975605988810367641e-01
9.974023582950325428e-01
9.972387906784213607e-01
9.970700208494926997e-01
9.968961921358959755e-01
9.967174664275385565e-01
9.965340241843111402e-01
9.963460644000062816e-01
9.961538045245159623e-01
9.959574803470266913e-01
9.957573458434421099e-01
9.955536729916024674e-01
9.953467515580134428e-01
9.951368888597127427e-01
9.949244095045610692e-01
9.947096551126330954e-01
9.944929840205009031e-01
9.942747709690398228e-01
9.940554067739688637e-01
9.938352979766871265e-01
9.936148664711230705e-01
9.933945491003262074e-01
9.931747972144570058e-01
9.929560761797421309e-01
9.927388648259340975e-01
9.925236548179137142e-01
9.923109499353947038e-01
9.921012652432854573e-01
9.918951261342157100e-01
9.916930672240893418e-01
9.914956310813256568e-01
9.913033667707159546e-01
9.911168281935701652e-01
9.909365722070333504e-01
9.907631565070953439e-01
9.905971372618614934e-01
9.904390664840346803e-01
9.902894891342438610e-01
9.901489399497680477e-01
9.900179399963173754e-01
9.898969929437875237e-01
9.897865810702843881e-01
9.896871610021934496e-01
9.895991592016348815e-01
9.895229672162917378e-01
9.894589367103119315e-01
9.894073742987434805e-01
9.893685362117266013e-01
9.893426228183800353e-01
9.893297730438813664e-01
9.893300587165598792e-01
9.893434788847319528e-01
9.893699541453810919e-01
9.894093210284404805e-01
9.894613264812230913e-01
9.895256224973245640e-01
9.896017609329861298e-01
9.896891885513913190e-01
9.897872423316650403e-01
9.898951450744990499e-01
9.900120013304563038e-01
9.901367936702658579e-01
9.902683793090300002e-01
9.904054870884763107e-01
9.905467148134614597e-01
9.906905269311693241e-01
9.908352525340876626e-01
9.909790836611651610e-01
9.911200738657395259e-01
9.912561370140690054e-01
9.913850462747058057e-01
9.915044332566069762e-01
9.916117872528034116e-01
9.917044545466406902e-01
9.917796377390161178e-01
9.918343950575971846e-01
9.918656396126478425e-01
9.918701385687078709e-01
9.918445122068999531e-01
9.917852328590104349e-01
9.916886237016355743e-01
9.915508574066003167e-01
9.913679546525133723e-01
9.911357825117467213e-01
9.908500527373395039e-01
9.905063199853744171e-01
9.900999800202752166e-01
9.896262679632551462e-01
9.890802566577783228e-01
9.884568552403161235e-01
9.877508080197526796e-01
9.869566937843099463e-01
9.860689256705272854e-01
9.850817517442794768e-01
9.839892564585782653e-01
9.827853631664738021e-01
9.814638378791804563e-01
9.800182944690144504e-01
9.784422015232793202e-01
9.767288910583371564e-01
9.748715693022990125e-01
9.728633297497003563e-01
9.706971686819542144e-01
9.683660033331782380e-01
9.658626928622076058e-01
9.631800622683672763e-01
9.603109293611648001e-01
9.572481348628272269e-01
9.539845756879966610e-01
9.505132414073780289e-01
9.468272538622437562e-01
9.429199098549438940e-01
9.387847267974784859e-01
9.344154911562664312e-01
9.298063094869873924e-01
9.249516618092582521e-01
9.198464570274167418e-01
9.144860900612972188e-01
9.088665003100944162e-01
9.029842310337241607e-01
8.968364892000504351e-01
8.904212053135085458e-01
8.837370927116018349e-01
8.767837057910793375e-01
8.695614966059215245e-01
8.620718692651523352e-01
8.543172315505209724e-01
8.463010431727612248e-01
8.380278600908698250e-01
8.295033743319459862e-01
8.207344487698379210e-01
8.117291463491387304e-01
8.024967532768461087e-01
7.930477957469121986e-01
7.833940498124234431e-01
7.735485440755032194e-01
7.635255549253381346e-01
7.533405941188138222e-01
7.430103885649612661e-01
7.325528522423454536e-01
7.219870502463745510e-01
7.113331550299135664e-01
7.006123949643054960e-01
6.898469954078694233e-01
6.790601125242647917e-01
6.682757601431654759e-01
6.575187300001454904e-01
6.468145057314718116e-01
6.361891710329015126e-01
6.256693124200415346e-01
6.152819170521299785e-01
6.050542661020454904e-01
5.950138241739530987e-01
5.851881252872142003e-01
5.756046559619447667e-01
5.662907359586933920e-01
5.572733972426976434e-01
5.485792617625002698e-01
5.402344186533432069e-01
5.322643014976212728e-01
5.246935662972294079e-01
5.175459708351644039e-01
5.108442561253005998e-01
5.046100306687469894e-01
4.988636582513312767e-01
4.936241500283917727e-01
4.889090616488591667e-01
4.847343961695270709e-01
4.811145135014887053e-01
4.780620471131371563e-01
4.755878286875117045e-01
4.737008213957860647e-01
4.724080624034969755e-01
4.717146151719550096e-01
4.716235320548285426e-01
4.721358276198411863e-01
4.732504630489553499e-01
4.749643418882700807e-01
4.772723173324211476e-01
4.801672111385657526e-01
4.836398441732775444e-01
4.876790785028352060e-01
4.922718708445367186e-01
4.974033371045104568e-01
5.030568276369162817e-01
5.092140127709836595e-01
5.158549780666304985e-01
5.229583286769753370e-01
5.305013021173923260e-01
5.384598886663856110e-01
5.468089585540666375e-01
5.555223950300347546e-01
5.645732323446923662e-01
5.739337976273234387e-01
5.835758556014721821e-01
5.934707550442388513e-01
6.035895758720384308e-01
6.139032757220515002e-01
6.243828348969631126e-01
6.349993985513469053e-01
6.457244150217983369e-01
6.565297692400040575e-01
6.673879102184590018e-01
6.782719716622132022e-01
6.891558848364374157e-01
7.000144829077281639e-01
7.108235960758683136e-01
7.215601369206644522e-01
7.322021755038277124e-01
7.427290038866463107e-01
7.531211898483862743e-01
7.633606197157243312e-01
7.734305303378591345e-01
7.833155303630926491e-01
7.930016110885093061e-01
8.024761472629859949e-01
8.117278883233609577e-01
8.207469406326771688e-01
8.295247413667272696e-01
8.380540247596909298e-01
8.463287814708033707e-01
8.543442118713766575e-01
8.620966740750266588e-01
8.695836275439189356e-01
8.768035731007181033e-01
8.837559901605185342e-01
8.904412719703486134e-01
8.968606596070711756e-01
9.030161754390458873e-01
9.089105567042099487e-01
9.145471897988748378e-01
9.199300458090492461e-01
9.250636177511007974e-01
9.299528599224958780e-01
9.346031296976713421e-01
9.390201320400021201e-01
9.432098669394949342e-01
9.471785799281590146e-01
9.509327157717435419e-01
9.544788753882369470e-01
9.578237760005500201e-01
9.609742144933555164e-01
9.639370339121148268e-01
9.667190930157985029e-01
9.693272387734093165e-01
9.717682816778052679e-01
9.740489737380690904e-01
9.761759890032728482e-01
9.781559064654590241e-01
9.799951951874612543e-01
9.817002015013343019e-01
9.832771381251790288e-01
9.847320750496072472e-01
9.860709320496413577e-01
9.872994726831558765e-01
9.884232996428299334e-01
9.894478513347862991e-01
9.903783995635396797e-01
9.912200482094669640e-01
9.919777327917200793e-01
9.926562208162837964e-01
9.932601128157362291e-01
9.937938439941631508e-01
9.942616863975836106e-01
9.946677515370953016e-01
9.950159933986721938e-01
9.953102117800270987e-01
9.955540559010841450e-01
9.957510282402468604e-01
9.959044885536872949e-01
9.960176580392063883e-01
9.960936236097588381e-01
9.961353422444616523e-01
9.961456453868197114e-01
9.961272433610971477e-01
9.960827297783174661e-01
9.960145859034944538e-01
9.959251849555303959e-01
9.958167963110171605e-01
9.956915895831335295e-01
9.955516385471593344e-01
9.953989248850058091e-01
9.952353417227166599e-01
9.950626969372117214e-01
9.948827162116573586e-01
9.946970458227200051e-01
9.945072551475060418e-01
9.943148388830896911e-01
9.941212189770092245e-01
9.939277462727803547e-01
9.937357018801346031e-01
9.935462982851338554e-01
9.933606802203596153e-01
9.931799253198481114e-01
9.930050445872122822e-01
9.928369827083590726e-01
9.926766182422975815e-01
9.925247637247347487e-01
9.923821657194641377e-01
9.922495048520323380e-01
9.921273958588808783e-01
9.920163876832186478e-01
9.919169636463932571e-01
9.918295417206368647e-01
9.917544749258838666e-01
9.916920518700336196e-01
9.916424974486763855e-01
9.916059737170085375e-01
9.915825809435248051e-01
9.915723588521410115e-01
9.915752880566953698e-01
9.915912916893208084e-01
9.916202372219421468e-01
9.916619384781172331e-01
9.917161578305558889e-01
9.917826085778747025e-01
9.918609574924485139e-01
9.919508275295457755e-01
9.920518006863001670e-01
9.921634209974393714e-01
9.922851976531129603e-01
9.924166082226419938e-01
9.925571019666156181e-01
9.927061032185278133e-01
9.928630148161341484e-01
9.930272215619703191e-01
9.931980936920333791e-01
9.933749903315267638e-01
9.935572629167928049e-01
9.937442585631144354e-01
9.939353233589046654e-01
9.941298055678998713e-01
9.943270587222559076e-01
9.945264445908772455e-01
9.947273360088109140e-01
9.949291195550784561e-01
9.951311980678445579e-01
9.953329929873031556e-01
9.955339465180941261e-01
9.957335236044217996e-01
9.959312137123638164e-01
9.961265324151225009e-01
9.963190227782261488e-01
9.965082565429381756e-01
9.966938351074118296e-01
9.968753903064394573e-01
9.970525849920124362e-01
9.972251134183128807e-01
9.973927014362026222e-01
9.975551065037348009e-01
9.977121175206461468e-01
9.978635544961709236e-01
9.980092680607798306e-01
9.981491388335562709e-01
9.982830766578023596e-01
9.984110197180792179e-01
9.985329335521772043e-01
9.986488099714431188e-01
9.987586659024553226e-01
9.988625421622208123e-01
9.989605021779147664e-01
9.990526306607321327e-01
9.991390322417584846e-01
9.992198300760026797e-01
9.992951644189734806e-01
9.993651911785857989e-01
9.994300804438553953e-01
9.994900149909383691e-01
9.995451887666791935e-01
9.995958053500290097e-01
9.996420763925144559e-01
9.996842200403600609e-01
9.997224593428186701e-01
9.997570206536386950e-01
9.997881320352197676e-01
