9.997976540023871816e-01
9.997682056985554011e-01
9.997355444465430008e-01
9.996994658503440823e-01
9.996597678372141083e-01
9.996162519512287181e-01
9.995687245942793675e-01
9.995169982039280310e-01
9.994608923611520979e-01
9.994002348244566125e-01
9.993348624899133226e-01
9.992646222792689326e-01
9.991893719602593649e-01
9.991089809046139747e-01
9.990233307899489823e-01
9.989323162518833898e-01
9.988358454923247365e-01
9.987338408491041042e-01
9.986262393310789687e-01
9.985129931216115695e-01
9.983940700520765876e-01
9.982694540458577626e-01
9.981391455322375927e-01
9.980031618287366069e-01
9.978615374898405221e-01
9.977143246196981119e-01
9.975615931462660235e-01
9.974034310545031312e-01
9.972399445765560699e-01
9.970712583373840809e-01
9.968975154549076789e-01
9.967188775944907375e-01
9.965355249783337532e-01
9.963476563511191042e-01
9.961554889039716532e-01
9.959592581594288729e-01
9.957592178206218225e-01
9.955556395882059206e-01
9.953488129487205738e-01
9.951390449379682313e-01
9.949266598826566055e-01
9.947119991229399494e-01
9.944954207176084360e-01
9.942772991325129484e-01
9.940580249114052691e-01
9.938380043267267538e-01
9.936176590060464831e-01
9.933974255278766874e-01
9.931777549785373305e-01
9.929591124596690577e-01
9.927419765339845492e-01
9.925268385949675976e-01
9.923142021445617855e-01
9.921045819615028627e-01
9.918985031419079723e-01
9.916964999930910629e-01
9.914991147613710920e-01
9.913068961748989771e-01
9.911203977832585554e-01
9.909401760767845291e-01
9.907667883701626321e-01
9.906007904368927530e-01
9.904427338835574135e-01
9.902931632554932140e-01
9.901526128683616479e-01
9.900216033632041057e-01
9.899006379858161786e-01
9.897901985946465642e-01
9.896907414049079810e-01
9.896026924801617497e-01
9.895264429862941080e-01
9.894623442265382263e-01
9.894107024799675409e-01
9.893717736696765463e-01
9.893457578905900940e-01
9.893327938304266045e-01
9.893329531206607186e-01
9.893462346572498012e-01
9.893725589332552639e-01
9.894117624271272504e-01
9.894635920911961646e-01
9.895276999846596144e-01
9.896036380939924326e-01
9.896908533811534792e-01
9.897886830962295823e-01
9.898963503862796554e-01
9.900129602262459638e-01
9.901374956910425906e-01
9.902688145805317310e-01
9.904056464013145655e-01
9.905465897013551180e-01
9.906901097457149197e-01
9.908345365143624850e-01
9.909780629963829135e-01
9.911187437491661978e-01
9.912544936864483569e-01
9.913830870555616626e-01
9.915021565619654975e-01
9.916091925981214139e-01
9.917015425340274248e-01
9.917764100281839523e-01
9.918308543203695482e-01
9.918617894712711269e-01
9.918659835186480755e-01
9.918400575252490636e-01
9.917804845000500746e-01
9.916835881815164733e-01
9.915455416794612953e-01
9.913623659806879429e-01
9.911299283329620957e-01
9.908439405320085269e-01
9.904999571471940767e-01
9.900933737333762474e-01
9.896194250890929522e-01
9.890731836348140016e-01
9.884495579993076708e-01
9.877432919171709180e-01
9.869489635560171337e-01
9.860609854074199321e-01
9.850736048911196141e-01
9.839809058367308126e-01
9.827768110207554253e-01
9.814550859485217105e-01
9.800093440801650457e-01
9.784330537063586908e-01
9.767195466826633643e-01
9.748620292306309221e-01
9.728535950088041950e-01
9.706872406472555337e-01
9.683558839251831252e-01
9.658523847523623473e-01
9.631695690920573094e-01
9.603002559356260681e-01
9.572372874078305394e-01
9.539735620472535871e-01
9.505020712686960138e-01
9.468159389745074428e-01
9.429084642400163974e-01
9.387731669550951619e-01
9.344038362599301761e-01
9.297945815687808091e-01
9.249398859313687771e-01
9.198346614380401576e-01
9.144743063324580756e-01
9.088547634548171938e-01
9.029725795999191673e-01
8.968249653384662290e-01
8.904098548171468508e-01
8.837259650241179321e-01
8.767728539818905320e-01
8.695509773100253970e-01
8.620617425860066518e-01
8.543075609247553492e-01
8.462918951959532698e-01
8.380193043041159751e-01
8.294954829694810572e-01
8.207272964684639849e-01
8.117228098207261988e-01
8.024913109456307536e-01
7.930433273537356165e-01
7.833906359884160731e-01
7.735462658880202236e-01
7.635244933991840455e-01
7.533408297359742711e-01
7.430120007461625820e-01
7.325559188138193178e-01
7.219916468952107813e-01
7.113393547513340298e-01
7.006202675041121042e-01
6.898566067031977056e-01
6.790715241456154461e-01
6.682890287405079954e-01
6.575339067556673633e-01
6.468316358213146433e-01
6.362082930999688468e-01
6.256904580596871490e-01
6.153051103122701981e-01
6.050795229989686108e-01
5.950411522248723051e-01
5.852175230604157452e-01
5.756361126452818056e-01
5.663242309471385738e-01
5.573088997457908977e-01
5.486167304327582706e-01
5.402738012371191001e-01
5.323055345104716896e-01
5.247365747266188318e-01
5.175906678742402400e-01
5.108905429425649736e-01
5.046577962196079348e-01
4.989127791387809596e-01
4.936744904212894136e-01
4.889604732674833754e-01
4.847867183491046950e-01
4.811675733451895587e-01
4.781156597465490155e-01
4.756417976266932301e-01
4.737549390406627925e-01
4.724621106675083171e-01
4.717683662574618797e-01
4.716767493818471157e-01
4.721882669131798327e-01
4.733018735858434134e-01
4.750144679051679919e-01
4.773208995859207215e-01
4.802139886113256928e-01
4.836845559118222448e-01
4.877214655700411461e-01
4.923116783657118800e-01
4.974403163824772101e-01
5.030907383084062268e-01
5.092446249741635622e-01
5.158820745877689129e-01
5.229817070431959092e-01
5.305207766022150828e-01
5.384752921753277466e-01
5.468201443589699728e-01
5.555292383229357700e-01
5.645756315849319584e-01
5.739316756590795432e-01
5.835691605229027523e-01
5.934594608138161753e-01
6.035736826423230283e-01
6.138828098959553392e-01
6.243578489063612569e-01
6.349699703625921732e-01
6.456906473771739652e-01
6.564917886483148113e-01
6.673458657117130599e-01
6.782260333386640472e-01
6.891062422130423970e-01
6.999613431073394842e-01
7.107671818761911453e-01
7.215006846931772966e-01
7.321399330714841724e-01
7.426642283293001245e-01
7.530541452845197492e-01
7.632915750882522943e-01
7.733597572305843659e-01
7.832433008728286739e-01
7.929281957760291322e-01
8.024018132038298612e-01
8.116528972772063533e-01
8.206715473474811562e-01
8.294491920312281330e-01
8.379785556151736481e-01
8.462536175903183633e-01
8.542695661118883121e-01
8.620227462053255962e-01
8.695106035485680174e-01
8.767316246578733541e-01
8.836852742891989632e-01
8.903719308406459199e-01
8.967928205049310320e-01
9.029499508756229087e-01
9.088460446584289976e-01
9.144844740807098749e-01
9.198691965301978302e-01
9.250046918891404735e-01
9.298959019643044943e-01
9.345481723478157310e-01
9.389671969799781026e-01
9.431589656240871866e-01
9.471297144057760908e-01
9.508858795163472877e-01
9.544340541313924842e-01
9.577809485531604272e-01
9.609333535477715404e-01
9.638981068165121124e-01
9.666820625139536105e-01
9.692920637042616860e-01
9.717349176304409530e-01
9.740173736589707865e-01
9.761461037538393670e-01
9.781276853288729534e-01
9.799685863249688600e-01
9.816751523588769235e-01
9.832535957920672809e-01
9.847099865715603917e-01
9.860502446990038194e-01
9.872801341894713589e-01
9.884052583871884012e-01
9.894310565114792233e-01
9.903628013125667096e-01
9.912055977233567017e-01
9.919643823999605425e-01
9.926439240504378869e-01
9.932488244580426340e-01
9.937835201121291151e-01
9.942522843667603860e-01
9.946592300539195408e-01
9.950083124849536942e-01
9.953033327803906261e-01
9.955479414744204947e-01
9.957456423460127048e-01
9.958997964337104047e-01
9.960136261955050418e-01
9.960902197787697698e-01
9.961325353679828520e-01
9.961434055799217591e-01
9.961255418772164694e-01
9.960815389717354584e-01
9.960138791894038723e-01
9.959249367679078313e-01
9.958169820585447418e-01
9.956921856034436358e-01
9.955526220597178400e-01
9.954002739429895774e-01
9.952370351642834123e-01
9.950647143366068148e-01
9.948850378306418607e-01
9.946996525628407637e-01
9.945101285037604155e-01
9.943179608995590391e-01
9.941245722050452427e-01
9.939313137323254610e-01
9.937394670247405859e-01
9.935502449712066975e-01
9.933647926811051132e-01
9.931841881443206344e-01
9.930094427047795325e-01
9.928415013787837973e-01
9.926812430515171704e-01
9.925294805862782122e-01
9.923869608813018495e-01
9.922543649085021622e-01
9.921323077671820867e-01
9.920213387838229258e-01
9.919219416865906469e-01
9.918345348803213612e-01
9.917594718445993385e-01
9.916970416742447725e-01
9.916474697782087233e-01
9.916109187496203736e-01
9.915874894166351039e-01
9.915772220808281023e-01
9.915800979472225718e-01
9.915960407476026583e-01
9.916249185565599866e-01
9.916665457976961973e-01
9.917206854355260504e-01
9.917870513468531879e-01
9.918653108636684701e-01
9.919550874779349270e-01
9.920559636969489281e-01
9.921674840363018388e-01
9.922891581358428414e-01
9.924204639824822927e-01
9.925608512222316993e-01
9.927097445426061872e-01
9.928665471054684000e-01
9.930306440096244858e-01
9.932014057620291991e-01
9.933781917363416758e-01
9.935603535978047018e-01
9.937472386739765184e-01
9.939381932517082907e-01
9.941325657818705919e-01
9.943297099746470913e-01
9.945289877696668057e-01
9.947297721667811565e-01
9.949314499048541593e-01
9.951334239774847212e-01
9.953351159760812639e-01
9.955359682521518483e-01
9.957354458920442131e-01
9.959330384986875284e-01
9.961282617761544333e-01
9.963206589141099245e-01
9.965098017704617783e-01
9.966952918517930637e-01
9.968767610924638145e-01
9.970538724346215131e-01
9.972263202127581438e-01
9.973938303478865341e-01
9.975561603578563252e-01
9.977130991917643188e-01
9.978644668977820764e-01
9.980101141349929650e-01
9.981499215409292969e-01
9.982837989673858381e-01
9.984116845976984678e-01
9.985335439589675399e-01
9.986493688426461013e-01
9.987591761464719164e-01
9.988630066499208926e-01
9.989609237342005343e-01
9.990530120563595462e-01
9.991393761854323596e-01
9.992201392067678878e-01
9.992954412989433211e-01
9.993654382860567287e-01
9.994303001668718434e-01
9.994902096213805764e-01
9.995453604949524617e-01
9.995959562604358473e-01
9.996422084593886703e-01
9.996843351250349619e-01
9.997225591914893350e-01
9.997571068961638163e-01
9.997882061848875068e-01
