9.997976343428603974e-01
9.997681832467362195e-01
9.997355189436143430e-01
9.996994370349380210e-01
9.996597354486126408e-01
9.996162157328141173e-01
9.995686842971757136e-01
9.995169535907625358e-01
9.994608432098640582e-01
9.994001809320743890e-01
9.993348036762207398e-01
9.992645583902843853e-01
9.991893028714550207e-01
9.991089065238067946e-01
9.990232510598094917e-01
9.989322311520105746e-01
9.988357550408547558e-01
9.987337451038268421e-01
9.986261383900516542e-01
9.985128871232706871e-01
9.983939591748589581e-01
9.982693385073537762e-01
9.981390255879080131e-01
9.980030377702295841e-01
9.978614096429553326e-01
9.977141933420421438e-01
9.975614588246557446e-01
9.974032941021625520e-01
9.972398054301647718e-01
9.970711174540271005e-01
9.968973733089804279e-01
9.967187346746103627e-01
9.965353817843077833e-01
9.963475133910237869e-01
9.961553466913898314e-01
9.959591172108999135e-01
9.957590786533534466e-01
9.955555027180983396e-01
9.953486788887505599e-01
9.951389141969757546e-01
9.949265329645731182e-01
9.947118765264858498e-01
9.944953029364763664e-01
9.942771866560410343e-01
9.940579182257238688e-01
9.938379039163464101e-01
9.936175653558312337e-01
9.933973391253284602e-01
9.931776763162941668e-01
9.929590420381045890e-01
9.927419148637799395e-01
9.925267861995175078e-01
9.923141595620732502e-01
9.921045497466477459e-01
9.918984818668982184e-01
9.916964902480646105e-01
9.914991171539965231e-01
9.913069113291358425e-01
9.911204263372407341e-01
9.909402186798268453e-01
9.907668456789247013e-01
9.906008631107630080e-01
9.904428225793487917e-01
9.902932686215610847e-01
9.901527355382702122e-01
9.900217439490734961e-01
9.899007970714812643e-01
9.897903767287525856e-01
9.896909390940515916e-01
9.896029101821703922e-01
9.895266811037169985e-01
9.894626031003995736e-01
9.894109823838176387e-01
9.893720748039616097e-01
9.893460803773548307e-01
9.893331377083639522e-01
9.893333183405297326e-01
9.893466210777026593e-01
9.893729663171313415e-01
9.894121904383067490e-01
9.894640402921327516e-01
9.895281678347465082e-01
9.896041249489440084e-01
9.896913584936096742e-01
9.897892056178048126e-01
9.898968893712831729e-01
9.900135146372899264e-01
9.901380644067312442e-01
9.902693964053882469e-01
9.904062400780452302e-01
9.905471939254878455e-01
9.906907231825710092e-01
9.908351578182327257e-01
9.909786908316949861e-01
9.911193768133331750e-01
9.912551307340072837e-01
9.913837269231265958e-01
9.915027981934531054e-01
9.916098350696518349e-01
9.917021850778638958e-01
9.917770520550549529e-01
9.918314954395202054e-01
9.918624295076061692e-01
9.918666225263753633e-01
9.918406957974874594e-01
9.917811225739459058e-01
9.916842268385065440e-01
9.915461819404264299e-01
9.913630090958575058e-01
9.911305757665558325e-01
9.908445939417288573e-01
9.905006183588076496e-01
9.900940447107478004e-01
9.896201079001483158e-01
9.890738804140090101e-01
9.884502709072656712e-01
9.877440230982181824e-01
9.869497150943848940e-01
9.860617592829061806e-01
9.850744029349938202e-01
9.839817296886379516e-01
9.827776620873216462e-01
9.814559653642940251e-01
9.800102526714293827e-01
9.784339919582821787e-01
9.767205147101057916e-01
9.748630267528674009e-01
9.728546213283064681e-01
9.706882946325942063e-01
9.683569639980494914e-01
9.658534888786528549e-01
9.631706947769425042e-01
9.603014002225104262e-01
9.572384468811212521e-01
9.539747328388792358e-01
9.505032490683488211e-01
9.468171190436229789e-01
9.429096414295387030e-01
9.387743357271086664e-01
9.344049907132572219e-01
9.297957154686490311e-01
9.249409927432353795e-01
9.198357343656262675e-01
9.144753383599948382e-01
9.088557473934288922e-01
9.029735081379897110e-01
8.968258310957345492e-01
8.904106504021831459e-01
8.837266830947333451e-01
8.767734873079437996e-01
8.695515188380141813e-01
8.620621855047729820e-01
8.543078987315919637e-01
8.462921217623868841e-01
8.380194139406458298e-01
8.294954704885796337e-01
8.207271572451977359e-01
8.117225398504122058e-01
8.024909068980305982e-01
7.930427866233596967e-01
7.833899567406089615e-01
7.735454471005793753e-01
7.635235348993424376e-01
7.533397322326600420e-01
7.430107658575024754e-01
7.325545490899174617e-01
7.219901458362674163e-01
7.113377268212108806e-01
7.006185181394630757e-01
6.898547423183035709e-01
6.790695521330554207e-01
6.682869574678007574e-01
6.575317455579874348e-01
6.468293949903630713e-01
6.362059838690257152e-01
6.256880925848204988e-01
6.153027016495913326e-01
6.050770850777206222e-01
5.950386998160377416e-01
5.852150717403784563e-01
5.756336787539440003e-01
5.663218315397267055e-01
5.573065525374438778e-01
5.486144537348296435e-01
5.402716138840033544e-01
5.323034557756864960e-01
5.247346242268109417e-01
5.175888654598244099e-01
5.108889085737839952e-01
5.046563498269898140e-01
4.989115404672465059e-01
4.936734788575208865e-01
4.889597076506438933e-01
4.847862167655337950e-01
4.811673529083426715e-01
4.781157363641116431e-01
4.756421857575335865e-01
4.737556514449897671e-01
4.724631581542970693e-01
4.717697574338407529e-01
4.716784904096688047e-01
4.721903612784185134e-01
4.733043218867165614e-01
4.750172676649455639e-01
4.773240450963035508e-01
4.802174708119355540e-01
4.836883623108532149e-01
4.877255802104075721e-01
4.923160818401622896e-01
4.974449859001172092e-01
5.030956478139292365e-01
5.092497453198858715e-01
5.158873737572990947e-01
5.229871504243398528e-01
5.305263273055049744e-01
5.384809113934705405e-01
5.468257917615160224e-01
5.555348724796483895e-01
5.645812104106855411e-01
5.739371568726585604e-01
5.835745021118121656e-01
5.934646214971797118e-01
6.035786223240762194e-01
6.138874901008801732e-01
6.243622331919962409e-01
6.349740247006957494e-01
6.456943404991732915e-01
6.564950923500114666e-01
6.673487551134253959e-01
6.782284870979331526e-01
6.891082426879655554e-01
6.999628764695511318e-01
7.107682381733964050e-01
7.215012578620042527e-01
7.321400209022121963e-01
7.426638323847254419e-01
7.530532707758572641e-01
7.632902307115112528e-01
7.733579549673117448e-01
7.832410557594782219e-01
7.929255256464815549e-01
8.023987384097850395e-01
8.116494403912677402e-01
8.206677328537718141e-01
8.294450460083336862e-01
8.379741054160756430e-01
8.462488915237919018e-01
8.542645931295945738e-01
8.620175555985181148e-01
8.695052246579849653e-01
8.767260865999960684e-01
8.836796057016328421e-01
8.903661596489335084e-01
8.967869737126493712e-01
9.029440543791402707e-01
9.088401230872386050e-01
9.144785506637967964e-01
9.198632929884603682e-01
9.249988283534743561e-01
9.298900969185788234e-01
9.345424425956256886e-01
9.389615576337596581e-01
9.431534301149201438e-01
9.471242945119936474e-01
9.508805854089065202e-01
9.544288944338484848e-01
9.577759304140177621e-01
9.609284827229644943e-01
9.638933877597916089e-01
9.666774984730169828e-01
9.692876568205629484e-01
9.717306690407512271e-01
9.740132835969189662e-01
9.761421716498471790e-01
9.781239099070996312e-01
9.799649656960944810e-01
9.816716841077751665e-01
9.832502770596365238e-01
9.847068141301995592e-01
9.860472150214235620e-01
9.872772435107207700e-01
9.884025027599483426e-01
9.894284318548194346e-01
9.903603034544871120e-01
9.912032224375278977e-01
9.919621254371497887e-01
9.926417811651482292e-01
9.932467914309135448e-01
9.937815927686451944e-01
9.942504585927941507e-01
9.946575018086003528e-01
9.950066778113083599e-01
9.953017878141485753e-01
9.955464824513194921e-01
9.957442656078837606e-01
9.958984984335630397e-01
9.960124035017832167e-01
9.960890690789012680e-01
9.961314534713018309e-01
9.961423894200117646e-01
9.961245885136904565e-01
9.960806455914490432e-01
9.960130431070791657e-01
9.959241554261354379e-01
9.958162530271247315e-01
9.956915065780225227e-01
9.955519908596827117e-01
9.953996885085818480e-01
9.952364935529081080e-01
9.950642147183191843e-01
9.948845784828120875e-01
9.946992318640126562e-01
9.945097449267389367e-01
9.943176130037838512e-01
9.941242586283294269e-01
9.939310331820623290e-01
9.937392182687023734e-01
9.935500268280837988e-01
9.933646040109516129e-01
9.931840278390889898e-01
9.930093096791399176e-01
9.928413945614301683e-01
9.926811613771618914e-01
9.925294229885326391e-01
9.923869262866253926e-01
9.922543522313820308e-01
9.921323159066764985e-01
9.920213666215661474e-01
9.919219880863147099e-01
9.918345986889046673e-01
9.917595518946007438e-01
9.916971367878310017e-01
9.916475787723335600e-01
9.916110404422668889e-01
9.915876226338896648e-01
9.915773656645258116e-01
9.915802507628765916e-01
9.915962016923225431e-01
9.916250865666640379e-01
9.916667198557371776e-01
9.917208645764794550e-01
9.917872346632521374e-01
9.918654975095215764e-01
9.919552766713167768e-01
9.920561547212113362e-01
9.921676762399178617e-01
9.922893509309503868e-01
9.924206568422482277e-01
9.925610436772019929e-01
9.927099361762409258e-01
9.928667375490835001e-01
9.930308329369716969e-01
9.932015928837427676e-01
9.933783767944678322e-01
9.935605363606041518e-01
9.937474189311608086e-01
9.939383708102331738e-01
9.941327404623699904e-01
9.943298816085520686e-01
9.945291561970168726e-01
9.947299372347011559e-01
9.949316114666436617e-01
9.951335818922434351e-01
9.953352701087826437e-01
9.955361184740670888e-01
9.957355920814202621e-01
9.959331805415840844e-01
9.961283995673573255e-01
9.963207923580468250e-01
9.965099307820631802e-01
9.966954163572531167e-01
9.968768810298731520e-01
9.970539877544550844e-01
9.972264308782153863e-01
9.973939363350875498e-01
9.975562616559093820e-01
9.977131958027198877e-01
9.978645588364963848e-01
9.980102014289191636e-01
9.981500042298565578e-01
9.982838771031430358e-01
9.984117582438325478e-01
9.985336131904053447e-01
9.986494337453394321e-01
9.987592368170253865e-01
9.988630631951928018e-01
9.989609762708672180e-01
9.990530607104295413e-01
9.991394210916962892e-01
9.992201805081704080e-01
9.992954791458669161e-01
9.993654728355063632e-01
9.994303315815599165e-01
9.994902380687108456e-01
9.995453861459120404e-01
9.995959792884062667e-01
9.996422290388963239e-01
9.996843534304615808e-01
9.997225753957703631e-01
9.997571211695031046e-01
9.997882186935178606e-01
