9.997975102856598850e-01
9.997680383927212144e-01
9.997353506001172008e-01
9.996992422954419366e-01
9.996595111952943924e-01
9.996159586419345322e-01
9.995683908474152224e-01
9.995166200745411178e-01
9.994604657476205967e-01
9.993997554894177293e-01
9.993343260838029041e-01
9.992640243661879973e-01
9.991887080458328185e-01
9.991082464654673645e-01
9.990225213044039432e-01
9.989314272314500087e-01
9.988348725135679507e-01
9.987327795854642476e-01
9.986250855842426777e-01
9.985117428520542404e-01
9.983927194084309953e-01
9.982679993927998652e-01
9.981375834766271771e-01
9.980014892437917284e-01
9.978597515371752102e-01
9.977124227690966629e-01
9.975595731931131693e-01
9.974012911348316690e-01
9.972376831797141739e-01
9.970688743163627077e-01
9.968950080344023412e-01
9.967162463768087788e-01
9.965327699472885659e-01
9.963447778740875949e-01
9.961524877323214566e-01
9.959561354275572320e-01
9.957559750438782498e-01
9.955522786600029539e-01
9.953453361371674690e-01
9.951354548823838631e-01
9.949229595903388290e-01
9.947081919665763383e-01
9.944915104337077594e-01
9.942732898212227610e-01
9.940539210380412438e-01
9.938338107252892017e-01
9.936133808849275662e-01
9.933930684778711218e-01
9.931733249831659061e-01
9.929546159077068390e-01
9.927374202339611653e-01
9.925222297912813518e-01
9.923095485347296352e-01
9.920998917139562945e-01
9.918937849136554297e-01
9.916917629464987449e-01
9.914943685792746431e-01
9.913021510732504815e-01
9.911156645205357885e-01
9.909354659594464820e-01
9.907621132535168185e-01
9.905961627208469400e-01
9.904381665028521020e-01
9.902886696641423070e-01
9.901482070181623074e-01
9.900172996763042521e-01
9.898964513214385530e-01
9.897861442101620888e-01
9.896868349115198749e-01
9.895989497935039347e-01
9.895228802722706440e-01
9.894589778427245186e-01
9.894075489128815182e-01
9.893688494681998069e-01
9.893430795957975921e-01
9.893303779020660160e-01
9.893308158605269576e-01
9.893443921297299104e-01
9.893710268833748600e-01
9.894105561965297335e-01
9.894627265326085830e-01
9.895271893755648307e-01
9.896034960504093148e-01
9.896910927726312313e-01
9.897893159633674998e-01
9.898973878622839839e-01
9.900144124642071830e-01
9.901393717987537757e-01
9.902711225647552462e-01
9.904083931234218818e-01
9.905497808462154774e-01
9.906937498055756741e-01
9.908386287892508859e-01
9.909826096122671402e-01
9.911237456947448177e-01
9.912599508690065342e-01
9.913889983758438218e-01
9.915085200074920113e-01
9.916160053538329855e-01
9.917088011085892774e-01
9.917841103937523606e-01
9.918389920631225376e-01
9.918703599495553025e-01
9.918749820252122928e-01
9.918494794497293432e-01
9.917903254876585528e-01
9.916938442837706091e-01
9.915562094927830028e-01
9.913734427687944661e-01
9.911414121291794999e-01
9.908558302179444333e-01
9.905122525046093918e-01
9.901060754665899077e-01
9.896325348158167001e-01
9.890867038439373760e-01
9.884634919748161996e-01
9.877576436280633976e-01
9.869637375127625623e-01
9.860761864861562476e-01
9.850892381273986809e-01
9.839969761911654400e-01
9.827933231193837216e-01
9.814720438010822168e-01
9.800267507797429944e-01
9.784509111140428095e-01
9.767378551009248122e-01
9.748807870691296174e-01
9.728727984462436362e-01
9.707068832927748803e-01
9.683759564826076582e-01
9.658728746904530205e-01
9.631904603237354534e-01
9.603215285090027642e-01
9.572589172117751399e-01
9.539955205341799083e-01
9.505243251972504970e-01
9.468384501748914328e-01
9.429311894047643916e-01
9.387960574582414619e-01
9.344268380076178326e-01
9.298176348844653383e-01
9.249629254788331867e-01
9.198576161854420397e-01
9.144970995605563591e-01
9.088773128123609490e-01
9.029947972089176211e-01
8.968467579516912203e-01
8.904311240297594354e-01
8.837466075407554023e-01
8.767927619399334960e-01
8.695700386590878850e-01
8.620798415229948830e-01
8.543245783831365792e-01
8.463077093871966827e-01
8.380337913086257640e-01
8.295085173737726247e-01
8.207387520448334861e-01
8.117325602452596378e-01
8.024992305500788792e-01
7.930492919065623703e-01
7.833945235001908980e-01
7.735479574362728039e-01
7.635238739678473774e-01
7.533377890646160147e-01
7.430064341843183318e-01
7.325477281758772108e-01
7.219807413114694983e-01
7.113256515110233380e-01
7.006036928863451640e-01
6.898370967919924546e-01
6.790490256252912360e-01
6.682634996678986639e-01
6.575053173057250344e-01
6.467999690027569359e-01
6.361735454376700183e-01
6.256526402405113707e-01
6.152642477909493479e-01
6.050356565604668724e-01
5.949943384994035300e-01
5.851678349869050555e-01
5.755836398785303398e-01
5.662690802033427673e-01
5.572511950802893077e-01
5.485566134430333030e-01
5.402114311831380800e-01
5.322410883434953721e-01
5.246702470166362264e-01
5.175226706253497344e-01
5.108211052848924405e-01
5.045871639658914276e-01
4.988412141936093835e-01
4.936022700312280298e-01
4.888878891010519645e-01
4.847140753968395277e-01
4.810951886318625137e-01
4.780438608500537923e-01
4.755709210011540566e-01
4.736853281449008302e-01
4.723941139040861437e-01
4.717023347320139504e-01
4.716130344971477539e-01
4.721272178172968292e-01
4.732438344985728795e-01
4.749597753515751863e-01
4.772698795700898167e-01
4.801669537670948396e-01
4.836418026702734574e-01
4.876832713856105173e-01
4.922782990439600326e-01
4.974119835526426003e-01
5.030676570828951366e-01
5.092269718350723728e-01
5.158699955374210777e-01
5.229753160516279475e-01
5.305201543796251862e-01
5.384804852918829710e-01
5.468311647282131371e-01
5.555460630585122850e-01
5.645982032336519518e-01
5.739599028066522113e-01
5.836029187621698533e-01
5.934985940591714915e-01
6.036180047683485927e-01
6.139321066732675858e-01
6.244118802033489235e-01
6.350284725781689676e-01
6.457533360669636124e-01
6.565583613047829559e-01
6.674160046577058969e-01
6.782994086935441036e-01
6.891825148910736276e-01
7.000401678091593416e-01
7.108482100359491129e-01
7.215835673462469568e-01
7.322243236104049036e-01
7.427497851187314648e-01
7.531405341094127293e-01
7.633784714130681381e-01
7.734468482511616116e-01
7.833302873463385829e-01
7.930147936183032931e-01
8.024877548471447408e-01
8.117379327853013748e-01
8.207554452881247187e-01
8.295317401099989718e-01
8.380595610772308968e-01
8.463329073997767349e-01
8.543469869209578960e-01
8.620981641275923257e-01
8.695839037526578164e-01
8.768027107992609759e-01
8.837540677990585181e-01
8.904383700914211275e-01
8.968568598727102437e-01
9.030115597194618982e-01
9.089052062364875173e-01
9.145411844224831110e-01
9.199234632832495873e-01
9.250565331576332539e-01
9.299453451552843752e-01
9.345952530397119151e-01
9.390119578261345579e-01
9.432014553024151704e-01
9.471699866238275645e-01
9.509239920793076672e-01
9.544700680787056024e-01
9.578149273677678543e-01
9.609653624402950678e-01
9.639282120851688784e-01
9.667103309795803678e-01
9.693185622185661598e-01
9.717597126545015618e-01
9.740405309080885088e-01
9.761676879041090160e-01
9.781477597802900048e-01
9.799872130155184990e-01
9.816923916238569081e-01
9.832695062628689087e-01
9.847246251082447666e-01
9.860636663512651889e-01
9.872923921809318992e-01
9.884164041184151372e-01
9.894411395776177010e-01
9.903718695320271603e-01
9.912136971745458824e-01
9.919715574636018829e-01
9.926502174555420499e-01
9.932542773300744310e-01
9.937881720223393778e-01
9.942561733820201031e-01
9.946623927866875547e-01
9.950107841432429545e-01
9.953051472177641967e-01
9.955491312401552051e-01
9.957462387356237343e-01
9.958998295400397494e-01
9.960131249605518322e-01
9.960892120463860078e-01
9.961310479374880789e-01
9.961414642606032377e-01
9.961231715435926448e-01
9.960787636193688677e-01
9.960107219909603016e-01
9.959214201290782498e-01
9.958131276733693804e-01
9.956880145085182932e-01
9.955481546867080977e-01
9.953955301688408586e-01
9.952320343584946105e-01
9.950594754049251200e-01
9.948795792545495065e-01
9.946939924342347306e-01
9.945042845542743093e-01
9.943119505240484157e-01
9.941184124788480236e-01
9.939250214220189950e-01
9.937330585922454773e-01
9.935437365712336266e-01
9.933582001520958604e-01
9.931775269931997219e-01
9.930027280860035388e-01
9.928347480683393789e-01
9.926744654166781423e-01
9.925226925520733712e-01
9.923801758947683460e-01
9.922475959018912661e-01
9.921255671213454752e-01
9.920146382930287166e-01
9.919152925259989706e-01
9.918279475772856513e-01
9.917529562548510480e-01
9.916906069638693477e-01
9.916411244121333679e-01
9.916046704871127604e-01
9.915813453140681633e-01
9.915711885017106653e-01
9.915741805792299690e-01
9.915902446260964620e-01
9.916192480938503806e-01
9.916610048171059510e-01
9.917152772091587520e-01
9.917817786358641419e-01
9.918601759597860390e-01
9.919500922449894231e-01
9.920511096112295535e-01
9.921627722246800785e-01
9.922845894107609199e-01
9.924160388731024796e-01
9.925565700012616288e-01
9.927056072485453964e-01
9.928625535602491059e-01
9.930267938318311227e-01
9.931976983760719691e-01
9.933746263781084718e-01
9.935569293174320027e-01
9.937439543364496863e-01
9.939350475360262394e-01
9.941295571794978025e-01
9.943268367879248837e-01
9.945262481107750574e-01
9.947271639577424107e-01
9.949289708789548214e-01
9.951310716823714708e-01
9.953328877786705720e-01
9.955338613453845742e-01
9.957334573034231084e-01
9.959311651004553179e-01
9.961265002969170723e-01
9.963190059516677799e-01
9.965082538055934913e-01
9.966938452627324141e-01
9.968754121698230053e-01
9.970526173965339467e-01
9.972251552200446234e-01
9.973927515190803561e-01
9.975551637839624730e-01
9.977121809506565020e-01
9.978636230681776631e-01
9.980093408099685037e-01
9.981492148409611964e-01
9.982831550529148723e-01
9.984110996812227690e-01
9.985330143166705197e-01
9.986488908255585217e-01
9.987587461911611175e-01
9.988626212886817513e-01
9.989605796047105191e-01
9.990527059107422447e-01
9.991391048986583145e-01
9.992198997843096953e-01
9.992952308835912900e-01
9.993652541637976228e-01
9.994301397717363367e-01
9.994900705391689399e-01
9.995452404657655388e-01
9.995958531799540303e-01
9.996421203788685705e-01
9.996842602500163322e-01
9.997224958792400029e-01
9.997570536519139184e-01
9.997881616569392893e-01
