9.997975626927632087e-01
9.997680999290303738e-01
9.997354225354693202e-01
9.996993260192817976e-01
9.996596082191394617e-01
9.996160706005982055e-01
9.995685194988622735e-01
9.995167672982691043e-01
9.994606335414858433e-01
9.993999459648535977e-01
9.993345414594050347e-01
9.992642669596769611e-01
9.991889802644334795e-01
9.991085507947793376e-01
9.990228602958652893e-01
9.989318034885253939e-01
9.988352886768172567e-01
9.987332383166673822e-01
9.986255895497712087e-01
9.985122947056941367e-01
9.983933217738621968e-01
9.982686548459427378e-01
9.981382945280592445e-01
9.980022583214304133e-01
9.978605809694099937e-01
9.977133147685384174e-01
9.975605298411099886e-01
9.974023143668817593e-01
9.972387747718853834e-01
9.970700358728049606e-01
9.968962409760225851e-01
9.967175519311505250e-01
9.965341491396427775e-01
9.963462315198372554e-01
9.961540164305044964e-01
9.959577395556107327e-01
9.957576547535067490e-01
9.955540338740958006e-01
9.953471665476655295e-01
9.951373599489802269e-01
9.949249385398759582e-01
9.947102437929833396e-01
9.944936338983070279e-01
9.942754834532189223e-01
9.940561831349988831e-01
9.938361393534006494e-01
9.936157738788753413e-01
9.933955234401022905e-01
9.931758392824131532e-01
9.929571866766226940e-01
9.927400443657684592e-01
9.925249039353895020e-01
9.923122690913194210e-01
9.921026548275961865e-01
9.918965864660713727e-01
9.916945985486813608e-01
9.914972335631666578e-01
9.913050404833071427e-01
9.911185731054962256e-01
9.909383881646829373e-01
9.907650432143487729e-01
9.905990942572096003e-01
9.904410931156979458e-01
9.902915845339307355e-01
9.901511030057547069e-01
9.900201693265336944e-01
9.898992868695721814e-01
9.897889375914130650e-01
9.896895777737109157e-01
9.896016335129267372e-01
9.895254959727390887e-01
9.894615164177743560e-01
9.894100010510410437e-01
9.893712056812308253e-01
9.893453302497924318e-01
9.893325132512792441e-01
9.893328260838191168e-01
9.893462673694960463e-01
9.893727572868307174e-01
9.894121319592130703e-01
9.894641379439395035e-01
9.895284268662715155e-01
9.896045502415828921e-01
9.896919545261124718e-01
9.897899764330919670e-01
9.898978385461260077e-01
9.900146452557677668e-01
9.901393790384380722e-01
9.902708970893853158e-01
9.904079283135427403e-01
9.905490706701730597e-01
9.906927888593920484e-01
9.908374123312907455e-01
9.909811335916945962e-01
9.911220067728050420e-01
9.912579464322427425e-01
9.913867265404759932e-01
9.915059796143326221e-01
9.916131959533029949e-01
9.917057229356143200e-01
9.917807643325593503e-01
9.918353796022185698e-01
9.918664831274385252e-01
9.918708433676386438e-01
9.918450818996220608e-01
9.917856723290017218e-01
9.916889390610528210e-01
9.915510559277569413e-01
9.913680446764779886e-01
9.911357733351412458e-01
9.908499544789876046e-01
9.905061434349855531e-01
9.900997364718416849e-01
9.896259690362595451e-01
9.890799141096513480e-01
9.884564807738314141e-01
9.877504130891848755e-01
9.869562894042104295e-01
9.860685222308922526e-01
9.850813588356835959e-01
9.839888827105525149e-01
9.827850161020159625e-01
9.814635237878255314e-01
9.800180183003800449e-01
9.784419668024625372e-01
9.767286998239995688e-01
9.748714220677601183e-01
9.728632254868928575e-01
9.706971048276910041e-01
9.683659758168668974e-01
9.658626961539138467e-01
9.631800894459968676e-01
9.603109721954824485e-01
9.572481839190613018e-01
9.539846204428598098e-01
9.505132703804655137e-01
9.468272547609059009e-01
9.429198697318638134e-01
9.387846322202869631e-01
9.344153283885767713e-01
9.298060646802220885e-01
9.249513212045552546e-01
9.198460071667489135e-01
9.144855180067137379e-01
9.088657938697157768e-01
9.029833789928020105e-01
8.968354815550740877e-01
8.904200335070054928e-01
8.837357498649832666e-01
8.767821869326375417e-01
8.695597988909069542e-01
8.620699921847765346e-01
8.543151771267387673e-01
8.462988161357982708e-01
8.380254680366673314e-01
8.295008278569960813e-01
8.207317615812532718e-01
8.117263353482255805e-01
8.024938386149254033e-01
7.930448008526096437e-01
7.833910013901278502e-01
7.735454720751554492e-01
7.635224924841126359e-01
7.533375774756418952e-01
7.430074569491295078e-01
7.325500477376609698e-01
7.219844176325584950e-01
7.113307416029953645e-01
7.006102503378470736e-01
6.898451712968345362e-01
6.790586625132842835e-01
6.682747394408239394e-01
6.575181951807419489e-01
6.468145144654515732e-01
6.361897818068766863e-01
6.256705842469370005e-01
6.152839091715778252e-01
6.050570376706597697e-01
5.950174339445855054e-01
5.851926312757258497e-01
5.756101150994457072e-01
5.662972037266378322e-01
5.572809272877251585e-01
5.485879054874979177e-01
5.402442247809580156e-01
5.322753156023964927e-01
5.247058303027345438e-01
5.175595224729823141e-01
5.108591283535779404e-01
5.046262510491787978e-01
4.988812482850195629e-01
4.936431244529073670e-01
4.889294277010604040e-01
4.847561528211642434e-01
4.811376506772850892e-01
4.780865449037671189e-01
4.756136565726100107e-01
4.737279374946482546e-01
4.724364127733683416e-01
4.717441331755993783e-01
4.716541378202995238e-01
4.721674276159368855e-01
4.732829497996092760e-01
4.749975938481145743e-01
4.773061989438460717e-01
4.802015730878658184e-01
4.836745238599252650e-01
4.877139007316952934e-01
4.923066487459560880e-01
4.974378732819505489e-01
5.030909155362086604e-01
5.092474382596468008e-01
5.158875212061273530e-01
5.229897656655441152e-01
5.305314073763112148e-01
5.384884370383993257e-01
5.468357275793584993e-01
5.555471672626496327e-01
5.645957976708135817e-01
5.739539555462914722e-01
5.835934174308836653e-01
5.934855460119040638e-01
6.036014370598719037e-01
6.139120658300629696e-01
6.243884317992990374e-01
6.350017006206255532e-01
6.457233422027159886e-01
6.565252638581452471e-01
6.673799375153477431e-01
6.782605200527203060e-01
6.891409658895887302e-01
6.999961310566696904e-01
7.108018680671062128e-01
7.215351110166607906e-01
7.321739504565318857e-01
7.426976977025480098e-01
7.530869383681629836e-01
7.633235750335054526e-01
7.733908590865649080e-01
7.832734118932190848e-01
7.929572355681592244e-01
8.024297137269033042e-01
8.116796026982526779e-01
8.206970137652302988e-01
8.294733870794928077e-01
8.380014579584351697e-01
8.462752163250847337e-01
8.542898600880066695e-01
8.620417432817810699e-01
8.695283197984089441e-01
8.767480835367662539e-01
8.837005057817521880e-01
8.903859705980594619e-01
8.968057089867602638e-01
9.029617325074968948e-01
9.088567670164744428e-01
9.144941871122214128e-01
9.198779518187971682e-01
9.250125419713046693e-01
9.299028997027579679e-01
9.345543703658839574e-01
9.389726471596360202e-01
9.431637186691189667e-01
9.471338194702151325e-01
9.508893838972141133e-01
9.544370030237019353e-01
9.577833848642459680e-01
9.609353177671789981e-01
9.638996369370644857e-01
9.666831939990748745e-01
9.692928294962813718e-01
9.717353481943749038e-01
9.740174970561892298e-01
9.761459457400756268e-01
9.781272694711948823e-01
9.799679341326079651e-01
9.816742834231821924e-01
9.832525279312983590e-01
9.847087359767436876e-01
9.860488260776230085e-01
9.872785609043367439e-01
9.884035425884021286e-01
9.894292092599684674e-01
9.903608326941854001e-01
9.912035169530296619e-01
9.919621979157688951e-01
9.926416435978950847e-01
9.932464551650971307e-01
9.937810685556399681e-01
9.942497566313377444e-01
9.946566317840963567e-01
9.950056489316796426e-01
9.953006088428075770e-01
9.955451617378112683e-01
9.957428111167193618e-01
9.958969177716970878e-01
9.960107039451159272e-01
9.960872575980962429e-01
9.961295367571284531e-01
9.961403739083281028e-01
9.961224804101046493e-01
9.960784508956191940e-01
9.960107676365462792e-01
9.959218048395246381e-01
9.958138328465043765e-01
9.956890222101719701e-01
9.955494476159918449e-01
9.953970916232894872e-01
9.952338481993779906e-01
9.950615260230569747e-01
9.948818515369405313e-01
9.946964717319474181e-01
9.945069566518450754e-01
9.943148016108385168e-01
9.941214291226764255e-01
9.939281905454105948e-01
9.937363674515976575e-01
9.935471727391655961e-01
9.933617515031935019e-01
9.931811816933131531e-01
9.930064745851812091e-01
9.928385750974104695e-01
9.926783619874111064e-01
9.925266479607540715e-01
9.923841797289550959e-01
9.922516380500167044e-01
9.921296377847579340e-01
9.920187279999903573e-01
9.919193921470984554e-01
9.918320483416743771e-01
9.917570497666805540e-01
9.916946852182970673e-01
9.916451798102703385e-01
9.916086958493184333e-01
9.915853338910480819e-01
9.915751339829437239e-01
9.915780770983432246e-01
9.915940867629089439e-01
9.916230308729244713e-01
9.916647237027668149e-01
9.917189280970672982e-01
9.917853578413468041e-01
9.918636802032353428e-01
9.919535186347440137e-01
9.920544556244157430e-01
9.921660356865527053e-01
9.922877684731055137e-01
9.924191319922645027e-01
9.925595759163442500e-01
9.927085249602710659e-01
9.928653823109138132e-01
9.930295330866998338e-01
9.932003478064680424e-01
9.933771858463574800e-01
9.935593988637204665e-01
9.937463341675680795e-01
9.939373380158874616e-01
9.941317588212509326e-01
9.943289502474361718e-01
9.945282741812107030e-01
9.947291035649731272e-01
9.949308250775009688e-01
9.951328416516208586e-01
9.953345748191291253e-01
9.955354668747534719e-01
9.957349828523383017e-01
9.959326123077695270e-01
9.961278709044469881e-01
9.963203017983721654e-01
9.965094768211837373e-01
9.966949974607485219e-01
9.968764956402323962e-01
9.970536342979273714e-01
9.972261077715146582e-01
9.973936419918733032e-01
9.975559944929907052e-01
9.977129542459565181e-01
9.978643413263885709e-01
9.980100064258949910e-01
9.981498302192751693e-01
9.982837226000369490e-01
9.984116217974132734e-01
9.985334933883538433e-01
9.986493292178929559e-01
9.987591462408650367e-01
9.988629852971230294e-01
9.989609098312668412e-01
9.990530045664423042e-01
9.991393741401177753e-01
9.992201417079831227e-01
9.992954475203656983e-01
9.993654474739614990e-01
9.994303116403630005e-01
9.994902227719596466e-01
9.995453747853971782e-01
9.995959712229816052e-01
9.996422236932249739e-01
9.996843502931529457e-01
9.997225740169383146e-01
9.997571211577934713e-01
9.997882197126701787e-01
