9.997975172284713219e-01
9.997680465479114043e-01
9.997353601394871614e-01
9.996992534080019199e-01
9.996595240878632938e-01
9.996159735395915291e-01
9.995684079937834365e-01
9.995166397318828722e-01
9.994604881967260601e-01
9.993997810292735151e-01
9.993343550310287426e-01
9.992640570542348222e-01
9.991887448239389347e-01
9.991082876973759186e-01
9.990225673668462480e-01
9.989314785124077112e-01
9.988349294103282539e-01
9.987328425024882828e-01
9.986251549308686748e-01
9.985118190400638083e-01
9.983928028495036022e-01
9.982680904958876056e-01
9.981376826452789119e-01
9.980015968734576859e-01
9.978598680125223552e-01
9.977125484613633688e-01
9.975597084575302809e-01
9.974014363081350476e-01
9.972378385777720400e-01
9.970690402319350998e-01
9.968951847350520090e-01
9.967164341029758345e-01
9.965329689105386635e-01
9.963449882555421855e-01
9.961527096812732296e-01
9.959563690602724062e-01
9.957562204425826069e-01
9.955525358720479501e-01
9.953456051743655442e-01
9.951357357205034004e-01
9.949232521687436659e-01
9.947084961879905096e-01
9.944918261640863788e-01
9.942736168897040594e-01
9.940542592369546737e-01
9.938341598101909646e-01
9.936137405746351403e-01
9.933934384544672591e-01
9.931737048919432320e-01
9.929550053570274093e-01
9.927378187950071098e-01
9.925226369976792862e-01
9.923099638820341850e-01
9.921003146589899568e-01
9.918942148737049935e-01
9.916921992983814826e-01
9.914948106582931464e-01
9.913025981720661184e-01
9.911161158879980837e-01
9.909359207994227203e-01
9.907625707237736057e-01
9.905966219320379018e-01
9.904386265176688964e-01
9.902891294966879032e-01
9.901486656336008219e-01
9.900177559908400760e-01
9.898969042026712906e-01
9.897865924778568303e-01
9.896872773388245559e-01
9.895993851086382076e-01
9.895233071607003605e-01
9.894593949498299290e-01
9.894079548471191865e-01
9.893692428047522469e-01
9.893434588807001884e-01
9.893307416567965751e-01
9.893311625870412351e-01
9.893447203159236869e-01
9.893713350089543557e-01
9.894108427392670491e-01
9.894629899749610713e-01
9.895274282116326425e-01
9.896037087932006981e-01
9.896912779616023892e-01
9.897894721721928191e-01
9.898975137068052321e-01
9.900145066104976133e-01
9.901394329712216447e-01
9.902711495541961506e-01
9.904083847949158859e-01
9.905497361467520134e-01
9.906936677712756545e-01
9.908385085520475810e-01
9.909824504058999395e-01
9.911235468599166598e-01
9.912597118575593447e-01
9.913887187538127366e-01
9.915081994569125978e-01
9.916156436731926593e-01
9.917083982118390928e-01
9.917836663078236636e-01
9.918385069239239460e-01
9.918698339964638899e-01
9.918744155941101592e-01
9.918488729646753876e-01
9.917896794513277881e-01
9.916931592668294382e-01
9.915554861224062932e-01
9.913726817165624539e-01
9.911406140986219748e-01
9.908549959320196443e-01
9.905113826934238697e-01
9.901051708556722897e-01
9.896315961152606366e-01
9.890857317387227177e-01
9.884624871166026727e-01
9.877566066287278845e-01
9.869626689399246811e-01
9.860750868608981756e-01
9.850881079243464233e-01
9.839958158410500033e-01
9.827921330141566880e-01
9.814708243016038169e-01
9.800255022260171422e-01
9.784496338379186087e-01
9.767365494411424098e-01
9.748794533885448699e-01
9.728714371510300829e-01
9.707054948533708760e-01
9.683745414561523157e-01
9.658714337444390674e-01
9.631889942605931232e-01
9.603200382913260613e-01
9.572574039878980479e-01
9.539939856638163240e-01
9.505227702769137865e-01
9.468368770628167175e-01
9.429296002450650027e-01
9.387944547040341092e-01
9.344252244428572496e-01
9.298160136442306101e-01
9.249613000678090780e-01
9.198559904943387489e-01
9.144954778802090178e-01
9.088756998452480751e-01
9.029931980778408418e-01
8.968451782053585841e-01
8.904295696450200692e-01
8.837450849212494797e-01
8.767912779109292565e-01
8.695686004583091933e-01
8.620784567872635806e-01
8.543232551306942923e-01
8.463064559956070543e-01
8.380326164882061502e-01
8.295074301365500391e-01
8.207377616690737510e-01
8.117316762356636684e-01
8.024984625938011984e-01
7.930486498252428129e-01
7.833940171982477496e-01
7.735475968457317109e-01
7.635236689900303242e-01
7.533377495090316511e-01
7.430065697051179141e-01
7.325480482062672882e-01
7.219812549964664816e-01
7.113263676389522949e-01
7.006046198194788577e-01
6.898382423967241994e-01
6.790503972022254864e-01
6.682651038822352563e-01
6.575071601182986836e-01
6.468020556020819267e-01
6.361758801733216062e-01
6.256552265581689642e-01
6.152670881694008997e-01
6.050387524508762382e-01
5.949976902671237911e-01
5.851714418561124731e-01
5.755874998799599407e-01
5.662731901254014488e-01
5.572555504238370094e-01
5.485612083801355565e-01
5.402162585201237821e-01
5.322461394886839336e-01
5.246755119531423261e-01
5.175281378894278639e-01
5.108267619503401580e-01
5.045929956351020707e-01
4.988472049959229437e-01
4.936084026293083848e-01
4.888941447060756174e-01
4.847204337933268548e-01
4.811016282130436972e-01
4.780503586646519532e-01
4.755774528124758760e-01
4.736918685030779841e-01
4.724006362322319408e-01
4.717088114269506471e-01
4.716194370451864959e-01
4.721335169253656483e-01
4.732500002407332707e-01
4.749657773306970032e-01
4.772756870941340379e-01
4.801725360391233544e-01
4.836471289909448634e-01
4.876883113665713143e-01
4.922830228301741107e-01
4.974163620513857298e-01
5.030716621968224223e-01
5.092305766965088409e-01
5.158731747408201729e-01
5.229780458809882848e-01
5.305224130275778549e-01
5.384822530671604657e-01
5.468324242482794917e-01
5.555467994242728746e-01
5.645984041833949085e-01
5.739595588466537279e-01
5.836020232717400447e-01
5.934971433683342568e-01
6.036159982067703655e-01
6.139295465895429071e-01
6.244087719542097403e-01
6.350248244877132464e-01
6.457491593564510524e-01
6.565536699940295318e-01
6.674108154395417269e-01
6.782937407831940435e-01
6.891763898526812593e-01
7.000336093619672351e-01
7.108412438429032587e-01
7.215762207879803380e-01
7.322166255476814101e-01
7.427417656465155060e-01
7.531322243057333443e-01
7.633699030858211998e-01
7.734380536859036814e-01
7.833212990579958568e-01
7.930056441095524322e-01
8.024784763760103301e-01
8.117285571442890424e-01
8.207460035969433854e-01
8.295222626236569141e-01
8.380500770109915454e-01
8.463234447721725839e-01
8.543375724157531437e-01
8.620888229752915466e-01
8.695746596318647548e-01
8.767935857579084447e-01
8.837450821952682611e-01
8.904295425534980435e-01
8.968482072775522118e-01
9.030030971884598356e-01
9.088969471478108852e-01
9.145331404384973162e-01
9.199156443916849391e-01
9.250489477250339876e-01
9.299379999911993044e-01
9.345881534700510862e-01
9.390051077741077279e-01
9.431948573754806997e-01
9.471636422051243898e-01
9.509179014220997539e-01
9.544642304024529844e-01
9.578093409545311854e-01
9.609600247302926279e-01
9.639231197704269949e-01
9.667054800947436632e-01
9.693139482280688224e-01
9.717553305354362791e-01
9.740363752282416021e-01
9.761637528947644249e-01
9.781440394035261221e-01
9.799837010258436454e-01
9.816890816241350404e-01
9.832663917545850785e-01
9.847216995362472192e-01
9.860609231431919364e-01
9.872898247815911077e-01
9.884140060194354094e-01
9.894389043427158636e-01
9.903697908182662601e-01
9.912117687499634178e-01
9.919697732215880803e-01
9.926485714263397764e-01
9.932527636897545698e-01
9.937867850995831809e-01
9.942549076630119442e-01
9.946612429183916415e-01
9.950097449353081380e-01
9.953042136432661557e-01
9.955482984353577480e-01
9.957455019989110978e-01
9.958991843301465696e-01
9.960125668941939292e-01
9.960887368953773580e-01
9.961306516254110344e-01
9.961411428590889461e-01
9.961229212682576328e-01
9.960785808254469798e-01
9.960106031686669636e-01
9.959213618987383665e-01
9.958131267803442821e-01
9.956880678179644839e-01
9.955482591782044421e-01
9.953956829309235088e-01
9.952322325831410854e-01
9.950597163820330548e-01
9.948798603664585904e-01
9.946943111503417922e-01
9.945046384257966166e-01
9.943123371789873710e-01
9.941188296172102090e-01
9.939254668113470803e-01
9.937335300635126156e-01
9.935442320151492979e-01
9.933587175158664628e-01
9.931780642777836565e-01
9.930032833438883211e-01
9.928353194018625372e-01
9.926750509769014519e-01
9.925232905382096460e-01
9.923807845541461337e-01
9.922482135304313555e-01
9.921261920645101373e-01
9.920152689471911645e-01
9.919159273401698673e-01
9.918285850551226135e-01
9.917535949568685449e-01
9.916912455097595114e-01
9.916417614831045668e-01
9.916053048281517901e-01
9.915819757360333497e-01
9.915718138831680628e-01
9.915747998679542707e-01
9.915908568401667900e-01
9.916198523222876648e-01
9.916616002200119295e-01
9.917158630173352751e-01
9.917823541499081186e-01
9.918607405486746798e-01
9.919506453441869764e-01
9.920516507203622769e-01
9.921633009048398399e-01
9.922851052815083728e-01
9.924165416092479708e-01
9.925570593295059973e-01
9.927060829440618184e-01
9.928630154432845911e-01
9.930272417644004923e-01
9.931981322588039340e-01
9.933750461472965476e-01
9.935573349423268974e-01
9.937443458168163657e-01
9.939354248999766606e-01
9.941299204815963186e-01
9.943271861075513307e-01
9.945265835507238750e-01
9.947274856430240453e-01
9.949292789557662164e-01
9.951313663171947876e-01
9.953331691574633933e-01
9.955341296728223988e-01
9.957337128021614969e-01
9.959314080103834899e-01
9.961267308743774196e-01
9.963192244686251975e-01
9.965084605487419811e-01
9.966940405325345198e-01
9.968755962794787484e-01
9.970527906708851473e-01
9.972253179944200463e-01
9.973929041380924509e-01
9.975553066002652569e-01
9.977123143236780178e-01
9.978637473628380050e-01
9.980094563953948450e-01
9.981493220892108109e-01
9.982832543377136991e-01
9.984111913767284019e-01
9.985330987962646176e-01
9.986489684606734141e-01
9.987588173501433797e-01
9.988626863356955266e-01
9.989606388986818075e-01
9.990527598043463797e-01
9.991391537373497389e-01
9.992199439053988108e-01
9.992952706153682696e-01
9.993652898247079586e-01
9.994301716696107896e-01
9.994900989705145511e-01
9.995452657151213671e-01
9.995958755193202760e-01
9.996421400672130808e-01
9.996842775328677044e-01
9.997225109883712824e-01
9.997570668051234399e-01
9.997881730579324389e-01
