9.997974806246345825e-01
9.997680036061304953e-01
9.997353099661629994e-01
9.996991950195459609e-01
9.996594564072821543e-01
9.996158953937842595e-01
9.995683181116656879e-01
9.995165367434483139e-01
9.994603706331429693e-01
9.993996473241016920e-01
9.993342035226261411e-01
9.992638859894018566e-01
9.991885523628298849e-01
9.991080719196804294e-01
9.990223262792234937e-01
9.989312100571280384e-01
9.988346314750574662e-01
9.987325129311244165e-01
9.986247915353236859e-01
9.985114196128626052e-01
9.983923651770622021e-01
9.982676123723179806e-01
9.981371618865629847e-01
9.980010313318302684e-01
9.978592555909010509e-01
9.977118871276702272e-01
9.975589962587538828e-01
9.974006713839944638e-01
9.972370191738527678e-01
9.970681647121846236e-01
9.968942515935335091e-01
9.967154419747962235e-01
9.965319165818852243e-01
9.963438746727742990e-01
9.961515339590368834e-01
9.959551304886183898e-01
9.957549184930882813e-01
9.955511702029575805e-01
9.953441756347837233e-01
9.951342423536885251e-01
9.949216952145708559e-01
9.947068760846673463e-01
9.944901435492217168e-01
9.942718726008469288e-01
9.940524543117348344e-01
9.938322954862032210e-01
9.936118182892194062e-01
9.933914598445414690e-01
9.931716717940440864e-01
9.929529198077080565e-01
9.927356830317272118e-01
9.925204534603028206e-01
9.923077352150219133e-01
9.920980437143398500e-01
9.918919047146531609e-01
9.916898532038312952e-01
9.914924321278933972e-01
9.913001909318103211e-01
9.911136838961697171e-01
9.909334682526694804e-01
9.907601020630553146e-01
9.905941418481655214e-01
9.904361399561310009e-01
9.902866416614544143e-01
9.901461819895952532e-01
9.900152822647859674e-01
9.898944463820417150e-01
9.897841568076890528e-01
9.896848703162000049e-01
9.895970134746727709e-01
9.895209778899337616e-01
9.894571152369492362e-01
9.894057320909913633e-01
9.893670845897812871e-01
9.893413729555505798e-01
9.893287359105553680e-01
9.893292450229059787e-01
9.893428990225173747e-01
9.893696181293795133e-01
9.894092384380162031e-01
9.894615064028123852e-01
9.895260734686667226e-01
9.896024908900963313e-01
9.896902047793894042e-01
9.897885514206782309e-01
9.898967528819281325e-01
9.900139129509271108e-01
9.901390134145703348e-01
9.902709106932917615e-01
9.904083328346472426e-01
9.905498768620756289e-01
9.906940064670370916e-01
9.908390500253291266e-01
9.909831989116508755e-01
9.911245060806448404e-01
9.912608848778662329e-01
9.913901080405307376e-01
9.915098068455502345e-01
9.916174703613126473e-01
9.917104447598862338e-01
9.917859326477804771e-01
9.918409923760143077e-01
9.918725372939397600e-01
9.918773349159621944e-01
9.918520059759012852e-01
9.917930233501791593e-01
9.916967108382525042e-01
9.915592417966897498e-01
9.913766376320247709e-01
9.911447661670044207e-01
9.908593399051200956e-01
9.905159142293972208e-01
9.901098855833603274e-01
9.896364896948810497e-01
9.890907999172586784e-01
9.884677257762902736e-01
9.877620118271286387e-01
9.869682369402072997e-01
9.860808141511230307e-01
9.850939912247497210e-01
9.840018520985540640e-01
9.827983193835827525e-01
9.814771581133292511e-01
9.800319809400842574e-01
9.784562549848705437e-01
9.767433105501154289e-01
9.748863519033812430e-01
9.728784703353886565e-01
9.707126596859938505e-01
9.683818345175939646e-01
9.658788510966769270e-01
9.631965313210204549e-01
9.603276897026726822e-01
9.572651634856431668e-01
9.540018459426535813e-01
9.505307228578054879e-01
9.468449121621423936e-01
9.429377066473277891e-01
9.388026196395548029e-01
9.344334334718488178e-01
9.298242505486239429e-01
9.249695467521823478e-01
9.198642268972948566e-01
9.145036818975442738e-01
9.088838472662537082e-01
9.030012625360769318e-01
8.968531311452255794e-01
8.904373803054286274e-01
8.837527203376375207e-01
8.767987029368058405e-01
8.695757778073978095e-01
8.620853470971862054e-01
8.543298170489679322e-01
8.463126462885309786e-01
8.380383901729944185e-01
8.295127406368165701e-01
8.207425609935218302e-01
8.117359151795620065e-01
8.025020909625606436e-01
7.930516166791534705e-01
7.833962711171857940e-01
7.735490862124372313e-01
7.635243422903449373e-01
7.533375556473400625e-01
7.430054583330993889e-01
7.325459700629642912e-01
7.219781622576240121e-01
7.113222142735398101e-01
7.005993619513088966e-01
6.898318386690960313e-01
6.790428091435651847e-01
6.682562962707563337e-01
6.574971013437727052e-01
6.467907180228839037e-01
6.361632404669933516e-01
6.256412660638176471e-01
6.152517932203329654e-01
6.050221146959210428e-01
5.949797069791729065e-01
5.851521162264303744e-01
5.755668412968459879e-01
5.662512144357751964e-01
5.572322801762861211e-01
5.485366730478823394e-01
5.401904947022564407e-01
5.322191910878295573e-01
5.246474303275586726e-01
5.174989819772194410e-01
5.107965983632225537e-01
5.045618987187843185e-01
4.988152568538444243e-01
4.935756931060804042e-01
4.888607713266458488e-01
4.846865016535701898e-01
4.810672498172253730e-01
4.780156537050795906e-01
4.755425478866103228e-01
4.736568967635103045e-01
4.723657369652415339e-01
4.716741295558510849e-01
4.715851225554112958e-01
4.720997242091631296e-01
4.732168873605304693e-01
4.749335052015484226e-01
4.772444185872437572e-01
4.801424350101356486e-01
4.836183592385324692e-01
4.876610355287207543e-01
4.922574012274820721e-01
4.973925514884760535e-01
5.030498147347248761e-01
5.092108384103481988e-01
5.158556844784368822e-01
5.229629340390899994e-01
5.305098003626531611e-01
5.384722495586375945e-01
5.468251280312748097e-01
5.555422958087332663e-01
5.645967647754914776e-01
5.739608407869537521e-01
5.836062686030418778e-01
5.935043785440431430e-01
6.036262337485053253e-01
6.139427769002223645e-01
6.244249752903381356e-01
6.350439630919719747e-01
6.457711797490944816e-01
6.565785034190538827e-01
6.674383784591602087e-01
6.783239360119215355e-01
6.892091068202979010e-01
7.000687254928567027e-01
7.108786255377750329e-01
7.216157245927857788e-01
7.322580993936540494e-01
7.427850501446868758e-01
7.531771540790105357e-01
7.634163081217288926e-01
7.734857606933954743e-01
7.833701328122862906e-01
7.930554287697038074e-01
8.025290367609939635e-01
8.117797199543874687e-01
8.207975985686748466e-01
8.295741236078065795e-01
8.381020429648529113e-01
8.463753606586515987e-01
8.543892900035947591e-01
8.621402015362770177e-01
8.696255665324177375e-01
8.768438969440809361e-01
8.837946825715505828e-01
8.904783262572902869e-01
8.968960778524187605e-01
9.030499676604611947e-01
9.089427400102494392e-01
9.145777875513102506e-01
9.199590868024758450e-01
9.250911354193318559e-01
9.299788915799789280e-01
9.346277158228474269e-01
9.390433156061948061e-01
9.432316927975906706e-01
9.471990942440495775e-01
9.509519655202633981e-01
9.544969079041679683e-01
9.578406385862052730e-01
9.609899540812919527e-01
9.639516967806954773e-01
9.667327245546205594e-01
9.693398832950419486e-01
9.717799822718556912e-01
9.740597721632970885e-01
9.761859256133128548e-01
9.781650201636702402e-01
9.800035234065008760e-01
9.817077802032267986e-01
9.832840018179114239e-01
9.847382568166180850e-01
9.860764635889434082e-01
9.873043843532561814e-01
9.884276205130363424e-01
9.894516092379246341e-01
9.903816211495175548e-01
9.912227589985138643e-01
9.919799572264783594e-01
9.926579823122375634e-01
9.932614338097159878e-01
9.937947459908735848e-01
9.942621900142539770e-01
9.946678765464602723e-01
9.950157587705515949e-01
9.953096357218012002e-01
9.955531558973506057e-01
9.957498210919162318e-01
9.959029904167200353e-01
9.960158844631319397e-01
9.960915895760455996e-01
9.961330622047279704e-01
9.961431333008072819e-01
9.961245127342488459e-01
9.960797936987435541e-01
9.960114570780459475e-01
9.959218757446525183e-01
9.958133187620155091e-01
9.956879554614535000e-01
9.955478593652675734e-01
9.953950119284544762e-01
9.952313060729821581e-01
9.950585494909254258e-01
9.948784676958837281e-01
9.946927068059928656e-01
9.945028360464029937e-01
9.943103499642097498e-01
9.941166703543135030e-01
9.939231479003638459e-01
9.937310635406111370e-01
9.935416295739373238e-01
9.933559905263813494e-01
9.931752238029475377e-01
9.930003401532460083e-01
9.928322839824635926e-01
9.926719335412391709e-01
9.925201010291896386e-01
9.923775326471202529e-01
9.922449086323994472e-01
9.921228433106615840e-01
9.920118851950260330e-01
9.919125171615053027e-01
9.918251567263502988e-01
9.917501564478794496e-01
9.916878044719975582e-01
9.916383252372371615e-01
9.916018803518619196e-01
9.915785696524361814e-01
9.915684324503393210e-01
9.915714489700224732e-01
9.915875419803718005e-01
9.916165786183427366e-01
9.916583724020291424e-01
9.917126854284876725e-01
9.917792307499055937e-01
9.918576749200368470e-01
9.919476407011996733e-01
9.920487099205166359e-01
9.921604264624717118e-01
9.922822993832929317e-01
9.924138061311509329e-01
9.925543958547640155e-01
9.927034927817515175e-01
9.928604996470467015e-01
9.930248011509101858e-01
9.931957674256214341e-01
9.933727574897865953e-01
9.935551226693991600e-01
9.937422099653127061e-01
9.939333653476023489e-01
9.941279369583639891e-01
9.943252782057736550e-01
9.945247507336462123e-01
9.947257272522387339e-01
9.949275942175808130e-01
9.951297543481529839e-01
9.953316289692236696e-01
9.955326601765999150e-01
9.957323128129245138e-01
9.959300762509772920e-01
9.961254659797202926e-01
9.963180249900932539e-01
9.965073249588256576e-01
9.966929672298184828e-01
9.968745835939709643e-01
9.970518368696893452e-01
9.972244212877283687e-01
9.973920626854578808e-01
9.975545185170988649e-01
9.977115776879119657e-01
9.978630602216906897e-01
9.980088167721762327e-01
9.981487279901087861e-01
9.982827037585115804e-01
9.984106823094069938e-01
9.985326292354536060e-01
9.986485364099243478e-01
9.987584208280033682e-01
9.988623233815668856e-01
9.989603075784587727e-01
9.990524582158204492e-01
9.991388800153803151e-01
9.992196962268395932e-01
9.992950472037426257e-01
9.993650889546189520e-01
9.994299916708705434e-01
9.994899382319691883e-01
9.995451226881468809e-01
9.995957487209577996e-01
9.996420280829113603e-01
9.996841790187986909e-01
9.997224246732855368e-01
9.997569914917160405e-01
9.997881076236928566e-01
