9.997974634862050181e-01
9.997679835510620006e-01
9.997352865885997808e-01
9.996991678726727670e-01
9.996594250015801153e-01
9.996158591955672801e-01
9.995682765419517946e-01
9.995164891772163607e-01
9.994603163990257721e-01
9.993995857045595566e-01
9.993341337546385317e-01
9.992638072657106241e-01
9.991884638337555913e-01
9.991079726955252038e-01
9.990222154332630833e-01
9.989310866291858382e-01
9.988344944756399890e-01
9.987323613460893368e-01
9.986246243310410442e-01
9.985112357418178819e-01
9.983921635838457487e-01
9.982673919999357492e-01
9.981369216829990565e-01
9.980007702567884609e-01
9.978589726226512191e-01
9.977115812699235420e-01
9.975586665474948100e-01
9.974003168941981690e-01
9.972366390260224422e-01
9.970677580786461158e-01
9.968938177044338600e-01
9.967149801237575879e-01
9.965314261312716582e-01
9.963433550585392151e-01
9.961509846951245306e-01
9.959545511709005927e-01
9.957543088028270040e-01
9.955505299097894278e-01
9.953435045992323760e-01
9.951335405292195402e-01
9.949209626492090397e-01
9.947061129222075637e-01
9.944893500300725497e-01
9.942710490625523700e-01
9.940516011892301940e-01
9.938314133118656413e-01
9.936109076927824857e-01
9.933905215529446053e-01
9.931707066312923660e-01
9.929519286948172985e-01
9.927346669868262197e-01
9.925194135989570121e-01
9.923066727508368379e-01
9.920969599598833399e-01
9.918908010827266475e-01
9.916887312090932882e-01
9.914912933888228030e-01
9.912990371729702987e-01
9.911125169507124522e-01
9.909322900649956134e-01
9.907589146915254386e-01
9.905929474677382940e-01
9.904349408607930894e-01
9.902854402662932820e-01
9.901449808323649071e-01
9.900140840068151205e-01
9.898932538083407007e-01
9.897829728261242632e-01
9.896836979556182801e-01
9.895958558818792605e-01
9.895198383254480978e-01
9.894559970694846163e-01
9.894046387906278994e-01
9.893660197198211881e-01
9.893403401630662675e-01
9.893277389156535095e-01
9.893282876067468479e-01
9.893419850141377259e-01
9.893687513913725917e-01
9.894084228511326184e-01
9.894607458495432439e-01
9.895253718158812939e-01
9.896018519708073002e-01
9.896896323737282009e-01
9.897880492361746940e-01
9.898963245332040861e-01
9.900135619389317521e-01
9.901387431055110877e-01
9.902707242974424506e-01
9.904082333852457509e-01
9.905498671945560663e-01
9.906940891988759157e-01
9.908392275368120838e-01
9.909834733278956032e-01
9.911248792552335152e-01
9.912613583784517512e-01
9.913906831367805816e-01
9.915104844997806310e-01
9.916182512221398682e-01
9.917113291591828084e-01
9.917869206011734606e-01
9.918420835870961350e-01
9.918737311622884967e-01
9.918786305489811772e-01
9.918534022043967724e-01
9.917945187474961344e-01
9.916983037426929659e-01
9.915609303368382310e-01
9.913784197545145727e-01
9.911466396661726685e-01
9.908613024539233427e-01
9.905179634109001485e-01
9.901120189220573575e-01
9.896387046870861459e-01
9.890930940597806309e-01
9.884700965926199734e-01
9.877644568903916067e-01
9.869707538921766998e-01
9.860834007166565662e-01
9.850966452210899726e-01
9.840045714390334153e-01
9.828011020753791849e-01
9.814800022490378639e-01
9.800348846829971539e-01
9.784592165479825132e-01
9.767463281689984234e-01
9.748894238031931003e-01
9.728815946923927704e-01
9.707158345840649627e-01
9.683850579002744041e-01
9.658821207154145716e-01
9.631998446802756408e-01
9.603310440026147088e-01
9.572685555631824661e-01
9.540052722115573980e-01
9.505341792486449171e-01
9.468483940628020790e-01
9.429412088447909346e-01
9.388061362636543894e-01
9.344369579416533789e-01
9.298277755221029395e-01
9.249730640797824144e-01
9.198677275800413167e-01
9.145071560502746610e-01
9.088872840865819258e-01
9.030046502796803543e-01
8.968564571080421821e-01
8.904406308133401282e-01
8.837558807441958653e-01
8.768017576295377147e-01
8.695787102231822274e-01
8.620881397471507057e-01
8.543324515532866315e-01
8.463151034214275725e-01
8.380406499181627389e-01
8.295147822533699422e-01
8.207443630924663447e-01
8.117374558106761340e-01
8.025033477114348335e-01
7.930525667740293549e-01
7.833968915451157145e-01
7.735493538441718941e-01
7.635242340132716299e-01
7.533370485056957166e-01
7.430045296746231598e-01
7.325445976910982537e-01
7.219763245883329406e-01
7.113198904958011326e-01
7.005965321903140364e-01
6.898284841512137833e-01
6.790389123621292100e-01
6.682518411517706092e-01
6.574920734106517450e-01
6.467851045593905335e-01
6.361570306775656825e-01
6.256344512305247463e-01
6.152443668557248113e-01
6.050140726910910871e-01
5.949710477463598934e-01
5.851428408355263677e-01
5.755569536051885482e-01
5.662407212105990961e-01
5.572211912092090991e-01
5.485250012607713055e-01
5.401782562437817958e-01
5.322064054199483474e-01
5.246341203010898013e-01
5.174851738955699165e-01
5.107823220331909608e-01
5.045471874872393681e-01
4.988001476288936864e-01
4.935602263612060003e-01
4.888449910860834802e-01
4.846704554570693269e-01
4.810509886621705533e-01
4.779992319638504128e-01
4.755260231969848927e-01
4.736403298899156677e-01
4.723491916287160253e-01
4.716576722307302960e-01
4.715688222309967204e-01
4.720836521149749387e-01
4.732011166541815195e-01
4.749181106188488100e-01
4.772294760547639569e-01
4.801280212212089005e-01
4.836045511944716546e-01
4.876479100478832152e-01
4.922450344256873445e-01
4.973810182351813269e-01
5.030391880901987633e-01
5.092011890498854276e-01
5.158470801103682835e-01
5.229554388239292528e-01
5.305034743411660703e-01
5.384671480969368540e-01
5.468213012911228299e-01
5.555397882511976526e-01
5.645956147058155405e-01
5.739610799480747705e-01
5.836079218245486810e-01
5.935074634525976389e-01
6.036307605448056890e-01
6.139487482065525414e-01
6.244323860716016750e-01
6.350528006519176039e-01
6.457814238022105968e-01
6.565901262373796676e-01
6.674513450920673829e-01
6.783382045757861967e-01
6.892246288539145560e-01
7.000854463734995647e-01
7.108964849519785467e-01
7.216346570552023554e-01
7.322780348068015366e-01
7.428059143919669705e-01
7.531988696431154429e-01
7.634387947204295255e-01
7.735089359247098173e-01
7.833939128011715436e-01
7.930797288086740560e-01
8.025537719374379320e-01
8.118048057578223231e-01
8.208229514717193531e-01
8.295996616152770953e-01
8.381276861260503752e-01
8.464010315386237826e-01
8.544149141098971167e-01
8.621657076985113077e-01
8.696508872325832140e-01
8.768689685965261882e-01
8.838194457520405223e-01
8.905027258814012248e-01
8.969200633041392035e-01
9.030734928724816202e-01
9.089657634979850798e-01
9.146002724031976339e-01
9.199810006295098264e-01
9.251124502671699279e-01
9.299995838072323551e-01
9.346477659493841461e-01
9.390627081354280259e-01
9.432504160167962670e-01
9.472171400067554980e-01
9.509693290146971068e-01
9.545135874116261743e-01
9.578566352330375455e-01
9.610052715879717766e-01
9.639663412111949548e-01
9.667467040690106428e-01
9.693532079079297814e-01
9.717926636189370138e-01
9.740718232779584929e-01
9.761973607148769494e-01
9.781758544585349435e-01
9.800137729030945488e-01
9.817174615413858385e-01
9.832931321129956270e-01
9.847468535184076277e-01
9.860845443551239375e-01
9.873119669370874485e-01
9.884347226646239548e-01
9.894582486183710612e-01
9.903878152571196081e-01
9.912285251060938274e-01
9.919853123288926433e-01
9.926629430830834488e-01
9.932660165662675622e-01
9.937989666663030741e-01
9.942660641362414120e-01
9.946714192213548245e-01
9.950189846723164200e-01
9.953125590850497861e-01
9.955557905138634478e-01
9.957521803101013758e-01
9.959050871435599639e-01
9.960177311682276713e-01
9.960931982974325916e-01
9.961344445561959304e-01
9.961443004805013990e-01
9.961254755343726952e-01
9.960805625162121313e-01
9.960120419259629321e-01
9.959222862645032981e-01
9.958135642364770446e-01
9.956880448277292128e-01
9.955478012288566658e-01
9.953948145772641976e-01
9.952309774916870966e-01
9.950580973754712399e-01
9.948778994680277377e-01
9.946920296277657059e-01
9.945020568343692080e-01
9.943094754033978688e-01
9.941157069116836054e-01
9.939221018376767081e-01
9.937299409265634154e-01
9.935404362954284307e-01
9.933547322987871242e-01
9.931739061792822509e-01
9.929989685321084503e-01
9.928308636146827570e-01
9.926704695351526997e-01
9.925185983545162793e-01
9.923759961374132299e-01
9.922433429860993970e-01
9.921212530907990157e-01
9.920102748276573568e-01
9.919108909329978907e-01
9.918235187796637931e-01
9.917485107780206199e-01
9.916861549208487725e-01
9.916366754879794021e-01
9.916002339232276031e-01
9.915769298930335873e-01
9.915668025332896596e-01
9.915698318881429607e-01
9.915859405421201256e-01
9.916149954447169845e-01
9.916568099245821610e-01
9.917111458885813358e-01
9.917777161992861190e-01
9.918561872227684706e-01
9.919461815369486901e-01
9.920472807891292932e-01
9.921590286897515876e-01
9.922809341278409079e-01
9.924124743921017844e-01
9.925530984802297674e-01
9.927022304777641803e-01
9.928592729867885547e-01
9.930236105840235528e-01
9.931946132873979982e-01
9.933716400100606192e-01
9.935540419809910651e-01
9.937411661119025519e-01
9.939323582909457278e-01
9.941269665847983772e-01
9.943243443319970121e-01
9.945238531117824854e-01
9.947248655742307877e-01
9.949267681189774004e-01
9.951289634113709148e-01
9.953308727263781019e-01
9.955319381120025790e-01
9.957316243653465682e-01
9.959294208157702943e-01
9.961248429108787716e-01
9.963174336023291611e-01
9.965067645297120968e-01
9.966924370020449064e-01
9.968740827777349267e-01
9.970513646452391354e-01
9.972239768080560784e-01
9.973916450791310284e-01
9.975541268912142545e-01
9.977112111311452480e-01
9.978627178074137571e-01
9.980084975616133613e-01
9.981484310355014378e-01
9.982824281062648852e-01
9.984104270031926021e-01
9.985323933192491452e-01
9.986483189309713904e-01
9.987582208396715844e-01
9.988621399461159456e-01
9.989601397696904472e-01
9.990523051216185779e-01
9.991387407401355336e-01
9.992195698937582637e-01
9.992949329570373074e-01
9.993649859615787445e-01
9.994298991238048657e-01
9.994898553500213279e-01
9.995450487189656563e-01
9.995956829422179002e-01
9.996419698036691504e-01
9.996841275806680471e-01
9.997223794514201733e-01
9.997569518955821133e-01
9.997880730976194119e-01
