0.10014
0.10014
0.10014
0.10014
0.10014
0.10014
0.10014
0.10014
0.10014
0.10014
0.10014
0.10014
0.10014
0.10014
0.10014
0.10014
0.10014
0.10014
0.10014
0.10014
0.10014
0.10014
0.10014
0.10014
0.10212
0.12595
0.19684
0.30561
0.44762
0.56517
0.74435
0.89173
1.0219
1.1871
1.3436
1.4701
1.5863
1.6719
1.7424
1.7886
1.8094
1.7759
1.7097
1.6168
1.4965
1.3232
1.1181
0.88074
0.62266
0.3436
0.045868
-0.26027
-0.56197
-0.85576
-1.1419
-1.405
-1.6429
-1.8264
-1.9841
-2.1177
-2.2061
-2.226
-2.2093
-2.1554
-2.0738
-1.9412
-1.7845
-1.574
-1.3398
-1.1517
-0.9298
-0.6499
-0.46413
-0.23518
-0.058074
0.057847
0.096897
0.10014
0.10014
0.10014
0.10014
0.10014
0.10014
0.10014
0.10014
0.10014
0.10014
0.10014
0.10014
0.10014
0.10014
0.10014
0.10014
0.10014
0.10014
0.10014
0.10014
0.10014
0.10014
0.10014
