9.997987716206744313e-01
9.997694794289233577e-01
9.997369893035263910e-01
9.997010973177355986e-01
9.996616017622363959e-01
9.996183044289207453e-01
9.995710118440034320e-01
9.995195364401261440e-01
9.994636976606383616e-01
9.994033229926123640e-01
9.993382489281598113e-01
9.992683218561244640e-01
9.991933988881436246e-01
9.991133486243589656e-01
9.990280518647158825e-01
9.989374022718734425e-01
9.988413069913415487e-01
9.987396872336600229e-01
9.986324788223780446e-01
9.985196327103815772e-01
9.984011154658810616e-01
9.982769097282019333e-01
9.981470146325036596e-01
9.980114462017396493e-01
9.978702377036053894e-01
9.977234399699074219e-01
9.975711216757329192e-01
9.974133695759763718e-01
9.972502886971650327e-01
9.970820024830796546e-01
9.969086528933510660e-01
9.967304004549742968e-01
9.965474242674934313e-01
9.963599219634040605e-01
9.961681096260703860e-01
9.959722216681102802e-01
9.957725106737209675e-01
9.955692472087657174e-01
9.953627196025809365e-01
9.951532337053652366e-01
9.949411126246493486e-01
9.947266964437085912e-01
9.945103419238586762e-01
9.942924221913759242e-01
9.940733264083219112e-01
9.938534594248595866e-01
9.936332414087627463e-01
9.934131074457946964e-01
9.931935071025284056e-01
9.929749039410670219e-01
9.927577749730790435e-01
9.925426100386600670e-01
9.923299110938517131e-01
9.921201913892646607e-01
9.919139745212255388e-01
9.917117933362520343e-01
9.915141886695006956e-01
9.913217078981406694e-01
9.911349032913951973e-01
9.909543301402432558e-01
9.907805446514583725e-01
9.906141015927315552e-01
9.904555516780340074e-01
9.903054386850587143e-01
9.901642962994885444e-01
9.900326446839111671e-01
9.899109867724145140e-01
9.897998042951965392e-01
9.896995535409189859e-01
9.896106608679946515e-01
9.895335179795314851e-01
9.894684769802517543e-01
9.894158452373421619e-01
9.893758800708457590e-01
9.893487833028160594e-01
9.893346956979365281e-01
9.893336913315591286e-01
9.893457719239978632e-01
9.893708611822691346e-01
9.894087991921530767e-01
9.894593369042866682e-01
9.895221307578675463e-01
9.895967374843273046e-01
9.896826091309695039e-01
9.897790883410487739e-01
9.898854039221347545e-01
9.900006667289775741e-01
9.901238658806130744e-01
9.902538653243431188e-01
9.903894007517249909e-01
9.905290768640744314e-01
9.906713649774949726e-01
9.908146009503429053e-01
9.909569834095629526e-01
9.910965722466729133e-01
9.912312873495022769e-01
9.913589075322037925e-01
9.914770696236312464e-01
9.915832676729322559e-01
9.916748522311372716e-01
9.917490296685957940e-01
9.918028614902602014e-01
9.918332636139896019e-01
9.918370055811667196e-01
9.918107096739362527e-01
9.917508499192362326e-01
9.916537509664760108e-01
9.915155868332046207e-01
9.913323795214289413e-01
9.910999975163955478e-01
9.908141541896999804e-01
9.904704061395508408e-01
9.900641515129412484e-01
9.895906283673617798e-01
9.890449131435040675e-01
9.884219193350618493e-01
9.877163964570948584e-01
9.869229294302409583e-01
9.860359385140469168e-01
9.850496799384315105e-01
9.839582473973326193e-01
9.827555745823919331e-01
9.814354389465120843e-01
9.799914668967115716e-01
9.784171406223094447e-01
9.767058067675872257e-01
9.748506871572359955e-01
9.728448917777706706e-01
9.706814342084428837e-01
9.683532496809238443e-01
9.658532159282053886e-01
9.631741769599345693e-01
9.603089698740532310e-01
9.572504547835201105e-01
9.539915479024928535e-01
9.505252577991328833e-01
9.468447247826558000e-01
9.429432633509209349e-01
9.388144075822111301e-01
9.344519593114006817e-01
9.298500388869120892e-01
9.250031382611755282e-01
9.199061761241951185e-01
9.145545547477494930e-01
9.089442181671886223e-01
9.030717112892544529e-01
8.969342394783590411e-01
8.905297281408888210e-01
8.838568817979391978e-01
8.769152421120364194e-01
8.697052443134797306e-01
8.622282714575405516e-01
8.544867059354483985e-01
8.464839776603892973e-01
8.382246083550732862e-01
8.297142513801126773e-01
8.209597265626855656e-01
8.119690495127840357e-01
8.027514549495977647e-01
7.933174136029628176e-01
7.836786423037267468e-01
7.738481069316749394e-01
7.638400179493211040e-01
7.536698183133719864e-01
7.433541636217622095e-01
7.329108944215307897e-01
7.223590006701257060e-01
7.117185784087003420e-01
7.010107787693466985e-01
6.902577494979842410e-01
6.794825692298984698e-01
6.687091748051405826e-01
6.579622819557713331e-01
6.472672997362980407e-01
6.366502391027721863e-01
6.261376160754059672e-01
6.157563499449343336e-01
6.055336570050535716e-01
5.954969403131091799e-01
5.856736759996020725e-01
5.760912966649651690e-01
5.667770724200544841e-01
5.577579901455300693e-01
5.490606315649393387e-01
5.407110507470165306e-01
5.327346516741540139e-01
5.251560665357287716e-01
5.179990354262709040e-01
5.112862881483919431e-01
5.050394288378977636e-01
4.992788241424968021e-01
4.940234956947719969e-01
4.892910176235210074e-01
4.850974198442516983e-01
4.814570978586141248e-01
4.783827297733407313e-01
4.758852012214165317e-01
4.739735388315731157e-01
4.726548528469863841e-01
4.719342894405540445e-01
4.718149932129910296e-01
4.722980802919265475e-01
4.733826223761470331e-01
4.750656419901032601e-01
4.773421191307839484e-01
4.802050094031008465e-01
4.836452736520416851e-01
4.876519190108509205e-01
4.922120511953046451e-01
4.973109377854134650e-01
5.029320821482601289e-01
5.090573075697071292e-01
5.156668510788693371e-01
5.227394663680708931e-01
5.302525351328482017e-01
5.381821860821207615e-01
5.465034207983527903e-01
5.551902455621680055e-01
5.642158081961901051e-01
5.735525389297487786e-01
5.831722942405304089e-01
5.930465025922262434e-01
6.031463109598886874e-01
6.134427310180063930e-01
6.239067838613033823e-01
6.345096421357150351e-01
6.452227684776172811e-01
6.560180491935727609e-01
6.668679221607480834e-01
6.777454979895827236e-01
6.886246735647523209e-01
6.994802371670967300e-01
7.102879644768498313e-01
7.210247048656640567e-01
7.316684574999263724e-01
7.421984368986425107e-01
7.525951277137118423e-01
7.628403286264118233e-01
7.729171853792056179e-01
7.828102130842513606e-01
7.925053080672076478e-01
8.019897496150178995e-01
8.112521920975700462e-01
8.202826480239064910e-01
8.290724626726747593e-01
8.376142810027956687e-01
8.459020076031407154e-01
8.539307604789748707e-01
8.616968194979670592e-01
8.691975703298712164e-01
8.764314447120966634e-01
8.833978578590271358e-01
8.900971438071670905e-01
8.965304894521600731e-01
9.026998679888244004e-01
9.086079724130647906e-01
9.142581496864146118e-01
9.196543361016165097e-01
9.248009943226525031e-01
9.297030525064795548e-01
9.343658458478405482e-01
9.387950608241785178e-01
9.429966823559988720e-01
9.469769440399572469e-01
9.507422815582329267e-01
9.542992893189634618e-01
9.576546803390055818e-01
9.608152493422735807e-01
9.637878390143818086e-01
9.665793093271907166e-01
9.691965098248602750e-01
9.716462547458186716e-01
9.739353008422407809e-01
9.760703277497128072e-01
9.780579207542706710e-01
9.799045558013953494e-01
9.816165865913786259e-01
9.832002336072401816e-01
9.846615749246887539e-01
9.860065386580900704e-01
9.872408969017344438e-01
9.883702610316368320e-01
9.894000782394555271e-01
9.903356291767525521e-01
9.911820265946457154e-01
9.919442148708521589e-01
9.926269703231713759e-01
9.932349022155582130e-01
9.937724543700711122e-01
9.942439073050963749e-01
9.946533808272798316e-01
9.950048370114628060e-01
9.953020835095001129e-01
9.955487771350262083e-01
9.957484276768975295e-01
9.959044018990521607e-01
9.960199276888008768e-01
9.960980983190172999e-01
9.961418767923108097e-01
9.961541002370596365e-01
9.961374843262372769e-01
9.960946276903933638e-01
9.960280162961369088e-01
9.959400277612039387e-01
9.958329355768892333e-01
9.957089132085235050e-01
9.955700380449575837e-01
9.954182951688840264e-01
9.952555809213839977e-01
9.950837062364364938e-01
9.949043997242758008e-01
9.947193104864031632e-01
9.945300106496532955e-01
9.943379976118617014e-01
9.941446959971914632e-01
9.939514593248777174e-01
9.937595714008230496e-01
9.935702474469346734e-01
9.933846349881459981e-01
9.932038145215484892e-01
9.930287999958450351e-01
9.928605391323264140e-01
9.926999136207013130e-01
9.925477392243671204e-01
9.924047658300906294e-01
9.922716774766340286e-01
9.921490923956696184e-01
9.920375630964869407e-01
9.919375765236074782e-01
9.918495543136115478e-01
9.917738531743799379e-01
9.917107654066729117e-01
9.916605195846297516e-01
9.916232814084803282e-01
9.915991547395767158e-01
9.915881828248607199e-01
9.915903497150982959e-01
9.916055818786565501e-01
9.916337500102635483e-01
9.916746710320548663e-01
9.917281102822302907e-01
9.917937838847933341e-01
9.918713612920828648e-01
9.919604679900920763e-01
9.920606883549093480e-01
9.921715686469838591e-01
9.922926201283474024e-01
9.924233222864310422e-01
9.925631261467507960e-01
9.927114576555398084e-01
9.928677211124316004e-01
9.930313026325907622e-01
9.932015736172817855e-01
9.933778942117816868e-01
9.935596167297858772e-01
9.937460890240117362e-01
9.939366577835484495e-01
9.941306717395826942e-01
9.943274847624075097e-01
9.945264588340295697e-01
9.947269668821814292e-01
9.949283954630658844e-01
9.951301472816727056e-01
9.953316435399779394e-01
9.955323261047616112e-01
9.957316594881377991e-01
9.959291326352074369e-01
9.961242605145225193e-01
9.963165855083138123e-01
9.965056786007066014e-01
9.966911403634479694e-01
9.968726017400052486e-01
9.970497246302845173e-01
9.972222022796489727e-01
9.973897594773819542e-01
9.975521525712113258e-01
9.977091693059667588e-01
9.978606284958176920e-01
9.980063795408128380e-01
9.981463017995300113e-01
9.982803038305195775e-01
9.984083225158051356e-01
9.985303220799702784e-01
9.986462930182573583e-01
9.987562509466261229e-01
9.988602353858698768e-01
9.989583084906884514e-01
9.990505537331346719e-01
9.991370745481585880e-01
9.992179929471778355e-01
9.992934481038378003e-01
9.993635949145098785e-01
9.994286025347640656e-01
9.994886528921544944e-01
9.995439391752943825e-01
9.995946642994218978e-01
9.996410393495220870e-01
9.996832820035321809e-01
9.997216149401630947e-01
9.997562642382913367e-01
9.997874577775449634e-01
