9.997969575843220769e-01
9.997674114950051427e-01
9.997346430333426959e-01
9.996984475458841057e-01
9.996586227871573360e-01
9.996149702229875089e-01
9.995672962800499217e-01
9.995154135307878773e-01
9.994591418064737720e-01
9.993983092346727659e-01
9.993327532005042979e-01
9.992623212337427008e-01
9.991868718258526405e-01
9.991062751824747457e-01
9.990204139176661613e-01
9.989291836963921645e-01
9.988324938314564472e-01
9.987302678403313649e-01
9.986224439663428099e-01
9.985089756674820904e-01
9.983898320748806343e-01
9.982649984217978334e-01
9.981344764429018745e-01
9.979982847427537607e-01
9.978564591317514720e-01
9.977090529273850983e-01
9.975561372184937881e-01
9.973978010902837532e-01
9.972341518081387912e-01
9.970653149587018760e-01
9.968914345472829064e-01
9.967126730513216071e-01
9.965292114303542226e-01
9.963412490936616184e-01
9.961490038274711800e-01
9.959527116841990768e-01
9.957526268367176137e-01
9.955490214009710126e-01
9.953421852304125128e-01
9.951324256856538542e-01
9.949200673823953567e-01
9.947054519201069533e-01
9.944889375930652253e-01
9.942708990842069605e-01
9.940517271408620958e-01
9.938318282297992079e-01
9.936116241671889560e-01
9.933915517171278964e-01
9.931720621503105084e-01
9.929536207523741442e-01
9.927367062694330002e-01
9.925218102764454819e-01
9.923094364524012168e-01
9.921000997449370695e-01
9.918943254059684467e-01
9.916926478792931210e-01
9.914956095209503939e-01
9.913037591333950793e-01
9.911176502953044087e-01
9.909378394700462112e-01
9.907648838774832933e-01
9.905993391158228745e-01
9.904417565226005804e-01
9.902926802665518169e-01
9.901526441650295718e-01
9.900221682247184463e-01
9.899017549066381205e-01
9.897918851197932133e-01
9.896930139513009372e-01
9.896055661443871054e-01
9.895299313392960094e-01
9.894664590958844874e-01
9.894154537204526978e-01
9.893771689231578570e-01
9.893518023361086433e-01
9.893394899258458608e-01
9.893403003372797100e-01
9.893542292091096479e-01
9.893811935031712190e-01
9.894210258918364476e-01
9.894734692484041805e-01
9.895381712851946121e-01
9.896146793826997579e-01
9.897024356505810250e-01
9.898007722575218326e-01
9.899089070619959685e-01
9.900259395700095055e-01
9.901508472389821680e-01
9.902824821393756416e-01
9.904195679777011430e-01
9.905606974764382677e-01
9.907043300984411660e-01
9.908487900958908856e-01
9.909922648570186343e-01
9.911328035178934570e-01
9.912683158017258078e-01
9.913965710444956336e-01
9.915151973633727911e-01
9.916216809233651119e-01
9.917133652579216418e-01
9.917874506007742230e-01
9.918409931890646014e-01
9.918709045016838033e-01
9.918739504016729214e-01
9.918467501573883238e-01
9.917857753238716878e-01
9.916873484734032296e-01
9.915476417725218594e-01
9.913626754118537443e-01
9.911283159048849267e-01
9.908402742823724241e-01
9.904941042204190582e-01
9.900852001523670065e-01
9.896087954275866183e-01
9.890599605939260908e-01
9.884336018949629876e-01
9.877244600881359693e-01
9.869271097051119934e-01
9.860359588910948547e-01
9.850452499748311164e-01
9.839490609353822581e-01
9.827413079448152899e-01
9.814157491772673714e-01
9.799659900838028070e-01
9.783854903385607038e-01
9.766675726643599953e-01
9.748054337447618067e-01
9.727921574242193170e-01
9.706207303881537740e-01
9.682840605004564560e-01
9.657749979570620091e-01
9.630863593910042875e-01
9.602109550370017121e-01
9.571416190324891771e-01
9.538712428975123503e-01
9.503928121985253386e-01
9.466994463613548350e-01
9.427844415569460734e-01
9.386413165404718928e-01
9.342638612804899934e-01
9.296461881705370134e-01
9.247827855713587342e-01
9.196685733883533942e-01
9.142989603462576831e-01
9.086699025821218800e-01
9.027779631387498060e-01
8.966203719045530152e-01
8.901950855127926943e-01
8.835008466840459374e-01
8.765372424710513588e-01
8.693047608454946840e-01
8.618048450523650983e-01
8.540399451498292827e-01
8.460135661516242633e-01
8.377303121951805709e-01
8.291959261723601537e-01
8.204173242810071098e-01
8.114026249844745742e-01
8.021611719027283982e-01
7.927035502022156122e-01
7.830415961018138971e-01
7.731883991681401946e-01
7.631582971342951716e-01
7.529668630406826102e-01
7.426308845635867240e-01
7.321683354654217046e-01
7.215983391685923953e-01
7.109411245214120045e-01
7.002179738882645665e-01
6.894511637561063777e-01
6.786638981045606256e-01
6.678802348367224306e-01
6.571250056119104510e-01
6.464237294600715389e-01
6.358025205904479504e-01
6.252879908351132165e-01
6.149071471916554010e-01
6.046872849496360836e-01
5.946558769033547520e-01
5.848404591699600807e-01
5.752685141480011755e-01
5.659673511678702251e-01
5.569639854029493353e-01
5.482850156289684751e-01
5.399565014392648798e-01
5.320038405451268382e-01
5.244516468127766728e-01
5.173236297110777038e-01
5.106424758658416607e-01
5.044297334364962193e-01
4.987057000477279622e-01
4.934893150211798751e-01
4.887980566591549891e-01
4.846478453324204461e-01
4.810529531165343986e-01
4.780259207049186720e-01
4.755774823015010977e-01
4.737164991609442710e-01
4.724499024001709291e-01
4.717826456513634081e-01
4.717176680643828668e-01
4.722558680963154787e-01
4.733960884485421960e-01
4.751351124284282079e-01
4.774676719245173340e-01
4.803864670922566305e-01
4.838821977528828810e-01
4.879436064123441330e-01
4.925575327110933710e-01
4.977089790201846276e-01
5.033811868053189587e-01
5.095557232889986743e-01
5.162125778525915587e-01
5.233302675354385425e-01
5.308859509078489580e-01
5.388555495195297418e-01
5.472138760552753833e-01
5.559347682663593471e-01
5.649912276896740249e-01
5.743555621180445048e-01
5.839995307451735229e-01
5.938944908781217391e-01
6.040115450900076510e-01
6.143216876764909795e-01
6.247959492823476069e-01
6.354055385796153477e-01
6.461219799068733671e-01
6.569172458203511589e-01
6.677638835618002755e-01
6.786351345149951308e-01
6.895050458017761841e-01
7.003485732587912960e-01
7.111416751363031086e-01
7.218613959691131399e-01
7.324859401851204765e-01
7.429947351373441533e-01
7.533684833683759186e-01
7.635892040400504843e-01
7.736402635834926933e-01
7.835063957435166593e-01
7.931737113046051224e-01
8.026296978915271607e-01
8.118632103343721429e-01
8.208644521739675293e-01
8.296249489580962422e-01
8.381375140407467672e-01
8.463962076451727601e-01
8.543962899865269467e-01
8.621341692712073401e-01
8.696073453980948109e-01
8.768143501821217267e-01
8.837546849038454555e-01
8.904287559609609382e-01
8.968378093601490075e-01
9.029838647416926767e-01
9.088696495763610717e-01
9.144985341157074732e-01
9.198744676146941579e-01
9.250019162810041440e-01
9.298858033399801659e-01
9.345314515392354471e-01
9.389445283538406795e-01
9.431309940926984048e-01
9.470970530501690021e-01
9.508491077949309256e-01
9.543937166409710571e-01
9.577375543038399996e-01
9.608873757090375944e-01
9.638499828886021303e-01
9.666321948765255190e-01
9.692408204932259075e-01
9.716826338936160878e-01
9.739643527418661018e-01
9.760926188682889082e-01
9.780739812593544080e-01
9.799148812301521350e-01
9.816216396291701507e-01
9.832004459275713870e-01
9.846573490488099711e-01
9.859982497990705808e-01
9.872288947643358403e-01
9.883548715456552669e-01
9.893816052102158976e-01
9.903143558420052228e-01
9.911582170821096049e-01
9.919181155549999795e-01
9.925988110834859102e-01
9.932048976013789776e-01
9.937408046792836069e-01
9.942107995853123326e-01
9.946189898088582115e-01
9.949693259817838920e-01
9.952656051374267898e-01
9.955114742535469130e-01
9.957104340306609513e-01
9.958658428619875380e-01
9.959809209553741605e-01
9.960587545710147817e-01
9.961023003414614108e-01
9.961143896423876321e-01
9.960977329838387462e-01
9.960549243924088358e-01
9.959884457550602921e-01
9.959006710953418606e-01
9.957938707527528299e-01
9.956702154361660728e-01
9.955317801227405727e-01
9.953805477748053354e-01
9.952184128489034443e-01
9.950471845736259535e-01
9.948685899760686402e-01
9.946842766406784886e-01
9.944958151888352305e-01
9.943047014726116295e-01
9.941123584816115022e-01
9.939201379674037495e-01
9.937293217956658653e-01
9.935411230415138739e-01
9.933566868484555723e-01
9.931770910757887760e-01
9.930033467629466593e-01
9.928363984421778587e-01
9.926771243329636230e-01
9.925263364527111554e-01
9.923847806785200953e-01
9.922531367942566405e-01
9.921320185558477611e-01
9.920219738057408643e-01
9.919234846649623849e-01
9.918369678282894508e-01
9.917627749848535457e-01
9.917011933831371140e-01
9.916524465559443113e-01
9.916166952176079796e-01
9.915940383425295712e-01
9.915845144311988824e-01
9.915881029671268498e-01
9.916047260656816187e-01
9.916342503136068576e-01
9.916764887960213271e-01
9.917312033058830467e-01
9.917981067292306330e-01
9.918768655979215421e-01
9.919671028000512925e-01
9.920684004367251729e-01
9.921803028123641344e-01
9.923023195442586264e-01
9.924339287756727135e-01
9.925745804754753099e-01
9.927236998060923190e-01
9.928806905405704875e-01
9.930449385087857239e-01
9.932158150523379136e-01
9.933926804674910738e-01
9.935748874156498101e-01
9.937617842812981328e-01
9.939527184580587704e-01
9.941470395445045627e-01
9.943441024325403443e-01
9.945432702725107710e-01
9.947439173006280555e-01
9.949454315158057227e-01
9.951472171944886203e-01
9.953486972335504612e-01
9.955493153127792372e-01
9.957485378698662792e-01
9.959458558821714380e-01
9.961407864508601273e-01
9.963328741843131553e-01
9.965216923790182202e-01
9.967068439974788863e-01
9.968879624440347698e-01
9.970647121408851010e-01
9.972367889080377967e-01
9.974039201523701159e-01
9.975658648724440303e-01
9.977224134871607308e-01
9.978733874977014917e-01
9.980186389934588842e-01
9.981580500137460232e-01
9.982915317779358366e-01
9.984190237972734305e-01
9.985404928818740755e-01
9.986559320563405118e-01
9.987653593969777477e-01
9.988688168027658465e-01
9.989663687110910129e-01
9.990581007677883374e-01
9.991441184593958802e-01
9.992245457137644005e-01
9.992995234734269872e-01
9.993692082445465585e-01
9.994337706229599050e-01
9.994933937979444405e-01
9.995482720339617932e-01
9.995986091308410870e-01
9.996446168636892171e-01
9.996865134052405066e-01
9.997245217353030178e-01
9.997588680443187936e-01
9.997897801406572249e-01
