9.997977074946672316e-01
9.997682571570830623e-01
9.997355919661501389e-01
9.996995071774174013e-01
9.996598003506785846e-01
9.996162726476095495e-01
9.995687300774079853e-01
9.995169846797516966e-01
9.994608556379909192e-01
9.994001703189221431e-01
9.993347652385620172e-01
9.992644869559282883e-01
9.991891928988226868e-01
9.991087521269745864e-01
9.990230460386283484e-01
9.989319690268039231e-01
9.988354290911041211e-01
9.987333484101819092e-01
9.986256638789521300e-01
9.985123276134384440e-01
9.983933074249132789e-01
9.982685872638137337e-01
9.981381676328784369e-01
9.980020659681143602e-01
9.978603169855992938e-01
9.977129729917730838e-01
9.975601041547740300e-01
9.974017987345050740e-01
9.972381632694528042e-01
9.970693227187894525e-01
9.968954205589233286e-01
9.967166188343848932e-01
9.965330981637000596e-01
9.963450577016655929e-01
9.961527150601582337e-01
9.959563061902387826e-01
9.957560852288160902e-01
9.955523243134715150e-01
9.953453133691766430e-01
9.951353598705457992e-01
9.949227885829097229e-01
9.947079412848770508e-01
9.944911764741503069e-01
9.942728690571890349e-01
9.940534100218822999e-01
9.938332060907298926e-01
9.936126793501746102e-01
9.933922668497371378e-01
9.931724201625228288e-01
9.929536048965852402e-01
9.927363001446017909e-01
9.925209978574298653e-01
9.923082021254376883e-01
9.920984283501201872e-01
9.918922022874776534e-01
9.916900589440037495e-01
9.914925413059509918e-01
9.913001988828213928e-01
9.911135860467895631e-01
9.909332601509802663e-01
9.907597794111707712e-01
9.905937005375299309e-01
9.904355761053864615e-01
9.902859516566879794e-01
9.901453625267156999e-01
9.900143303937152250e-01
9.898933595523387030e-01
9.897829329151579536e-01
9.896835077499728239e-01
9.895955111641904223e-01
9.895193353511987366e-01
9.894553326173660679e-01
9.894038102120724654e-01
9.893650249869587743e-01
9.893391779143162479e-01
9.893264084981413520e-01
9.893267891147313753e-01
9.893403193226572023e-01
9.893669201843628969e-01
9.894064286433439381e-01
9.894585920016845115e-01
9.895230625425472937e-01
9.895993923409008852e-01
9.896870283032647153e-01
9.897853074735533108e-01
9.898934526372390463e-01
9.900105682501549875e-01
9.901356367114697576e-01
9.902675149929254239e-01
9.904049316285609139e-01
9.905464840611465371e-01
9.906906363336962507e-01
9.908357171069820390e-01
9.909799179771990874e-01
9.911212920620401379e-01
9.912577528185955167e-01
9.913870730528447917e-01
9.915068840781077197e-01
9.916146749787160264e-01
9.917077919353439741e-01
9.917834375698505456e-01
9.918386702700691115e-01
9.918704034586611762e-01
9.918754047748248315e-01
9.918502951432559556e-01
9.917915477112018152e-01
9.916954866416997083e-01
9.915582857590928834e-01
9.913759670516795186e-01
9.911443990458669306e-01
9.908592950765107155e-01
9.905162114892431813e-01
9.901105458225682998e-01
9.896375350303360241e-01
9.890922538188758883e-01
9.884696131875110314e-01
9.877643592762476166e-01
9.869710726399344436e-01
9.860841680838255963e-01
9.850978952108853104e-01
9.840063398458871458e-01
9.828034265148847259e-01
9.814829221703850193e-01
9.800384413619784851e-01
9.784634530586971968e-01
9.767512893324518108e-01
9.748951561110906772e-01
9.728881462045694262e-01
9.707232547981665682e-01
9.683933975925325122e-01
9.658914317516128500e-01
9.632101797963120715e-01
9.603424565543994262e-01
9.572810992459801493e-01
9.540190007492808100e-01
9.505491460540155257e-01
9.468646518697190206e-01
9.429588093146759054e-01
9.388251295679588271e-01
9.344573923231247470e-01
9.298496968377956140e-01
9.249965153291606068e-01
9.198927484218551998e-01
9.145337823121850729e-01
9.089155472717660444e-01
9.030345770748566814e-01
8.968880688975167104e-01
8.904739432037785951e-01
8.837909031048820641e-01
8.768384926528630663e-01
8.696171535100427619e-01
8.621282794217913770e-01
8.543742679119282757e-01
8.463585686187435897e-01
8.380857276953435075e-01
8.295614277111122981e-01
8.207925225117844725e-01
8.117870665239202976e-01
8.025543380253821191e-01
7.931048559463340641e-01
7.834503898148402756e-01
7.736039625165473943e-01
7.635798455982857336e-01
7.533935469096042503e-01
7.430617904430270038e-01
7.326024883018613654e-01
7.220347047923285633e-01
7.113786127033006057e-01
7.006554419007593459e-01
6.898874204241580710e-01
6.790977083272741188e-01
6.683103245562720396e-01
6.575500672021921122e-01
6.468424275038755500e-01
6.362134980107216897e-01
6.256898753430373272e-01
6.152985580119276765e-01
6.050668397814548127e-01
5.950221990741825229e-01
5.851921849382198948e-01
5.756043001103685608e-01
5.662858817268049405e-01
5.572639802504957274e-01
5.485652372036353697e-01
5.402157623138807985e-01
5.322410107049483363e-01
5.246656607846721387e-01
5.175134935062579711e-01
5.108072737002399277e-01
5.045686341944286557e-01
4.988179634557355913e-01
4.935742974998821309e-01
4.888552168214377325e-01
4.846767490962071712e-01
4.810532783997643058e-01
4.779974616690869649e-01
4.755201531083093069e-01
4.736303372042657278e-01
4.723350709728711960e-01
4.716394360036466615e-01
4.715465008075808706e-01
4.720572939035977411e-01
4.731707880023351409e-01
4.748838955636104364e-01
4.771914759171498321e-01
4.800863540459430201e-01
4.835593510391859029e-01
4.875993261281579283e-01
4.921932301246565444e-01
4.973261699885369591e-01
5.029814841593641672e-01
5.091408281977800598e-01
5.157842701955687170e-01
5.228903953300969576e-01
5.304364188593795326e-01
5.383983067789563925e-01
5.467509032917425849e-01
5.554680641775935346e-01
5.645227950912803383e-01
5.738873937667379188e-01
5.835335950626096002e-01
5.934327177503428974e-01
6.035558119222064200e-01
6.138738058836337164e-01
6.243576513930559901e-01
6.349784661236235195e-01
6.457076722454820894e-01
6.565171300649272901e-01
6.673792657078362334e-01
6.782671918990634818e-01
6.891548209664467572e-01
7.000169692867801441e-01
7.108294524904437139e-01
7.215691708497919965e-01
7.322141843922149729e-01
7.427437774000028581e-01
7.531385120837102987e-01
7.633802713414120644e-01
7.734522906408757281e-01
7.833391791830400797e-01
7.930269306212026637e-01
8.025029237190399733e-01
8.117559134302526624e-01
8.207760129717227571e-01
8.295546675393439262e-01
8.380846203801664007e-01
8.463598719855257579e-01
8.543756332070203685e-01
8.621282731205520689e-01
8.696152624733570757e-01
8.768351135455771939e-01
8.837873172422442414e-01
8.904722782045689788e-01
8.968912486923844574e-01
9.030462619438283101e-01
9.089400656653733312e-01
9.145760562466653809e-01
9.199582142319016054e-01
9.250910415142231669e-01
9.299795006533245756e-01
9.346289566505874280e-01
9.390451214518016343e-01
9.432340013860588401e-01
9.472018476916211904e-01
9.509551102262274735e-01
9.545003944109627936e-01
9.578444214138300827e-01
9.609939915417239353e-01
9.639559507776167546e-01
9.667371603733059260e-01
9.693444693867632189e-01
9.717846900366360341e-01
9.740645757343088240e-01
9.761908016456837256e-01
9.781699476299421381e-01
9.800084834004952894e-01
9.817127557536134974e-01
9.832889777123665631e-01
9.847432194370887570e-01
9.860814007582239249e-01
9.873092851928154667e-01
9.884324753118262086e-01
9.894564093317362863e-01
9.903863588103390958e-01
9.912274273332667418e-01
9.919845500844791664e-01
9.926624942007228336e-01
9.932658598167943831e-01
9.937990817153090628e-01
9.942664315015398158e-01
9.946720202307089975e-01
9.950198014217926934e-01
9.953135743983461126e-01
9.955569879029482205e-01
9.957535439374779473e-01
9.959066017864431908e-01
9.960193821848879470e-01
9.960949715959311890e-01
9.961363265656963950e-01
9.961462781253082044e-01
9.961275362108105158e-01
9.960826940724233358e-01
9.960142326446659311e-01
9.959245248487182955e-01
9.958158397981899945e-01
9.956903468794302547e-01
9.955501196778501205e-01
9.953971397226096807e-01
9.952333000235906724e-01
9.950604083769064578e-01
9.948801904183254274e-01
9.946942924078716608e-01
9.945042837334359120e-01
9.943116591263456705e-01
9.941178405873447588e-01
9.939241790271220456e-01
9.937319556312097513e-01
9.935423829645355642e-01
9.933566058359728501e-01
9.931757019477187587e-01
9.930006823581086772e-01
9.928324917894358892e-01
9.926720088144296295e-01
9.925200459562287802e-01
9.923773497369738905e-01
9.922446007095920839e-01
9.921224135060258131e-01
9.920113369331780007e-01
9.919118541453194604e-01
9.918243829187676219e-01
9.917492760514353689e-01
9.916868219064883805e-01
9.916372451159657375e-01
9.916007074569116453e-01
9.915773089094147563e-01
9.915670889030148150e-01
9.915700277552470521e-01
9.915860483036470496e-01
9.916150177303372226e-01
9.916567495763054518e-01
9.917110059406401001e-01
9.917774998582550294e-01
9.918558978479681265e-01
9.919458226211744778e-01
9.920468559397391806e-01
9.921585416101412758e-01
9.922803885993327633e-01
9.924118742562718642e-01
9.925524476216979197e-01
9.927015328074704215e-01
9.928585324257817035e-01
9.930228310477849929e-01
9.931937986707261024e-01
9.933707941725385959e-01
9.935531687330614314e-01
9.937402692015696593e-01
9.939314413911274348e-01
9.941260332813449674e-01
9.943233981123982268e-01
9.945228973545791051e-01
9.947239035391519657e-01
9.949258029378229562e-01
9.951279980796615687e-01
9.953299100957998524e-01
9.955309808836735330e-01
9.957306750839406417e-01
9.959284818645339765e-01
9.961239165075821411e-01
9.963165217961948983e-01
9.965058691993656792e-01
9.966915598545301735e-01
9.968732253486319861e-01
9.970505282999168051e-01
9.972231627440771851e-01
9.973908543298146689e-01
9.975533603303385899e-01
9.977104694787510830e-01
9.978620016366435141e-01
9.980078073064895250e-01
9.981477669995219015e-01
9.982817904716611013e-01
9.984098158406727874e-01
9.985318085980259273e-01
9.986477605288580639e-01
9.987576885530249360e-01
9.988616334994030455e-01
9.989596588244719078e-01
9.990518492847606513e-01
9.991383095710969497e-01
9.992191629108393425e-01
9.992945496425265084e-01
9.993646257657852194e-01
9.994295614680216433e-01
9.994895396285142786e-01
9.995447543001363400e-01
9.995954091691253707e-01
9.996417159941282105e-01
9.996838930271593204e-01
9.997221634210480268e-01
9.997567536303096913e-01
9.997878918149820660e-01
