9.997980287133231281e-01
9.997686177268330088e-01
9.997359948531777674e-01
9.996999553381833437e-01
9.996602967058850764e-01
9.996168200561944550e-01
9.995693313110496359e-01
9.995176423983369585e-01
9.994615723664529439e-01
9.994009484257915243e-01
9.993356069165091338e-01
9.992653942044965598e-01
9.991901675094755353e-01
9.991097956704995120e-01
9.990241598548698088e-01
9.989331542166295375e-01
9.988366865104491010e-01
9.987346786659719866e-01
9.986270673266685050e-01
9.985138043560630727e-01
9.983948573129837190e-01
9.982702098963122106e-01
9.981398623586915653e-01
9.980038318878141634e-01
9.978621529533215906e-01
9.977148776169998401e-01
9.975620758038560298e-01
9.974038355318001203e-01
9.972402630979879667e-01
9.970714832203934064e-01
9.968976391338071341e-01
9.967188926401818749e-01
9.965354241140049751e-01
9.963474324641360402e-01
9.961551350542638961e-01
9.959587675847624277e-01
9.957585839392221194e-01
9.955548559992670743e-01
9.953478734314024079e-01
9.951379434495305487e-01
9.949253905564306999e-01
9.947105562668653311e-01
9.944937988140792884e-01
9.942754928402844916e-01
9.940560290702877833e-01
9.938358139657605950e-01
9.936152693557935844e-01
9.933948320373847674e-01
9.931749533374344407e-01
9.929560986257351951e-01
9.927387467664162690e-01
9.925233894934193390e-01
9.923105306939078440e-01
9.921006855821300485e-01
9.918943797452220990e-01
9.916921480418073864e-01
9.914945333340653422e-01
9.913020850342182388e-01
9.911153574471396333e-01
9.909349078919940101e-01
9.907612945874556543e-01
9.905950742870864856e-01
9.904367996538216978e-01
9.902870163651659174e-01
9.901462599435986167e-01
9.900150523097643873e-01
9.898938980592542070e-01
9.897832804671360396e-01
9.896836572278485678e-01
9.895954559416277885e-01
9.895190693622721856e-01
9.894548504247744347e-01
9.894031070751218016e-01
9.893640969283639119e-01
9.893380217847964619e-01
9.893250220377352022e-01
9.893251710097279439e-01
9.893384692570451611e-01
9.893648388847336994e-01
9.894041179162582633e-01
9.894560547626182201e-01
9.895203028356832631e-01
9.895964153492119442e-01
9.896838403485554991e-01
9.897819160063712207e-01
9.898898662168371665e-01
9.900067965149708105e-01
9.901316903408781123e-01
9.902634056613033309e-01
9.904006719529763192e-01
9.905420875442236817e-01
9.906861173034149370e-01
9.908310906553308151e-01
9.909751998997077260e-01
9.911164988002636456e-01
9.912529014076101319e-01
9.913821810757391662e-01
9.915019696293179141e-01
9.916097566378604400e-01
9.917028887529771852e-01
9.917785690662730413e-01
9.918338564480218000e-01
9.918656648304031709e-01
9.918707624037541581e-01
9.918457706998937695e-01
9.917871635430354216e-01
9.916912658560677052e-01
9.915542523180135293e-01
9.913721458772688511e-01
9.911408161347701196e-01
9.908559776215843939e-01
9.905131880065684014e-01
9.901078462817505255e-01
9.896351909859472107e-01
9.890902985408175363e-01
9.884680817880152626e-01
9.877632888311845827e-01
9.869705023020501899e-01
9.860841391854986426e-01
9.850984513539514653e-01
9.840075269760523158e-01
9.828052929782136182e-01
9.814855187493347621e-01
9.800418212884419722e-01
9.784676720015353935e-01
9.767564053570406690e-01
9.749012296084920148e-01
9.728952397880605840e-01
9.707314331650469530e-01
9.684027273493560628e-01
9.659019812012915596e-01
9.632220186858849731e-01
9.603556557826692375e-01
9.572957305306755149e-01
9.540351362539021274e-01
9.505668579750539138e-01
9.468840119854982085e-01
9.429798884976331452e-01
9.388479972627526982e-01
9.344821159935222665e-01
9.298763413858279758e-01
9.250251424905568953e-01
9.199234161422328304e-01
9.145665441089126935e-01
9.089504515867896650e-01
9.030716666241047630e-01
8.969273800227575144e-01
8.905155052329984944e-01
8.838347377273685357e-01
8.768846133152250477e-01
8.696655648393623039e-01
8.621789766819869527e-01
8.544272364992023805e-01
8.464137836017059380e-01
8.381431534050240995e-01
8.296210173856262138e-01
8.208542179998786770e-01
8.118507980510301092e-01
8.026200240251633033e-01
7.931724029599287462e-01
7.835196924594027834e-01
7.736749035238040806e-01
7.636522959231729635e-01
7.534673659083304109e-01
7.431368261192649038e-01
7.326785776192290545e-01
7.221116740508621845e-01
7.114562779773079271e-01
7.007336095352570959e-01
6.899658875870557928e-01
6.791762636145849408e-01
6.683887486478718998e-01
6.576281335660190130e-01
6.469199031469315964e-01
6.362901442757501469e-01
6.257654487503092611e-01
6.153728111460738948e-01
6.051395222237275773e-01
5.950930583808460295e-01
5.852609676659032978e-01
5.756707528891512604e-01
5.663497523814708945e-01
5.573250189698217838e-01
5.486231977566878859e-01
5.402704033111782600e-01
5.322920969009399261e-01
5.247129644163832651e-01
5.175567956611847320e-01
5.108463657046943274e-01
5.046033190116341327e-01
4.988480570811126835e-01
4.935996303392256035e-01
4.888756350361618264e-01
4.846921158985876277e-01
4.810634752801997704e-01
4.780023895369116538e-01
4.755197333276172111e-01
4.736245125066342876e-01
4.723238062297357986e-01
4.716227188424511052e-01
4.715243420576014088e-01
4.720297278595457779e-01
4.731378724963737348e-01
4.748457118392465093e-01
4.771481283014812336e-01
4.800379694199095049e-01
4.835060781086680803e-01
4.875413345019434797e-01
4.921307092083545554e-01
4.972593277063996897e-01
5.029105455186148044e-01
5.090660337123674717e-01
5.157058741882676323e-01
5.228086641334663831e-01
5.303516289373007009e-01
5.383107427912527942e-01
5.466608561247654485e-01
5.553758289636020473e-01
5.644286692390411142e-01
5.737916750249560938e-01
5.834365796367018131e-01
5.933346984916276767e-01
6.034570766069380365e-01
6.137746355974043055e-01
6.242583190340660337e-01
6.348792350361422976e-01
6.456087949925950475e-01
6.564188473473894225e-01
6.672818054335961646e-01
6.781707684058189134e-01
6.890596343974508819e-01
6.999232051181314418e-01
7.107372812061992784e-01
7.214787477595603349e-01
7.321256495843635470e-01
7.426572558222945819e-01
7.530541137420789788e-01
7.632980916066918198e-01
7.733724106526246311e-01
7.832616663391226419e-01
7.929518391415427692e-01
8.024302952718804782e-01
8.116857778093737874e-01
8.207083888133408500e-01
8.294895630678404963e-01
8.380220341723438882e-01
8.462997937437390927e-01
8.543180445322895444e-01
8.620731482775646493e-01
8.695625691401432933e-01
8.767848135415342581e-01
8.837393672290996260e-01
8.904266303557902829e-01
8.968478513274373842e-01
9.030050601245609432e-01
9.089010017526305552e-01
9.145390704160211159e-01
9.199232449481097307e-01
9.250580259646391523e-01
9.299483751411175003e-01
9.345996569490506722e-01
9.390175831214728763e-01
9.432081600566758484e-01
9.471776393111667192e-01
9.509324712794667844e-01
9.544792621099429386e-01
9.578247338628113061e-01
9.609756878789509349e-01
9.639389712962248558e-01
9.667214466235033443e-01
9.693299642612532852e-01
9.717713378410399727e-01
9.740523222441515028e-01
9.761795941512988461e-01
9.781597349704657107e-01
9.799992159879435949e-01
9.817043855878918590e-01
9.832814583879325721e-01
9.847365061418927867e-01
9.860754502654824893e-01
9.873040558461254612e-01
9.884279270041043119e-01
9.894525034784635853e-01
9.903830583176007618e-01
9.912246965610981286e-01
9.919823548060558993e-01
9.926608015579633237e-01
9.932646382729678480e-01
9.937983010052686694e-01
9.942660625802126617e-01
9.946720352204813098e-01
9.950201735594242924e-01
9.953142779820304265e-01
9.955579982401081551e-01
9.957548372938517245e-01
9.959081553369666384e-01
9.960211739668332065e-01
9.960969804646988557e-01
9.961385321536073700e-01
9.961486608036768109e-01
9.961300770555240325e-01
9.960853748331969237e-01
9.960170357180864187e-01
9.959274332551372177e-01
9.958188371624749902e-01
9.956934174155349648e-01
9.955532481771086628e-01
9.954003115456145911e-01
9.952365010954581370e-01
9.950636251856800341e-01
9.948834100162170513e-01
9.946975024149856681e-01
9.945074723435740616e-01
9.943148151144466373e-01
9.941209533180764835e-01
9.939272384641220093e-01
9.937349523464542589e-01
9.935453081473240022e-01
9.933594513010306493e-01
9.931784601419570979e-01
9.930033463656287029e-01
9.928350553344268414e-01
9.926744662616844295e-01
9.925223923090765732e-01
9.923795806325159674e-01
9.922467124112043235e-01
9.921244028931711645e-01
9.920132014886388072e-01
9.919135919400168255e-01
9.918259925943812005e-01
9.917507568010675012e-01
9.916881734536338033e-01
9.916384676920522168e-01
9.916018017776722093e-01
9.915782761503334486e-01
9.915679306740693422e-01
9.915707460751398417e-01
9.915866455736939145e-01
9.916154967081489691e-01
9.916571133493763401e-01
9.917112578999336403e-01
9.917776436718591659e-01
9.918559374348813185e-01
9.919457621252740775e-01
9.920466997039816270e-01
9.921582941510421749e-01
9.922800545817774820e-01
9.924114584687129259e-01
9.925519549517960449e-01
9.927009682182458272e-01
9.928579009323400539e-01
9.930221376946867240e-01
9.931930485100680661e-01
9.933699922428121942e-01
9.935523200388489684e-01
9.937393786941339791e-01
9.939305139499435837e-01
9.941250736966142920e-01
9.943224110685766615e-01
9.945218874149484023e-01
9.947228751314506345e-01
9.949247603409557827e-01
9.951269454114985979e-01
9.953288513020814854e-01
9.955299197280339518e-01
9.957296151390714334e-01
9.959274265045106045e-01
9.961228689013840176e-01
9.963154849024555837e-01
9.965048457623929545e-01
9.966905524016393958e-01
9.968722361888366912e-01
9.970495595240137510e-01
9.972222162261556999e-01
9.973899317302064027e-01
9.975524631000013409e-01
9.977095988650588332e-01
9.978611586905228314e-01
9.980069928908098520e-01
9.981469817986127202e-01
9.982810350017932155e-01
9.984090904613084350e-01
9.985311135236112356e-01
9.986470958409124909e-01
9.987570542122653494e-01
9.988610293576393184e-01
9.989590846360189014e-01
9.990513047171332150e-01
9.991377942147877667e-01
9.992186762880229667e-01
9.992940912145890087e-01
9.993641949396370183e-01
9.994291576012139799e-01
9.994891620332451154e-01
9.995444022462858236e-01
9.995950818865128040e-01
9.996414126742204642e-01
9.996836128244820374e-01
9.997219054545620764e-01
9.997565169850028965e-01
9.997876755439034646e-01
