9.997981927253458689e-01
9.997688020041025636e-01
9.997362009525653237e-01
9.997001848163640236e-01
9.996605511060102645e-01
9.996171008945055059e-01
9.995696400636810974e-01
9.995179804885433450e-01
9.994619411524713337e-01
9.994013491895236134e-01
9.993360408531748451e-01
9.992658624133696765e-01
9.991906709857775182e-01
9.991103352984852526e-01
9.990247364021030974e-01
9.989337683294106096e-01
9.988373387103263168e-01
9.987353693472457161e-01
9.986277967547716461e-01
9.985145726666936339e-01
9.983956645118520212e-01
9.982710558593652639e-01
9.981407468326775057e-01
9.980047544910580770e-01
9.978631131765930418e-01
9.977158748243651898e-01
9.975631092334272809e-01
9.974049042963043510e-01
9.972413661851038391e-01
9.970726194928157815e-01
9.968988073290208085e-01
9.967200913699406639e-01
9.965366518635275783e-01
9.963486875910467777e-01
9.961564157873145087e-01
9.959600720223846793e-01
9.957599100479671561e-01
9.955562016121968227e-01
9.953492362464987364e-01
9.951393210281959112e-01
9.949267803221522044e-01
9.947119555041167294e-01
9.944952046675348267e-01
9.942769023144168994e-01
9.940574390294230067e-01
9.938372211346594431e-01
9.936166703208291207e-01
9.933962232483849464e-01
9.931763311102589364e-01
9.929574591456543642e-01
9.927400860923660808e-01
9.925247035632044357e-01
9.923118153304323341e-01
9.921019365007394120e-01
9.918955925622432446e-01
9.916933182843828964e-01
9.914956564513781601e-01
9.913031564102114945e-01
9.911163724148324139e-01
9.909358617494941068e-01
9.907621826157646527e-01
9.905958917697781363e-01
9.904375418986574031e-01
9.902876787276889692e-01
9.901468378527140679e-01
9.900155412952773570e-01
9.898942937812910126e-01
9.897835787473255875e-01
9.896838540820849239e-01
9.895955476141763407e-01
9.895190523609217470e-01
9.894547215566777965e-01
9.894028634829087343e-01
9.893637361260551044e-01
9.893375416930026978e-01
9.893244210175851094e-01
9.893244478949437815e-01
9.893376233835700084e-01
9.893638701173218530e-01
9.894030266714580746e-01
9.894548420276211287e-01
9.895189701825720663e-01
9.895949649442254970e-01
9.896822749560882926e-01
9.897802389875459683e-01
9.898880815226247520e-01
9.900049086739792781e-01
9.901297044420872551e-01
9.902613273321788645e-01
9.903985073335507261e-01
9.905398432578746970e-01
9.906838004252036534e-01
9.908287086788666320e-01
9.909727607035909713e-01
9.911140106152102058e-01
9.912503727853809732e-01
9.913796208609869653e-01
9.914993869354122857e-01
9.916071608276794125e-01
9.917002894255384504e-01
9.917759760499482713e-01
9.918312798009217834e-01
9.918631148483486593e-01
9.918682496360710088e-01
9.918433059730850099e-01
9.917847579922004497e-01
9.916889309637655359e-01
9.915519999601005718e-01
9.913699883750931585e-01
9.911387663129720416e-01
9.908540488706359950e-01
9.905113943490913009e-01
9.901062024415707707e-01
9.896337124587858414e-01
9.890890016654655392e-01
9.884669838168067546e-01
9.877624079985508621e-01
9.869698578899175345e-01
9.860837515842713064e-01
9.850983421178043375e-01
9.840077188712383904e-01
9.828058100230765426e-01
9.814863862447014142e-01
9.800430658370596904e-01
9.784693215152153734e-01
9.767584890501773698e-01
9.749037779766547285e-01
9.728982845703970650e-01
9.707350072893079496e-01
9.684068648584485128e-01
9.659067171603932245e-01
9.632273890693140439e-01
9.603616973398901857e-01
9.573024806310425072e-01
9.540426327099854609e-01
9.505751388446650463e-01
9.468931153528096223e-01
9.429898522340897093e-01
9.388588587687730636e-01
9.344939119222870350e-01
9.298891073507543625e-01
9.250389127583362736e-01
9.199382233135842135e-01
9.145824187894464607e-01
9.089674220506027691e-01
9.030897584729230543e-01
8.969466158436057990e-01
8.905359042575090589e-01
8.838563154959340196e-01
8.769073813492596070e-01
8.696895303249498888e-01
8.622041421681686524e-01
8.544535996140874001e-01
8.464413367894763063e-01
8.381718836867402267e-01
8.296509061465415780e-01
8.208852408057174532e-01
8.118829244954001156e-01
8.026532176099485660e-01
7.932066210101468284e-01
7.835548860736417653e-01
7.737110175609540619e-01
7.636892690257761629e-01
7.535051305624833606e-01
7.431753087506409727e-01
7.327176987244612416e-01
7.221513483632413521e-01
7.114964146655264887e-01
7.007741124337767413e-01
6.900066554565984500e-01
6.792171904312466202e-01
6.684297239194442186e-01
6.576690426742586304e-01
6.469606277147348372e-01
6.363305625584632086e-01
6.258054360507017133e-01
6.154122402528126035e-01
6.051782638734728437e-01
5.951309817443330985e-01
5.852979408585488041e-01
5.757066435067762500e-01
5.663844280617087446e-01
5.573583479795610751e-01
5.486550496055834225e-01
5.403006493907642760e-01
5.323206111482401415e-01
5.247396240001418466e-01
5.175814816879460434e-01
5.108689639409860206e-01
5.046237206174799539e-01
4.988661593490529844e-01
4.936153374320240150e-01
4.888888587154257559e-01
4.847027762357191127e-01
4.810715013404347484e-01
4.780077200267229820e-01
4.755223171955236250e-01
4.736243094874466042e-01
4.723207873225235831e-01
4.716168667130233860e-01
4.715156513570472052e-01
4.720182054513973879e-01
4.731235375861396752e-01
4.748285960014759777e-01
4.771282754010465199e-01
4.800154354258514555e-01
4.834809308006365880e-01
4.875136530710234561e-01
4.921005837557296259e-01
4.972268586449820615e-01
5.028758428842626804e-01
5.090292163927347957e-01
5.156670690785241096e-01
5.227680052291872048e-01
5.303092563756202082e-01
5.382668018520063713e-01
5.466154962036938736e-01
5.553292025298752765e-01
5.643809307892689864e-01
5.737429800455946527e-01
5.833870835862966509e-01
5.932845558136907727e-01
6.034064397834562055e-01
6.137236542520669857e-01
6.242071390932462105e-01
6.348279979545600193e-01
6.455576370494195970e-01
6.563678990173200667e-01
6.672311908362495991e-01
6.781206048355412630e-01
6.890100319344991675e-01
6.998742663210407722e-01
7.106891008840946489e-01
7.214314128222023559e-01
7.320792389668175915e-01
7.426118404803470074e-01
7.530097567138405168e-01
7.632548481352778857e-01
7.733303283643512271e-01
7.832207854713378881e-01
7.929121928139919451e-01
8.023919097954056445e-01
8.116486730257357340e-01
8.206725784600492624e-01
8.294550551620478718e-01
8.379888314081145317e-01
8.462678938973164922e-01
8.542874408703535760e-01
8.620438299638888413e-01
8.695345216365025776e-01
8.767580189991871498e-01
8.837138048676517199e-01
8.904022768267338961e-01
8.968246810601500085e-01
9.029830456530191229e-01
9.088801140215557739e-01
9.145192790656071491e-01
9.199045185768889299e-01
9.250403323704117220e-01
9.299316815402038916e-01
9.345839301744153227e-01
9.390027898005138818e-01
9.431942667696719962e-01
9.471646127315291874e-01
9.509202782970478385e-01
9.544678699387167953e-01
9.578141101342668717e-01
9.609658007225210241e-01
9.639297894080318674e-01
9.667129393246305380e-01
9.693221015466615409e-01
9.717640904201457763e-01
9.740456615739694346e-01
9.761734924629426047e-01
9.781541652896883488e-01
9.799941521502991693e-01
9.816998022490071030e-01
9.832773310292990399e-01
9.847328110725287464e-01
9.860721646197613266e-01
9.873011575780356042e-01
9.884253948781843713e-01
9.894503170576455231e-01
9.903811979481985661e-01
9.912231433551845772e-01
9.919810906214867607e-01
9.926598089763223332e-01
9.932639005757284423e-01
9.937978021484789037e-01
9.942657871680280479e-01
9.946719684778765336e-01
9.950203013044192080e-01
9.953145865977627293e-01
9.955584746470770297e-01
9.957554689226405520e-01
9.959089301017353124e-01
9.960220802398424000e-01
9.960980070521048280e-01
9.961396682727319263e-01
9.961498960619272758e-01
9.961314014311063447e-01
9.960867786577327632e-01
9.960185096612158562e-01
9.959289683111575142e-01
9.958204246390417458e-01
9.956950489244187352e-01
9.955549156269799527e-01
9.954020071367968292e-01
9.952382173165665868e-01
9.950653548120319547e-01
9.948851461098735527e-01
9.946992383262557302e-01
9.945092017137830975e-01
9.943165318797488883e-01
9.941226517140649976e-01
9.939289130309739706e-01
9.937365979343376621e-01
9.935469199217864533e-01
9.933610247480936239e-01
9.931799910726538672e-01
9.930048309197428980e-01
9.928364899832162749e-01
9.926758478094128701e-01
9.925237178932151405e-01
9.923808477225187774e-01
9.922479188058110910e-01
9.921255467162298780e-01
9.920142811834845586e-01
9.919146062624794036e-01
9.918269406045213676e-01
9.917516378537664101e-01
9.916889871881734431e-01
9.916392140208349915e-01
9.916024808742234242e-01
9.915788884367303657e-01
9.915684768079262579e-01
9.915712269362674247e-01
9.915870622505341681e-01
9.916158504840730803e-01
9.916574056889139177e-01
9.917114904349916271e-01
9.917778181879732813e-01
9.918560558575371111e-01
9.919458265063243463e-01
9.920467122081865208e-01
9.921582570427543990e-01
9.922799702117955922e-01
9.924113292613274684e-01
9.925517833920560751e-01
9.927007568394736747e-01
9.928576523039271962e-01
9.930218544102034084e-01
9.931927331757198774e-01
9.933696474662779830e-01
9.935519484185317829e-01
9.937389828088543098e-01
9.939300963491018992e-01
9.941246368908447373e-01
9.943219575209120142e-01
9.945214195325082773e-01
9.947223952576668138e-01
9.949242707483402226e-01
9.951264482949621071e-01
9.953283487728052936e-01
9.955294138079022748e-01
9.957291077556686965e-01
9.959269194866925412e-01
9.961223639754346326e-01
9.963149836888418598e-01
9.965043497731366218e-01
9.966900630383239701e-01
9.968717547412707658e-01
9.970490871695709689e-01
9.972217540298097260e-01
9.973894806452731077e-01
9.975520239695947478e-01
9.977091724242566073e-01
9.978607455692238837e-01
9.980065936172539676e-01
9.981465968035152514e-01
9.982806646230301117e-01
9.984087349490731178e-01
9.985307730459487274e-01
9.986467704895234387e-01
9.987567440084641479e-01
9.988607342583473159e-01
9.989588045396721183e-01
9.990510394693914442e-01
9.991375436139452448e-01
9.992184400900342434e-01
9.992938691376486160e-01
9.993639866682745287e-01
9.994289627898931272e-01
9.994889803094829661e-01
9.995442332133336327e-01
9.995949251256630586e-01
9.996412677468223817e-01
9.996834792737604447e-01
9.997217828073394763e-01
9.997564047534239773e-01
9.997875732272516469e-01
