9.997969594920509406e-01
9.997674240758154252e-01
9.997346694458715266e-01
9.996984914466489069e-01
9.996586883551752400e-01
9.996150621772554867e-01
9.995674198887083417e-01
9.995155746109596340e-01
9.994593467139871734e-01
9.993985648431424895e-01
9.993330668695478147e-01
9.992627007664337535e-01
9.991873254158520901e-01
9.991068113516142768e-01
9.990210414450724219e-01
9.989299115405234630e-01
9.988333310466586124e-01
9.987312234896970065e-01
9.986235270327724622e-01
9.985101949648874653e-01
9.983911961614436725e-01
9.982665155171006610e-01
9.981361543505840039e-01
9.980001307801360522e-01
9.978584800676075783e-01
9.977112549287489029e-01
9.975585258070819306e-01
9.974003811087931437e-01
9.972369273963730407e-01
9.970682895391858036e-01
9.968946108197648259e-01
9.967160529953331682e-01
9.965327963148140622e-01
9.963450394923676345e-01
9.961529996392336495e-01
9.959569121563157656e-01
9.957570305904905883e-01
9.955536264579974981e-01
9.953469890384529783e-01
9.951374251429822015e-01
9.949252588596604330e-01
9.947108312788812690e-01
9.944945002004142998e-01
9.942766398227820268e-01
9.940576404141919786e-01
9.938379079626268320e-01
9.936178638008681396e-01
9.933979442002526250e-01
9.931785999248958774e-01
9.929602957360383897e-01
9.927435098341388375e-01
9.925287332244502325e-01
9.923164689901267099e-01
9.921072314555133831e-01
9.919015452212144313e-01
9.916999440518919906e-01
9.915029695975404733e-01
9.913111699292485035e-01
9.911250978711952930e-01
9.909453091118368695e-01
9.907723600788705953e-01
9.906068055646077841e-01
9.904491960907639836e-01
9.903000750043556843e-01
9.901599752993069936e-01
9.900294161614828781e-01
9.899088992381248620e-01
9.897989046360592402e-01
9.896998866565357433e-01
9.896122692781497143e-01
9.895364414029713673e-01
9.894727518847583614e-01
9.894215043619246641e-01
9.893829519217478552e-01
9.893572916260497951e-01
9.893446589321928109e-01
9.893451220465714346e-01
9.893586762507141641e-01
9.893852382424691561e-01
9.894246405363794628e-01
9.894766259680793929e-01
9.895408423472431547e-01
9.896168373021608788e-01
9.897040533563629117e-01
9.898018232738418076e-01
9.899093657043941397e-01
9.900257811545349895e-01
9.901500483024980870e-01
9.902810206682508554e-01
9.904174236414832189e-01
9.905578518624501561e-01
9.907007669426527441e-01
9.908444955049088287e-01
9.909872275156388355e-01
9.911270148764060872e-01
9.912617702370636330e-01
9.913892659894140147e-01
9.915071333981403390e-01
9.916128618249664406e-01
9.917037980025174004e-01
9.917771453161430273e-01
9.918299630549503032e-01
9.918591655973794108e-01
9.918615215017496656e-01
9.918336524781927732e-01
9.917720322251992737e-01
9.916729851215574376e-01
9.915326847727046200e-01
9.913471524194270579e-01
9.911122552264179930e-01
9.908237044784677927e-01
9.904770537230309646e-01
9.900676969096294799e-01
9.895908665890348344e-01
9.890416322484001377e-01
9.884148988724495988e-01
9.877054058353560428e-01
9.869077262428667119e-01
9.860162668593046575e-01
9.850252687689312614e-01
9.839288089353762645e-01
9.827208028359210035e-01
9.813950083588240947e-01
9.799450311610243824e-01
9.783643316898857911e-01
9.766462340756326688e-01
9.747839371002962050e-01
9.727705274439869543e-01
9.705989953998666042e-01
9.682622532351872202e-01
9.657531563571928324e-01
9.630645274196776295e-01
9.601891834787974478e-01
9.571199662756876281e-01
9.538497756889687818e-01
9.503716063627853927e-01
9.466785874761453057e-01
9.427640255775115996e-01
9.386214503653811381e-01
9.342446632514818106e-01
9.296277884987347306e-01
9.247653266817785767e-01
9.196522101741234634e-01
9.142838603234189065e-01
9.086562459353855203e-01
9.027659426482139704e-01
8.966101927432479357e-01
8.901869649050752065e-01
8.834950134153909396e-01
8.765339362407220669e-01
8.693042314549307426e-01
8.618073514239042998e-01
8.540457541725395840e-01
8.460229513534994750e-01
8.377435522436813553e-01
8.292133032081624444e-01
8.204391220927597095e-01
8.114291270352662622e-01
8.021926592217523133e-01
7.927402991576972813e-01
7.830838760735976400e-01
7.732364701403575680e-01
7.632124072302406415e-01
7.530272460233846665e-01
7.426977573265826083e-01
7.322418955389325967e-01
7.216787622666349655e-01
7.110285621554182089e-01
7.003125510724739211e-01
6.895529768293696682e-01
6.787730126922462137e-01
6.679966839751008134e-01
6.572487880557809081e-01
6.465548081923581103e-01
6.359408215501721751e-01
6.254334018774417858e-01
6.150595172907131758e-01
6.048464236514943249e-01
5.948215540331076578e-01
5.850124047931981597e-01
5.754464187833552291e-01
5.661508662437930717e-01
5.571527239486513405e-01
5.484785531865925545e-01
5.401543771821262219e-01
5.322055585853110449e-01
5.246566776807242150e-01
5.175314119900781273e-01
5.108524179656634967e-01
5.046412154927484295e-01
4.989180759368631035e-01
4.937019144852264896e-01
4.890101875391394959e-01
4.848587959146564152e-01
4.812619946013494410e-01
4.782323098124345861e-01
4.757804640335344670e-01
4.739153097414774418e-01
4.726437724188007339e-01
4.719708034343773617e-01
4.718993432963289880e-01
4.724302957109989265e-01
4.735625128022239450e-01
4.752927917596962981e-01
4.776158830950383294e-01
4.805245105907046677e-01
4.840094029312576041e-01
4.880593369101005052e-01
4.926611920086637619e-01
4.978000160502075166e-01
5.034591015378300227e-01
5.096200721966502867e-01
5.162629791541717417e-01
5.233664061110574472e-01
5.309075827775144862e-01
5.388625057785971784e-01
5.472060661656167335e-01
5.559121826108317510e-01
5.649539393094551443e-01
5.743037275672340236e-01
5.839333900142282818e-01
5.938143663566815000e-01
6.039178395597863958e-01
6.142148813455368117e-01
6.246765958923734541e-01
6.352742606377203005e-01
6.459794631111179797e-01
6.567642327648806067e-01
6.676011668210430905e-01
6.784635492176092075e-01
6.893254618132207412e-01
7.001618870965959918e-01
7.109488017442227026e-01
7.216632604755525149e-01
7.322834697676120497e-01
7.427888511087340495e-01
7.531600935920209627e-01
7.633791957710996945e-01
7.734294968215897903e-01
7.832956971694113868e-01
7.929638688595722629e-01
8.024214560445415145e-01
8.116572660680171358e-01
8.206614517063810510e-01
8.294254852051510252e-01
8.379421248103589015e-01
8.462053745443279817e-01
8.542104380114541318e-01
8.619536670422158764e-01
8.694325059930196886e-01
8.766454325160897287e-01
8.835918955982350331e-01
8.902722516409236064e-01
8.966876993178733990e-01
9.028402139016487027e-01
9.087324816989877929e-01
9.143678351773085744e-01
9.197501893035803233e-01
9.248839795530395813e-01
9.297741019805447760e-01
9.344258556830578044e-01
9.388448879190682828e-01
9.430371420908081337e-01
9.470088087387568132e-01
9.507662796459307453e-01
9.543161051023307806e-01
9.576649543380204577e-01
9.608195790968186989e-01
9.637867802915131010e-01
9.665733776557016155e-01
9.691861822866022491e-01
9.716319719570664093e-01
9.739174690631769993e-01
9.760493210656994156e-01
9.780340832788079197e-01
9.798782038573783382e-01
9.815880108342580623e-01
9.831697010607930443e-01
9.846293309071271205e-01
9.859728085829918554e-01
9.872058879446087287e-01
9.883341636586795431e-01
9.893630676000878532e-01
9.902978663657625580e-01
9.911436597931085890e-01
9.919053803774567912e-01
9.925877934891371712e-01
9.931954982970229162e-01
9.937329293117459494e-01
9.942043584682109802e-01
9.946138976735023896e-01
9.949655017527047063e-01
9.952629717314526170e-01
9.955099584000578483e-01
9.957099661097015275e-01
9.958663567563016406e-01
9.959823539121340774e-01
9.960610470690350882e-01
9.961053959599679430e-01
9.961182349279188442e-01
9.961022773125269847e-01
9.960601198256771038e-01
9.959942468876130661e-01
9.959070348951781781e-01
9.958007563937439910e-01
9.956775841244657199e-01
9.955395949189205229e-01
9.953887734140929311e-01
9.952270155622349179e-01
9.950561319124150428e-01
9.948778506436186664e-01
9.946938203330578654e-01
9.945056124477981152e-01
9.943147235528054795e-01
9.941225772338934119e-01
9.939305257396212623e-01
9.937398513517674559e-01
9.935517674993769033e-01
9.933674196363729836e-01
9.931878859071613386e-01
9.930141776284058253e-01
9.928472396181092785e-01
9.926879504052232850e-01
9.925371223542107657e-01
9.923955017392906974e-01
9.922637688025677249e-01
9.921425378289354668e-01
9.920323572686714497e-01
9.919337099361092980e-01
9.918470133098271635e-01
9.917726199565588541e-01
9.917108180976618170e-01
9.916618323335774088e-01
9.916258245384133030e-01
9.916028949336447296e-01
9.915930833470349981e-01
9.915963706602475281e-01
9.916126804462681577e-01
9.916418807956572934e-01
9.916837863287716326e-01
9.917381603893823394e-01
9.918047174135180555e-01
9.918831254658179164e-01
9.919730089341614043e-01
9.920739513718070945e-01
9.921854984747228157e-01
9.923071611802358749e-01
9.924384188716012245e-01
9.925787226716306089e-01
9.927274988071993489e-01
9.928841520253158803e-01
9.930480690405525390e-01
9.932186219930524418e-01
9.933951718960699617e-01
9.935770720520951116e-01
9.937636714170411389e-01
9.939543178927273681e-01
9.941483615289111730e-01
9.943451576173764073e-01
9.945440696620037047e-01
9.947444722102678494e-01
9.949457535331880376e-01
9.951473181423318159e-01
9.953485891340232428e-01
9.955490103523980672e-01
9.957480483643831315e-01
9.959451942410447733e-01
9.961399651410760558e-01
9.963319056934851758e-01
9.965205891778333713e-01
9.967056185016648362e-01
9.968866269760978671e-01
9.970632788919071565e-01
9.972352698998284692e-01
9.974023272002486840e-01
9.975642095488840289e-01
9.977207070864708705e-01
9.978716410018555472e-01
9.980168630391236251e-01
9.981562548605041885e-01
9.982897272776635189e-01
9.984172193646126958e-01
9.985386974657504133e-01
9.986541541125020238e-01
9.987636068615883822e-01
9.988670970671618132e-01
9.989646885978954449e-01
9.990564665086831830e-01
9.991425356749495945e-01
9.992230193958082651e-01
9.992980579705521560e-01
9.993678072513515476e-01
9.994324371736997836e-01
9.994921302652253203e-01
9.995470801330725852e-01
9.995974899302223493e-01
9.996435708019124622e-01
9.996855403147031360e-01
9.997236208726553164e-01
9.997580381274253636e-01
9.997890193916790791e-01
