9.997972995305017818e-01
9.997677965246716258e-01
9.997350742102213417e-01
9.996989277792510675e-01
9.996591547654479770e-01
9.996155563442297165e-01
9.995679385804103756e-01
9.995161136126745616e-01
9.994599007677497093e-01
9.993991276006104485e-01
9.993336308601307172e-01
9.992632573821925712e-01
9.991878649142584834e-01
9.991073228767838321e-01
9.990215130675755839e-01
9.989303303153611591e-01
9.988336830884717576e-01
9.987314940638041261e-01
9.986237006601890176e-01
9.985102555391186518e-01
9.983911270745512434e-01
9.982662997923462678e-01
9.981357747788487389e-01
9.979995700573102146e-01
9.978577209302297302e-01
9.977102802853489161e-01
9.975573188629328625e-01
9.973989254820923023e-01
9.972352072242346432e-01
9.970662895722258723e-01
9.968923165044718537e-01
9.967134505438322023e-01
9.965298727620346408e-01
9.963417827410006034e-01
9.961493984931987233e-01
9.959529563437585775e-01
9.957527107775642206e-01
9.955489342548757836e-01
9.953419169991488680e-01
9.951319667606214336e-01
9.949194085588813907e-01
9.947045844070027121e-01
9.944878530189397159e-01
9.942695895006947726e-01
9.940501850243502746e-01
9.938300464823928149e-01
9.936095961179128855e-01
9.933892711242705564e-01
9.931695232057512479e-01
9.929508180886512658e-01
9.927336349702157170e-01
9.925184658909692592e-01
9.923058150143160283e-01
9.920961977959087408e-01
9.918901400242622346e-01
9.916881767134657633e-01
9.914908508286790489e-01
9.912987118253869800e-01
9.911123139841563345e-01
9.909322145238654844e-01
9.907589714780349333e-01
9.905931413209398961e-01
9.904352763325746656e-01
9.902859216942185849e-01
9.901456123092627903e-01
9.900148693470579575e-01
9.898941965107853624e-01
9.897840760337167643e-01
9.896849644116975098e-01
9.895972878832345332e-01
9.895214376722163419e-01
9.894577650119955603e-01
9.894065759733289278e-01
9.893681261224400725e-01
9.893426150391979590e-01
9.893301807289853755e-01
9.893308939651717093e-01
9.893447526020420213e-01
9.893716759004310690e-01
9.894114989099871416e-01
9.894639669528032533e-01
9.895287302529366391e-01
9.896053387550133307e-01
9.896932371725886135e-01
9.897917603032133638e-01
9.899001286422852708e-01
9.900174443218453524e-01
9.901426873936918227e-01
9.902747124687236724e-01
9.904122457165697169e-01
9.905538822215499417e-01
9.906980836831708048e-01
9.908431764419148857e-01
9.909873498043199058e-01
9.911286546354624027e-01
9.912650021821294288e-01
9.913941630863252197e-01
9.915137665463708005e-01
9.916212995817631493e-01
9.917141063581476068e-01
9.917893875301856399e-01
9.918441995626954277e-01
9.918754539941377901e-01
9.918799166112133303e-01
9.918542065089585025e-01
9.917947950172020244e-01
9.916980044815200124e-01
9.915600068948694501e-01
9.913768223848876682e-01
9.911443175714155229e-01
9.908582038191727781e-01
9.905140354217066845e-01
9.901072077647868896e-01
9.896329555303291503e-01
9.890863510156820970e-01
9.884623026576212501e-01
9.877555538655399259e-01
9.869606822838750126e-01
9.860720996194820565e-01
9.850840521850878773e-01
9.839906223246559502e-01
9.827857308999752295e-01
9.814631410294700764e-01
9.800164632795549391e-01
9.784391625152417671e-01
9.767245666196436860e-01
9.748658772910417936e-01
9.728561831209470157e-01
9.706884751468547456e-01
9.683556650590527948e-01
9.658506062219327504e-01
9.631661176469094032e-01
9.602950110265625616e-01
9.572301209083107221e-01
9.539643380512731197e-01
9.504906459724302703e-01
9.468021606482813768e-01
9.428921732964333779e-01
9.387541961184548978e-01
9.343820108413977144e-01
9.297697198511152283e-01
9.249117996663738239e-01
9.198031564592321629e-01
9.144391832847410528e-01
9.088158186421746443e-01
9.029296059512734729e-01
8.967777534908694115e-01
8.903581943143795696e-01
8.836696456275376921e-01
8.767116670890255925e-01
8.694847174749512630e-01
8.619902091339962658e-01
8.542305596520980426e-01
8.462092401442281586e-01
8.379308195966261863e-01
8.294010046960563765e-01
8.206266746034818205e-01
8.116159101579978330e-01
8.023780170328440597e-01
7.929235424084191131e-01
7.832642847769595296e-01
7.734132965491442580e-01
7.633848791934197964e-01
7.531945707031693082e-01
7.428591252537795064e-01
7.323964849798043630e-01
7.218257438704438478e-01
7.111671038481253149e-01
7.004418231588089849e-01
6.896721572627043662e-01
6.788812924694467288e-01
6.680932726118549159e-01
6.573329190968358882e-01
6.466257447107308654e-01
6.359978615897011744e-01
6.254758837941114535e-01
6.150868249499903406e-01
6.048579914414304870e-01
5.948168716562032277e-01
5.849910218038555376e-01
5.754079488421293131e-01
5.660949910643739980e-01
5.570791969184771819e-01
5.483872026469227556e-01
5.400451093581286610e-01
5.320783601609638813e-01
5.245116180168425402e-01
5.173686449863460490e-01
5.106721835689634892e-01
5.044438408541436214e-01
4.987039762182506886e-01
4.934715933138944521e-01
4.887642371042588696e-01
4.845978966943744748e-01
4.809869147027683312e-01
4.779439038998066769e-01
4.754796718128819766e-01
4.736031539630354281e-01
4.723213563528095849e-01
4.716393077712761617e-01
4.715600224199673063e-01
4.720844732935126631e-01
4.732115766721729511e-01
4.749381880011764867e-01
4.772591093449559674e-01
4.801671085141957507e-01
4.836529498711584774e-01
4.877054367250921452e-01
4.923114651356695903e-01
4.974560888491678101e-01
5.031225950003008762e-01
5.092925901229229391e-01
5.159460959258455048e-01
5.230616542063099006e-01
5.306164401938365804e-01
5.385863835417117329e-01
5.469462961129878398e-01
5.556700056431609358e-01
5.647304943034602287e-01
5.741000411377297219e-01
5.837503673031488871e-01
5.936527830114364246e-01
6.037783350436936036e-01
6.140979536996058474e-01
6.245825980411526812e-01
6.352033983030509479e-01
6.459317943673817952e-01
6.567396692385032431e-01
6.675994765065569325e-01
6.784843608532562520e-01
6.893682707317055902e-01
7.002260624417506740e-01
7.110335949226558316e-01
7.217678146941644002e-01
7.324068304934943097e-01
7.429299772775925792e-01
7.533178693848920915e-01
7.635524427766968714e-01
7.736169864029486254e-01
7.834961628583170246e-01
7.931760186102330135e-01
8.026439841887049731e-01
8.118888648268085539e-01
8.209008221291126395e-01
8.296713474217531914e-01
8.381932275014928324e-01
8.464605035512138276e-01
8.544684240255768781e-01
8.622133923330319583e-01
8.696929101491975844e-01
8.769055171924328151e-01
8.838507282759929806e-01
8.905289684234943826e-01
8.969415067967767552e-01
9.030903901389847332e-01
9.089783763823040541e-01
9.146088690108284958e-01
9.199858527060836844e-01
9.251138307373613090e-01
9.299977644926965548e-01
9.346430154804830082e-01
9.390552900675858128e-01
9.432405871585254342e-01
9.472051489627653087e-01
9.509554149440885285e-01
9.544979789980382323e-01
9.578395498607749081e-01
9.609869147156363534e-01
9.639469059321905675e-01
9.667263708464932659e-01
9.693321444703425493e-01
9.717710250011919459e-01
9.740497519925960246e-01
9.761749870371327908e-01
9.781532968091395386e-01
9.799911383128137032e-01
9.816948461817340821e-01
9.832706218782021335e-01
9.847245246445427425e-01
9.860624640632826843e-01
9.872901940886341654e-01
9.884133084177106898e-01
9.894372370762095636e-01
9.903672440998009252e-01
9.912084261990735667e-01
9.919657123025749090e-01
9.926438638792207669e-01
9.932474759481199067e-01
9.937809786906547371e-01
9.942486395864348347e-01
9.946545660014509682e-01
9.950027081633227022e-01
9.952968624648486085e-01
9.955406750430310092e-01
9.957376455862176901e-01
9.958911313268812293e-01
9.960043511817238127e-01
9.960803900042047854e-01
9.961222029171808989e-01
9.961326196951758583e-01
9.961143491668956740e-01
9.960699836091172488e-01
9.960020031031553422e-01
9.959127798249443053e-01
9.958045822395761304e-01
9.956795791711277044e-01
9.955398437189839633e-01
9.953873569927979004e-01
9.952240116398517467e-01
9.950516151409755095e-01
9.948718928543603957e-01
9.946864907905517139e-01
9.944969781065184922e-01
9.943048493118546993e-01
9.941115261856957597e-01
9.939183594086415940e-01
9.937266299196635400e-01
9.935375500134300264e-01
9.933522641985343959e-01
9.931718498415688101e-01
9.929973176257402834e-01
9.928296118556511063e-01
9.926696106419218291e-01
9.925181260004792838e-01
9.923759039015942474e-01
9.922436243031765857e-01
9.921219012014919070e-01
9.920112827304743419e-01
9.919122513382706563e-01
9.918252240667181363e-01
9.917505529562476996e-01
9.916885255953493683e-01
9.916393658303651604e-01
9.916032346480717630e-01
9.915802312403763086e-01
9.915703942575126995e-01
9.915737032534407414e-01
9.915900803247011952e-01
9.916193919417725100e-01
9.916614509699560598e-01
9.917160188749667427e-01
9.917828081066597523e-01
9.918614846526556672e-01
9.919516707519958620e-01
9.920529477573498678e-01
9.921648591327109079e-01
9.922869135719623035e-01
9.924185882222185118e-01
9.925593319944704396e-01
9.927085689428633009e-01
9.928657016929400836e-01
9.930301148984597148e-01
9.932011787059689123e-01
9.933782522062022391e-01
9.935606868516048129e-01
9.937478298198142435e-01
9.939390273037524981e-01
9.941336277100556451e-01
9.943309847488177589e-01
9.945304603990281489e-01
9.947314277355516765e-01
9.949332736050134907e-01
9.951354011394462074e-01
9.953372320980247157e-01
9.955382090286198915e-01
9.957377972422629675e-01
9.959354865949143765e-01
9.961307930722058668e-01
9.963232601740823480e-01
9.965124600975362457e-01
9.966979947169192222e-01
9.968794963626494976e-01
9.970566284005132340e-01
9.972290856151846405e-01
9.973965944030506181e-01
9.975589127808928147e-01
9.977158302184304661e-01
9.978671673041068502e-01
9.980127752547748310e-01
9.981525352810333152e-01
9.982863578208472921e-01
9.984141816546803216e-01
9.985359729156489950e-01
9.986517240081256297e-01
9.987614524477615996e-01
9.988651996350769169e-01
9.989630295735930643e-01
9.990550275420257975e-01
9.991412987283923020e-01
9.992219668321161707e-01
9.992971726384682896e-01
9.993670725680863232e-01
9.994318372030163156e-01
9.994916497898314045e-01
9.995467047200172761e-01
9.995972059880376959e-01
9.996433656283388869e-01
9.996854021339958152e-01
9.997235388616763085e-01
9.997580024299853596e-01
9.997890211208835254e-01
