9.997975754418215732e-01
9.997681111234509865e-01
9.997354313104482859e-01
9.996993313367034117e-01
9.996596088522724521e-01
9.996160651199093028e-01
9.995685062593394621e-01
9.995167444286381375e-01
9.994605989356782905e-01
9.993998972760512745e-01
9.993344760969405938e-01
9.992641820890133530e-01
9.991888728103842654e-01
9.991084174480624469e-01
9.990226975230122042e-01
9.989316075450961341e-01
9.988350556238022593e-01
9.987329640398919794e-01
9.986252697820601210e-01
9.985119250515009925e-01
9.983928977360297941e-01
9.982681718542246729e-01
9.981377479690134447e-01
9.980016435692821153e-01
9.978598934174771617e-01
9.977125498608182541e-01
9.975596831036347423e-01
9.974013814384707910e-01
9.972377514339380022e-01
9.970689180778068428e-01
9.968950248744591347e-01
9.967162338965556145e-01
9.965327257915356229e-01
9.963446997443357045e-01
9.961523733984374296e-01
9.959559827379915742e-01
9.957557819342741645e-01
9.955520431600748399e-01
9.953450563757612057e-01
9.951351290906755853e-01
9.949225861031733009e-01
9.947077692220027689e-01
9.944910369708275244e-01
9.942727642765251117e-01
9.940533421404652570e-01
9.938331772903091776e-01
9.936126918080114834e-01
9.933923227277094981e-01
9.931725215950977237e-01
9.929537539777902877e-01
9.927364989141347351e-01
9.925212482860452656e-01
9.923085060997370865e-01
9.920987876568515551e-01
9.918926185974200616e-01
9.916905337954817767e-01
9.914930760879859806e-01
9.913007948178939044e-01
9.911142441731565222e-01
9.909339813044698575e-01
9.907605642063679330e-01
9.905945493482666286e-01
9.904364890444705694e-01
9.902869285548340228e-01
9.901464029106906706e-01
9.900154334637691900e-01
9.898945241590589861e-01
9.897841575359637156e-01
9.896847904655382555e-01
9.895968496351662536e-01
9.895207267956611652e-01
9.894567737894821580e-01
9.894052973825064878e-01
9.893665539255606101e-01
9.893407438756297578e-01
9.893280062102357553e-01
9.893284127718040555e-01
9.893419625817688745e-01
9.893685761665597100e-01
9.894080899392870831e-01
9.894602506817589127e-01
9.895247101712552062e-01
9.896010199951732478e-01
9.896886265941478023e-01
9.897868665705571445e-01
9.898949622944758220e-01
9.900120178332549870e-01
9.901370152241513178e-01
9.902688111020105932e-01
9.904061336861890164e-01
9.905475801229335353e-01
9.906916141716319846e-01
9.908365642159460140e-01
9.909806215741077118e-01
9.911218390768109510e-01
9.912581298763292192e-01
9.913872664468631468e-01
9.915068797337516227e-01
9.916144584080858193e-01
9.917073481834456361e-01
9.917827511528864992e-01
9.918377251068734024e-01
9.918691827965114838e-01
9.918738911110672740e-01
9.918484701443386342e-01
9.917893921308341687e-01
9.916929802399220284e-01
9.915554072240703176e-01
9.913726939260139037e-01
9.911407076591627341e-01
9.908551604858406581e-01
9.905116074290444272e-01
9.901054446653700936e-01
9.896319077595815417e-01
9.890860700149698426e-01
9.884628410281016686e-01
9.877569655516494906e-01
9.869630227845173076e-01
9.860754262241403501e-01
9.850884242312627492e-01
9.839961014722368171e-01
9.827923814174185368e-01
9.814710300859955661e-01
9.800256612370028542e-01
9.784497432127766681e-01
9.767366076441520439e-01
9.748794602258639141e-01
9.728713937655083521e-01
9.707054036998220559e-01
9.683744062578281131e-01
9.658712594316082312e-01
9.631887868922280882e-01
9.603198049609482645e-01
9.572571527146360726e-01
9.539937252697080483e-01
9.505225102514397451e-01
9.468366274156138074e-01
9.429293713477336913e-01
9.387942571219548560e-01
9.344250687579561676e-01
9.298159102697047818e-01
9.249612590559337377e-01
9.198560213386239859e-01
9.144955893133576152e-01
9.088758996345651653e-01
9.029934928199562227e-01
8.968455731223280436e-01
8.904300683840532527e-01
8.837456893604560548e-01
8.767919879735757149e-01
8.695694139381113796e-01
8.620793691872148390e-01
8.543242595178266452e-01
8.463075428739174066e-01
8.380337736917484737e-01
8.295086427444052779e-01
8.207390119435810094e-01
8.117329435849340857e-01
8.024997235591562195e-01
7.930498780938403103e-01
7.833951836407888614e-01
7.735486695788083011e-01
7.635246134623496772e-01
7.533385286105135359e-01
7.430071438976380005e-01
7.325483756746689057e-01
7.219812918183778905e-01
7.113260679719020096e-01
7.006039361038395308e-01
6.898371255730959550e-01
6.790487969420201386e-01
6.682629688304200233e-01
6.575044381475212418e-01
6.467986940776986327e-01
6.361718262292077597e-01
6.256504273835703511e-01
6.152614913075178382e-01
6.050323061102789168e-01
5.949903436475403318e-01
5.851631454905075191e-01
5.755782059951858320e-01
5.662628530239310898e-01
5.572441268892482924e-01
5.485486581089887848e-01
5.402025445826763583e-01
5.322312288204700259e-01
5.246593758787889694e-01
5.175107526791591361e-01
5.108081094084547802e-01
5.045730637182648248e-01
4.988259884574546277e-01
4.935859036837898506e-01
4.888703737065680510e-01
4.846954099114458847e-01
4.810753801100057236e-01
4.780229251394635392e-01
4.755488834115949581e-01
4.736622240744025047e-01
4.723699894051197612e-01
4.716772469993366634e-01
4.715870522587644054e-01
4.721004216103025231e-01
4.732163168125514963e-01
4.749316406237699129e-01
4.772412440186957205e-01
4.801379450517535563e-01
4.836125593720883575e-01
4.876539423026693409e-01
4.922490423023612172e-01
4.973829655372185021e-01
5.030390511961359001e-01
5.091989570969676082e-01
5.158427550429940389e-01
5.229490353066320596e-01
5.304950195381503697e-01
5.384566813223476966e-01
5.468088735362874875e-01
5.555254615969317245e-01
5.645794616295473078e-01
5.739431825369507578e-01
5.835883709068354630e-01
5.934863576605847735e-01
6.036082053230158451e-01
6.139248547794056154e-01
6.244072703847693973e-01
6.350265823014198396e-01
6.457542249649294019e-01
6.565620706160605335e-01
6.674225568871017256e-01
6.783088074951344471e-01
6.891947451714721673e-01
7.000551960450364097e-01
7.108659847965423939e-01
7.216040200085838130e-01
7.322473692523188138e-01
7.427753235725051972e-01
7.531684511570270191e-01
7.634086401026085600e-01
7.734791303129134876e-01
7.833645346864863690e-01
7.930508498679281759e-01
8.025254569443539543e-01
8.117771125688180156e-01
8.207959310814658682e-01
8.295733582764694969e-01
8.381021375273023377e-01
8.463762690339905470e-01
8.543909629932400218e-01
8.621425875157713303e-01
8.696286121249845458e-01
8.768475476678156966e-01
8.837988834530545734e-01
8.904830224055372279e-01
8.969012149876746109e-01
9.030554925941348676e-01
9.089486010726126608e-01
9.145839349650791705e-01
9.199654730012590820e-01
9.250977153109204432e-01
9.299856227553612298e-01
9.346345587126511090e-01
9.390502335870033468e-01
9.432386522512177240e-01
9.472060645733882955e-01
9.509589191257572516e-01
9.545038201252645793e-01
9.578474876123590498e-01
9.609967208371826830e-01
9.639583647903288144e-01
9.667392797888741951e-01
9.693463140070451844e-01
9.717862788243264438e-01
9.740659268516407288e-01
9.761919324879158033e-01
9.781708748544070131e-01
9.800092229520416254e-01
9.817133228872833017e-01
9.832893870141172776e-01
9.847434848433043175e-01
9.860815355746663791e-01
9.873093021135569414e-01
9.884323864385766711e-01
9.894562261938539827e-01
9.903860923856848686e-01
9.912270880699438624e-01
9.919841479233912906e-01
9.926620385987918738e-01
9.932653597706039283e-01
9.937985457848828030e-01
9.942658678339277856e-01
9.946714365830353621e-01
9.950192051834189089e-01
9.953129726118175036e-01
9.955563872834214401e-01
9.957529508903665283e-01
9.959060224230654734e-01
9.960188223359599524e-01
9.960944368227989676e-01
9.961358221692662163e-01
9.961458091526874670e-01
9.961271074597282116e-01
9.960823100935485286e-01
9.960138977419896733e-01
9.959242430782039301e-01
9.958156149649305400e-01
9.956901825335812140e-01
9.955500191096268159e-01
9.953971059566563140e-01
9.952333358130370788e-01
9.950605161974339641e-01
9.948803724625573386e-01
9.946945505803972409e-01
9.945046196467551836e-01
9.943120740979962680e-01
9.941183356384377667e-01
9.939247548824667877e-01
9.937326127211594251e-01
9.935431214286223334e-01
9.933574255283421639e-01
9.931766024443030583e-01
9.930016629654201399e-01
9.928335515547929147e-01
9.926731465373836993e-01
9.925212602009126917e-01
9.923786388450677176e-01
9.922459628135890108e-01
9.921238465424874198e-01
9.920128386556906763e-01
9.919134221369028115e-01
9.918260146035395852e-01
9.917509687054025802e-01
9.916885726674020685e-01
9.916390509922569096e-01
9.916025653357900538e-01
9.915792155642804140e-01
9.915690410003853428e-01
9.915720218614402226e-01
9.915880808914839806e-01
9.916170851861326740e-01
9.916588482074004673e-01
9.917131319837040326e-01
9.917796494885385838e-01
9.918580671896376488e-01
9.919480077587956579e-01
9.920490529309144989e-01
9.921607464992441283e-01
9.922825974322208031e-01
9.924140830958152470e-01
9.925546525639128426e-01
9.927037299980262519e-01
9.928607180766276796e-01
9.930250014536431413e-01
9.931959502252043492e-01
9.933729233836323669e-01
9.935552722378429014e-01
9.937423437798902359e-01
9.939334839781961417e-01
9.941280409790812511e-01
9.943253681994893567e-01
9.945248272952064150e-01
9.947257909903755024e-01
9.949276457556359698e-01
9.951297943237416010e-01
9.953316580329940599e-01
9.955326789902579909e-01
9.957323220466947067e-01
9.959300765806636813e-01
9.961254580835225969e-01
9.963180095453093577e-01
9.965073026385536936e-01
9.966929386997469553e-01
9.968745495093213060e-01
9.970517978723548724e-01
9.972243780036331717e-01
9.973920157221425331e-01
9.975544684615302859e-01
9.977115251045026723e-01
9.978630056505114476e-01
9.980087607273426809e-01
9.981486709583273775e-01
9.982826461977701848e-01
9.984106246478059443e-01
9.985325718701758557e-01
9.986484797063512886e-01
9.987583651189887446e-01
9.988622689668863464e-01
9.989602547244547104e-01
9.990524071552642216e-01
9.991388309475720542e-01
9.992196493179645866e-01
9.992950025874980380e-01
9.993650467331187670e-01
9.994299519158292844e-01
9.994899009861585304e-01
9.995450879671095024e-01
9.995957165149561563e-01
9.996419983590814073e-01
9.996841517234724694e-01
9.997223997344414359e-01
9.997569688215119932e-01
9.997880871210376164e-01
