9.997976865606266195e-01
9.997682380611080388e-01
9.997355756791745929e-01
9.996994948220272459e-01
9.996597932055387714e-01
9.996162721496842929e-01
9.995687378218114372e-01
9.995170024171302625e-01
9.994608852694074619e-01
9.994002138882761566e-01
9.993348249226521318e-01
9.992645650523241940e-01
9.991892918117720734e-01
9.991088743516204351e-01
9.990231941438506569e-01
9.989321456370320318e-01
9.988356368674587982e-01
9.987335900313180082e-01
9.986259420219653071e-01
9.985126449351857669e-01
9.983936665440739100e-01
9.982689907439845634e-01
9.981386179669610170e-01
9.980025655642037474e-01
9.978608681545382275e-01
9.977135779364826318e-01
9.975607649614155470e-01
9.974025173654738063e-01
9.972389415581466299e-01
9.970701623660397361e-01
9.968963231309219131e-01
9.967175857618897350e-01
9.965341307422569406e-01
9.963461570925433719e-01
9.961538822916629066e-01
9.959575421590513011e-01
9.957573907009870107e-01
9.955536999247074359e-01
9.953467596240709314e-01
9.951368771404337510e-01
9.949243771020729321e-01
9.947096011448774977e-01
9.944929076161426185e-01
9.942746712621362004e-01
9.940552828986792822e-01
9.938351490623251738e-01
9.936146916378590932e-01
9.933943474558435405e-01
9.931745678518418829e-01
9.929558181768541880e-01
9.927385772464494273e-01
9.925233367141772511e-01
9.923106003531443342e-01
9.921008832282401935e-01
9.918947107404452179e-01
9.916926175240153851e-01
9.914951461771416286e-01
9.913028458069680360e-01
9.911162703706071220e-01
9.909359767950154385e-01
9.907625228602553458e-01
9.905964648327243438e-01
9.904383548373331125e-01
9.902887379603058093e-01
9.901481490771982807e-01
9.900171094038404673e-01
9.898961227711610134e-01
9.897856716282278366e-01
9.896862127812955379e-01
9.895981728802101252e-01
9.895219436671466307e-01
9.894578770063511275e-01
9.894062797173048818e-01
9.893674082374808165e-01
9.893414631445626162e-01
9.893285835715702747e-01
9.893288415516423573e-01
9.893422363321662250e-01
9.893686887003210195e-01
9.894080353637890735e-01
9.894600234311998754e-01
9.895243050366824278e-01
9.896004321515977642e-01
9.896878516240370516e-01
9.897859004829941965e-01
9.898938015393018430e-01
9.900106593095610030e-01
9.901354562825658290e-01
9.902670495403327333e-01
9.904041677380468478e-01
9.905454084393001679e-01
9.906892357951974093e-01
9.908339785485290596e-01
9.909778283374799379e-01
9.911188382674994690e-01
9.912549217151511716e-01
9.913838513241276518e-01
9.915032581512266407e-01
9.916106309189707257e-01
9.917033153317103000e-01
9.917785134134232683e-01
9.918332828279651237e-01
9.918645361461385646e-01
9.918690400285598008e-01
9.918434142988253877e-01
9.917841308878497797e-01
9.916875126374115057e-01
9.915497319588710834e-01
9.913668093517165048e-01
9.911346117960454505e-01
9.908488510433555163e-01
9.905050818411029745e-01
9.900987001384486952e-01
9.896249413334406997e-01
9.890788786355695361e-01
9.884554216321013165e-01
9.877493151617071643e-01
9.869551386144578276e-01
9.860673057929439933e-01
9.850800654847357007e-01
9.839875029111634364e-01
9.827835422309535440e-01
9.814619502890394864e-01
9.800163418102963986e-01
9.784401862444562781e-01
9.767268164715191547e-01
9.748694395761252629e-01
9.728611498942494329e-01
9.706949445259672737e-01
9.683637414938256471e-01
9.658604007075505260e-01
9.631777478725856989e-01
9.603086014525523684e-01
9.572458027645094347e-01
9.539822492513058139e-01
9.505109309378416693e-01
9.468249700382010969e-01
9.429176636389011712e-01
9.387825293404524762e-01
9.344133536955260277e-01
9.298042432377887634e-01
9.249496778513601747e-01
9.198445661873532186e-01
9.144843027915577904e-01
9.088648265665090209e-01
9.029826801524598601e-01
8.968350697756968248e-01
8.904199250797459886e-01
8.837359584259164569e-01
8.767827231249167852e-01
8.695606700415479118e-01
8.620712020003405973e-01
8.543167254120015430e-01
8.463006985391803294e-01
8.380276758257937386e-01
8.295033477272585332e-01
8.207345754996863141e-01
8.117294204344163155e-01
8.024971670600561380e-01
7.930483398771437376e-01
7.833947132400664870e-01
7.735493140562847980e-01
7.635264170332032307e-01
7.533415322671812575e-01
7.430113850358839311e-01
7.325538877231460022e-01
7.219881038733853007e-01
7.113342044390374985e-01
7.006134163482280464e-01
6.898479635798993037e-01
6.790610009889629373e-01
6.682765411741327100e-01
6.575193747255942966e-01
6.468149842284847129e-01
6.361894524315838684e-01
6.256693650190932043e-01
6.152817084476691623e-01
6.050537633318053832e-01
5.950129938792116935e-01
5.851869338949822197e-01
5.756030698899898823e-01
5.662887218459131677e-01
5.572709222071293711e-01
5.485762936888382013e-01
5.402309265112592573e-01
5.322602556913778038e-01
5.246889390460969249e-01
5.175407365830038131e-01
5.108383919763617165e-01
5.046035168453226749e-01
4.988564785674414193e-01
4.936162923722066109e-01
4.889005184651636915e-01
4.847251649322820155e-01
4.811045971654694942e-01
4.780514545328677922e-01
4.755765749912398421e-01
4.736889283021766817e-01
4.723955584690454623e-01
4.717015359578830003e-01
4.716099202033872118e-01
4.721217328315401307e-01
4.732359419541561918e-01
4.749494578088392371e-01
4.772571399316077878e-01
4.801518159599071911e-01
4.836243120720129518e-01
4.876634949760026982e-01
4.922563252684480917e-01
4.973879218906571698e-01
5.030416373194146473e-01
5.091991430403833840e-01
5.158405247662255499e-01
5.229443867786460753e-01
5.304879646944431482e-01
5.384472458808419182e-01
5.467970966754551743e-01
5.555113955018226024e-01
5.645631709133727139e-01
5.739247435476190207e-01
5.835678709293740107e-01
5.934638940276426577e-01
6.035838844466681063e-01
6.138987911182154367e-01
6.243795853605382806e-01
6.349974031802716468e-01
6.457236837173282451e-01
6.565303027701004934e-01
6.673897003889133206e-01
6.782750015895744333e-01
6.891601293154143715e-01
7.000199088645895351e-01
7.108301630984004138e-01
7.215677978545057547e-01
7.322108771044479880e-01
7.427386875159112112e-01
7.531317922044840074e-01
7.633720735852742578e-01
7.734427653592131913e-01
7.833284737902103112e-01
7.930151885452838556e-01
8.024902834785401229e-01
8.117425078395801297e-01
8.207619684761046086e-01
8.295401036778764503e-01
8.380696493738355457e-01
8.463445984453530357e-01
8.543601539560181646e-01
8.621126771218980966e-01
8.695996308561524391e-01
8.768195197187290679e-01
8.837718270864159953e-01
8.904569503317681933e-01
8.968761347625909819e-01
9.030314070281050265e-01
9.089255086451242249e-01
9.145618302390973176e-01
9.199443470322835603e-01
9.250775560462110025e-01
9.299664154193914012e-01
9.346162861754634399e-01
9.390328767127480436e-01
9.432221902247629464e-01
9.471904752034752129e-01
9.509441791237274177e-01
9.544899053589011029e-01
9.578343733348549938e-01
9.609843818916653513e-01
9.639467757907265177e-01
9.667284152782144035e-01
9.693361485945068967e-01
9.717767873025509040e-01
9.740570842959207498e-01
9.761837143389485716e-01
9.781632569863093485e-01
9.800021817272974722e-01
9.817068352002238374e-01
9.832834303244410989e-01
9.847380372010219318e-01
9.860765756377225522e-01
9.873048091592401265e-01
9.884283403696833004e-01
9.894526075404332932e-01
9.903828823030599304e-01
9.912242683335836801e-01
9.919817009211024939e-01
9.926599473206092483e-01
9.932636077966821020e-01
9.937971172716338897e-01
9.942647474986033851e-01
9.946706096869218916e-01
9.950186575137920375e-01
9.953126904627945803e-01
9.955563574358472501e-01
9.957531605908707117e-01
9.959064593624430417e-01
9.960194746270328858e-01
9.960952929779366416e-01
9.961368710777536162e-01
9.961470400581482476e-01
9.961285099378203167e-01
9.960838740301648508e-01
9.960156133122027855e-01
9.959261007261992482e-01
9.958176053851740539e-01
9.956922966534600405e-01
9.955522480737919455e-01
9.953994411132782716e-01
9.952357687021602395e-01
9.950630385415840662e-01
9.948829761597184351e-01
9.946972276994282547e-01
9.945073624252672717e-01
9.943148749426563571e-01
9.941211871276043333e-01
9.939276497710078928e-01
9.937355439472389529e-01
9.935460821221895333e-01
9.933604090210029769e-01
9.931796022802138468e-01
9.930046729128026994e-01
9.928365656176530996e-01
9.926761589670013430e-01
9.925242655066768283e-01
9.923816318042484319e-01
9.922489384796725487e-01
9.921268002517484863e-01
9.920157660317354686e-01
9.919163190929879415e-01
9.918288773425525395e-01
9.917537937174697449e-01
9.916913567251773864e-01
9.916417911440247313e-01
9.916052588965896808e-01
9.915818601053278947e-01
9.915716343371154817e-01
9.915745620405324035e-01
9.915905661772520530e-01
9.916195140466637081e-01
9.916612193008109699e-01
9.917154441448523539e-01
9.917819017164878348e-01
9.918602586361107143e-01
9.919501377177983859e-01
9.920511208296418637e-01
9.921627518903138876e-01
9.922845399872202155e-01
9.924159626000876866e-01
9.925564689124648510e-01
9.927054831923979306e-01
9.928624082225427916e-01
9.930266287592436347e-01
9.931975149996666863e-01
9.933744260359745892e-01
9.935567132757433528e-01
9.937437238083630664e-01
9.939348036979938072e-01
9.941293011847245342e-01
9.943265697768547406e-01
9.945259712186296230e-01
9.947268783192562136e-01
9.949286776305515945e-01
9.951307719620978709e-01
9.953325827242530677e-01
9.955335520907964142e-01
9.957331449743489493e-01
9.959308508090235490e-01
9.961261851360310171e-01
9.963186909892260967e-01
9.965079400788331432e-01
9.966935337728761723e-01
9.968751038771562767e-01
9.970523132159885282e-01
9.972248560173220255e-01
9.973924581073143614e-01
9.975548769208915090e-01
9.977119013362626410e-01
9.978633513427398460e-01
9.980090775524760316e-01
9.981489605678434129e-01
9.982829102170497348e-01
9.984108646712055446e-01
9.985327894563374995e-01
9.986486763737765227e-01
9.987585423419087505e-01
9.988624281714589825e-01
9.989603972853188241e-01
9.990525343924824275e-01
9.991389441239891811e-01
9.992197496370044396e-01
9.992950911914167955e-01
9.993651247017275585e-01
9.994300202656910548e-01
9.994899606702569717e-01
9.995451398749806149e-01
9.995957614732667862e-01
9.996420371326304455e-01
9.996841850165857357e-01
9.997224281927262757e-01
9.997569930339320621e-01
9.997881076222658869e-01
