9.997979197932269635e-01
9.997685077138731558e-01
9.997358860180377560e-01
9.996998503903412603e-01
9.996601988128241967e-01
9.996167328565345178e-01
9.995692589210037893e-01
9.995175894110718273e-01
9.994615438441148969e-01
9.994009498841642802e-01
9.993356443024625779e-01
9.992654738665810443e-01
9.991902961621940138e-01
9.991099803529462919e-01
9.990244078845565978e-01
9.989334731394211575e-01
9.988370840476021861e-01
9.987351626593056197e-01
9.986276456829034087e-01
9.985144849913423215e-01
9.983956480985345383e-01
9.982711186061377084e-01
9.981408966200856492e-01
9.980049991353854288e-01
9.978634603870887299e-01
9.977163321649957783e-01
9.975636840895413249e-01
9.974056038464500507e-01
9.972421973780810633e-01
9.970735890298931814e-01
9.968999216510955330e-01
9.967213566492773014e-01
9.965380739995740589e-01
9.963502722096998498e-01
9.961581682428971574e-01
9.959619974014992660e-01
9.957620131743141201e-01
9.955584870513960460e-01
9.953517083099240326e-01
9.951419837748382013e-01
9.949296375575609197e-01
9.947150107755389215e-01
9.944984612544728320e-01
9.942803632139576298e-01
9.940611069358528118e-01
9.938410984130595649e-01
9.936207589745443824e-01
9.934005248804593791e-01
9.931808468791326616e-01
9.929621897155987975e-01
9.927450315792952784e-01
9.925298634766298589e-01
9.923171885124147940e-01
9.921075210627355867e-01
9.919013858207458290e-01
9.916993166962037032e-01
9.915018555493463337e-01
9.913095507399395379e-01
9.911229554730796032e-01
9.909426259245145419e-01
9.907691191299022870e-01
9.906029906244666616e-01
9.904447918219112523e-01
9.902950671241446123e-01
9.901543507563089763e-01
9.900231633247276175e-01
9.899020080986629111e-01
9.897913670201665681e-01
9.896916964497902702e-01
9.896034226594925265e-01
9.895269370877168846e-01
9.894625913753153368e-01
9.894106922047325448e-01
9.893714959686006338e-01
9.893452032975778021e-01
9.893319534808022730e-01
9.893318188156106086e-01
9.893447989260648612e-01
9.893708150921809441e-01
9.894097046333973910e-01
9.894612153906128249e-01
9.895250003509155068e-01
9.896006124578183849e-01
9.896874996473387087e-01
9.897850001466158565e-01
9.898923380669757410e-01
9.900086193175567928e-01
9.901328278589494047e-01
9.902638223089946790e-01
9.904003329051764837e-01
9.905409588201985471e-01
9.906841658196345879e-01
9.908282842432442061e-01
9.909715072849067941e-01
9.911118895403412399e-01
9.912473457870341065e-01
9.913756499571954039e-01
9.914944342621929696e-01
9.916011884258000286e-01
9.916932589837191836e-01
9.917678486081823452e-01
9.918220154189014703e-01
9.918526722451780353e-01
9.918565858084953391e-01
9.918303758003340631e-01
9.917705138362007400e-01
9.916733222739001485e-01
9.915349728918844141e-01
9.913514854320724101e-01
9.911187260208722538e-01
9.908324054922832413e-01
9.904880776479509930e-01
9.900811375009223037e-01
9.896068195626188668e-01
9.890601962461987862e-01
9.884361764739294509e-01
9.877295045913210281e-01
9.869347597063589106e-01
9.860463555879180886e-01
9.850585412729788715e-01
9.839654025471136212e-01
9.827608644763717871e-01
9.814386951805715853e-01
9.799925110475377066e-01
9.784157835944150561e-01
9.767018481853246836e-01
9.748439148138324795e-01
9.728350811536330411e-01
9.706683480712554601e-01
9.683366377803792613e-01
9.658328147985264511e-01
9.631497098436281323e-01
9.602801467805227587e-01
9.572169726961918812e-01
9.539530911479219277e-01
9.504814985910811087e-01
9.467953239533413168e-01
9.428878712804728002e-01
9.387526653358189144e-01
9.343834999917196571e-01
9.297744892069916833e-01
9.249201203405564842e-01
9.198153095079254493e-01
9.144554586449546996e-01
9.088365139025801342e-01
9.029550249576290266e-01
8.968082047888127351e-01
8.903939894342018935e-01
8.837110972174341272e-01
8.767590869052312996e-01
8.695384142390820692e-01
8.620504862697937476e-01
8.542977129155735483e-01
8.462835551628979935e-01
8.380125693350723992e-01
8.294904468664167085e-01
8.207240490406273459e-01
8.117214361800814126e-01
8.024918908085721947e-01
7.930459343527900273e-01
7.833953369973341019e-01
7.735531203633447817e-01
7.635335527411067913e-01
7.533521366710379530e-01
7.430255887341458143e-01
7.325718114809713910e-01
7.220098574958477844e-01
7.113598856597231901e-01
7.006431097385216189e-01
6.898817394840022210e-01
6.790989144894397089e-01
6.683186310925612883e-01
6.575656626627185419e-01
6.468654736481493917e-01
6.362441277927206595e-01
6.257281909601234426e-01
6.153446290279336317e-01
6.051207013350397013e-01
5.950838501846689166e-01
5.852615869225763490e-01
5.756813751267879642e-01
5.663705114623956982e-01
5.573560047728802758e-01
5.486644539986234026e-01
5.403219255337488036e-01
5.323538306540160914e-01
5.247848036706699304e-01
5.176385814872579427e-01
5.109378852574507635e-01
5.047043048607984250e-01
4.989581869289134719e-01
4.937185271655052388e-01
4.890028677089116593e-01
4.848272002840685602e-01
4.812058758814106163e-01
4.781515216822044279e-01
4.756749659228789451e-01
4.737851713547949206e-01
4.724891779106981105e-01
4.717920551351536540e-01
4.716968648741528547e-01
4.722046346496227009e-01
4.733143420686773961e-01
4.750229105362032689e-01
4.773252164538729359e-01
4.802141080000753570e-01
4.836804354945741791e-01
4.877130932600249880e-01
4.922990728007050620e-01
4.974235270276826659e-01
5.030698451700467144e-01
5.092197379241309996e-01
5.158533323076722743e-01
5.229492756038768286e-01
5.304848477020169817e-01
5.384360810669681641e-01
5.467778875005284700e-01
5.554841907931704625e-01
5.645280643067673854e-01
5.738818724775792690e-01
5.835174151854261027e-01
5.934060739003119700e-01
6.035189584929322448e-01
6.138270535813765694e-01
6.243013632838528837e-01
6.349130532572033747e-01
6.456335889239199766e-01
6.564348688266764542e-01
6.672893520991860505e-01
6.781701791052395789e-01
6.890512843735459025e-01
6.999075010436435207e-01
7.107146561364930948e-01
7.214496560709018347e-01
7.320905619619786364e-01
7.426166543584040713e-01
7.530084871993301121e-01
7.632479308970370191e-01
7.733182045758065781e-01
7.832038976186849188e-01
7.928909807897637219e-01
8.023668073083921604e-01
8.116201043515594016e-01
8.206409555500454589e-01
8.294207751215622038e-01
8.379522743490163128e-01
8.462294211635538188e-01
8.542473936298008441e-01
8.620025281546634943e-01
8.694922632514046068e-01
8.767150796879868979e-01
8.836704378336543986e-01
8.903587129914030118e-01
8.967811294675696043e-01
9.029396940846228237e-01
9.088371297908153235e-01
9.144768099622337942e-01
9.198626939305140082e-01
9.249992642046352964e-01
9.298914657892810576e-01
9.345446479366266157e-01
9.389645086043866273e-01
9.431570418316129745e-01
9.471284881860283500e-01
9.508852883833558423e-01
9.544340401307106481e-01
9.577814582030337309e-01
9.609343377239428774e-01
9.638995205902876062e-01
9.666838649529816418e-01
9.692942176451153635e-01
9.717373894315471938e-01
9.740201329417392806e-01
9.761491231390267975e-01
9.781309401743139009e-01
9.799720544698418134e-01
9.816788138786840534e-01
9.832574327675299708e-01
9.847139828736867218e-01
9.860543857917093424e-01
9.872844069503431408e-01
9.884096509462951818e-01
9.894355581075628958e-01
9.903674021655010096e-01
9.912102889214350343e-01
9.919691558003682630e-01
9.926487721911626538e-01
9.932537404794770097e-01
9.937884976866904196e-01
9.942573176349943642e-01
9.946643135657393664e-01
9.950134411448784411e-01
9.953085017958775982e-01
9.955531463066183973e-01
9.957508786624843511e-01
9.959050600628844840e-01
9.960189130828014381e-01
9.960955259445073429e-01
9.961378568673142642e-01
9.961487384651517285e-01
9.961308821629420995e-01
9.960868826033082435e-01
9.960192220152450648e-01
9.959302745162198489e-01
9.958223103189484116e-01
9.956974998140336597e-01
9.955579174999705794e-01
9.954055457328757628e-01
9.952422782698361337e-01
9.950699235820715804e-01
9.948902079171971780e-01
9.947047780937188222e-01
9.945152040154334738e-01
9.943229808984803686e-01
9.941295312092601755e-01
9.939362063170967820e-01
9.937442878711720828e-01
9.935549889167120119e-01
9.933694547704510214e-01
9.931887636798940600e-01
9.930139272946859608e-01
9.928458909813874245e-01
9.926855340150827489e-01
9.925336696824781368e-01
9.923910453315057945e-01
9.922583424019658649e-01
9.921361764705006747e-01
9.920250973412921836e-01
9.919255892114302586e-01
9.918380709370331338e-01
9.917628964230541522e-01
9.917003551563978725e-01
9.916506728986156372e-01
9.916140125511568870e-01
9.915904752029914837e-01
9.915801013674557796e-01
9.915828724124339244e-01
9.915987121854807906e-01
9.916274888332058390e-01
9.916690168121506943e-01
9.917230590864515305e-01
9.917893295057615966e-01
9.918674953551607221e-01
9.919571800670823336e-01
9.920579660836195135e-01
9.921693978559412708e-01
9.922909849659570236e-01
9.924222053538697130e-01
9.925625086338702996e-01
9.927113194790253559e-01
9.928680410554283631e-01
9.930320584849771093e-01
9.932027423157392398e-01
9.933794519787969568e-01
9.935615392107205457e-01
9.937483514213945046e-01
9.939392349877881339e-01
9.941335384553611210e-01
9.943306156300965037e-01
9.945298285455742571e-01
9.947305502910068764e-01
9.949321676876844434e-01
9.951340838027956659e-01
9.953357202910591006e-01
9.955365195560170744e-01
9.957359467241921891e-01
9.959334914266081418e-01
9.961286693834305872e-01
9.963210237887321075e-01
9.965101264936245817e-01
9.966955789872820048e-01
9.968770131766823139e-01
9.970540919672653546e-01
9.972265096481089941e-01
9.973939920866744524e-01
9.975562967396298664e-01
9.977132124877077235e-01
9.978645593039274786e-01
9.980101877657924225e-01
9.981499784231736561e-01
9.982838410344845315e-01
9.984117136843579932e-01
9.985335617963342347e-01
9.986493770539963677e-01
9.987591762435533704e-01
9.988630000300525724e-01
9.989609116782419695e-01
9.990529957276514939e-01
9.991393566297946949e-01
9.992201173536168213e-01
9.992954179635598067e-01
9.993654141730040630e-01
9.994302758745222670e-01
9.994901856474752710e-01
9.995453372430836980e-01
9.995959340473083987e-01
9.996421875226957354e-01
9.996843156317626322e-01
9.997225412464582073e-01
9.997570905506129035e-01
9.997881914449152641e-01
