9.997976494866457342e-01
9.997681956634015821e-01
9.997355274072607934e-01
9.996994400992111895e-01
9.996597314313535598e-01
9.996162027027210017e-01
9.995686600629087870e-01
9.995169156928871423e-01
9.994607889159728975e-01
9.994001072353712045e-01
9.993347072977710743e-01
9.992644357850611891e-01
9.991891502382214130e-01
9.991087198187956764e-01
9.990230260140726681e-01
9.989319632922372127e-01
9.988354397133837326e-01
9.987333775015196924e-01
9.986257135816428709e-01
9.985124000847733772e-01
9.983934048225805435e-01
9.982687117320605541e-01
9.981383212896788315e-01
9.980022508935429970e-01
9.978605352115719196e-01
9.977132264932654371e-01
9.975603948425805223e-01
9.974021284495483419e-01
9.972385337786038306e-01
9.970697357121057758e-01
9.968958776481657846e-01
9.967171215526248185e-01
9.965336479657914692e-01
9.963456559653178779e-01
9.961533630873189438e-01
9.959570052084770753e-01
9.957568363923879895e-01
9.955531287037497901e-01
9.953461719941436581e-01
9.951362736630725569e-01
9.949237583975825139e-01
9.947089678931809731e-01
9.944922605578782049e-01
9.942740112000064689e-01
9.940546106990492126e-01
9.938344656570471392e-01
9.936139980262919114e-01
9.933936447070156328e-01
9.931738571066980326e-01
9.929551006505118460e-01
9.927378542303837428e-01
9.925226095782457847e-01
9.923098705473608616e-01
9.921001522842064491e-01
9.918939802723540922e-01
9.916918892291431975e-01
9.914944218357604200e-01
9.913021272816151530e-01
9.911155596046651306e-01
9.909352758105673953e-01
9.907618337551921117e-01
9.905957897770932830e-01
9.904376960689282861e-01
9.902880977795066597e-01
9.901475298410715720e-01
9.900165135195228006e-01
9.898955526885467870e-01
9.897851298319814140e-01
9.896857017822162650e-01
9.895976952059740706e-01
9.895215018524544659e-01
9.894574735825161227e-01
9.894059172013227599e-01
9.893670891206310936e-01
9.893411898806104832e-01
9.893283585646480693e-01
9.893286671439188718e-01
9.893421147914257530e-01
9.893686222076073511e-01
9.894080260012870776e-01
9.894600731705549546e-01
9.895244157279781128e-01
9.896006055132267054e-01
9.896880892337127644e-01
9.897862037701542492e-01
9.898941717791488459e-01
9.900110976189725465e-01
9.901359636180836477e-01
9.902676266984079545e-01
9.904048153576767710e-01
9.905461270071419522e-01
9.906900256531900872e-01
9.908348399039890175e-01
9.909787612755738273e-01
9.911198427659280163e-01
9.912559976608112944e-01
9.913849985314562296e-01
9.915044763818666729e-01
9.916119199023508690e-01
9.917046747860781553e-01
9.917799430668409189e-01
9.918347824387487854e-01
9.918661055222119938e-01
9.918706790451907729e-01
9.918451229142285497e-01
9.917859091561641582e-01
9.916893607185993664e-01
9.915516501251363524e-01
9.913687979900980274e-01
9.911366714069114181e-01
9.908509822345985540e-01
9.905072853179150982e-01
9.901009766886348373e-01
9.896272918083105496e-01
9.890813039265234918e-01
9.884579226430969534e-01
9.877518927778583535e-01
9.869577936670712592e-01
9.860700390213459343e-01
9.850828774952771205e-01
9.839903941338156157e-01
9.827865128739265987e-01
9.814650002918625660e-01
9.800194707958035378e-01
9.784433934701206592e-01
9.767301007805744284e-01
9.748727993489120225e-01
9.728645830002189410e-01
9.706984482767789801e-01
9.683673125979779250e-01
9.658640352269890483e-01
9.631814411817479771e-01
9.603123482003184108e-01
9.572495968395405841e-01
9.539860837512694758e-01
9.505147981430251969e-01
9.468288613900255335e-01
9.429215697238414462e-01
9.387864398798579924e-01
9.344172575418154825e-01
9.298081283774569661e-01
9.249535314151939858e-01
9.198483744681950069e-01
9.144880512698911890e-01
9.088684999440669321e-01
9.029862623939769462e-01
8.968385441588395679e-01
8.904232742531694722e-01
8.837391644753118669e-01
8.767857676468271411e-01
8.695635342246536004e-01
8.620738667138417854e-01
8.543191713006625942e-01
8.463029061245437301e-01
8.380296256130248533e-01
8.295050203170460934e-01
8.207359517045915709e-01
8.117304813990459111e-01
8.024978943844179868e-01
7.930487157425385458e-01
7.833947205368667621e-01
7.735489365129535333e-01
7.635256393459137758e-01
7.533403402294066575e-01
7.430097656673388951e-01
7.325518293974722095e-01
7.219855964439885199e-01
7.113312393624890984e-01
7.006099868046571366e-01
6.898440645898030743e-01
6.790566295258523288e-01
6.682716962724295495e-01
6.575140575831595058e-01
6.468091983031261094e-01
6.361832035308395694e-01
6.256626613825168048e-01
6.152745608207622618e-01
6.050461850306406708e-01
5.950050008446829963e-01
5.851785447354924674e-01
5.755943059112830218e-01
5.662796070666031856e-01
5.572614833584080829e-01
5.485665601967348870e-01
5.402209304597638262e-01
5.322500317647347323e-01
5.246785244486027455e-01
5.175301709347190915e-01
5.108277171833254249e-01
5.045927769430655907e-01
4.988457195368976027e-01
4.936055619275018236e-01
4.888898658131970443e-01
4.847146405045205109e-01
4.810942523229427836e-01
4.780413412459283418e-01
4.755667454962952956e-01
4.736794347382030645e-01
4.723864524973130363e-01
4.716928683688760282e-01
4.716017405154331321e-01
4.721140888860810847e-01
4.732288795129425685e-01
4.749430201585658207e-01
4.772513675016092360e-01
4.801467459585372355e-01
4.836199781471752779e-01
4.876599269050403418e-01
4.922535486822057216e-01
4.973859580360281418e-01
5.030405028640920762e-01
5.091988499228401466e-01
5.158410800932136109e-01
5.229457927717142685e-01
5.304902186861630842e-01
5.384503403606073491e-01
5.468010193839397681e-01
5.555161295724067028e-01
5.645686950581418895e-01
5.739310322848968360e-01
5.835748948491761290e-01
5.934716200909628814e-01
6.035922763141059466e-01
6.139078095031664795e-01
6.243891884019530103e-01
6.350075468298854720e-01
6.457343221362379371e-01
6.565413887296307482e-01
6.674011856708520485e-01
6.782868373810693186e-01
6.891722665941002468e-01
7.000322987698398558e-01
7.108427572849740361e-01
7.215805488252722277e-01
7.322237385193148818e-01
7.427516144745351934e-01
7.531447415008265533e-01
7.633850039325305037e-01
7.734556375841296072e-01
7.833412509962569548e-01
7.930278362446061546e-01
8.025027696930323584e-01
8.117548031718231361e-01
8.207740461512702534e-01
8.295519395580326361e-01
8.380812219463640300e-01
8.463558887874425007e-01
8.543711456773841473e-01
8.621233562880407097e-01
8.696099858945621763e-01
8.768295413105170466e-01
8.837815080458569783e-01
8.904662854762264157e-01
8.968851207752336352e-01
9.030400423157142198e-01
9.089337931931901204e-01
9.145697654662228171e-01
9.199519356457594998e-01
9.250848019004236367e-01
9.299733233785265618e-01
9.346228619817567029e-01
9.390391268613171860e-01
9.432281218458472560e-01
9.471960959526969370e-01
9.509494970807925718e-01
9.544949289349720090e-01
9.578391111886540576e-01
9.609888428542171512e-01
9.639509687985117203e-01
9.667323493143944457e-01
9.693398326377880014e-01
9.717802302831836103e-01
9.740602950582833985e-01
9.761867016101298811e-01
9.781660293500991088e-01
9.800047476029910554e-01
9.817092028256733105e-01
9.832856077428087094e-01
9.847400322507349202e-01
9.860783959451712155e-01
9.873064621338114577e-01
9.884298332007712684e-01
9.894539471961185662e-01
9.903840755301969168e-01
9.912253216590783955e-01
9.919826206542036173e-01
9.926607395560670399e-01
9.932642784186604956e-01
9.937976719582813923e-01
9.942651917272090634e-01
9.946709487395909433e-01
9.950188964835894323e-01
9.953128342603044798e-01
9.955564107961012432e-01
9.957531280805961282e-01
9.959063453875787175e-01
9.960192834404578699e-01
9.960950286873510029e-01
9.961365376536464034e-01
9.961466413417807697e-01
9.961280496491503600e-01
9.960833557756311185e-01
9.960150405922859607e-01
9.959254769426753029e-01
9.958169338479716526e-01
9.956915805870389935e-01
9.955514906229591121e-01
9.953986453483644192e-01
9.952349376234898015e-01
9.950621750831760703e-01
9.948820831921745267e-01
9.946963080319735084e-01
9.945064188069293598e-01
9.943139100625855153e-01
9.941202036145578846e-01
9.939266501920412944e-01
9.937345308056688697e-01
9.935450578549125389e-01
9.933593759952736857e-01
9.931785627900012736e-01
9.930036291748591815e-01
9.928355197674400001e-01
9.926751130546195290e-01
9.925232214929541330e-01
9.923805915571299874e-01
9.922479037710513206e-01
9.921257727548583594e-01
9.920147473192115761e-01
9.919153106356749516e-01
9.918278805091139683e-01
9.917528097748249394e-01
9.916903868397625166e-01
9.916408363838442597e-01
9.916043202339984708e-01
9.915809384204583576e-01
9.915707304218458473e-01
9.915736766028743210e-01
9.915896998460284051e-01
9.916186673763415227e-01
9.916603927763589788e-01
9.917146381864996307e-01
9.917811166842727122e-01
9.918594948341277195e-01
9.919493953980708101e-01
9.920504001955695594e-01
9.921620530996700937e-01
9.922838631546919697e-01
9.924153077993761451e-01
9.925558361779797112e-01
9.927048725205935842e-01
9.928618195729567164e-01
9.930260620553015283e-01
9.931969701293239527e-01
9.933739028522615699e-01
9.935562115972776942e-01
9.937432434198864017e-01
9.939343443509806031e-01
9.941288625981027360e-01
9.943261516378647524e-01
9.945255731838416047e-01
9.947265000157530235e-01
9.949283186572782656e-01
9.951304318913708480e-01
9.953322611034159939e-01
9.955332484440065910e-01
9.957328588044752626e-01
9.959305815996343236e-01
9.961259323534532584e-01
9.963184540846536930e-01
9.965077184904679308e-01
9.966933269280844332e-01
9.968749111946267893e-01
9.970521341078798505e-01
9.972246898913899038e-01
9.973923043690096080e-01
9.975547349754226856e-01
9.977117705906173306e-01
9.978632312076574085e-01
9.980089674443684000e-01
9.981488599106550508e-01
9.982828184440524222e-01
9.984107812267181137e-01
9.985327137973614153e-01
9.986486079715397590e-01
9.987584806833038620e-01
9.988623727603666014e-01
9.989603476438043694e-01
9.990524900618555915e-01
9.991389046657155326e-01
9.992197146334610425e-01
9.992950602464851784e-01
9.993650974412198185e-01
9.994299963376057638e-01
9.994899397448671063e-01
9.995451216447568399e-01
9.995957456526413099e-01
9.996420234576115504e-01
9.996841732442337536e-01
9.997224181005033294e-01
9.997569844189422295e-01
9.997881003003991074e-01
