9.997978605897193116e-01
9.997684459346127817e-01
9.997358225121820707e-01
9.996997862334101592e-01
9.996601353256928668e-01
9.996166716223072735e-01
9.995692017992622302e-01
9.995175385490333575e-01
9.994615016843005906e-01
9.994009191682469151e-01
9.993356280710558037e-01
9.992654754548211393e-01
9.991903191910669335e-01
9.991100287164103033e-01
9.990244857326063821e-01
9.989335848573296373e-01
9.988372342316540475e-01
9.987353560894050020e-01
9.986278872924918559e-01
9.985147798350997306e-01
9.983960013183638127e-01
9.982715353959397131e-01
9.981413821898289518e-01
9.980055586749629892e-01
9.978640990304288305e-01
9.977170549548657341e-01
9.975644959434500914e-01
9.974065095240204348e-01
9.972432014502287112e-01
9.970746958501142121e-01
9.969011353291351574e-01
9.967226810274181226e-01
9.965395126317546648e-01
9.963518283436398892e-01
9.961598448053681221e-01
9.959637969868389007e-01
9.957639380362288684e-01
9.955605390980342140e-01
9.953538891021282975e-01
9.951442945274017182e-01
9.949320791432165745e-01
9.947175837313100288e-01
9.945011657899107682e-01
9.942831992206917491e-01
9.940640739977893992e-01
9.938441958164947465e-01
9.936239857174082868e-01
9.934038796798930759e-01
9.931843281766188358e-01
9.929657956789257334e-01
9.927487601007324303e-01
9.925337121668282858e-01
9.923211546897163782e-01
9.921116017377680230e-01
9.919055776763907595e-01
9.917036160632423103e-01
9.915062583782894290e-01
9.913140525697429206e-01
9.911275513975958962e-01
9.909473105576542817e-01
9.907738865705433273e-01
9.906078344221737053e-01
9.904497049444951351e-01
9.903000419280200139e-01
9.901593789604925533e-01
9.900282359891828809e-01
9.899071156075414102e-01
9.897964990703420618e-01
9.896968420449397952e-01
9.896085701098625842e-01
9.895320740156303696e-01
9.894677047264403003e-01
9.894157682651358865e-01
9.893765203876635494e-01
9.893501611169379650e-01
9.893368291696014172e-01
9.893365963124571838e-01
9.893494616882485548e-01
9.893753461527811099e-01
9.894140866669971501e-01
9.894654307883465894e-01
9.895290313055227216e-01
9.896044410592471641e-01
9.896911079892335428e-01
9.897883704437244745e-01
9.898954527831487216e-01
9.900114613035773115e-01
9.901353804989554419e-01
9.902660696737518586e-01
9.904022599099565616e-01
9.905425513845393937e-01
9.906854110258249690e-01
9.908291704900236141e-01
9.909720244326091221e-01
9.911120290435651015e-01
9.912471008109041692e-01
9.913750154733943498e-01
9.914934071211994882e-01
9.915997674021546082e-01
9.916914447916567177e-01
9.917656438856000678e-01
9.918194246783534895e-01
9.918497017913917579e-01
9.918532436227583959e-01
9.918266713929789757e-01
9.917664580692978626e-01
9.916689271571212938e-01
9.915302513553002628e-01
9.913464510803620122e-01
9.911133928740371024e-01
9.908267877184392391e-01
9.904821892941070294e-01
9.900749922278249127e-01
9.896004303897413257e-01
9.890535753127779328e-01
9.884293348216001140e-01
9.877224519733939223e-01
9.869275044281288212e-01
9.860389043816262244e-01
9.850508992101938421e-01
9.839575729903961010e-01
9.827528490711722187e-01
9.814304938874294226e-01
9.799841222138301333e-01
9.784072040641866863e-01
9.766930734451342300e-01
9.748349391720981805e-01
9.728258979506525517e-01
9.706589499169129276e-01
9.683270168165181158e-01
9.658229629830406004e-01
9.631396192534730227e-01
9.602698099310396085e-01
9.572063828743342384e-01
9.539422427571423446e-01
9.504703875057416429e-01
9.467839478805337716e-01
9.428762301270586788e-01
9.387407615783166515e-01
9.343713390463882495e-01
9.297620797970945761e-01
9.249074748573715699e-01
9.198024443616147350e-01
9.144423946009692106e-01
9.088232763988826068e-01
9.029416443977020812e-01
8.967947168052252671e-01
8.903804351174429144e-01
8.836975233048236511e-01
8.767455459249744454e-01
8.695249646049509895e-01
8.620371923224926514e-01
8.542846449075338633e-01
8.462707891840477448e-01
8.380001871779845235e-01
8.294785358301399736e-01
8.207127016733959390e-01
8.117107499619754529e-01
8.024819677759926773e-01
7.930368806673522286e-01
7.833872624624096392e-01
7.735461378920183151e-01
7.635277777797231380e-01
7.533476865828463431e-01
7.430225821477531856e-01
7.325703676084384108e-01
7.220100954252935965e-01
7.113619236272401558e-01
7.006470643840627677e-01
6.898877250956689799e-01
6.791070422402820661e-01
6.683290082735897641e-01
6.575783919153168622e-01
6.468806521984795666e-01
6.362618466900269443e-01
6.257485343200779315e-01
6.153676732813684325e-01
6.051465144815844077e-01
5.951124910500515952e-01
5.852931044176453712e-01
5.757158075058026458e-01
5.664078855778362787e-01
5.573963353240503071e-01
5.487077427716995359e-01
5.403681606317599639e-01
5.324029857165017976e-01
5.248368370845808428e-01
5.176934355928790588e-01
5.109954855558748177e-01
5.047645592325266106e-01
4.990209848765101430e-01
4.937837390967289020e-01
4.890703442801710432e-01
4.848967718273120564e-01
4.812773519403756861e-01
4.782246906861971070e-01
4.757495950276890984e-01
4.738610064808482791e-01
4.725659440079327256e-01
4.718694567023299369e-01
4.717745867572848972e-01
4.722823431399661986e-01
4.733916863153283527e-01
4.750995242819207043e-01
4.774007200954595298e-01
4.802881109667279658e-01
4.837525389293362288e-01
4.877828929810879011e-01
4.923661625111334095e-01
4.974875017344987382e-01
5.031303047666986217e-01
5.092762908845531733e-01
5.159055994355411512e-01
5.229968937774748250e-01
5.305274735534647457e-01
5.384733945344772899e-01
5.468095951937929078e-01
5.555100291149948077e-01
5.645478022783463334e-01
5.738953142204575864e-01
5.835244020197327686e-01
5.934064860263184027e-01
6.035127162309747995e-01
6.138141181535374802e-01
6.242817371292601614e-01
6.348867798811654861e-01
6.456007522891622497e-01
6.563955923025117656e-01
6.672437969913909139e-01
6.781185427955905842e-01
6.889937981033391612e-01
6.998444273799819815e-01
7.106462861636804185e-01
7.213763063519125218e-01
7.320125713167014991e-01
7.425343805062043501e-01
7.529223033135092891e-01
7.631582221180275294e-01
7.732253645284972166e-01
7.831083249771952914e-01
7.927930759303516428e-01
8.022669690880446236e-01
8.115187270462818070e-01
8.205384259829802129e-01
8.293174700069264604e-01
8.378485578735122008e-01
8.461256428224561699e-01
8.541438863304344764e-01
8.618996065955268904e-01
8.693902225808313178e-01
8.766141944420436927e-01
8.835709611490126791e-01
8.902608760852347425e-01
8.966851413731786735e-01
9.028457416285435855e-01
9.087453777945538880e-01
9.143874016496879031e-01
9.197757515204181278e-01
9.249148896661384400e-01
9.298097417379601604e-01
9.344656386478746857e-01
9.388882611211509799e-01
9.430835871438864038e-01
9.470578424602706935e-01
9.508174542211147440e-01
9.543690078370813401e-01
9.577192070471969298e-01
9.608748371758163431e-01
9.638427315192634737e-01
9.666297407767598937e-01
9.692427054187313651e-01
9.716884308687911975e-01
9.739736653632208307e-01
9.761050803431184919e-01
9.780892532290655916e-01
9.799326524256625204e-01
9.816416244031106464e-01
9.832223827047137377e-01
9.846809987323222879e-01
9.860233941659871659e-01
9.872553348791335281e-01
9.883824262161731156e-01
9.894101095054693706e-01
9.903436596868362418e-01
9.911881839392068239e-01
9.919486212007159187e-01
9.926297424801638902e-01
9.932361518656566135e-01
9.937722881431215738e-01
9.942424269443367324e-01
9.946506833510145862e-01
9.950010148882779681e-01
9.952972248474268868e-01
9.955429658841062901e-01
9.957417438437170532e-01
9.958969217710269550e-01
9.960117240653406645e-01
9.960892407461992004e-01
9.961324317973540010e-01
9.961441315587326040e-01
9.961270531373337400e-01
9.960837928085830573e-01
9.960168343798073698e-01
9.959285534873427714e-01
9.958212217985876746e-01
9.956970110902720883e-01
9.955579971745390777e-01
9.954061636452961048e-01
9.952434054188388224e-01
9.950715320450493895e-01
9.948922707685570188e-01
9.947072693230996077e-01
9.945180984468404706e-01
9.943262541114644693e-01
9.941331594633203705e-01
9.939401664805137537e-01
9.937485573554784013e-01
9.935595456179666662e-01
9.933742770184130766e-01
9.931938301960751003e-01
9.930192171601043283e-01
9.928513836146509730e-01
9.926912091611915789e-01
9.925395074124723216e-01
9.923970260527850140e-01
9.922644468788006655e-01
9.921423858539334395e-01
9.920313932073194785e-01
9.919319536060643427e-01
9.918444864265908434e-01
9.917693461478150896e-01
9.917068228856313894e-01
9.916571430849094870e-01
9.916204703819890831e-01
9.915969066475847082e-01
9.915864932171295498e-01
9.915892123129250724e-01
9.916049886600253327e-01
9.916336912955492355e-01
9.916751355690598402e-01
9.917290853297275888e-01
9.917952552941640132e-01
9.918733135870400064e-01
9.919628844448559191e-01
9.920635510714973515e-01
9.921748586324988795e-01
9.922963173732670672e-01
9.924274058449176206e-01
9.925675742199210339e-01
9.927162476784646694e-01
9.928728298453979306e-01
9.930367062568699055e-01
9.932072478353389799e-01
9.933838143515473229e-01
9.935657578523201527e-01
9.937524260336447757e-01
9.939431655393838883e-01
9.941373251671254963e-01
9.943342589640177254e-01
9.945333291969158385e-01
9.947339091827218649e-01
9.949353859663752075e-01
9.951371628355056842e-01
9.953386616622644789e-01
9.955393250642847747e-01
9.957386183780860822e-01
9.959360314395420133e-01
9.961310801672816906e-01
9.963233079461327746e-01
9.965122868089431041e-01
9.966976184163740538e-01
9.968789348355532320e-01
9.970558991198169574e-01
9.972282056931649485e-01
9.973955805444812972e-01
9.975577812380190812e-01
9.977145967480833821e-01
9.978658471272155994e-01
9.980113830184549339e-01
9.981510850233568100e-01
9.982848629383369587e-01
9.984126548725291705e-01
9.985344262606392629e-01
9.986501687842209707e-01
9.987598992143672527e-01
9.988636581880030452e-01
9.989615089288133021e-01
9.990535359223942091e-01
9.991398435535544520e-01
9.992205547119241693e-01
9.992958093702712929e-01
9.993657631383138229e-01
9.994305857934916437e-01
9.994904597892458886e-01
9.995455787409514015e-01
9.995961458898386942e-01
9.996423725460542586e-01
9.996844765134160760e-01
9.997226805003777139e-01
9.997572105240744023e-01
9.997882943169560388e-01
