9.997979292995222700e-01
9.997685202579726926e-01
9.997359022039277177e-01
9.996998708947644197e-01
9.996602243873312643e-01
9.996167643286554272e-01
9.995692971944577510e-01
9.995176354649545347e-01
9.994615987310262462e-01
9.994010147272570643e-01
9.993357202914249227e-01
9.992655622525832282e-01
9.991903982518556271e-01
9.991100975014002294e-01
9.990245414877049202e-01
9.989336246254924001e-01
9.988372548681301311e-01
9.987353542796603145e-01
9.986278595725047724e-01
9.985147226136907861e-01
9.983959109011883992e-01
9.982714080107611965e-01
9.981412140126837418e-01
9.980053458568323155e-01
9.978638377240467427e-01
9.977167413413089436e-01
9.975641262581782520e-01
9.974060800820587769e-01
9.972427086702106980e-01
9.970741362769235394e-01
9.969005056549108401e-01
9.967219781107066190e-01
9.965387335146140835e-01
9.963509702665227508e-01
9.961589052196341276e-01
9.959627735647771374e-01
9.957628286785056293e-01
9.955593419385262433e-01
9.953526025101556707e-01
9.951429171074391844e-01
9.949306097322367926e-01
9.947160213939925111e-01
9.944995098120393839e-01
9.942814491011503497e-01
9.940622294396470604e-01
9.938422567177458422e-01
9.936219521619882311e-01
9.934017519296239884e-01
9.931821066647444907e-01
9.929634810058745042e-01
9.927463530326836594e-01
9.925312136375735728e-01
9.923185658061827175e-01
9.921089237894277213e-01
9.919028121486181959e-01
9.917007646545046295e-01
9.915033230208866177e-01
9.913110354536488478e-01
9.911244549968082351e-01
9.909441376583479899e-01
9.907706403002427553e-01
9.906045182791162196e-01
9.904463228263626906e-01
9.902965981592521949e-01
9.901558783174693179e-01
9.900246837226650554e-01
9.899035174618757704e-01
9.897928612990599673e-01
9.896931714224990184e-01
9.896048739393812355e-01
9.895283601325434164e-01
9.894639814980467074e-01
9.894120445860157265e-01
9.893728056709092389e-01
9.893464652810799453e-01
9.893331626210100094e-01
9.893329699228918805e-01
9.893458867671045542e-01
9.893718344134708742e-01
9.894106501868185077e-01
9.894620819611344986e-01
9.895257827863851441e-01
9.896013057007430058e-01
9.896880987684775199e-01
9.897855003801032669e-01
9.898927348465935694e-01
9.900089083136650592e-01
9.901330050154830698e-01
9.902638838798366594e-01
9.904002754891407800e-01
9.905407793937939243e-01
9.906838617667439451e-01
9.908278533808508870e-01
9.909709478840172947e-01
9.911112003413140581e-01
9.912465260086078533e-01
9.913746992986282036e-01
9.914933528980683919e-01
9.915999769932231089e-01
9.916919185618116028e-01
9.917663806899872370e-01
9.918204218760120483e-01
9.918509552856146216e-01
9.918547479285557689e-01
9.918284197313327333e-01
9.917684424871838766e-01
9.916711386715727494e-01
9.915326801191030048e-01
9.913490865663435736e-01
9.911162240743427443e-01
9.908298033547194850e-01
9.904853780341676961e-01
9.900783429040489469e-01
9.896039322144779549e-01
9.890572180859200646e-01
9.884331091257424484e-01
9.877263493522647764e-01
9.869315175444210997e-01
9.860430271508882072e-01
9.850551269080652927e-01
9.839619023311548807e-01
9.827572782562664644e-01
9.814350226233733432e-01
9.799887516995111625e-01
9.784119369482351392e-01
9.766979137545211964e-01
9.748398922135367295e-01
9.728309701866681980e-01
9.706641488186230626e-01
9.683323506952231652e-01
9.658284408026951429e-01
9.631452504259985226e-01
9.602756040962842077e-01
9.572123496663136333e-01
9.539483915580354578e-01
9.504767271889926761e-01
9.467904865443578233e-01
9.428829748196683180e-01
9.387477180163004142e-01
9.343785113278695320e-01
9.297694701115830629e-01
9.249150831945621709e-01
9.198102682217749182e-01
9.144504287099585182e-01
9.088315124312239535e-01
9.029500707114678226e-01
8.968033181927511643e-01
8.903891925760492043e-01
8.837064138317575201e-01
8.767545423407006044e-01
8.695340354087017776e-01
8.620463015836313803e-01
8.542937521958374747e-01
8.462798495414486366e-01
8.380091511336928978e-01
8.294873494603934860e-01
8.207213067063978684e-01
8.117190839279017078e-01
8.024899642013050283e-01
7.930444693120608513e-01
7.833943695983974775e-01
7.735526866200903573e-01
7.635336883826752130e-01
7.533528769115507284e-01
7.430269680370560348e-01
7.325738633195193472e-01
7.220126141110754237e-01
7.113633778174435207e-01
7.006473664865598971e-01
6.898867879109407131e-01
6.791047794859773612e-01
6.683253351164855083e-01
6.575732255083244215e-01
6.468739122208129189e-01
6.362534558891506098e-01
6.257384190546795288e-01
6.153557640652489447e-01
6.051327465290639029e-01
5.950968048241844777e-01
5.852754461831959354e-01
5.756961298894985868e-01
5.663861481388210439e-01
5.573725051376523520e-01
5.486817950295520552e-01
5.403400792608731296e-01
5.323727640191195931e-01
5.248044783994039175e-01
5.176589539766476289e-01
5.109589064822179783e-01
5.047259203026124297e-01
4.989803365332905472e-01
4.937411453316605803e-01
4.890258833182815623e-01
4.848505367735206351e-01
4.812294513672332741e-01
4.781752491408237660e-01
4.756987534338523727e-01
4.738089224109632847e-01
4.725127917994348392e-01
4.718154273934493936e-01
4.717198878188270106e-01
4.722271979823164934e-01
4.733363335534682692e-01
4.750442167457795684e-01
4.773457235782641028e-01
4.802337027100250788e-01
4.836990058498200629e-01
4.877305296511256216e-01
4.923152689116129244e-01
4.974383808051687783e-01
5.030832597852474830e-01
5.092316227110801341e-01
5.158636036636056188e-01
5.229578578364223462e-01
5.304916738090963424e-01
5.384410934362626744e-01
5.467810385167493070e-01
5.554854433430025384e-01
5.645273921732087974e-01
5.738792606174371036e-01
5.835128598858372317e-01
5.933995828123439509e-01
6.035105505424731565e-01
6.138167587596101704e-01
6.242892223216023329e-01
6.348991171892472973e-01
6.456179185510124707e-01
6.564175340844407014e-01
6.672704313442232582e-01
6.781497583297524390e-01
6.890294563604728584e-01
6.998843644747744230e-01
7.106903146662350013e-01
7.214242173783987910e-01
7.320641367940650124e-01
7.425893555754865538e-01
7.529804288357293540e-01
7.632192272466068461e-01
7.732889693128063291e-01
7.831742429629330315e-01
7.928610167240564000e-01
8.023366408550723916e-01
8.115898389139594160e-01
8.206106903233513217e-01
8.293906045764547486e-01
8.379222877902635647e-01
8.461997023645712046e-01
8.542180205430951467e-01
8.619735726970183531e-01
8.694637911616940329e-01
8.766871504546142058e-01
8.836431046878227002e-01
8.903320229617371906e-01
8.967551234910390301e-01
9.029144071682555506e-01
9.088125912183543376e-01
9.144530435396673873e-01
9.198397182642943370e-01
9.249770930064085128e-01
9.298701082010413232e-01
9.345241088704093757e-01
9.389447890908866334e-01
9.431381393724660445e-01
9.471103971049084080e-01
9.508680001715010821e-01
9.544175437829971465e-01
9.577657405412439706e-01
9.609193837044238684e-01
9.638853135937414107e-01
9.666703870546762278e-01
9.692814498643267385e-01
9.717253119595430366e-01
9.740087253480743668e-01
9.761383645563376232e-01
9.781208094621663962e-01
9.799625303584954539e-01
9.816698750938911422e-01
9.832490581376797101e-01
9.847061514207399169e-01
9.860470768074479642e-01
9.872776000594857271e-01
9.884033261580116303e-01
9.894296958568611355e-01
9.903619833458700006e-01
9.912052949100125243e-01
9.919645684767719462e-01
9.926445739509842658e-01
9.932499142432953398e-01
9.937850269053247754e-01
9.942541862915896811e-01
9.946615061751558073e-01
9.950109427507595194e-01
9.953062979656821518e-01
9.955512231248310195e-01
9.957492227221662606e-01
9.959036584556846261e-01
9.960177533875206324e-01
9.960945962142926380e-01
9.961371456155536652e-01
9.961482346501390195e-01
9.961305751713913637e-01
9.960867622328065663e-01
9.960192784557495571e-01
9.959304983307225578e-01
9.958226924234516719e-01
9.956980314570010870e-01
9.955585902414391120e-01
9.954063514234348098e-01
9.952432090296990941e-01
9.950709717804837595e-01
9.948913661524344532e-01
9.947060391739462881e-01
9.945165609406927398e-01
9.943244268440779576e-01
9.941310595108154846e-01
9.939378104574967399e-01
9.937459614696512178e-01
9.935567257202453373e-01
9.933712486476029557e-01
9.931906086172180848e-01
9.930158173957098766e-01
9.928478204681550068e-01
9.926874972321546586e-01
9.925356611032229992e-01
9.923930595664421928e-01
9.922603742088478285e-01
9.921382207657799546e-01
9.920271492125376511e-01
9.919276439302467940e-01
9.918401239719988327e-01
9.917649434521883522e-01
9.917023920786846025e-01
9.916526958441393980e-01
9.916160178894559696e-01
9.915924595493016414e-01
9.915820615865986731e-01
9.915848056201941318e-01
9.916006157474142046e-01
9.916293603609225293e-01
9.916708541572079039e-01
9.917248603320844014e-01
9.917910929567501643e-01
9.918692195261930022e-01
9.919588636700109596e-01
9.920596080140311468e-01
9.921709971794532290e-01
9.922925409046373657e-01
9.924237172731356083e-01
9.925639760301687708e-01
9.927127419685344289e-01
9.928694183639483750e-01
9.930333904391079880e-01
9.932040288353715107e-01
9.933806930708793947e-01
9.935627349642117689e-01
9.937495020032631743e-01
9.939403406398940044e-01
9.941345994920315343e-01
9.943316324362049263e-01
9.945308015749335651e-01
9.947314800649031952e-01
9.949330547933995517e-01
9.951349288919898450e-01
9.953365240779192824e-01
9.955372828150996778e-01
9.957366702879231202e-01
9.959341761824248573e-01
9.961293162705752158e-01
9.963216337947209400e-01
9.965107006504346776e-01
9.966961183673010982e-01
9.968775188884760885e-01
9.970545651512136009e-01
9.972269514719620531e-01
9.973944037410739094e-01
9.975566794336337972e-01
9.977135674443504687e-01
9.978648877558372599e-01
9.980104909508832334e-01
9.981502575804210853e-01
9.982840973997894052e-01
9.984119484865010552e-01
9.985337762530205330e-01
9.986495723679920111e-01
9.987593535989174320e-01
9.988631605884710218e-01
9.989610565754780680e-01
9.990531260701300820e-01
9.991394734913437992e-01
9.992202217723977764e-01
9.992955109392190893e-01
9.993654966640828086e-01
9.994303487961632149e-01
9.994902498694621107e-01
9.995453935882467889e-01
9.995959832903265063e-01
9.996422303893126582e-01
9.996843527984332622e-01
9.997225733404253578e-01
9.997571181504090188e-01
9.997882150812702484e-01
