9.997977480182919097e-01
9.997683174066207545e-01
9.997356765452749539e-01
9.996996213278573906e-01
9.996599499819364132e-01
9.996164643598833832e-01
9.995689711767580254e-01
9.995172831846990125e-01
9.994612202769100895e-01
9.994006105177803967e-01
9.993352910987743920e-01
9.992651092223160392e-01
9.991899229178875519e-01
9.991096017959155695e-01
9.990240277457298479e-01
9.989330955840060033e-01
9.988367136597187113e-01
9.987348044208440578e-01
9.986273049469862606e-01
9.985141674508765108e-01
9.983953597504232613e-01
9.982708657117871365e-01
9.981406856628853852e-01
9.980048367758671546e-01
9.978633534164751406e-01
9.977162874578416885e-01
9.975637085561529505e-01
9.974057043857371685e-01
9.972423808314665461e-01
9.970738621368668841e-01
9.969002910069649781e-01
9.967218286656313042e-01
9.965386548679405765e-01
9.963509678688434734e-01
9.961589843501614805e-01
9.959629393085518423e-01
9.957630859075988772e-01
9.955596952975207525e-01
9.953530564061271457e-01
9.951434757045671819e-01
9.949312769510678667e-01
9.947168009152482782e-01
9.945004050847127131e-01
9.942824633544724566e-01
9.940633656983361988e-01
9.938435178197780884e-01
9.936233407779730964e-01
9.934032705827269272e-01
9.931837577499955660e-01
9.929652668076369704e-01
9.927482757390473367e-01
9.925332753504800820e-01
9.923207685461967742e-01
9.921112694942296750e-01
9.919053026645086035e-01
9.917034017204684471e-01
9.915061082450526975e-01
9.913139702822825194e-01
9.911275406762726226e-01
9.909473751907492689e-01
9.907740303937145887e-01
9.906080612938911178e-01
9.904500187179035020e-01
9.903004464197809886e-01
9.901598779172225973e-01
9.900288330521326285e-01
9.899078142761565946e-01
9.897973026653029693e-01
9.896977536712082690e-01
9.896095926201766702e-01
9.895332099747922161e-01
9.894689563766442264e-01
9.894171374925057050e-01
9.893780086901106108e-01
9.893517695734260764e-01
9.893385584109183339e-01
9.893384464936483269e-01
9.893514324629605339e-01
9.893774366498915285e-01
9.894162954700627122e-01
9.894677559185666160e-01
9.895314702090863834e-01
9.896069906000841687e-01
9.896937644483077001e-01
9.897911295260890530e-01
9.898983096339920573e-01
9.900144105344386158e-01
9.901384162251564147e-01
9.902691855638852125e-01
9.904054492479861249e-01
9.905458071447151847e-01
9.906887259602081830e-01
9.908325372279642718e-01
9.909754355910431745e-01
9.911154773465192802e-01
9.912505792161311335e-01
9.913785173036369081e-01
9.914969261972070846e-01
9.916032981742817221e-01
9.916949824666588809e-01
9.917691845451314103e-01
9.918229653856629469e-01
9.918532406828146630e-01
9.918567799808125640e-01
9.918302056981859183e-01
9.917699920282621040e-01
9.916724637048983659e-01
9.915337946306517214e-01
9.913500063731265355e-01
9.911169665445059840e-01
9.908303870893153675e-01
9.904858225163016838e-01
9.900786681220058449e-01
9.896041582661556646e-01
9.890573647724102413e-01
9.884331955421843396e-01
9.877263934841377102e-01
9.869315358772448032e-01
9.860430343008583787e-01
9.850551352805038130e-01
9.839619218128150546e-01
9.827573159465530228e-01
9.814350826084602408e-01
9.799888348722183284e-01
9.784120408754193310e-01
9.766980325926922779e-01
9.748400166724837668e-01
9.728310875401026125e-01
9.706642429602519995e-01
9.683324022382649998e-01
9.658284272206379972e-01
9.631451462323730173e-01
9.602753810613354757e-01
9.572119770686799978e-01
9.539478364698193991e-01
9.504759547929008123e-01
9.467894604818271054e-01
9.428816575690477375e-01
9.387460713001832824e-01
9.343764965485381602e-01
9.297670488132326883e-01
9.249122175505084531e-01
9.198069215442459257e-01
9.144465659793463708e-01
9.088271008408845830e-01
9.029450802233331963e-01
8.967977220982398245e-01
8.903829680560508830e-01
8.836995425089022582e-01
8.767470108167214615e-01
8.695258357795037085e-01
8.620374319247067207e-01
8.542842170109109512e-01
8.462696601676999997e-01
8.379983260975565340e-01
8.294759147787466036e-01
8.207092961288842137e-01
8.117065391171425226e-01
8.024769348487984510e-01
7.930310131885982550e-01
7.833805525388178870e-01
7.735385824430980328e-01
7.635193787472681626e-01
7.533384511122965810e-01
7.430125227410384614e-01
7.325595022482276342e-01
7.219984476708514176e-01
7.113495226823093320e-01
7.006339451373539973e-01
6.898739281346695229e-01
6.790926138391573108e-01
6.683140003559686626e-01
6.575628619927046392e-01
6.468646632849410771e-01
6.362454671935637851e-01
6.257318379108602890e-01
6.153507387365770853e-01
6.051294255061332450e-01
5.950953360718360674e-01
5.852759763552743966e-01
5.756988035059609210e-01
5.663911067185956050e-01
5.573798862795832365e-01
5.486917314330430617e-01
5.403526976775703261e-01
5.323881841272334325e-01
5.248228115932358495e-01
5.176803020655672549e-01
5.109833602958673282e-01
5.047535582024387235e-01
4.990112228346545997e-01
4.937753286456324497e-01
4.890633948276996712e-01
4.848913884637650051e-01
4.812736342382312182e-01
4.782227314328142409e-01
4.757494789050633610e-01
4.738628087103388120e-01
4.725697289815550262e-01
4.718752766255520648e-01
4.717824803311299053e-01
4.722923343124111328e-01
4.734037831333587354e-01
4.751137178760441726e-01
4.774169838279042066e-01
4.803063997729092316e-01
4.837727888794587372e-01
4.878050210850499724e-01
4.923900667852569857e-01
4.975130615431851977e-01
5.031573814460938987e-01
5.093047286488642245e-01
5.159352265600063436e-01
5.230275240453985397e-01
5.305589079483811199e-01
5.385054231526236190e-01
5.468419993468529583e-01
5.555425835886552699e-01
5.645802777087373103e-01
5.739274795480904245e-01
5.835560269791750798e-01
5.934373436295063975e-01
6.035425852028162286e-01
6.138427852801231488e-01
6.243089994815900212e-01
6.349124468806143229e-01
6.456246475848541611e-01
6.564175554352094100e-01
6.672636848232644802e-01
6.781362306901996817e-01
6.890091808451623834e-01
6.998574198278026959e-01
7.106568236369080749e-01
7.213843447534534770e-01
7.320180870001800066e-01
7.425373698991322158e-01
7.529227823113797680e-01
7.631562252672018376e-01
7.732209440182082894e-01
7.831015494629340878e-01
7.927840292123951027e-01
8.022557486699087859e-01
8.115054425984500330e-01
8.205231977374168872e-01
8.293004271076168665e-01
8.378298367076488784e-01
8.461053853558905269e-01
8.541222384697221282e-01
8.618767165972913702e-01
8.693662395273364929e-01
8.765892667998117505e-01
8.835452354251064344e-01
8.902344955934780035e-01
8.966582451201677850e-01
9.028184633268495629e-01
9.087178450080709569e-01
9.143597350737008300e-01
9.197480643966720049e-01
9.248872873310436393e-01
9.297823213000769860e-01
9.344384887890323510e-01
9.388614620139823508e-01
9.430572104772139141e-01
9.470319515626850482e-01
9.507921042722335958e-01
9.543442461553727219e-01
9.576950734428993917e-01
9.608513643573620699e-01
9.638199455417163497e-01
9.666076615210953404e-01
9.692213470912872664e-01
9.716678025108985706e-01
9.739537713618426906e-01
9.760859209342731546e-01
9.780708249868486082e-01
9.799149487307834416e-01
9.816246358860013510e-01
9.832060976594041435e-01
9.846654034983959303e-01
9.860084734769921644e-01
9.872410721768042352e-01
9.883688039307013673e-01
9.893971093028259833e-01
9.903312626847744493e-01
9.911763708940766193e-01
9.919373726675703162e-01
9.926190389488633858e-01
9.932259738757743817e-01
9.937626163804373913e-01
9.942332423215987092e-01
9.946419670754632625e-01
9.949927485181859765e-01
9.952893903396256015e-01
9.955355456341757892e-01
9.957347207202092987e-01
9.958902791448016600e-01
9.960054458348207573e-01
9.960833113591056609e-01
9.961268362692689005e-01
9.961388554886609903e-01
9.961220827202905692e-01
9.960791148451216825e-01
9.960124362823274957e-01
9.959244232829657095e-01
9.958173481283599804e-01
9.956933832044596588e-01
9.955546049237885553e-01
9.954029974674789560e-01
9.952404563214458655e-01
9.950687915830709329e-01
9.948897310178657083e-01
9.947049228494445616e-01
9.945159382706669771e-01
9.943242736688809869e-01
9.941313525636515935e-01
9.939385272609965183e-01
9.937470802337694531e-01
9.935582252432417771e-01
9.933731082219328101e-01
9.931928079421735722e-01
9.930183364986159278e-01
9.928506396358242059e-01
9.926905969541413022e-01
9.925390220281881115e-01
9.923966624726480168e-01
9.922641999894482590e-01
9.921422504291699251e-01
9.920313638975849502e-01
9.919320249357621577e-01
9.918446527993316497e-01
9.917696018593799012e-01
9.917071621441909679e-01
9.916575600377783850e-01
9.916209591479493435e-01
9.915974613536018278e-01
9.915871080381135627e-01
9.915898815130704813e-01
9.916057066342056636e-01
9.916344526092513156e-01
9.916759349954173963e-01
9.917299178823544281e-01
9.917961162546875542e-01
9.918741985264833971e-01
9.919637892383015298e-01
9.920644719057702954e-01
9.921757920069189662e-01
9.922972600938111398e-01
9.924283550124066711e-01
9.925685272130673198e-01
9.927172021327892448e-01
9.928737836291391394e-01
9.930376574450513472e-01
9.932081946831518016e-01
9.933847552681289717e-01
9.935666913758887109e-01
9.937533508087912359e-01
9.939440802971341027e-01
9.941382287081887981e-01
9.943351501454369412e-01
9.945342069221464465e-01
9.947347723950035192e-01
9.949362336451179623e-01
9.951379939953116649e-01
9.953394753541328077e-01
9.955401203785153585e-01
9.957393944483921011e-01
9.959367874479042593e-01
9.961318153491255378e-01
9.963240215954668466e-01
9.965129782831703142e-01
9.966982871405597466e-01
9.968795803060074290e-01
9.970565209069147672e-01
9.972288034433882675e-01
9.973961539817097766e-01
9.975583301641379741e-01
9.977151210429928696e-01
9.978663467483425142e-01
9.980118579998642492e-01
9.981515354745527091e-01
9.982852890428257631e-01
9.984130568861955268e-01
9.985348045099611269e-01
9.986505236643238304e-01
9.987602311868947202e-01
9.988639677787588544e-01
9.989617967251147590e-01
9.990538025700692604e-01
9.991400897535116510e-01
9.992207812162304803e-01
9.992960169776869961e-01
9.993659526892526568e-01
9.994307581644014116e-01
9.994906158864310664e-01
9.995457194938913714e-01
9.995962722440879800e-01
9.996424854558336737e-01
9.996845769340323429e-01
9.997227693806236548e-01
9.997572887987731249e-01
9.997883628998138761e-01
