9.997976079239545566e-01
9.997681537061233747e-01
9.997354862391136798e-01
9.996994012047071276e-01
9.996596966289136299e-01
9.996161741766668163e-01
9.995686403935506448e-01
9.995169078839181154e-01
9.994607964183895854e-01
9.994001339671756412e-01
9.993347576587681136e-01
9.992645146661501832e-01
9.991892630246800300e-01
9.991088723871744959e-01
9.990232247224520856e-01
9.989322149637354098e-01
9.988357516129511282e-01
9.987337573061938478e-01
9.986261693445755983e-01
9.985129401934645932e-01
9.983940379518657648e-01
9.982694467924925208e-01
9.981391673720172442e-01
9.980032172101255261e-01
9.978616310353709551e-01
9.977144610954566950e-01
9.975617774294465168e-01
9.974036680995250759e-01
9.972402393802504150e-01
9.970716159037378290e-01
9.968979407598438369e-01
9.967193755511367659e-01
9.965361004032037284e-01
9.963483139316087200e-01
9.961562331675335447e-01
9.959600934447702114e-01
9.957601482512365987e-01
9.955566690485284642e-01
9.953499450631569934e-01
9.951402830530302612e-01
9.949280070523842667e-01
9.947134580977532448e-01
9.944969939366671285e-01
9.942789887195985221e-01
9.940598326742505764e-01
9.938399317596243732e-01
9.936197072954596754e-01
9.933995955606621520e-01
9.931800473522712780e-01
9.929615274944573189e-01
9.927445142850367388e-01
9.925294988651338635e-01
9.923169844959779384e-01
9.921074857254698065e-01
9.919015274261512305e-01
9.916996436856075903e-01
9.915023765301762548e-01
9.913102744631314689e-01
9.911238907992818703e-01
9.909437817791291181e-01
9.907705044473792411e-01
9.906046142826131495e-01
9.904466625672788682e-01
9.902971934898024964e-01
9.901567409734756131e-01
9.900258252298306250e-01
9.899049490374081106e-01
9.897945937501444469e-01
9.896952150430352591e-01
9.896072384062567506e-01
9.895310544025500699e-01
9.894670137063732440e-01
9.894154219470930878e-01
9.893765343822724656e-01
9.893505504308532927e-01
9.893376080996453270e-01
9.893377783398896730e-01
9.893510593736332126e-01
9.893773710320579173e-01
9.894165491496021980e-01
9.894683400585160271e-01
9.895323952282736313e-01
9.896082660929123032e-01
9.896953991068164758e-01
9.897931310657018811e-01
9.899006847246436536e-01
9.900171647390322294e-01
9.901415539475127980e-01
9.902727100084838252e-01
9.904093623938555746e-01
9.905501097357743978e-01
9.906934175142003696e-01
9.908376160658387555e-01
9.909808988882436998e-01
9.911213212071308121e-01
9.912567987702330941e-01
9.913851068275378875e-01
9.915038792555076474e-01
9.916106077819578646e-01
9.917026412686127390e-01
9.917771850099352804e-01
9.918313000095678733e-01
9.918619021995191964e-01
9.918657615720238852e-01
9.918395011996653521e-01
9.917795961258510928e-01
9.916823721149706783e-01
9.915440042595501380e-01
9.913605154504042671e-01
9.911277747252140724e-01
9.908414955211325426e-01
9.904972338679950417e-01
9.900903865705092954e-01
9.896161894404399417e-01
9.890697156532690659e-01
9.884458743180449813e-01
9.877394093639912942e-01
9.869448988627456121e-01
9.860567549205361271e-01
9.850692242898316797e-01
9.839763898645526030e-01
9.827721732363187135e-01
9.814503385008582770e-01
9.800044975130498548e-01
9.784281167955395375e-01
9.767145263089518359e-01
9.748569302909240175e-01
9.728484203661935670e-01
9.706819911204991325e-01
9.683505583169997877e-01
9.658469799152993307e-01
9.631640800300987904e-01
9.602946759392707587e-01
9.572316082200826859e-01
9.539677740578308418e-01
9.504961637337518976e-01
9.468099002592647029e-01
9.429022820818866446e-01
9.387668287450733340e-01
9.343973293402759728e-01
9.297878935451815430e-01
9.249330049978968793e-01
9.198275767132506608e-01
9.144670082048910187e-01
9.088472439359824850e-01
9.029648326825481242e-01
8.968169873574280970e-01
8.904016448099816294e-01
8.837175250876561083e-01
8.767641896209512620e-01
8.695420977737522428e-01
8.620526611870424905e-01
8.542982953362151521e-01
8.462824677210478708e-01
8.380097421133274604e-01
8.294858183003998020e-01
8.207175667837748323e-01
8.117130579203455376e-01
8.024815850296448394e-01
7.930336810335372189e-01
7.833811282442515456e-01
7.735369609720055273e-01
7.635154606836942470e-01
7.533321435081253847e-01
7.430037399498619077e-01
7.325481667415354448e-01
7.219844908321877419e-01
7.113328855754631475e-01
7.006145792450296783e-01
6.898517960644532376e-01
6.790676899939118716e-01
6.682862715660807806e-01
6.575323281078518933e-01
6.468313377232344230e-01
6.362093774460751971e-01
6.256930259996018595e-01
6.153092616239970170e-01
6.050853554540641666e-01
5.950487609475989537e-01
5.852269998822315911e-01
5.756475454552660853e-01
5.663377030381312460e-01
5.573244891551691893e-01
5.486345092759011832e-01
5.402938350308026383e-01
5.323278814827507865e-01
5.247612851092200437e-01
5.176177831732713397e-01
5.109200951834103055e-01
5.046898071624046356e-01
4.989472594618246104e-01
4.937114388712308122e-01
4.889998757771839566e-01
4.848285471265706414e-01
4.812117859400442121e-01
4.781621981039323455e-01
4.756905871422129062e-01
4.738058876339147352e-01
4.725151078955327488e-01
4.718232824931632985e-01
4.717334350856330349e-01
4.722465520286706075e-01
4.733615670922902696e-01
4.750753575599684364e-01
4.773827518902664657e-01
4.802765490303628759e-01
4.837475493777967372e-01
4.877845972926413420e-01
4.923746349683881807e-01
4.975027673769264469e-01
5.031523379119207107e-01
5.093050142663408941e-01
5.159408839944545910e-01
5.230385591267483480e-01
5.305752891285944184e-01
5.385270814203660938e-01
5.468688286088290162e-01
5.555744415174084239e-01
5.646169870471671182e-01
5.739688298516383291e-01
5.836017767679273494e-01
5.934872229145866651e-01
6.035962983445350982e-01
6.139000141296924173e-01
6.243694067537741699e-01
6.349756797016442578e-01
6.456903411582273211e-01
6.564853367676236617e-01
6.673331764538196209e-01
6.782070543680303043e-01
6.890809611037262972e-01
6.999297874079759563e-01
7.107294187156910636e-01
7.214568199402899840e-01
7.320901100684966689e-01
7.426086262265653160e-01
7.529929770081033036e-01
7.632250849777375556e-01
7.732882183879038474e-01
7.831670122659157851e-01
7.928474791431090463e-01
8.023170098053153954e-01
8.115643645424875929e-01
8.205796554634302575e-01
8.293543205180752276e-01
8.378810899335676909e-01
8.461539458209720310e-01
8.541680757462817297e-01
8.619198210825648188e-01
8.694066209697549619e-01
8.766269527053085486e-01
8.835802693734818858e-01
8.902669354943354429e-01
8.966881614369565101e-01
9.028459372961648022e-01
9.087429668795913296e-01
9.143826023940559988e-01
9.197687803581685584e-01
9.249059592036003030e-01
9.297990589619952173e-01
9.344534033694013031e-01
9.388746646566644705e-01
9.430688112335249285e-01
9.470420584171248546e-01
9.508008223029935646e-01
9.543516768288812235e-01
9.577013140394012858e-01
9.608565075225010688e-01
9.638240789573150336e-01
9.666108676868249150e-01
9.692237032077087866e-01
9.716693804534282108e-01
9.739546377345656980e-01
9.760861371921798479e-01
9.780704476149966187e-01
9.799140294690773523e-01
9.816232219887049970e-01
9.832042321791399919e-01
9.846631255852066333e-01
9.860058186840028327e-01
9.872380727651072219e-01
9.883654891672301046e-01
9.893935057461669125e-01
9.903273944550413654e-01
9.911722599240999632e-01
9.919330389337107645e-01
9.926145006807104432e-01
9.932212477448157939e-01
9.937577176684742053e-01
9.942281850702201496e-01
9.946367642182873947e-01
9.949874119978231457e-01
9.952839312114410975e-01
9.955299741589305196e-01
9.957290464475666569e-01
9.958845109895182457e-01
9.959995921472134528e-01
9.960773799911281090e-01
9.961208346372498745e-01
9.961327906334774829e-01
9.961159613654747558e-01
9.960729434531507831e-01
9.960062211091205153e-01
9.959181704304120863e-01
9.958110635945476297e-01
9.956870729311343426e-01
9.955482748404825832e-01
9.953966535316808306e-01
9.952341045541434061e-01
9.950624380989971929e-01
9.948833820497957614e-01
9.946985847659414182e-01
9.945096175867463861e-01
9.943179770491700209e-01
9.941250868177368138e-01
9.939322993308064014e-01
9.937408971730035123e-01
9.935520941890425561e-01
9.933670363591955432e-01
9.931868024610912560e-01
9.930124045462660476e-01
9.928447882628019805e-01
9.926848330574338242e-01
9.925333522916497397e-01
9.923910933065748230e-01
9.922587374708484731e-01
9.921369002443835017e-01
9.920261312889064875e-01
9.919269146536704440e-01
9.918396690618141998e-01
9.917647483196675440e-01
9.917024418679880604e-01
9.916529754907869032e-01
9.916165121941594718e-01
9.915931532644582935e-01
9.915829395122883749e-01
9.915858527061915950e-01
9.916018171975234941e-01
9.916307017358970688e-01
9.916723214726256286e-01
9.917264401478115277e-01
9.917927724550354984e-01
9.918709865759651745e-01
9.919607068755827983e-01
9.920615167471107387e-01
9.921729615940868552e-01
9.922945519354299249e-01
9.924257666177657145e-01
9.925660561178137886e-01
9.927148459163097627e-01
9.928715399238277062e-01
9.930355239380147525e-01
9.932061691112101798e-01
9.933828354072131717e-01
9.935648750261091289e-01
9.937516357765391328e-01
9.939424643755971900e-01
9.941367096575965956e-01
9.943337256742341701e-01
9.945328746701158629e-01
9.947335299191509828e-01
9.949350784089031619e-01
9.951369233615739995e-01
9.953384865818387661e-01
9.955392106232502369e-01
9.957385607663493676e-01
9.959360268029924246e-01
9.961311246227163574e-01
9.963233975982580537e-01
9.965124177686155438e-01
9.966977868193360734e-01
9.968791368610321335e-01
9.970561310084835593e-01
9.972284637640813632e-01
9.973958612107926003e-01
9.975580810212602012e-01
9.977149122910680124e-01
9.978661752055519862e-01
9.980117205507860190e-01
9.981514290804530676e-01
9.982852107511809292e-01
9.984130038395204743e-01
9.985347739540224588e-01
9.986505129558035376e-01
9.987602378005466797e-01
9.988639893140773829e-01
9.989618309124997930e-01
9.990538472764405320e-01
9.991401429872958095e-01
9.992208411316176875e-01
9.992960818780357579e-01
9.993660210295102209e-01
9.994308285524089452e-01
9.994906870829904921e-01
9.995457904114953829e-01
9.995963419442404074e-01
9.996425531449292246e-01
9.996846419578067078e-01
9.997228312172310449e-01
9.997573470505971560e-01
9.997884172841609018e-01
