9.997974858518849928e-01
9.997680096512479020e-01
9.997353169433040865e-01
9.996992030578314425e-01
9.996594656526076594e-01
9.996159060107542293e-01
9.995683302856248620e-01
9.995165506825801627e-01
9.994603865705971035e-01
9.993996655201043966e-01
9.993342242665229636e-01
9.992639096015774047e-01
9.991885791964448815e-01
9.991081023621667390e-01
9.990223607534775008e-01
9.989312490223452023e-01
9.988346754271563155e-01
9.987325624027143522e-01
9.986248470951798462e-01
9.985114818648803681e-01
9.983924347586742298e-01
9.982676899523709180e-01
9.981372481626590298e-01
9.980011270271541557e-01
9.978593614505613107e-01
9.977120039145958019e-01
9.975591247491950586e-01
9.974008123626844080e-01
9.972371734288917322e-01
9.970683330297128721e-01
9.968944347522601390e-01
9.967156407404530460e-01
9.965321317016712088e-01
9.963441068698557501e-01
9.961517839271636365e-01
9.959553988869117580e-01
9.957552059410530454e-01
9.955514772757640962e-01
9.953445028588601140e-01
9.951345902026615953e-01
9.949220641055839254e-01
9.947072663751042043e-01
9.944905555338554581e-01
9.942723065094319912e-01
9.940529103070501193e-01
9.938327736625519604e-01
9.936123186713811117e-01
9.933919823871627530e-01
9.931722163814467041e-01
9.929534862540806417e-01
9.927362710816567404e-01
9.925210627895872939e-01
9.923083654316984248e-01
9.920986943598472108e-01
9.918925752650443739e-01
9.916905430709415104e-01
9.914931406603698649e-01
9.913009174159107539e-01
9.911144275562451256e-01
9.909342282512573208e-01
9.907608775005258828e-01
9.905949317618881755e-01
9.904369433191478889e-01
9.902874573806803582e-01
9.901470089035879774e-01
9.900161191411607220e-01
9.898952919146295493e-01
9.897850096135599740e-01
9.896857289326910223e-01
9.895978763565694836e-01
9.895218434069635860e-01
9.894579816717358201e-01
9.894065976376177352e-01
9.893679473530879731e-01
9.893422309512804880e-01
9.893295870664301495e-01
9.893300871806963714e-01
9.893437299411439456e-01
9.893704354890561214e-01
9.894100398454326317e-01
9.894622893973318289e-01
9.895268355295100404e-01
9.896032294444763178e-01
9.896909172115617714e-01
9.897892350818815466e-01
9.898974051011941722e-01
9.900145310467534099e-01
9.901395947074573822e-01
9.902714525191561590e-01
9.904088325591235975e-01
9.905503318957183945e-01
9.906944142814251286e-01
9.908394081700526712e-01
9.909835050321358363e-01
9.911247579367342686e-01
9.912610803630331757e-01
9.913902452015499467e-01
9.915098839024043542e-01
9.916174857270588783e-01
9.917103970601565122e-01
9.917858207395500170e-01
9.918408153652349402e-01
9.918722945516152967e-01
9.918770260922309401e-01
9.918516310116970436e-01
9.917925824860645001e-01
9.916962046200546999e-01
9.915586710776225221e-01
9.913760035710474927e-01
9.911440702232491295e-01
9.908585838283054947e-01
9.905151000462505406e-01
9.901090155801639536e-01
9.896355663963699589e-01
9.890898260621939775e-01
9.884667042901303935e-01
9.877609457923128833e-01
9.869671295646413878e-01
9.860796687355232182e-01
9.850928111295514933e-01
9.840006407111218101e-01
9.827970800864700429e-01
9.814758942543275744e-01
9.800306958047727557e-01
9.784549517723226675e-01
9.767419923523527059e-01
9.748850216890730946e-01
9.728771309381966104e-01
9.707113137978395923e-01
9.683804846870155414e-01
9.658774997323062994e-01
9.631951807000997956e-01
9.603263419844080273e-01
9.572638207290942169e-01
9.540005101287680755e-01
9.505293959151400740e-01
9.468435959957591797e-01
9.429364031703286742e-01
9.388013308067043594e-01
9.344321613147438255e-01
9.298229972118892128e-01
9.249683145302047826e-01
9.198630182710445524e-01
9.145024995710721027e-01
9.088826942024910149e-01
9.030001419915937300e-01
8.968520467036259491e-01
8.904363359090724517e-01
8.837517203173781422e-01
8.767977520394227842e-01
8.695748812203830669e-01
8.620845104705214812e-01
8.543290465134978362e-01
8.463119484705177165e-01
8.380377722044153321e-01
8.295122101609591070e-01
8.207421261654334055e-01
8.117355846609285441e-01
8.025018739106292154e-01
7.930515227293575276e-01
7.833963103592105348e-01
7.735492691595344805e-01
7.635246798418151570e-01
7.533380590441828284e-01
7.430061391069530119e-01
7.325468399785510787e-01
7.219792332490184705e-01
7.113234983746647977e-01
7.006008712211441170e-01
6.898335851121499829e-01
6.790448046262014259e-01
6.682585524340092231e-01
6.574996295132979895e-01
6.467935291166968526e-01
6.361663449016410343e-01
6.256446736596059655e-01
6.152555131062071858e-01
6.050261552145645982e-01
5.949840755928346159e-01
5.851568194239570309e-01
5.755718845023412022e-01
5.662566019192361022e-01
5.572380149665256965e-01
5.485427568479697147e-01
5.401969278076422798e-01
5.322259723072626514e-01
5.246545569068256087e-01
5.175064495256932462e-01
5.108044007831455957e-01
5.045700281372025309e-01
4.988237035570727285e-01
4.935844454766371570e-01
4.888698157826149027e-01
4.846958225904828277e-01
4.810768295526679506e-01
4.780254724264331179e-01
4.755525836025586983e-01
4.736671252602286941e-01
4.723761317684677108e-01
4.716846619003893792e-01
4.715957613639345514e-01
4.721104360825245649e-01
4.732276365820726749e-01
4.749442537581731738e-01
4.772551262101676350e-01
4.801530592383599361e-01
4.836288555080404672e-01
4.876713572902845462e-01
4.922675000956825420e-01
4.974023774241492779e-01
5.030593162625077719e-01
5.092199628723186322e-01
5.158643783240788316e-01
5.229711431509289632e-01
5.305174704159667520e-01
5.384793264126759293e-01
5.468315581484288757e-01
5.555480266971495329e-01
5.646017454497378463e-01
5.739650222405641156e-01
5.836096042861085298e-01
5.935068248385350076e-01
6.036277504336668986e-01
6.139433276002832507e-01
6.244245278968374446e-01
6.350424901532596422e-01
6.457686588200437505e-01
6.565749173646321379e-01
6.674337157063093828e-01
6.783181907451043546e-01
6.892022791170856477e-01
7.000608213970263005e-01
7.108696570685073546e-01
7.216057096896982825e-01
7.322470617985127328e-01
7.427730192217136818e-01
7.531641645767009896e-01
7.634023998799976951e-01
7.734709783006714634e-01
7.833545252178548690e-01
7.930390488571525953e-01
8.025119408890425410e-01
8.117619674716765044e-01
8.207792513092591058e-01
8.295552453741461552e-01
8.380826990050267433e-01
8.463556171443494813e-01
8.543692135151730316e-01
8.621198585608164100e-01
8.696050229802925191e-01
8.768232176890619067e-01
8.837739310189255404e-01
8.904575639439022972e-01
8.968753640819153716e-01
9.030293591764124717e-01
9.089222907091574211e-01
9.145575482368886178e-01
9.199391049819519717e-01
9.250714551419083609e-01
9.299595533170172956e-01
9.346087563887786054e-01
9.390247681186655315e-01
9.432135866748989628e-01
9.471814552375181773e-01
9.509348157788640732e-01
9.544802660684298390e-01
9.578245199082193739e-01
9.609743705674790304e-01
9.639366573539099869e-01
9.667182352321367356e-01
9.693259473789966885e-01
9.717666005488072578e-01
9.740469431096875352e-01
9.761736456038010434e-01
9.781532836795129304e-01
9.799923232414048391e-01
9.816971076643635774e-01
9.832738469200772435e-01
9.847286084678161799e-01
9.860673097659768960e-01
9.872957122662194829e-01
9.884194167578943535e-01
9.894438599366509601e-01
9.903743120775333475e-01
9.912158756994119413e-01
9.919734851142404386e-01
9.926519067613388536e-01
9.932557402336764651e-01
9.937894199099397419e-01
9.942572171129936409e-01
9.946632427221158146e-01
9.950114501730334959e-01
9.953056387862111443e-01
9.955494573699078531e-01
9.957464080501251535e-01
9.958998502845631817e-01
9.960130050220107334e-01
9.960889589721159121e-01
9.961306689532036795e-01
9.961409662877263038e-01
9.961225612161220822e-01
9.960780473004361424e-01
9.960099057891778074e-01
9.959205099147483420e-01
9.958121290945851634e-01
9.956869330071470570e-01
9.955469955142139948e-01
9.953942984018712137e-01
9.952307349141247261e-01
9.950581130554329023e-01
9.948781586415719191e-01
9.946925180821413193e-01
9.945027608825859344e-01
9.943103818587222253e-01
9.941168030622522522e-01
9.939233754214285010e-01
9.937313801067026997e-01
9.935420296366391790e-01
9.933564687444201846e-01
9.931757750297427467e-01
9.930009594246645976e-01
9.928329665049084873e-01
9.926726746802048140e-01
9.925208962984238825e-01
9.923783776985337646e-01
9.922457992468590726e-01
9.921237753897995670e-01
9.920128547541856578e-01
9.919135203239249909e-01
9.918261897186689824e-01
9.917512155970191756e-01
9.916888862034495267e-01
9.916394260747414258e-01
9.916029969184374515e-01
9.915796986726778117e-01
9.915695707538602077e-01
9.915725934958841137e-01
9.915886897823092960e-01
9.916177268705652637e-01
9.916595184053497158e-01
9.917138266165231864e-01
9.917803646950806851e-01
9.918587993391280166e-01
9.919487534601688639e-01
9.920498090384064493e-01
9.921615101141678661e-01
9.922833659009988594e-01
9.924148540044677169e-01
9.925554237293203741e-01
9.927044994563838376e-01
9.928614840695810795e-01
9.930257624126519467e-01
9.931967047547011207e-01
9.933736702435504995e-01
9.935560103260602238e-01
9.937430721150954938e-01
9.939342016836226756e-01
9.941287472674772419e-01
9.943260623596127390e-01
9.945255086800437461e-01
9.947264590071952517e-01
9.949282998579078718e-01
9.951304340048729991e-01
9.953322828217753271e-01
9.955332884478527156e-01
9.957329157649769114e-01
9.959306541816773661e-01
9.961260192198309049e-01
9.963185539010018799e-01
9.965078299306943110e-01
9.966934486800650417e-01
9.968750419659760942e-01
9.970522726316347617e-01
9.972248349314813964e-01
9.973924547254354733e-01
9.975548894890577944e-01
9.977119281476309887e-01
9.978633907435238148e-01
9.980091279474716526e-01
9.981490204254996890e-01
9.982829780740936076e-01
9.984109391368244379e-01
9.985328692159209929e-01
9.986487601922100499e-01
9.987586290664025590e-01
9.988625167338898159e-01
9.989604867040534630e-01
9.990526237736492288e-01
9.991390326621599760e-01
9.992198366152532651e-01
9.992951759807259249e-01
9.993652067597188493e-01
9.994300991346715124e-01
9.994900359745828577e-01
9.995452113177563103e-01
9.995958288324111596e-01
9.996421002563615765e-01
9.996842438183849433e-01
9.997224826458616098e-01
9.997570431656280787e-01
9.997881535076187376e-01
