9.997975016866127440e-01
9.997680282018952536e-01
9.997353385997767017e-01
9.996992282531009799e-01
9.996594948654062840e-01
9.996159397681056991e-01
9.995683691651491287e-01
9.995165953145044302e-01
9.994604376394046197e-01
9.993997237657528121e-01
9.993342904851654218e-01
9.992639846457236352e-01
9.991886639745073406e-01
9.991081978373436145e-01
9.990224679419340559e-01
9.989313689906696991e-01
9.988348092890761976e-01
9.987327113150747948e-01
9.986250122531998841e-01
9.985116644967171329e-01
9.983926361193391497e-01
9.982679113170537244e-01
9.981374908195297380e-01
9.980013922697180684e-01
9.978596505696560870e-01
9.977123181901191851e-01
9.975594654416596319e-01
9.974011807046940792e-01
9.972375706166356490e-01
9.970687602145668071e-01
9.968948930325832736e-01
9.967161311536597568e-01
9.965326552166501317e-01
9.963446643798008484e-01
9.961523762428710072e-01
9.959560267305890280e-01
9.957558699406748870e-01
9.955521779600002841e-01
9.953452406525912233e-01
9.951353654230885581e-01
9.949228769589265609e-01
9.947081169538748435e-01
9.944914438146837954e-01
9.942732323514074100e-01
9.940538734505376395e-01
9.938337737284286266e-01
9.936133551606292080e-01
9.933930546807501205e-01
9.931733237404138936e-01
9.929546278197499687e-01
9.927374458758752018e-01
9.925222697149130857e-01
9.923096032714427972e-01
9.920999617778906154e-01
9.918938708053535169e-01
9.916918651567292464e-01
9.914944875928578538e-01
9.913022873726755613e-01
9.911158185891539851e-01
9.909356382840256439e-01
9.907623043259586870e-01
9.905963730388916977e-01
9.904383965696292869e-01
9.902889199864711722e-01
9.901484781035518878e-01
9.900175920286561349e-01
9.898967654355079748e-01
9.897864805648833864e-01
9.896871939623446135e-01
9.895993319639375674e-01
9.895232859448170881e-01
9.894594073494616948e-01
9.894080025258918942e-01
9.893693273900701080e-01
9.893435819503800799e-01
9.893309047256668709e-01
9.893313670936537685e-01
9.893449676094940859e-01
9.893716263366169050e-01
9.894111792337028088e-01
9.894633726424428843e-01
9.895278579205232239e-01
9.896041862629514352e-01
9.896918037523189104e-01
9.897900466748711379e-01
9.898981371343861246e-01
9.900151789899420685e-01
9.901401541368661796e-01
9.902719191427036272e-01
9.904092022421863151e-01
9.905506006871932501e-01
9.906945784398558663e-01
9.908394641895488242e-01
9.909834496677657478e-01
9.911245882290368181e-01
9.912607936612553017e-01
9.913898391851859726e-01
9.915093566005929171e-01
9.916168355353820463e-01
9.917096227543936715e-01
9.917849214859543183e-01
9.918397907269416169e-01
9.918711444908409058e-01
9.918757509679938522e-01
9.918502315728765506e-01
9.917910598597102778e-01
9.916945602949728267e-01
9.915569068833784971e-01
9.913741216526487099e-01
9.911420730118939426e-01
9.908564740087041356e-01
9.905128805211355081e-01
9.901066894327117396e-01
9.896331368513413551e-01
9.890872964466735917e-01
9.884640779947971856e-01
9.877582262342007313e-01
9.869643201523565779e-01
9.860767728378670993e-01
9.850898320484507975e-01
9.839975816597061886e-01
9.827939441730411119e-01
9.814726844728584032e-01
9.800274150324438382e-01
9.784516027744623035e-01
9.767385777949940673e-01
9.748815441591850428e-01
9.728735929714861230e-01
9.707077179138721146e-01
9.683768334312512494e-01
9.658737957245242534e-01
9.631914266885631681e-01
9.603225409050302197e-01
9.572599757687921818e-01
9.539966247921337628e-01
9.505254740935311641e-01
9.468396420378936140e-01
9.429324219534725993e-01
9.387973278075555372e-01
9.344281426791385403e-01
9.298189698224899047e-01
9.249642860713540582e-01
9.198589972900044209e-01
9.144984955348898215e-01
9.088787175497541337e-01
9.029962041783521354e-01
8.968481602427672561e-01
8.904325144024457517e-01
8.837479784799646687e-01
8.767941057148612716e-01
8.695713473871727883e-01
8.620811072382461582e-01
8.543257931084540235e-01
8.463088652101768972e-01
8.380348804602193447e-01
8.295095323090326822e-01
8.207396855248993983e-01
8.117334054196294613e-01
8.024999810381875376e-01
7.930499418776538745e-01
7.833950677504971649e-01
7.735483914625596036e-01
7.635241940364683177e-01
7.533379922753212776e-01
7.430065185281844453e-01
7.325476925868690259e-01
7.219805857112725489e-01
7.113253768469354199e-01
7.006033011621353168e-01
6.898365910917587662e-01
6.790484101304407050e-01
6.682627796674605047e-01
6.575044992002632149e-01
6.467990603021891438e-01
6.361725547533244596e-01
6.256515772717510249e-01
6.152631233066861993e-01
6.050344823758584401e-01
5.949931274479749455e-01
5.851666008882763226e-01
5.755823975018615757e-01
5.662678452264853224e-01
5.572499840445293007e-01
5.485554437031580077e-01
5.402103208523867384e-01
5.322400562327690432e-01
5.246693125671413327e-01
5.175218538336210372e-01
5.108204266189512177e-01
5.045866442710806865e-01
4.988408745864956195e-01
4.936021317798353625e-01
4.888879734896629525e-01
4.847144035736191681e-01
4.810957814377363473e-01
4.780447386275192834e-01
4.755721033821133092e-01
4.736868338171374981e-01
4.723959603566785237e-01
4.717045379807606187e-01
4.716156087919813888e-01
4.721301753346336394e-01
4.732471850225485888e-01
4.749635259491511441e-01
4.772740342659738122e-01
4.801715132253043805e-01
4.836467638899146770e-01
4.876886274190008752e-01
4.922840387455579281e-01
4.974180913673031945e-01
5.030741128817750596e-01
5.092337508069835206e-01
5.158770681426350091e-01
5.229826480440413761e-01
5.305277069018514702e-01
5.384882150462844130e-01
5.468390242251499611e-01
5.555540009412462954e-01
5.646061646774666043e-01
5.739678299878598899e-01
5.836107513909020161e-01
5.935062699681934451e-01
6.036254605486822689e-01
6.139392783462109815e-01
6.244187039175304044e-01
6.350348853196710053e-01
6.457592763702213468e-01
6.565637699519877302e-01
6.674208253547448955e-01
6.783035887111192874e-01
6.891860056604941498e-01
7.000429254633776521e-01
7.108501958876739524e-01
7.215847482963517745e-01
7.322246724813324947e-01
7.427492809091300607e-01
7.531391621677649972e-01
7.633762235295828980e-01
7.734437226686380340e-01
7.833262886920522305e-01
7.930099327602089243e-01
8.024820486787862528e-01
8.117314039447852680e-01
8.207481218173295900e-01
8.295236550608565684e-01
8.380507520724278514e-01
8.463234161555908130e-01
8.543368587401660719e-01
8.620874473704731589e-01
8.695726492940697439e-01
8.767909714796111587e-01
8.837418978767070943e-01
8.904258247036835883e-01
8.968439945121553514e-01
9.029984297316520081e-01
9.088918663446887702e-01
9.145276882841962829e-01
9.199098630826898493e-01
9.250428792375371412e-01
9.299316856906469919e-01
9.345816337552859121e-01
9.389984217587564741e-01
9.431880426084769953e-01
9.471567344315109382e-01
9.509109343845272289e-01
9.544572356831086957e-01
9.578023478565903526e-01
9.609530601974044517e-01
9.639162083422287974e-01
9.666986438959538352e-01
9.693072069883368336e-01
9.717487016368360209e-01
9.740298737770808346e-01
9.761573918142461004e-01
9.781378295437404002e-01
9.799776512875777446e-01
9.816831990930736662e-01
9.832606818426143924e-01
9.847161661267760380e-01
9.860555687376498790e-01
9.872846506445529524e-01
9.884090123201333400e-01
9.894340902910457869e-01
9.903651547937390998e-01
9.912073084224040098e-01
9.919654856627286854e-01
9.926444532117771891e-01
9.932488109910425633e-01
9.937829937664995894e-01
9.942512732962708322e-01
9.946577609332637460e-01
9.950064106167608724e-01
9.953010221933418222e-01
9.955452450135762188e-01
9.957425817565113135e-01
9.958963924389790945e-01
9.960098985710434949e-01
9.960861874224415935e-01
9.961282163675905243e-01
9.961388172786631579e-01
9.961207009374334342e-01
9.960764614371802050e-01
9.960085805460706654e-01
9.959194320033133430e-01
9.958112857191951939e-01
9.956863118501012577e-01
9.955465847199760354e-01
9.953940865605863664e-01
9.952307110445294258e-01
9.950582665872720334e-01
9.948784793976426233e-01
9.946929962600893349e-01
9.945033870365886930e-01
9.943111468812004805e-01
9.941176981657615652e-01
9.939243921208890109e-01
9.937325102021306034e-01
9.935432651965475648e-01
9.933578020900589722e-01
9.931771987203418250e-01
9.930024662438414751e-01
9.928345494483893363e-01
9.926743269449935791e-01
9.925226112735348050e-01
9.923801489573791379e-01
9.922476205413549577e-01
9.921256406462225508e-01
9.920147580707742163e-01
9.919154559701854890e-01
9.918281521363034869e-01
9.917531994023554009e-01
9.916908861912097084e-01
9.916414372229556129e-01
9.916050143942689576e-01
9.915817178389031428e-01
9.915715871757236899e-01
9.915746029480332346e-01
9.915906882555134416e-01
9.916197105779219756e-01
9.916614837877005817e-01
9.917157703468226781e-01
9.917822836814953469e-01
9.918606907266857009e-01
9.919506146308247896e-01
9.920516376094474786e-01
9.921633039349327943e-01
9.922851230479475815e-01
9.924165727746903087e-01
9.925571026326264201e-01
9.927061372061547484e-01
9.928630795726075542e-01
9.930273147582014959e-01
9.931982132030754418e-01
9.933751342143961605e-01
9.935574293866875628e-01
9.937444459690417675e-01
9.939355301596668468e-01
9.941300303092811541e-01
9.943273000161199082e-01
9.945267010967271393e-01
9.947276064182012378e-01
9.949294025791004525e-01
9.951314924277488982e-01
9.953332974081828821e-01
9.955342597254299708e-01
9.957338443231968927e-01
9.959315406683872940e-01
9.961268643381615551e-01
9.963193584065318520e-01
9.965085946287585150e-01
9.966941744231138101e-01
9.968757296509048738e-01
9.970529231970230999e-01
9.972254493546991450e-01
9.973930340195905631e-01
9.975554346997778099e-01
9.977124403496829830e-01
9.978638710372894627e-01
9.980095774553037202e-01
9.981494402879901306e-01
9.982833694462872609e-01
9.984113031844130681e-01
9.985332071114511043e-01
9.986490731113333297e-01
9.987589181841965980e-01
9.988627832212689794e-01
9.989607317242881201e-01
9.990528484790039965e-01
9.991392381906601949e-01
9.992200240875850348e-01
9.992953464972721411e-01
9.993653613977347971e-01
9.994302389456019009e-01
9.994901619815235172e-01
9.995453245130675457e-01
9.995959301754899773e-01
9.996421906715838857e-01
9.996843241932324986e-01
9.997225538292483504e-01
9.997571059664459581e-01
9.997882086935198087e-01
