9.997974716316576638e-01
9.997679930397014303e-01
9.997352976051048223e-01
9.996991806214716725e-01
9.996594397081522976e-01
9.996158761077050814e-01
9.995682959309541982e-01
9.995165113389867795e-01
9.994603416550416064e-01
9.993996144026809914e-01
9.993341662697234895e-01
9.992638440000021216e-01
9.991885052170091930e-01
9.991080191848492609e-01
9.990222675126435581e-01
9.989311448086748424e-01
9.988345592901929360e-01
9.987324333540394949e-01
9.986247041122082724e-01
9.985113238952567638e-01
9.983922607252416759e-01
9.982674987586687143e-01
9.981370386988990262e-01
9.980008981766134157e-01
9.978591120963232752e-01
9.977117329465646778e-01
9.975588310713051632e-01
9.974004949002235332e-01
9.972368311358581483e-01
9.970679648961255914e-01
9.968940398113467216e-01
9.967152180756430058e-01
9.965316804533289607e-01
9.963436262416933697e-01
9.961512731922818054e-01
9.959548573934248195e-01
9.957546331172610898e-01
9.955508726348455406e-01
9.953438660030646812e-01
9.951339208269929237e-01
9.949213620009698111e-01
9.947065314310593598e-01
9.944897877406526643e-01
9.942715059598036254e-01
9.940520771974522551e-01
9.938319082940318960e-01
9.936114214500957331e-01
9.933910538246059074e-01
9.931712570944487561e-01
9.929524969646505994e-01
9.927352526167416702e-01
9.925200160808262950e-01
9.923072915152479911e-01
9.920975943763526983e-01
9.918914504598242976e-01
9.916893947944431797e-01
9.914919703689395458e-01
9.912997266729060009e-01
9.911132180334958353e-01
9.909330017308600747e-01
9.907596358769324985e-01
9.905936770442231865e-01
9.904356776336697976e-01
9.902861829732737542e-01
9.901457281421596202e-01
9.900148345177953724e-01
9.898940060473502278e-01
9.897837252475345515e-01
9.896844489407269352e-01
9.895966037387456948e-01
9.895205812892582387e-01
9.894567333035302337e-01
9.894053663879712746e-01
9.893667367057057405e-01
9.893410444981183272e-01
9.893284284999046552e-01
9.893289602844914654e-01
9.893426385796268985e-01
9.893693835953313309e-01
9.894090314080780102e-01
9.894613284458729785e-01
9.895259261186942767e-01
9.896023756374163760e-01
9.896901230618206924e-01
9.897885046145765697e-01
9.898967422932005711e-01
9.900139398060978646e-01
9.901390788519998098e-01
9.902710157546743552e-01
9.904084784569355815e-01
9.905500638700001081e-01
9.906942355664097866e-01
9.908393217973316958e-01
9.909835138083146200e-01
9.911248644217289794e-01
9.912612868493296814e-01
9.913905536947725805e-01
9.915102961035644480e-01
9.916180030168645354e-01
9.917110204857704225e-01
9.917865510041665722e-01
9.918416528208285898e-01
9.918732391951700089e-01
9.918780775657097815e-01
9.918527886059439469e-01
9.917938451487521290e-01
9.916975709677029460e-01
9.915601394116160261e-01
9.913775718974786599e-01
9.911457362763069767e-01
9.908603450968318516e-01
9.905169538029803267e-01
9.901109589130808741e-01
9.896375962415232541e-01
9.890919392372583552e-01
9.884688975279364298e-01
9.877632157735434237e-01
9.869694729488736051e-01
9.860820821898031996e-01
9.850952913537134314e-01
9.840031844591140553e-01
9.827996841830145547e-01
9.814785556063290173e-01
9.800334114069916280e-01
9.784577187069485316e-01
9.767448077822341590e-01
9.748878828444978994e-01
9.728800350972496291e-01
9.707142582605007286e-01
9.683834667432862364e-01
9.658805166247750318e-01
9.631982295814582873e-01
9.603294198705251139e-01
9.572669244483219542e-01
9.540036362682131621e-01
9.505325407646670888e-01
9.468467554905124484e-01
9.429395728325618009e-01
9.388045056876970218e-01
9.344353359375678902e-01
9.298261655157561423e-01
9.249714698171006555e-01
9.198661531553266046e-01
9.145056059326738263e-01
9.088857631443575391e-01
9.030031638019495599e-01
8.968550108236629237e-01
8.904392309066324618e-01
8.837545338671967121e-01
8.768004709104894046e-01
8.695774912709625104e-01
8.620869966513584615e-01
8.543313928797067192e-01
8.463141382026144743e-01
8.380397876389011902e-01
8.295140328308043820e-01
8.207437368507212172e-01
8.117369634498410313e-01
8.025030002708377630e-01
7.930523755897838090e-01
7.833968682019869512e-01
7.735495101218859970e-01
7.635245818274518648e-01
7.533375998436832033e-01
7.430052965265063758e-01
7.325455919763319557e-01
7.219775580783800439e-01
7.113213747332780557e-01
7.005982784051509871e-01
6.898305031743667826e-01
6.790412145373969643e-01
6.682544362462676801e-01
6.574949705244954590e-01
6.467883120351383130e-01
6.361605560099330425e-01
6.256383009768748948e-01
6.152485465478227944e-01
6.050185867485589064e-01
5.949758993922622530e-01
5.851480320144779590e-01
5.755624849043523561e-01
5.662465917839136775e-01
5.572273987051696853e-01
5.485315417540617133e-01
5.401851241710465823e-01
5.322135935199862056e-01
5.246416195597491949e-01
5.174929734956406069e-01
5.107904093096045095e-01
5.045555478879274469e-01
4.988087646817049858e-01
4.935690816473383702e-01
4.888540642205793096e-01
4.846797240769999959e-01
4.810604284232569139e-01
4.780088165463596273e-01
4.755357243218881758e-01
4.736501173463782965e-01
4.723590333141151065e-01
4.716675342044835961e-01
4.715786687835379354e-01
4.720934458532491940e-01
4.732108186050110188e-01
4.749276803514482781e-01
4.772388718235602845e-01
4.801372001299201164e-01
4.836134693821453334e-01
4.876565228972559174e-01
4.922532967938508808e-01
4.973888847060669027e-01
5.030466132479189945e-01
5.092081277714219922e-01
5.158534878755447473e-01
5.229612720400451664e-01
5.305086906791444123e-01
5.384717068352977698e-01
5.468251636636802804e-01
5.555429177939639196e-01
5.645979775983196447e-01
5.739626453441035725e-01
5.836086621672460506e-01
5.935073547688844986e-01
6.036297827142502737e-01
6.139468852000925514e-01
6.244296261559187933e-01
6.350491365557411338e-01
6.457768528414323805e-01
6.565846503965018233e-01
6.674449710602372576e-01
6.783309437364066774e-01
6.892164972276062507e-01
7.000764645149510912e-01
7.108866778019657939e-01
7.216240537497837781e-01
7.322666684463339237e-01
7.427938217731908654e-01
7.531860909580724295e-01
7.634253732263978076e-01
7.734949175896868034e-01
7.833793459296859440e-01
7.930646636528611015e-01
8.025382602983748281e-01
8.117889005821099513e-01
8.208067064481892050e-01
8.295831307765264562e-01
8.381109234592729607e-01
8.463840906099006078e-01
8.543978477057607712e-01
8.621485674882067851e-01
8.696337234540301164e-01
8.768518297685266027e-01
8.838023784148261175e-01
8.904857743671331649e-01
8.969032695385004139e-01
9.030568962080416373e-01
9.089494005795570875e-01
9.145841770649790758e-01
9.199652038233862017e-01
9.250969800211876759e-01
9.299844652128972378e-01
9.346330211761446627e-01
9.390483564704343866e-01
9.432364739278085164e-01
9.472036212259008492e-01
9.509562446406454317e-01
9.545009460276733249e-01
9.578444430385425479e-01
9.609935325406002704e-01
9.639550571774628818e-01
9.667358749807007934e-01
9.693428319220683820e-01
9.717827372791548735e-01
9.740623416752287600e-01
9.761883176458061584e-01
9.781672425795838732e-01
9.800055838793145790e-01
9.817096861884750947e-01
9.832857605316955851e-01
9.847398752204752359e-01
9.860779483803245871e-01
9.873057419608503027e-01
9.884288570961886622e-01
9.894527306894215224e-01
9.903826331010527895e-01
9.912236668282032870e-01
9.919807660678565675e-01
9.926586970642355956e-01
9.932620591471996718e-01
9.937952863753916066e-01
9.942626497047228895e-01
9.946682596095807183e-01
9.950160690908149697e-01
9.953098770110011539e-01
9.955533317035633045e-01
9.957499348079497103e-01
9.959030452880631712e-01
9.960158835954561196e-01
9.960915359423205828e-01
9.961329586520228929e-01
9.961429825568447471e-01
9.961243174137747181e-01
9.960795563097669669e-01
9.960111800279911609e-01
9.959215613464527106e-01
9.958129692401621602e-01
9.956875729580056955e-01
9.955474459458083514e-01
9.953945695879711231e-01
9.952308367416380364e-01
9.950580550396771473e-01
9.948779499418951566e-01
9.946921675177859967e-01
9.945022769486846492e-01
9.943097727423081400e-01
9.941160766581594865e-01
9.939225393479521609e-01
9.937304417208817631e-01
9.935409960490211301e-01
9.933553468331665082e-01
9.931745714539307324e-01
9.929996806366485629e-01
9.928316187616075261e-01
9.926712640531958343e-01
9.925194286827326851e-01
9.923768588200342355e-01
9.922442346682148751e-01
9.921221705149074754e-01
9.920112148311065470e-01
9.919118504463244612e-01
9.918244948258190252e-01
9.917495004724502516e-01
9.916871554723731830e-01
9.916376842003998826e-01
9.916012481975646775e-01
9.915779472302848063e-01
9.915678205375769716e-01
9.915708482701082183e-01
9.915869531224179578e-01
9.916160021574477179e-01
9.916578088205098007e-01
9.917121351379850624e-01
9.917786940943058571e-01
9.918571521791187395e-01
9.919471320948959336e-01
9.920482156136533058e-01
9.921599465698365261e-01
9.922818339748732397e-01
9.924133552373809453e-01
9.925539594716282776e-01
9.927030708756023891e-01
9.928600921590133854e-01
9.930244080008016061e-01
9.931953885152516870e-01
9.933723927056824499e-01
9.935547718848783960e-01
9.937418730419526058e-01
9.939330421361410872e-01
9.941276272991028673e-01
9.943249819285626678e-01
9.945244676575479836e-01
9.947254571849700744e-01
9.949273369548334855e-01
9.951295096728856038e-01
9.953313966510113353e-01
9.955324399711109606e-01
9.957321044615807804e-01
9.959298794808365551e-01
9.961252805036033831e-01
9.963178505069616442e-01
9.965071611544037422e-01
9.966928137774411223e-01
9.968744401556286494e-01
9.970517030972378958e-01
9.972242968242270855e-01
9.973919471665978476e-01
9.975544115726860950e-01
9.977114789433730868e-01
9.978629692995715228e-01
9.980087332936111721e-01
9.981486515762432177e-01
9.982826340318637914e-01
9.984106188951633598e-01
9.985325717626936104e-01
9.986484845127755472e-01
9.987583741467292997e-01
9.988622815635934682e-01
9.989602702793429767e-01
9.990524251001667855e-01
9.991388507577093625e-01
9.992196705124096745e-01
9.992950247293248545e-01
9.993650694292237624e-01
9.994299748164190422e-01
9.994899237839036665e-01
9.995451103959702710e-01
9.995957383486914205e-01
9.996420194094610689e-01
9.996841718382161179e-01
9.997224187949173002e-01
9.997569867402300581e-01
9.997881038389788699e-01
