9.997977394473428481e-01
9.997682949598883928e-01
9.997356364092000458e-01
9.996995591095694245e-01
9.996598606769918627e-01
9.996163423258137559e-01
9.995688101133992642e-01
9.995170761221588984e-01
9.994609595718833006e-01
9.994002878587505689e-01
9.993348975204514595e-01
9.992646351294550700e-01
9.991893581184295714e-01
9.991089355431846952e-01
9.990232487892284352e-01
9.989321922281693134e-01
9.988356738298330706e-01
9.987336157352006971e-01
9.986259547942371029e-01
9.985126430714822421e-01
9.983936483210389401e-01
9.982689544314090613e-01
9.981385618395918202e-01
9.980024879130150461e-01
9.978607672972640286e-01
9.977134522272245176e-01
9.975606127991507588e-01
9.974023372013098854e-01
9.972387319011888351e-01
9.970699217877682097e-01
9.968960502680077607e-01
9.967172793174219336e-01
9.965337894853992795e-01
9.963457798566923707e-01
9.961534679712380491e-01
9.959570897051064353e-01
9.957568991158916027e-01
9.955531682562013263e-01
9.953461869590443101e-01
9.951362625988183774e-01
9.949237198312546049e-01
9.947089003150424436e-01
9.944921624169564822e-01
9.942738809011184564e-01
9.940544466015853731e-01
9.938342660757717439e-01
9.936137612343497461e-01
9.933933689412499657e-01
9.931735405753021606e-01
9.929547415429458290e-01
9.927374507294081107e-01
9.925221598738488415e-01
9.923093728522974777e-01
9.920996048508230469e-01
9.918933814103513269e-01
9.916912373239232803e-01
9.914937153670189129e-01
9.913013648418682600e-01
9.911147399174439210e-01
9.909343977480581378e-01
9.907608963551532977e-01
9.905947922589242172e-01
9.904366378487995393e-01
9.902869784844854362e-01
9.901463493221768219e-01
9.900152718636312521e-01
9.898942502290331014e-01
9.897837671579237107e-01
9.896842797459307617e-01
9.895962149285651988e-01
9.895199647269902199e-01
9.894558812743629028e-01
9.894042716451165731e-01
9.893653925133214511e-01
9.893394446700022327e-01
9.893265674328886039e-01
9.893268329854348897e-01
9.893402406849121089e-01
9.893667113818019887e-01
9.894060817944354547e-01
9.894580989836618823e-01
9.895224149721651985e-01
9.895985815517419626e-01
9.896860453193750962e-01
9.897841429792401113e-01
9.898920969429387817e-01
9.900090112543599163e-01
9.901338678587910946e-01
9.902655232284689468e-01
9.904027053488930754e-01
9.905440110622387717e-01
9.906879037563454116e-01
9.908327113803170327e-01
9.909766247609963497e-01
9.911176961886738468e-01
9.912538382355516875e-01
9.913828227668098902e-01
9.915022801017153720e-01
9.916096982810850280e-01
9.917024223975648978e-01
9.917776539465787966e-01
9.918324501583529740e-01
9.918637232750733279e-01
9.918682397418849828e-01
9.918426192860181345e-01
9.917833338647580321e-01
9.916867064702062917e-01
9.915489097867844492e-01
9.913659647061873192e-01
9.911337387140279898e-01
9.908479441727342518e-01
9.905041365364072314e-01
9.900977125453507277e-01
9.896239084608428049e-01
9.890777984144210055e-01
9.884542929604136496e-01
9.877481379355492752e-01
9.869539137449884203e-01
9.860660352097673220e-01
9.850787521260436774e-01
9.839861507012429565e-01
9.827821560456960759e-01
9.814605359100939674e-01
9.800149058684688441e-01
9.784387361528839033e-01
9.767253603490588798e-01
9.748679861613036568e-01
9.728597084500412162e-01
9.706935247356179852e-01
9.683623533479215340e-01
9.658590543825702479e-01
9.631764536012541456e-01
9.603073693864490057e-01
9.572446428295604548e-01
9.539811709970036357e-01
9.505099433812690402e-01
9.468240815041819580e-01
9.429168815978333784e-01
9.387818602455906269e-01
9.344128028216542869e-01
9.298038145233438190e-01
9.249493737461269571e-01
9.198443875078519127e-01
9.144842485861682801e-01
9.088648939922467918e-01
9.029828643651249820e-01
8.968353638348811607e-01
8.904203198699074395e-01
8.837364425944425061e-01
8.767832830377884079e-01
8.695612897569293676e-01
8.620718632601314102e-01
8.543174076511405035e-01
8.463013789122684205e-01
8.380283292504191461e-01
8.295039469432640145e-01
8.207350911435142837e-01
8.117298211275998376e-01
8.024974195108984798e-01
7.930484089946288062e-01
7.833945622590947622e-01
7.735489046733957652e-01
7.635257095520693316e-01
7.533404857533079202e-01
7.430099574801467543e-01
7.325520362140369723e-01
7.219857847781252502e-01
7.113313735940316462e-01
7.006100292597070567e-01
6.898439756359715513e-01
6.790563676846870234e-01
6.682712183516079651e-01
6.575133188313913024e-01
6.468081525910041041e-01
6.361818035610874444e-01
6.256608589331645875e-01
6.152723070246891579e-01
6.050434306946717022e-01
5.950016968109135274e-01
5.851746422868108199e-01
5.755897572220669556e-01
5.662743656983877383e-01
5.572555047988589916e-01
5.485598024386726390e-01
5.402133546151960397e-01
5.322416027070258071e-01
5.246692114740378887e-01
5.175199484329322530e-01
5.108165653044138832e-01
5.045806822477829634e-01
4.988326756152524633e-01
4.935915699703318227e-01
4.888749351210440741e-01
4.846987889183399512e-01
4.810775065619025126e-01
4.780237371388129652e-01
4.755483280947461200e-01
4.736602583022413437e-01
4.723665803461561952e-01
4.716723725929820032e-01
4.715807015488049370e-01
4.720925949411097777e-01
4.732070258833186438e-01
4.749209083989259783e-01
4.772291044955357942e-01
4.801244428891686677e-01
4.835977493869615396e-01
4.876378888430009662e-01
4.922318185083806030e-01
4.973646525036415911e-01
5.030197370502360599e-01
5.091787360082729030e-01
5.158217261811710586e-01
5.229273017644784360e-01
5.304726872366081203e-01
5.384338579140839354e-01
5.467856673237403431e-01
5.555019804797585170e-01
5.645558120952490766e-01
5.739194687070947598e-01
5.835646936497809190e-01
5.934628137800315173e-01
6.035848868300190961e-01
6.139018482538252108e-01
6.243846564304195157e-01
6.350044350975636576e-01
6.457326119151522992e-01
6.565410520940568873e-01
6.674021860775010140e-01
6.782891303261833205e-01
6.891758003352108641e-01
7.000370150995713914e-01
7.108485923440974741e-01
7.215874339422614359e-01
7.322316010638920680e-01
7.427603787131020763e-01
7.531543294422687884e-01
7.633953361536072180e-01
7.734666340245350824e-01
7.833528317144201614e-01
7.930399221263711995e-01
8.025152831065167636e-01
8.117676685629530153e-01
8.207871905757221365e-01
8.295652931465455904e-01
8.380947183016117519e-01
8.463694653118321032e-01
8.543847438322721421e-01
8.621369217859067291e-01
8.696234688266351043e-01
8.768428962131996629e-01
8.837946939100371768e-01
8.904792657041730175e-01
8.968978630902698645e-01
9.030525186302242879e-01
9.089459794407455107e-01
9.145816414037346576e-01
9.199634846315478676e-01
9.250960106539849459e-01
9.299841817275537048e-01
9.346333626016574136e-01
9.390492650120834117e-01
9.432378951106697995e-01
9.472055039822089295e-01
9.509585413462755543e-01
9.545036124932918531e-01
9.578474384611130876e-01
9.609968194209441705e-01
9.639586012094654155e-01
9.667396449175459372e-01
9.693467994245867914e-01
9.717868767510058348e-01
9.740666300892132368e-01
9.761927343651551903e-01
9.781717691775846379e-01
9.800102039601571446e-01
9.817143852117218294e-01
9.832905256423197793e-01
9.847446950859805037e-01
9.860828130360621557e-01
9.873106426642910272e-01
9.884337861905936329e-01
9.894576814770840167e-01
9.903875997260604969e-01
9.912286441684871052e-01
9.919857496361575988e-01
9.926636829175201626e-01
9.932670438039916672e-01
9.938002667404638446e-01
9.942676230005854654e-01
9.946732233142320245e-01
9.950210208812618751e-01
9.953148147121145817e-01
9.955582532419051667e-01
9.957548381702813201e-01
9.959079284843226354e-01
9.960207446260631592e-01
9.960963727697387249e-01
9.961377691765596065e-01
9.961477645967180550e-01
9.961290686895010182e-01
9.960842744329369003e-01
9.960158624944928096e-01
9.959262055341800979e-01
9.958175724112042770e-01
9.956921322652562134e-01
9.955519584438669023e-01
9.953990322481296449e-01
9.952352464706547552e-01
9.950624087019571684e-01
9.948822443846018215e-01
9.946963995983274520e-01
9.945064435639424660e-01
9.943138708589142061e-01
9.941201033430806522e-01
9.939264917986183612e-01
9.937343172940886760e-01
9.935447922878616334e-01
9.933590614912877204e-01
9.931782025164885841e-01
9.930032263374193313e-01
9.928350775958340035e-01
9.926746347858722563e-01
9.925227103521756522e-01
9.923800507367344093e-01
9.922473364091113357e-01
9.921251819133682925e-01
9.920141359630316735e-01
9.919146816128967536e-01
9.918272365335214502e-01
9.917521534110317338e-01
9.916897204914826291e-01
9.916401622856166886e-01
9.916036404465331522e-01
9.915802548296145380e-01
9.915700447411034402e-01
9.915729903790184707e-01
9.915890144676480222e-01
9.916179840846474081e-01
9.916597126777607629e-01
9.917139622663472265e-01
9.917804458211646468e-01
9.918588298142156923e-01
9.919487369288432221e-01
9.920497489186717033e-01
9.921614096024083951e-01
9.922832279799690403e-01
9.924146814539047678e-01
9.925552191387226886e-01
9.927042652394648670e-01
9.928612224798963881e-01
9.930254755598970640e-01
9.931963946211952443e-01
9.933733387004514137e-01
9.935556591488994282e-01
9.937427029982759397e-01
9.939338162535807930e-01
9.941283470942822165e-01
9.943256489668402809e-01
9.945250835528361977e-01
9.947260235984844989e-01
9.949278555928408041e-01
9.951299822835357745e-01
9.953318250203567752e-01
9.955328259184286210e-01
9.957324498341171282e-01
9.959301861481003604e-01
9.961255503513304355e-01
9.963180854308708589e-01
9.965073630538576754e-01
9.966929845491173667e-01
9.968745816872958132e-01
9.970518172617219843e-01
9.972243854736401181e-01
9.973920121268895489e-01
9.975544546385669564e-01
9.977115018736417706e-01
9.978629738128702575e-01
9.980087210646148010e-01
9.981486242322763491e-01
9.982825931499270666e-01
9.984105659993359749e-01
9.985325083218700160e-01
9.986484119386820346e-01
9.987582937921638537e-01
9.988621947208259355e-01
9.989601781786151546e-01
9.990523289082400282e-01
9.991387515764124094e-01
9.992195693771606102e-01
9.992949226076147662e-01
9.993649672190723088e-01
9.994298733448357952e-01
9.994898238054090722e-01
9.995450125912528350e-01
9.995956433234924887e-01
9.996419276937901222e-01
9.996840838860069356e-01
9.997223349842287998e-01
9.997569073740898427e-01
9.997880291469468661e-01
