9.997975571251660476e-01
9.997680891418158078e-01
9.997354051138244158e-01
9.996993003248894061e-01
9.996595723751364737e-01
9.996160224783566806e-01
9.995684567070066695e-01
9.995166871743196291e-01
9.994605331464738729e-01
9.993998220812057021e-01
9.993343905923315340e-01
9.992640853422289915e-01
9.991887638663192739e-01
9.991082953349523788e-01
9.990225612588169435e-01
9.989314561441406948e-01
9.988348881035783444e-01
9.987327794279233784e-01
9.986250671227392406e-01
9.985117034128027091e-01
9.983926562160160278e-01
9.982679095872568631e-01
9.981374641315952090e-01
9.980013373854627057e-01
9.978595641637499902e-01
9.977121968704606436e-01
9.975593057704402744e-01
9.974009792198376134e-01
9.972373238532896700e-01
9.970684647263334810e-01
9.968945454121865835e-01
9.967157280527646490e-01
9.965321933645775454e-01
9.963441406009098111e-01
9.961517874724183930e-01
9.959553700289166533e-01
9.957551425056184735e-01
9.955513771374614462e-01
9.953443639452623781e-01
9.951344104973661731e-01
9.949218416500993367e-01
9.947069992697147311e-01
9.944902419376132618e-01
9.942719446394506777e-01
9.940524984373001471e-01
9.938323101223737188e-01
9.936118018439440425e-01
9.933914107081057709e-01
9.931715883379329535e-01
9.929528003844945161e-01
9.927355259761585504e-01
9.925202570917254219e-01
9.923074978412541602e-01
9.920977636370648112e-01
9.918915802363655887e-01
9.916894826363323867e-01
9.914920138022915719e-01
9.912997232099473033e-01
9.911131651833603451e-01
9.909328970116118018e-01
9.907594768287435461e-01
9.905934612436155806e-01
9.904354027087122203e-01
9.902858466196046150e-01
9.901453281396865869e-01
9.900143687478984988e-01
9.898934725103937238e-01
9.897831220804637065e-01
9.896837744345005072e-01
9.895958563553279852e-01
9.895197596778646520e-01
9.894558363157972547e-01
9.894043930916965879e-01
9.893656863967869031e-01
9.893399167103054115e-01
9.893272230119778410e-01
9.893276771244768897e-01
9.893412780256791716e-01
9.893679461729363300e-01
9.894075178832651973e-01
9.894597398141760092e-01
9.895242635896599470e-01
9.896006406145327894e-01
9.896883171178214589e-01
9.897866294621661121e-01
9.898947997513516395e-01
9.900119317621735027e-01
9.901370072200661454e-01
9.902688824304806126e-01
9.904062852701482900e-01
9.905478125343845086e-01
9.906919276287505793e-01
9.908369585859729822e-01
9.909810963822727192e-01
9.911223935213917535e-01
9.912587628497927517e-01
9.913879765628781371e-01
9.915076653597042489e-01
9.916153177025714971e-01
9.917082791380670281e-01
9.917837516375521689e-01
9.918387929176779583e-01
9.918703157051853569e-01
9.918750869149149940e-01
9.918497267155469421e-01
9.917907074640198717e-01
9.916943524968162560e-01
9.915568347742856892e-01
9.913741753829270476e-01
9.911422419100561765e-01
9.908567467155812158e-01
9.905132451367285595e-01
9.901071336735293160e-01
9.896336482157097603e-01
9.890878623853018858e-01
9.884646860837265070e-01
9.877588643471859609e-01
9.869649766296968441e-01
9.860774366487401466e-01
9.850904929439008306e-01
9.839982303135831332e-01
9.827945723083931773e-01
9.814732849715241958e-01
9.800279820258765984e-01
9.784521317141343655e-01
9.767390655010687039e-01
9.748819888464955730e-01
9.728739942522216522e-01
9.707080767767234386e-01
9.683771521971171747e-01
9.658740779792003295e-01
9.631916771931381405e-01
9.603227654849838535e-01
9.572601811830225849e-01
9.539968185833455072e-01
9.505256644215760442e-01
9.468398374977918808e-01
9.429326313799378800e-01
9.387975600679270283e-01
9.344284064566763526e-01
9.298192733920290776e-01
9.249646370693505038e-01
9.198594024810267111e-01
9.144989605766460361e-01
9.088792467587688551e-01
9.029968002984447573e-01
8.968488242185153059e-01
8.904332451598521159e-01
8.837487727165730389e-01
8.767949577015804463e-01
8.695722487840649162e-01
8.620820469265068065e-01
8.543267570407528932e-01
8.463098362814273079e-01
8.380358384007147166e-01
8.295104536017049446e-01
8.207405433482369839e-01
8.117341696175420784e-01
8.025006181178117037e-01
7.930504150357943205e-01
7.833953369290709290e-01
7.735484134330986583e-01
7.635239225134298202e-01
7.533373780576729795e-01
7.430055096685049820e-01
7.325462345870036307e-01
7.219786217434684961e-01
7.113228479993110032e-01
7.006001467073508238e-01
6.898327487778268541e-01
6.790438164927558029e-01
6.682573703613183813e-01
6.574982093533796590e-01
6.467918248869916065e-01
6.361643089790738337e-01
6.256422569968169700e-01
6.152526654715437804e-01
6.050228254575753528e-01
5.949802119370896092e-01
5.851523697889959852e-01
5.755667968564689430e-01
5.662508246646364984e-01
5.572314973578291752e-01
5.485354494449284912e-01
5.401887829619487214e-01
5.322169446828015626e-01
5.246446040317890303e-01
5.174955323740009216e-01
5.107924843815550009e-01
5.045570821933413885e-01
4.988097031024697481e-01
4.935693715176183716e-01
4.888536559508034340e-01
4.846785717835137008e-01
4.810584905547725665e-01
4.780060564976796877e-01
4.755321110248772465e-01
4.736456258278964881e-01
4.723536452105385752e-01
4.716612382226137434e-01
4.715714610981001087e-01
4.720853304318265442e-01
4.732018074521286977e-01
4.749177936646149512e-01
4.772281380553620167e-01
4.801256559517189659e-01
4.836011595465350421e-01
4.876434999981346108e-01
4.922396209247434928e-01
4.973746230191323781e-01
5.030318394178633357e-01
5.091929213702692802e-01
5.158379336658593939e-01
5.229454591957067855e-01
5.304927119440989713e-01
5.384556576318655363e-01
5.468091411629134591e-01
5.555270199612091231e-01
5.645823022275796577e-01
5.739472890949305350e-01
5.835937196177920505e-01
5.934929174983807343e-01
6.036159384275505690e-01
6.139337169060968824e-01
6.244172114106218974e-01
6.350375467794386886e-01
6.457661527182307903e-01
6.565748973627840712e-01
6.674362148871622047e-01
6.783232262098995990e-01
6.892098519276586011e-01
7.000709166944361073e-01
7.108822443636231281e-01
7.216207433185426456e-01
7.322644815327754575e-01
7.427927510227196883e-01
7.531861214792611170e-01
7.634264829910499817e-01
7.734970778963971005e-01
7.833825219220864611e-01
7.930688148833432427e-01
8.025433413278322270e-01
8.117948616061844147e-01
8.208134939405938857e-01
8.295906881402608235e-01
8.381191916769223926e-01
8.463930088847081423e-01
8.544073540857606286e-01
8.621585994664076047e-01
8.696442185383874701e-01
8.768627260162725756e-01
8.838136149265747310e-01
8.904972917370573837e-01
8.969150102577636563e-01
9.030688050195356809e-01
9.089614247828535776e-01
9.145962667712084215e-01
9.199773121605292481e-01
9.251090632909646505e-01
9.299964830010781780e-01
9.346449364186646402e-01
9.390601354781772381e-01
9.432480863733170295e-01
9.472150400955762217e-01
9.509674461562243053e-01
9.545119095408988175e-01
9.578551509030083233e-01
9.610039699647175970e-01
9.639652120624130349e-01
9.667457377470830560e-01
9.693523953287435102e-01
9.717919962375386467e-01
9.740712930620023524e-01
9.761969601167005406e-01
9.781755763865682685e-01
9.800136106931872648e-01
9.817174089285168881e-01
9.832931832037222764e-01
9.847470027643103752e-01
9.860847865274203761e-01
9.873122971025108940e-01
9.884351361626066979e-01
9.894587410395193627e-01
9.903883824229360311e-01
9.912291630498769601e-01
9.919860172777288376e-01
9.926637114408422002e-01
9.932668448975126019e-01
9.937998516810403471e-01
9.942670026754387713e-01
9.946724082431834812e-01
9.950200212390862831e-01
9.953136403508276997e-01
9.955569137127869839e-01
9.957533427454173802e-01
9.959062861774381492e-01
9.960189642124106513e-01
9.960944628047984084e-01
9.961357380133152306e-01
9.961456204012737459e-01
9.961268194548253962e-01
9.960819279905366308e-01
9.960134265238530515e-01
9.959236875698406211e-01
9.958149798473864278e-01
9.956894723580046458e-01
9.955492383107240606e-01
9.953962588654198251e-01
9.952324266685154130e-01
9.950595491573137608e-01
9.948793516123436431e-01
9.946934799409947736e-01
9.945035031802827996e-01
9.943109157117058228e-01
9.941171391866482354e-01
9.939235241664821086e-01
9.937313514871880527e-01
9.935418333637819899e-01
9.933561142548887890e-01
9.931752715122881270e-01
9.930003158440293687e-01
9.928321916226747756e-01
9.926717770723108014e-01
9.925198843691506179e-01
9.923772596908381205e-01
9.922445832490152107e-01
9.921224693383954296e-01
9.920114664336048271e-01
9.919120573625326287e-01
9.918246595819937284e-01
9.917496255782982661e-01
9.916872434119609059e-01
9.916377374224005781e-01
9.916012691051684369e-01
9.915779381710919660e-01
9.915677837937824091e-01
9.915707860492577463e-01
9.915868675489893924e-01
9.916158952654700043e-01
9.916576825473943924e-01
9.917119913196976722e-01
9.917785344619609589e-01
9.918569783570372334e-01
9.919469456001178687e-01
9.920480178568611418e-01
9.921597388576047782e-01
9.922816175131282668e-01
9.924131311359285501e-01
9.925537287495826977e-01
9.927028344675359328e-01
9.928598509216367551e-01
9.930241627199793975e-01
9.931951399131629943e-01
9.933721414479415035e-01
9.935545185874473662e-01
9.937416182776941387e-01
9.939327864408823432e-01
9.941273711771070332e-01
9.943247258573316705e-01
9.945242120919083328e-01
9.947252025604200742e-01
9.949270836901582538e-01
9.951292581720684316e-01
9.953311473044903490e-01
9.955321931564493632e-01
9.957318605436278336e-01
9.959296388114661225e-01
9.961250434211219584e-01
9.963176173352753517e-01
9.965069322020312370e-01
9.966925893364532163e-01
9.968742205005856061e-01
9.970514884841855663e-01
9.972240874898019580e-01
9.973917433272790900e-01
9.975542134242205705e-01
9.977112866603895514e-01
9.978627830353887784e-01
9.980085531802355137e-01
9.981484777245440698e-01
9.982824665319069979e-01
9.984104578166785871e-01
9.985324171556464457e-01
9.986483364080134262e-01
9.987582325566697339e-01
9.988621464829229302e-01
9.989601416856978000e-01
9.990523029547733191e-01
9.991387350059629524e-01
9.992195610843817022e-01
9.992949215401956131e-01
9.993649723796438344e-01
9.994298837928142776e-01
9.994898386587445227e-01
9.995450310280331596e-01
9.995956645833459220e-01
9.996419510790177654e-01
9.996841087623739019e-01
9.997223607813409130e-01
9.997569335852912742e-01
9.997880553286808691e-01
