9.997976385704365754e-01
9.997681810677025993e-01
9.997355084013511695e-01
9.996994158682002141e-01
9.996597010749045387e-01
9.996161652349363491e-01
9.995686144134448003e-01
9.995168607093376512e-01
9.994607233675318891e-01
9.994000298177506680e-01
9.993346166393225483e-01
9.992643304540201887e-01
9.991890287509689328e-01
9.991085806490094257e-01
9.990228676026255972e-01
9.989317840576861229e-01
9.988352380628842120e-01
9.987331518419998444e-01
9.986254623310668599e-01
9.985121216833299229e-01
9.983930977436352716e-01
9.982683744927198788e-01
9.981379524608183784e-01
9.980018491091680044e-01
9.978600991773821649e-01
9.977127549943151097e-01
9.975598867499343436e-01
9.974015827258532196e-01
9.972379494825150958e-01
9.970691120015318099e-01
9.968952137823202664e-01
9.967164168929110168e-01
9.965329019755743145e-01
9.963448682086826214e-01
9.961525332269515198e-01
9.959561330028439130e-01
9.957559216924293244e-01
9.955521714493333896e-01
9.953451722105520760e-01
9.951352314578119085e-01
9.949226739578047596e-01
9.947078414840028193e-01
9.944910925218524156e-01
9.942728019579691878e-01
9.940533607525090520e-01
9.938331755922237276e-01
9.936126685198397590e-01
9.933922765333926819e-01
9.931724511470655381e-01
9.929536579029764054e-01
9.927363758213327838e-01
9.925210967744724222e-01
9.923083247686375064e-01
9.920985751159482335e-01
9.918923734780048518e-01
9.916902547619368402e-01
9.914927618495325001e-01
9.913004441403867606e-01
9.911138558907657270e-01
9.909335543311188488e-01
9.907600975468285887e-01
9.905940421088376135e-01
9.904359404431828384e-01
9.902863379311419578e-01
9.901457697346048858e-01
9.900147573443730531e-01
9.898938048523314714e-01
9.897833949517892416e-01
9.896839846737475188e-01
9.895960008703962307e-01
9.895198354607785962e-01
9.894558404572643129e-01
9.894043227952389330e-01
9.893655389921846011e-01
9.893396896660668904e-01
9.893269139465308282e-01
9.893272838157625149e-01
9.893407984188270499e-01
9.893673783857082071e-01
9.894068602089723941e-01
9.894589907218095393e-01
9.895234217210160388e-01
9.895997047781706080e-01
9.896872862797591042e-01
9.897855027332926880e-01
9.898935763716174563e-01
9.900106110817046279e-01
9.901355886774402260e-01
9.902673655284858212e-01
9.904046695494326258e-01
9.905460975454799533e-01
9.906901129030264430e-01
9.908350436061300615e-01
9.909790805530370728e-01
9.911202761410951023e-01
9.912565430835442726e-01
9.913856534180303104e-01
9.915052376642944365e-01
9.916127840873893984e-01
9.917056380229439805e-01
9.917810012224025362e-01
9.918359311787450228e-01
9.918673403968514268e-01
9.918719955773395158e-01
9.918465166882912687e-01
9.917873759057145300e-01
9.916908964108195335e-01
9.915532510401871003e-01
9.913704607936553170e-01
9.911383932142712183e-01
9.908527606649605302e-01
9.905091185377016272e-01
9.901028634429719366e-01
9.896292314400807477e-01
9.890832963826855506e-01
9.884599684682412457e-01
9.877539930952133895e-01
9.869599501473984571e-01
9.860722538403307036e-01
9.850851532801575550e-01
9.839927339000749118e-01
9.827889199529127318e-01
9.814674782502005312e-01
9.800220233474344900e-01
9.784460243817494352e-01
9.767328137712445457e-01
9.748755979843669595e-01
9.728674705826608760e-01
9.707014277306084127e-01
9.683703863521012645e-01
9.658672050943188925e-01
9.631847082365877499e-01
9.603157126544276112e-01
9.572530579178054611e-01
9.539896395680466101e-01
9.505184455803847854e-01
9.468325959792661672e-01
9.429253855317851762e-01
9.387903294015420563e-01
9.344212116012644564e-01
9.298121360382484157e-01
9.249575799025026024e-01
9.198524491039272721e-01
9.144921354223946031e-01
9.088725749937260900e-01
9.029903077157961366e-01
8.968425371228716525e-01
8.904271902433876784e-01
8.837429769272516777e-01
8.767894481040546806e-01
8.695670524138647828e-01
8.620771906381540228e-01
8.543222673504535791e-01
8.463057392050126193e-01
8.380321592875019654e-01
8.295072169649672089e-01
8.207377726929707684e-01
8.117318872662359075e-01
8.024988450349228586e-01
7.930491706516579198e-01
7.833946389639800945e-01
7.735482777223152695e-01
7.635243628339164479e-01
7.533384059573783320e-01
7.430071342990782757e-01
7.325484625408901218e-01
7.219814568964100232e-01
7.113262913593789705e-01
7.006041962717557414e-01
6.898373993988842212e-01
6.790490597545364437e-01
6.682631944686822090e-01
6.575045990352499370e-01
6.467987613159177362e-01
6.361717697092750257e-01
6.256502159230529214e-01
6.152610928112711708e-01
6.050316877589174691e-01
5.949894721151531840e-01
5.851619871930324734e-01
5.755767273702090403e-01
5.662610208419377456e-01
5.572419085954307683e-01
5.485460221936924174e-01
5.401994609774568579e-01
5.322276693155585381e-01
5.246553145565897580e-01
5.175061663572635418e-01
5.108029780846019552e-01
5.045673710087772434e-01
4.988197220199513948e-01
4.935790556145095431e-01
4.888629409024154437e-01
4.846873943869610679e-01
4.810667892598698980e-01
4.780137719378639849e-01
4.755391865407950780e-01
4.736520079761719071e-01
4.723592842502175593e-01
4.716660885719906604e-01
4.715754817549645539e-01
4.720884853506948087e-01
4.732040658726821558e-01
4.749191303863526947e-01
4.772285336543886647e-01
4.801250969365512544e-01
4.835996384508656210e-01
4.876410154095560667e-01
4.922361774494926623e-01
4.973702311839840462e-01
5.030265155112754183e-01
5.091866872258350440e-01
5.158308163919439471e-01
5.229374908558928059e-01
5.304839291937023527e-01
5.384461013162782361e-01
5.467988558839099733e-01
5.555160536176340091e-01
5.645707055369493244e-01
5.739351151025202658e-01
5.835810231996823028e-01
5.934797548647514631e-01
6.036023666322398729e-01
6.139197933680655694e-01
6.244029934525584524e-01
6.350230911882353002e-01
6.457515153315340761e-01
6.565601326852694708e-01
6.674213757395686120e-01
6.783083634132691664e-01
6.891950140246182466e-01
7.000561497087423035e-01
7.108675915986163441e-01
7.216062451945739475e-01
7.322501754631487447e-01
7.427786713271764540e-01
7.531722993335914218e-01
7.634129464109892238e-01
7.734838517536264391e-01
7.833696279898406667e-01
7.930562719088908308e-01
8.025311651289057657e-01
8.117830651883102266e-01
8.208020876321995285e-01
8.295796797424217495e-01
8.381085866246466010e-01
8.463828104167381294e-01
8.543975634200042801e-01
8.621492159782675468e-01
8.696352399394606802e-01
8.768541485311180939e-01
8.838054334654867894e-01
8.904895000630489443e-01
8.969076011462296938e-01
9.030617704093391040e-01
9.089547559178484670e-01
9.145899543314773839e-01
9.199713463828612658e-01
9.251034340783357290e-01
9.299911800211111412e-01
9.346399491912357194e-01
9.390554534525051844e-01
9.432436989950074846e-01
9.472109368642115390e-01
9.509636166741682883e-01
9.545083435540512307e-01
9.578518383342705667e-01
9.610009009409469227e-01
9.639623769356292504e-01
9.667431271106637913e-01
9.693500000293032715e-01
9.717898073831315875e-01
9.740693020272283009e-01
9.761951585452288693e-01
9.781739561915249181e-01
9.800121640557869496e-01
9.817161282952567847e-01
9.832920612823984330e-01
9.847460325190651176e-01
9.860839611729840248e-01
9.873116100977668008e-01
9.884345812035740808e-01
9.894583120518324337e-01
9.903880735538751479e-01
9.912289686600016525e-01
9.919859319321562285e-01
9.926637299002121217e-01
9.932669621086835932e-01
9.938000627675666054e-01
9.942673029278816799e-01
9.946727931093235497e-01
9.950204863141041134e-01
9.953141813675375760e-01
9.955575265320075751e-01
9.957540233465772550e-01
9.959070306495151348e-01
9.960197687453102855e-01
9.960953236812775113e-01
9.961366516015552897e-01
9.961465831482064770e-01
9.961278278803040731e-01
9.960829786824381138e-01
9.960145161341814601e-01
9.959248128118860510e-01
9.958161374939736854e-01
9.956906592408437673e-01
9.955504513208492945e-01
9.953974949546777751e-01
9.952336828520367273e-01
9.950608225168743326e-01
9.948806393004969717e-01
9.946947791858314902e-01
9.945048112906551552e-01
9.943122300827356153e-01
9.941184573053283291e-01
9.939248436171727041e-01
9.937326699568129751e-01
9.935431486465360340e-01
9.933574242562818180e-01
9.931765742523732676e-01
9.930016094596901821e-01
9.928334743688762565e-01
9.926730473222595830e-01
9.925211406133427339e-01
9.923785005350180821e-01
9.922458074111041304e-01
9.921236756444848925e-01
9.920126538131435190e-01
9.919132248428583765e-01
9.918258062823845922e-01
9.917507507037247594e-01
9.916883462467263044e-01
9.916388173238503967e-01
9.916023254976376045e-01
9.915789705402382470e-01
9.915687916814297509e-01
9.915717690488435876e-01
9.915878253016782162e-01
9.916168274569651109e-01
9.916585889054454483e-01
9.917128716122745047e-01
9.917793884960409700e-01
9.918578059779289413e-01
9.919477466912343111e-01
9.920487923398415564e-01
9.921604866926844180e-01
9.922823386996540984e-01
9.924138257129264673e-01
9.925543967962897618e-01
9.927034761038252553e-01
9.928604663082734039e-01
9.930247520586642507e-01
9.931957034463312350e-01
9.933726794583004338e-01
9.935550313972469905e-01
9.937421062477358458e-01
9.939332499692802303e-01
9.941278106978204132e-01
9.943251418384936313e-01
9.945246050339763277e-01
9.947255729941771873e-01
9.949274321745901206e-01
9.951295852921433482e-01
9.953314536688656622e-01
9.955324793951240148e-01
9.957321273055623756e-01
9.959298867621845242e-01
9.961252732403111931e-01
9.963178297143951978e-01
9.965071278419462830e-01
9.966927689450986172e-01
9.968743847906762490e-01
9.970516381709809695e-01
9.972242232889362290e-01
9.973918659526650465e-01
9.975543235860405700e-01
9.977113850631786907e-01
9.978628703762187913e-01
9.980086301470053600e-01
9.981485449943772181e-01
9.982825247696576199e-01
9.984105076735410034e-01
9.985324592678609390e-01
9.986483713956590957e-01
9.987582610225307356e-01
9.988621690114146690e-01
9.989601588418379752e-01
9.990523152831845000e-01
9.991387430298948047e-01
9.992195653047460935e-01
9.992949224346110437e-01
9.993649704014930801e-01
9.994298793703252359e-01
9.994898321941109165e-01
9.995450228965981898e-01
9.995956551328768480e-01
9.996419406291051635e-01
9.996840976039873539e-01
9.997223491765782066e-01
9.997569217673506481e-01
9.997880435020840562e-01
