9.997987700834779501e-01
9.997694704997497350e-01
9.997369712632455663e-01
9.997010682814837512e-01
9.996615596891063049e-01
9.996182471352631493e-01
9.995709370200915878e-01
9.995194416697974482e-01
9.994635804433973369e-01
9.994031807675755053e-01
9.993380790991326368e-01
9.992681218170517132e-01
9.991931660481497834e-01
9.991130804316118441e-01
9.990277458283957079e-01
9.989370559816136419e-01
9.988409181336201925e-01
9.987392536047637881e-01
9.986319983377146547e-01
9.985191034100889818e-01
9.984005355168519280e-01
9.982762774228087777e-01
9.981463283844609347e-01
9.980107045396665599e-01
9.978694392629495757e-01
9.977225834839525964e-01
9.975702059664295351e-01
9.974123935453134138e-01
9.972492513197303010e-01
9.970809028003508878e-01
9.969074900101101422e-01
9.967291735380685580e-01
9.965461325469703313e-01
9.963585647358464970e-01
9.961666862597650107e-01
9.959707316095011143e-01
9.957709534544553209e-01
9.955676224525353835e-01
9.953610270309115604e-01
9.951514731415138648e-01
9.949392839948425493e-01
9.947247997750867654e-01
9.945083773386790282e-01
9.942903898972634824e-01
9.940712266846241096e-01
9.938512926054455798e-01
9.936310078618884045e-01
9.934108075519172409e-01
9.931911412311746901e-01
9.929724724280289960e-01
9.927552780993085246e-01
9.925400480122607005e-01
9.923272840365132685e-01
9.921174993283546906e-01
9.919112173885511474e-01
9.917089709742457071e-01
9.915113008452740573e-01
9.913187543255103096e-01
9.911318836606296534e-01
9.909512441549221951e-01
9.907773920714947335e-01
9.906108822822899951e-01
9.904522656567993355e-01
9.903020861810717390e-01
9.901608778015710266e-01
9.900291609915616853e-01
9.899074390409516866e-01
9.897961940738717601e-01
9.896958828016969578e-01
9.896069320227122157e-01
9.895297338831841039e-01
9.894646409182185076e-01
9.894119608944480504e-01
9.893719514802682413e-01
9.893448147729817510e-01
9.893306917157251856e-01
9.893296564403497584e-01
9.893417105753607999e-01
9.893667775604482184e-01
9.894046970108928418e-01
9.894552191760630500e-01
9.895179995361658154e-01
9.895925935802851736e-01
9.896784518064520864e-01
9.897749149810227687e-01
9.898812096900451163e-01
9.899964442096454986e-01
9.901196047159522839e-01
9.902495518478648950e-01
9.903850176283356399e-01
9.905246027420208099e-01
9.906667741594384902e-01
9.908098630904261794e-01
9.909520632429509313e-01
9.910914293574133449e-01
9.912258759816684472e-01
9.913531764481913200e-01
9.914709620122224010e-01
9.915767211083711397e-01
9.916677986830407798e-01
9.917413955611154019e-01
9.917945678075780203e-01
9.918242260480303329e-01
9.918271347163837293e-01
9.917999112032223064e-01
9.917390248844415446e-01
9.916407960167020752e-01
9.915013944939768953e-01
9.913168384680328682e-01
9.910829928450605175e-01
9.907955676809134804e-01
9.904501165085486392e-01
9.900420346433144170e-01
9.895665575247103440e-01
9.890187591671170120e-01
9.883935508066771236e-01
9.876856798468568455e-01
9.868897292209978245e-01
9.860001173060868318e-01
9.850110985376211437e-01
9.839167648903808239e-01
9.827110484035939120e-01
9.813877249408446968e-01
9.799404193845343558e-01
9.783626124712032635e-01
9.766476494770315320e-01
9.747887509619223012e-01
9.727790257753777814e-01
9.706114865176930229e-01
9.682790676357057036e-01
9.657746463135068460e-01
9.630910662952786305e-01
9.602211647500722425e-01
9.571578022572230227e-01
9.538938959566642950e-01
9.504224558711161785e-01
9.467366243675062742e-01
9.428297186835171706e-01
9.386952764023783757e-01
9.343271037153919600e-01
9.297193262677042602e-01
9.248664423389523215e-01
9.197633780671159442e-01
9.144055443816353490e-01
9.087888952711224988e-01
9.029099869723037353e-01
8.967660376307100556e-01
8.903549869506679482e-01
8.836755553229150850e-01
8.767273018932838502e-01
8.695106810159847210e-01
8.620270965206706659e-01
8.542789532142524012e-01
8.462697050368649387e-01
8.380038992969112144e-01
8.294872164230231437e-01
8.207265046913142514e-01
8.117298094144506093e-01
8.025063961147271829e-01
7.930667672461436668e-01
7.834226720798966870e-01
7.735871094230131195e-01
7.635743229000834242e-01
7.533997885921457360e-01
7.430801948934568912e-01
7.326334145148731825e-01
7.220784686304830835e-01
7.114354832306579723e-01
7.007256378085996440e-01
6.899711065676676913e-01
6.791949923923839005e-01
6.684212538764411349e-01
6.576746257458722100e-01
6.469805330547730993e-01
6.363649995647754354e-01
6.258545507483170844e-01
6.154761118803675490e-01
6.052569017044049371e-01
5.952243221771025272e-01
5.854058448132581916e-01
5.758288941688846085e-01
5.665207290168583487e-01
5.575083217866614316e-01
5.488182368579100912e-01
5.404765083166531703e-01
5.325085178036943478e-01
5.249388731049835499e-01
5.177912881548092372e-01
5.110884651421969682e-01
5.048519794285748485e-01
4.991021679992566629e-01
4.938580221814696802e-01
4.891370853663625784e-01
4.849553564706590159e-01
4.813271998644330640e-01
4.782652624742349534e-01
4.757803987449469307e-01
4.738816041091629128e-01
4.725759575695211989e-01
4.718685739476142782e-01
4.717625662933379038e-01
4.722590188815540824e-01
4.733569711495313470e-01
4.750534128498541397e-01
4.773432906102516027e-01
4.802195260052647408e-01
4.836730451557451627e-01
4.876928197819010435e-01
4.922659195447863789e-01
4.973775754206413158e-01
5.030112537629394254e-01
5.091487406191285148e-01
5.157702357833271467e-01
5.228544559833077088e-01
5.303787465204266027e-01
5.383192006054011713e-01
5.466507855615638789e-01
5.553474750011857530e-01
5.643823860204526532e-01
5.737279204055630855e-01
5.833559087971964541e-01
5.932377567242049787e-01
6.033445913909489811e-01
6.136474080870912839e-01
6.241172150849267908e-01
6.347251758981444780e-01
6.454427477979416405e-01
6.562418155180058665e-01
6.670948191291079521e-01
6.779748751267256068e-01
6.888558898506534911e-01
6.997126644431700404e-01
7.105209906506964046e-01
7.212577368816606160e-01
7.319009240486211709e-01
7.424297908437125226e-01
7.528248482210174730e-01
7.630679229853721823e-01
7.731421905121200755e-01
7.830321967442520625e-01
7.927238697301238757e-01
8.022045210745086807e-01
8.114628377764201428e-01
8.204888650173186582e-01
8.292739805417685961e-01
8.378108613383263847e-01
8.460934433807126842e-01
8.541168752278041065e-01
8.618774663055597252e-01
8.693726307049268742e-01
8.766008273275318619e-01
8.835614971963534625e-01
8.902549987225647499e-01
8.966825416835481066e-01
9.028461206220738111e-01
9.087484483242772582e-01
9.143928899759243834e-01
9.197833985340923002e-01
9.249244517863872694e-01
9.298209915036704798e-01
9.344783650263690511e-01
9.389022695601083601e-01
9.430986993947070296e-01
9.470738962024937146e-01
9.508343025181830166e-01
9.543865184537470014e-01
9.577372616582288112e-01
9.608933304944461407e-01
9.638615703720692096e-01
9.666488431494990596e-01
9.692619994950963935e-01
9.717078540812486009e-01
9.739931634721114007e-01
9.761246065571366204e-01
9.781087673771935442e-01
9.799521201876967291e-01
9.816610166031695117e-01
9.832416746696175380e-01
9.847001697145513210e-01
9.860424268290836070e-01
9.872742148419442199e-01
9.884011416512354931e-01
9.894286507861140834e-01
9.903620190771904586e-01
9.912063553211997169e-01
9.919665998323660139e-01
9.926475247798143275e-01
9.932537352173800294e-01
9.937896707191720136e-01
9.942596075412503120e-01
9.946676612367053583e-01
9.950177896582041992e-01
9.953137962885880707e-01
9.955593338462572772e-01
9.957579081177275748e-01
9.959128819747767869e-01
9.960274795379099322e-01
9.961047904513933293e-01
9.961477742377975453e-01
9.961592647018786550e-01
9.961419743547677008e-01
9.960984988299598220e-01
9.960313212626547008e-01
9.959428166037888053e-01
9.958352558398404497e-01
9.957108100893922176e-01
9.955715545477074047e-01
9.954194722514032589e-01
9.952564576368054805e-01
9.950843198678442914e-01
9.949047859124282578e-01
9.947195033500723094e-01
9.945300428980927698e-01
9.943379006487771399e-01
9.941445000154285339e-01
9.939511933908863339e-01
9.937592635278308384e-01
9.935699246556943809e-01
9.933843233541284068e-01
9.932035392075541091e-01
9.930285852692064541e-01
9.928604083661698443e-01
9.926998892791211171e-01
9.925478428318198487e-01
9.924050179258157023e-01
9.922720975554245593e-01
9.921496988368232461e-01
9.920383730832280644e-01
9.919386059556670743e-01
9.918508177159540695e-01
9.917753636052593080e-01
9.917125343682759997e-01
9.916625569395215445e-01
9.916255953048962457e-01
9.916017515483396272e-01
9.915910670903286261e-01
9.915935241221093266e-01
9.916090472369369913e-01
9.916375052572379278e-01
9.916787132544543359e-01
9.917324347563675202e-01
9.917983841348744223e-01
9.918762291654732444e-01
9.919655937480663654e-01
9.920660607770930284e-01
9.921771751474561807e-01
9.922984468812119374e-01
9.924293543585819277e-01
9.925693476355572642e-01
9.927178518292366638e-01
9.928742705511277578e-01
9.930379893679843750e-01
9.932083792693799928e-01
9.933848001211622591e-01
9.935666040841868440e-01
9.937531389782893188e-01
9.939437515722898686e-01
9.941377907818901294e-01
9.943346107585818716e-01
9.945335738540695969e-01
9.947340534461722727e-01
9.949354366136672345e-01
9.951371266490207645e-01
9.953385453994018084e-01
9.955391354277715044e-01
9.957383619871822411e-01
9.959357148027164763e-01
9.961307096567559860e-01
9.963228897745191048e-01
9.965118270080624008e-01
9.966971228182258669e-01
9.968784090553258759e-01
9.970553485407780414e-01
9.972276354532494391e-01
9.973949955244009180e-01
9.975571860507457256e-01
9.977139957296004003e-01
9.978652443284864448e-01
9.980107821986137218e-01
9.981504896441820707e-01
9.982842761601155024e-01
9.984120795514532798e-01
9.985338649478979756e-01
9.986496237269512077e-01
9.987593723586110084e-01
9.988631511837869903e-01
9.989610231374174143e-01
9.990530724258182005e-01
9.991394031661234854e-01
9.992201379939087413e-01
9.992954166433283270e-01
9.993653945024990604e-01
9.994302411455466828e-01
9.994901388418271360e-01
9.995452810424526602e-01
9.995958708444583340e-01
9.996421194337674621e-01
9.996842445095440732e-01
9.997224686944803373e-01
9.997570179379391409e-01
9.997881199215038484e-01
