9.997987368042812184e-01
9.997694306196088787e-01
9.997369237947670850e-01
9.997010121469857014e-01
9.996614937210331897e-01
9.996181700778727919e-01
9.995708475324555087e-01
9.995193383301261836e-01
9.994634617546712674e-01
9.994030451644273505e-01
9.993379249559022348e-01
9.992679474569028386e-01
9.991929697531187760e-01
9.991128604534368352e-01
9.990275003999633530e-01
9.989367833288512744e-01
9.988406164876588722e-01
9.987389212141972727e-01
9.986316334807875394e-01
9.985187044066543560e-01
9.984001007399517791e-01
9.982758053097432471e-01
9.981458174472258582e-01
9.980101533746564835e-01
9.978688465598349877e-01
9.977219480336564361e-01
9.975695266681440243e-01
9.974116694125095828e-01
9.972484814851332313e-01
9.970800865198652385e-01
9.969066266657046205e-01
9.967282626396446465e-01
9.965451737332665649e-01
9.963575577744548939e-01
9.961656310463632424e-01
9.959696281664327522e-01
9.957698019288189206e-01
9.955664231139698117e-01
9.953597802692857321e-01
9.951501794647471533e-01
9.949379440270896824e-01
9.947234142555192449e-01
9.945069471210860046e-01
9.942889159506680397e-01
9.940697100950783849e-01
9.938497345791225124e-01
9.936294097295318428e-01
9.934091707746527389e-01
9.931894674076178209e-01
9.929707633025628422e-01
9.927535355713429377e-01
9.925382741462285274e-01
9.923254810723189934e-01
9.921156696919566365e-01
9.919093637023460586e-01
9.917070960669205348e-01
9.915094077608066492e-01
9.913168463310270129e-01
9.911299642528658138e-01
9.909493170650787164e-01
9.907754612683310480e-01
9.906089519733436433e-01
9.904503402876639884e-01
9.903001704327010213e-01
9.901589765855987046e-01
9.900272794436386636e-01
9.899055825120967045e-01
9.897943681198169141e-01
9.896940931701820876e-01
9.896051846386496598e-01
9.895280348315773633e-01
9.894629964246872689e-01
9.894103773031835969e-01
9.893704352292341797e-01
9.893433723661769763e-01
9.893293296923556523e-01
9.893283813408053629e-01
9.893405289039710615e-01
9.893656957450874811e-01
9.894037213596316160e-01
9.894543558311963416e-01
9.895172544261012781e-01
9.895919723699295734e-01
9.896779598468828931e-01
9.897745572593747987e-01
9.898809907806604969e-01
9.899963682276312626e-01
9.901196752743502971e-01
9.902497720196595798e-01
9.903853899145097506e-01
9.905251290468009007e-01
9.906674557737689124e-01
9.908107006845575659e-01
9.909530568688421637e-01
9.910925784614224021e-01
9.912271794277585091e-01
9.913546325516054969e-01
9.914725685832994628e-01
9.915784755058879574e-01
9.916696978761847525e-01
9.917434361989249103e-01
9.917967462944453638e-01
9.918265386236504444e-01
9.918295775383588753e-01
9.918024804304078623e-01
9.917417167590425464e-01
9.916436069431088240e-01
9.915043211123678590e-01
9.913198777208619417e-01
9.910861420346979145e-01
9.907988245169022656e-01
9.904534791431814922e-01
9.900455016945041153e-01
9.895701280854248827e-01
9.890224328009549204e-01
9.883973275294604122e-01
9.876895600944090026e-01
9.868937138035378531e-01
9.860042073498972437e-01
9.850152954148350126e-01
9.839210701378707791e-01
9.827154636320399872e-01
9.813922517351030272e-01
9.799450591964373736e-01
9.783673665058959523e-01
9.766525185739050041e-01
9.747937354711492253e-01
9.727841254310000130e-01
9.706167003081699329e-01
9.682843936728119383e-01
9.657800817004740246e-01
9.630966069951151232e-01
9.602268054550647802e-01
9.571635362607233688e-01
9.538997150283833326e-01
9.504283501372853271e-01
9.467425821973988187e-01
9.428357265839530932e-01
9.387013189219408638e-01
9.343331633601570374e-01
9.297253834303189635e-01
9.248724752428783003e-01
9.197693627277842010e-01
9.144114545861352639e-01
9.087947025778717602e-01
9.029156607319195338e-01
8.967715450290419943e-01
8.903602930746603583e-01
8.836806232496530189e-01
8.767320928022600546e-01
8.695151543243082592e-01
8.620312100406348765e-01
8.542826633323979957e-01
8.462729669134223531e-01
8.380066670842807319e-01
8.294894435017696743e-01
8.207281439219950014e-01
8.117308134034834088e-01
8.025067174924176427e-01
7.930663589549391546e-01
7.834214876709114650e-01
7.735851033588743153e-01
7.635714508621822549e-01
7.533960077904410246e-01
7.430754643770700607e-01
7.326276954818438103e-01
7.220717247351999823e-01
7.114276808876769387e-01
7.007167464917696265e-01
6.899610991037234964e-01
6.791838452484215694e-01
6.684089474409402598e-01
6.576611446031730424e-01
6.469658662531266868e-01
6.363491408782391279e-01
6.258374989328508997e-01
6.154578709244659107e-01
6.052374810744647338e-01
5.952037370574709829e-01
5.853841163404683856e-01
5.758060496590505783e-01
5.664968021844858370e-01
5.574833529523052222e-01
5.487922731411780664e-01
5.404496038100691235e-01
5.324807337219141790e-01
5.249102779028900212e-01
5.177619576071180729e-01
5.110584823764863227e-01
5.048214349031382442e-01
4.990711594169280341e-01
4.938266543306564227e-01
4.891054698809620405e-01
4.849236115013328963e-01
4.812954496549407546e-01
4.782336368380766256e-01
4.757490324395191594e-01
4.738506361068207662e-01
4.725455302274117475e-01
4.718388320807448411e-01
4.717336561580254273e-01
4.722310870790347170e-01
4.733301634620510345e-01
4.750278730238490787e-01
4.773191591032445169e-01
4.801969387147160262e-01
4.836521321492865955e-01
4.876737040490677355e-01
4.922487157905603983e-01
4.973623889207766657e-01
5.029981793002101798e-01
5.091378615183252965e-01
5.157616230610897468e-01
5.228481676267620060e-01
5.303748269061978604e-01
5.383176800679253526e-01
5.466516801168348483e-01
5.553507862292401676e-01
5.643881011070346343e-01
5.737360123406751722e-01
5.833663367256050059e-01
5.932504664405665595e-01
6.033595159700462229e-01
6.136644686377688007e-01
6.241363216147246540e-01
6.347462282743323581e-01
6.454656367897082525e-01
6.562664239038893399e-01
6.671210228534237840e-01
6.780025444886691455e-01
6.888848907099975882e-01
6.997428594269077262e-01
7.105522403456795422e-01
7.212899009991593502e-01
7.319338625477807003e-01
7.424633650020748821e-01
7.528589216415930707e-01
7.631023625311470493e-01
7.731768671603542753e-01
7.830669863544379439e-01
7.927586537209967421e-01
8.022391870070229025e-01
8.114972798410863275e-01
8.205229844257339034e-01
8.293076858235287618e-01
8.378440685457706483e-01
8.461260762051086015e-01
8.541488650316130249e-01
8.619087520763104582e-01
8.694031589369847213e-01
8.766305518386486861e-01
8.835903788863379571e-01
8.902830052817154449e-01
8.967096472586500999e-01
9.028723054477779675e-01
9.087736983275711555e-01
9.144171963611729126e-01
9.198067573557856536e-01
9.249468635163003993e-01
9.298424605986234104e-01
9.344988995021945577e-01
9.389218805767968190e-01
9.431174008570296641e-01
9.470917043797070223e-01
9.508512356857184988e-01
9.544025965590943184e-01
9.577525060125464673e-01
9.609077634907962073e-01
9.638752152305760657e-01
9.666617236891998921e-01
9.692741399317766904e-01
9.717192788501579637e-01
9.740038970741310420e-01
9.761346734267246639e-01
9.781181917702634898e-01
9.799609260874919681e-01
9.816692276421641328e-01
9.832493140655093056e-01
9.847072602184941958e-01
9.860489906844311925e-01
9.872802737519290606e-01
9.884067167541858989e-01
9.894337626369910099e-01
9.903666876344148218e-01
9.912105999379181576e-01
9.919704392514676616e-01
9.926509771321631037e-01
9.932568180228518173e-01
9.937924008901950490e-01
9.942620013886320773e-01
9.946697344775943250e-01
9.950195574260781717e-01
9.953152731451924140e-01
9.955605337954285261e-01
9.957588446210403621e-01
9.959135679689445908e-01
9.960279274538564875e-01
9.961050122348875657e-01
9.961477813715237106e-01
9.961590682287836396e-01
9.961415849024977121e-01
9.960979266361712492e-01
9.960305762009503683e-01
9.959419082100054998e-01
9.958341933383851874e-01
9.957096024193007322e-01
9.955702103880812448e-01
9.954180000458645594e-01
9.952548656166037011e-01
9.950826160732479941e-01
9.949029782120444310e-01
9.947175994577558411e-01
9.945280503871383182e-01
9.943358269631275004e-01
9.941423524776892284e-01
9.939489792069974294e-01
9.937569897883283820e-01
9.935675983335736650e-01
9.933819512994175316e-01
9.932011281387980173e-01
9.930261417621628617e-01
9.928579388401063133e-01
9.926973999811918858e-01
9.925453398200698718e-01
9.924025070514184144e-01
9.922695844447926294e-01
9.921471888742444678e-01
9.920358713946657581e-01
9.919361173943227472e-01
9.918483468501261280e-01
9.917729147089415775e-01
9.917101114148342278e-01
9.916601635986592722e-01
9.916232349429947579e-01
9.915994272321186909e-01
9.915887815936501593e-01
9.915912799356252361e-01
9.916068465801864962e-01
9.916353500927198583e-01
9.916766053031478290e-01
9.917303755141538835e-01
9.917963748893132703e-01
9.918742710124186512e-01
9.919636876076597387e-01
9.920642074087442364e-01
9.921753751635074003e-01
9.922967007590722810e-01
9.924276624512172740e-01
9.925677101803086488e-01
9.927162689550248498e-01
9.928727422841716610e-01
9.930365156362153112e-01
9.932069599057735676e-01
9.933834348662310409e-01
9.935652925878826203e-01
9.937518808015575189e-01
9.939425461884952018e-01
9.941366375783079468e-01
9.943335090381130170e-01
9.945325228372973170e-01
9.947330522738458969e-01
9.949344843496572555e-01
9.951362222837617511e-01
9.953376878538087169e-01
9.955383235575967493e-01
9.957375945877640078e-01
9.959349906140606556e-01
9.961300273688875606e-01
9.963222480330429232e-01
9.965112244198743863e-01
9.966965579573240364e-01
9.968778804686789785e-01
9.970548547542169571e-01
9.972271749773566896e-01
9.973945668603791948e-01
9.975567876962521119e-01
9.977136261845344078e-01
9.978649021007204301e-01
9.980104658096513592e-01
9.981501976347233462e-01
9.982840070955004697e-01
9.984118320269468327e-01
9.985336375937683417e-01
9.986494152132846525e-01
9.987591813998004664e-01
9.988629765426225715e-01
9.989608636287083954e-01
9.990529269194754480e-01
9.991392705896400273e-01
9.992200173341829750e-01
9.992953069477933381e-01
9.993652948795361812e-01
9.994301507641828453e-01
9.994900569307391125e-01
9.995452068883207142e-01
9.995958037897344495e-01
9.996420588739409752e-01
9.996841898900028500e-01
9.997224195070739672e-01
9.997569737173580551e-01
9.997880802415843871e-01
