9.997976541285308327e-01
9.997682098896687464e-01
9.997355543238124476e-01
9.996994834193236867e-01
9.996597955422218407e-01
9.996162927313115842e-01
9.995687819396990026e-01
9.995170762119761632e-01
9.994609957899983632e-01
9.994003691436488257e-01
9.993350339261158899e-01
9.992648378558298683e-01
9.991896395292475530e-01
9.991093091700656847e-01
9.990237293212070879e-01
9.989327954860902636e-01
9.988364167253511727e-01
9.987345162144374289e-01
9.986270317664548424e-01
9.985139163234472148e-01
9.983951384180298483e-01
9.982706826060965266e-01
9.981405498702449197e-01
9.980047579926850654e-01
9.978633418957518764e-01
9.977163539477427179e-01
9.975638642316537741e-01
9.974059607744797384e-01
9.972427497350333514e-01
9.970743555487142640e-01
9.969009210282601119e-01
9.967226074202105712e-01
9.965395944175604592e-01
9.963520801298277885e-01
9.961602810124745577e-01
9.959644317582441175e-01
9.957647851534848771e-01
9.955616119028696254e-01
9.953552004260597386e-01
9.951458566297765040e-01
9.949339036583948470e-01
9.947196816255589047e-01
9.945035473284259409e-01
9.942858739449748073e-01
9.940670507133877454e-01
9.938474825908584220e-01
9.936275898873340173e-01
9.934078078677144319e-01
9.931885863139753301e-01
9.929703890366170516e-01
9.927536933228499061e-01
9.925389893070766245e-01
9.923267792476141436e-01
9.921175766922655237e-01
9.919119055143817976e-01
9.917102988004915520e-01
9.915132975704560314e-01
9.913214493114489434e-01
9.911353063078698344e-01
9.909554237505511232e-01
9.907823576102924301e-01
9.906166622627990970e-01
9.904588878544653419e-01
9.903095774010803876e-01
9.901692636143767379e-01
9.900384654543683549e-01
9.899176844085730842e-01
9.898074005024853905e-01
9.897080680490329962e-01
9.896201111482084700e-01
9.895439189516272993e-01
9.894798407104017368e-01
9.894281806284358494e-01
9.893891925469882054e-01
9.893630744900706597e-01
9.893499631038493725e-01
9.893499280265836138e-01
9.893629662286196336e-01
9.893889963644082464e-01
9.894278531802381815e-01
9.894792820222398921e-01
9.895429334890307738e-01
9.896183582720641247e-01
9.897050022242156464e-01
9.898022016933947231e-01
9.899091791530484352e-01
9.900250391554412666e-01
9.901487646267256304e-01
9.902792135152734820e-01
9.904151157967929775e-01
9.905550708316783748e-01
9.906975450621356982e-01
9.908408700291618798e-01
9.909832406827019380e-01
9.911227139524786400e-01
9.912572075422598772e-01
9.913844989068312241e-01
9.915022243687464654e-01
9.916078783310634526e-01
9.916988125427241840e-01
9.917722353749465203e-01
9.918252110698924096e-01
9.918546589268646407e-01
9.918573523962574967e-01
9.918299180573663110e-01
9.917688344628421415e-01
9.916704308400168255e-01
9.915308856474647214e-01
9.913462249940009352e-01
9.911123209368408737e-01
9.908248896858943278e-01
9.904794897521619346e-01
9.900715200899825597e-01
9.895962182954549657e-01
9.890486589367203374e-01
9.884237521058689691e-01
9.877162422969134603e-01
9.869207077293478125e-01
9.860315602520083322e-01
9.850430459769135005e-01
9.839492468070424325e-01
9.827440830351200640e-01
9.814213172018552145e-01
9.799745594111773928e-01
9.783972743062557820e-01
9.766827899129700841e-01
9.748243085565667654e-01
9.728149200521292173e-01
9.706476173599771773e-01
9.683153148830637713e-01
9.658108695648799369e-01
9.631271049234305659e-01
9.602568381297695854e-01
9.571929102087096686e-01
9.539282194050685559e-01
9.504557577216432573e-01
9.467686505955125176e-01
9.428601996377545813e-01
9.387239283187562844e-01
9.343536304374626678e-01
9.297434211686839145e-01
9.248877904384215087e-01
9.197816583335804985e-01
9.144204322099142024e-01
9.088000651210913494e-01
9.029171151529389316e-01
8.967688052107409824e-01
8.903530827745420595e-01
8.836686791083308012e-01
8.767151673843546211e-01
8.694930191642562534e-01
8.620036586648206489e-01
8.542495142284192156e-01
8.462340664172297577e-01
8.379618921564179201e-01
8.294387043649640301e-01
8.206713865339115843e-01
8.116680217404691478e-01
8.024379156225112109e-01
7.929916128811895781e-01
7.833409069290564464e-01
7.734988423565822835e-01
7.634797099502581563e-01
7.532990340595091538e-01
7.429735521762064199e-01
7.325211866583030140e-01
7.219610085966954305e-01
7.113131938905241647e-01
7.005989716595221184e-01
6.898405651816532647e-01
6.790611255992621276e-01
6.682846586866885152e-01
6.575359450164445230e-01
6.468404538995473629e-01
6.362242515087257466e-01
6.257139036214268701e-01
6.153363734436170240e-01
6.051189149960830571e-01
5.950889625633876134e-01
5.852740167226841983e-01
5.757015274862280485e-01
5.663987751084859079e-01
5.573927491267416379e-01
5.487100262235136139e-01
5.403766475199862640e-01
5.324179959318181554e-01
5.248586742417375994e-01
5.177223845664293833e-01
5.110318099175170659e-01
5.048084985767284927e-01
4.990727520223909863e-01
4.938435171569650617e-01
4.891382835920585759e-01
4.849729867471218592e-01
4.813619175098335923e-01
4.783176391891003076e-01
4.758509124652335887e-01
4.739706290057617011e-01
4.726837543696777999e-01
4.719952807678572393e-01
4.719081901835890935e-01
4.724234282853668754e-01
4.735398894853405372e-01
4.752544134122069774e-01
4.775617929780948678e-01
4.804547941263832556e-01
4.839241872526659494e-01
4.879587901953816864e-01
4.925455225970758466e-01
4.976694713428760908e-01
5.033139666903209131e-01
5.094606686150617847e-01
5.160896628107047857e-01
5.231795656988473819e-01
5.307076377276809254e-01
5.386499041648858954e-01
5.469812825235439435e-01
5.556757156988837432e-01
5.647063098396067904e-01
5.740454759309012722e-01
5.836650740278288563e-01
5.935365590483649978e-01
6.036311270157339592e-01
6.139198606306897066e-01
6.243738730566990025e-01
6.349644488152610400e-01
6.456631807153359048e-01
6.564421017802454239e-01
6.672738111876087563e-01
6.781315933025204856e-01
6.889895289607952389e-01
6.998225982468677664e-01
7.106067741086573575e-01
7.213191062580331936e-01
7.319377949187630961e-01
7.424422541021620248e-01
7.528131642120577949e-01
7.630325139030900150e-01
7.730836312376045960e-01
7.829512043044225544e-01
7.926212915754999866e-01
8.020813223821205984e-01
8.113200879890188899e-01
8.203277238312951525e-01
8.290956835538882963e-01
8.376167055558089158e-01
8.458847727906110281e-01
8.538950666103822806e-01
8.616439154627718588e-01
8.691287392595279382e-01
8.763479902311595016e-01
8.833010910664813586e-01
8.899883711089319194e-01
8.964110013448473024e-01
9.025709288737370217e-01
9.084708114984274552e-01
9.141139530153225001e-01
9.195042397234812759e-01
9.246460786073016358e-01
9.295443375827714405e-01
9.342042881329022386e-01
9.386315505953175542e-01
9.428320423051141930e-01
9.468119287399601181e-01
9.505775777626436218e-01
9.541355170094772964e-01
9.574923944314219781e-01
9.606549419586819516e-01
9.636299422288493455e-01
9.664241982932650910e-01
9.690445061958775641e-01
9.714976303031288563e-01
9.737902812518529627e-01
9.759290963743384451e-01
9.779206224550809345e-01
9.797713006718065110e-01
9.814874535735969019e-01
9.830752739509206473e-01
9.845408154556628544e-01
9.858899848334905514e-01
9.871285356357945018e-01
9.882620632838013952e-01
9.892960013630642813e-01
9.902356190323352569e-01
9.910860194367219211e-01
9.918521390210151001e-01
9.925387476451451585e-01
9.931504494098726266e-01
9.936916841070594364e-01
9.941667292151575852e-01
9.945797023668715431e-01
9.949345642222099384e-01
9.952351216862556083e-01
9.954850314168280923e-01
9.956878035726596243e-01
9.958468057576398413e-01
9.959652671209733299e-01
9.960462825766738248e-01
9.960928171086358418e-01
9.961077101295749969e-01
9.960936798634827394e-01
9.960533277219878467e-01
9.959891426453173491e-01
9.959035053785815217e-01
9.957986926540813855e-01
9.956768812504610544e-01
9.955401519000040000e-01
9.953904930163726128e-01
9.952298042167524450e-01
9.950598996147644870e-01
9.948825108636824011e-01
9.946992899334113902e-01
9.945118116092596106e-01
9.943215757056438342e-01
9.941300089933527984e-01
9.939384668446394899e-01
9.937482346060544369e-01
9.935605287143316477e-01
9.933764975756419480e-01
9.931972222329381594e-01
9.930237168498257105e-01
9.928569290422717408e-01
9.926977400914814842e-01
9.925469650723721671e-01
9.924053529322999223e-01
9.922735865540769362e-01
9.921522828359432555e-01
9.920419928191326342e-01
9.919432018911161775e-01
9.918563300896571233e-01
9.917817325295978925e-01
9.917196999709668725e-01
9.916704595436468539e-01
9.916341756406048535e-01
9.916109509886174012e-01
9.916008279025961825e-01
9.916037897270509882e-01
9.916197624659278675e-01
9.916486166000065827e-01
9.916901690891950505e-01
9.917441855553730257e-01
9.918103826398573242e-01
9.918884305280336600e-01
9.919779556321902669e-01
9.920785434220626975e-01
9.921897413910555352e-01
9.923110621445533353e-01
9.924419865952008868e-01
9.925819672485686196e-01
9.927304315612729413e-01
9.928867853524586673e-01
9.930504162486274433e-01
9.932206971411511320e-01
9.933969896354932771e-01
9.935786474711765237e-01
9.937650198918898115e-01
9.939554549457975119e-01
9.941493026970700253e-01
9.943459183308388516e-01
9.945446651351542711e-01
9.947449173450140236e-01
9.949460628350983438e-01
9.951475056494403226e-01
9.953486683578340877e-01
9.955489942303302753e-01
9.957479492226587459e-01
9.959450237668596717e-01
9.961397343628023426e-01
9.963316249676348324e-01
9.965202681815615859e-01
9.967052662296983501e-01
9.968862517411245516e-01
9.970628883276473342e-01
9.972348709662097743e-01
9.974019261903108724e-01
9.975638120972365464e-01
9.977203181793011799e-01
9.978712649886344321e-01
9.980165036462650408e-01
9.981559152073090635e-01
9.982894098949094408e-01
9.984169262161400882e-01
9.985384299733502944e-01
9.986539131843256145e-01
9.987633929241915842e-01
9.988669101011611318e-01
9.989645281770702656e-01
9.990563318422029937e-01
9.991424256522585257e-01
9.992229326335603234e-01
9.992979928608735074e-01
9.993677620106100612e-01
9.994324098909065368e-01
9.994921189491619007e-01
9.995470827572526806e-01
9.995975044748450777e-01
9.996435952920464940e-01
9.996855728540591235e-01
9.997236596724415891e-01
9.997580815299423884e-01
9.997890658884751591e-01
