9.997978308808005421e-01
9.997684189471771621e-01
9.997358002558895951e-01
9.996997711896393746e-01
9.996601305015758721e-01
9.996166806033874863e-01
9.995692287994552006e-01
9.995175884565299373e-01
9.994615801020519941e-01
9.994010324477172746e-01
9.993357833380156485e-01
9.992656806260935554e-01
9.991905829813070294e-01
9.991103606342105481e-01
9.990248960654506405e-01
9.989340846451726375e-01
9.988378352291598095e-01
9.987360707171407670e-01
9.986287285776154210e-01
9.985157613423117917e-01
9.983971370720935434e-01
9.982728397949004462e-01
9.981428699152121720e-01
9.980072445936243319e-01
9.978659980944742935e-01
9.977191820990516380e-01
9.975668659817896744e-01
9.974091370469299056e-01
9.972461007234662000e-01
9.970778807166645885e-01
9.969046191150787717e-01
9.967264764527030696e-01
9.965436317266684885e-01
9.963562823716580752e-01
9.961646441929394857e-01
9.959689512605562900e-01
9.957694557677276848e-01
9.955664278568510106e-01
9.953601554166449095e-01
9.951509438538822527e-01
9.949391158428173565e-01
9.947250110548004898e-01
9.945089858696849472e-01
9.942914130694779917e-01
9.940726815132755467e-01
9.938531957908945946e-01
9.936333758508008041e-01
9.934136565959845733e-01
9.931944874394215139e-01
9.929763318087305723e-01
9.927596665876879944e-01
9.925449814804389037e-01
9.923327782826460997e-01
9.921235700424975157e-01
9.919178800935071205e-01
9.917162409404624013e-01
9.915191929796983716e-01
9.913272830351661513e-01
9.911410626924920253e-01
9.909610864143899578e-01
9.907879094223736027e-01
9.906220853316641817e-01
9.904641635284725520e-01
9.903146862813975160e-01
9.901741855814784055e-01
9.900431797084267016e-01
9.899221695237162555e-01
9.898116344944961620e-01
9.897120284557056058e-01
9.896237751212967337e-01
9.895472633591095857e-01
9.894828422476766860e-01
9.894308159370384104e-01
9.893914383394805112e-01
9.893649076798933795e-01
9.893513609391033636e-01
9.893508682269110954e-01
9.893634271245547174e-01
9.893889570387196519e-01
9.894272936108836625e-01
9.894781832265493460e-01
9.895412776686367540e-01
9.896161289578778719e-01
9.897021844204219043e-01
9.897987820190097263e-01
9.899051459790841889e-01
9.900203827351701236e-01
9.901434772159855013e-01
9.902732894792354301e-01
9.904085516991765203e-01
9.905478655020872880e-01
9.906896996370387898e-01
9.908323879620921648e-01
9.909741277195177611e-01
9.911129780680272283e-01
9.912468588355202170e-01
9.913735494525629521e-01
9.914906880248184340e-01
9.915957705019438073e-01
9.916861499010316550e-01
9.917590355444493300e-01
9.918114922748294537e-01
9.918404396139034462e-01
9.918426508367329530e-01
9.918147519386099065e-01
9.917532204783690020e-01
9.916543842890379601e-01
9.915144200546097686e-01
9.913293517602438376e-01
9.910950490324095252e-01
9.908072253954064434e-01
9.904614364813796312e-01
9.900530782424298293e-01
9.895773852257301328e-01
9.890294289856889076e-01
9.884041167211033985e-01
9.876961902397906057e-01
9.869002253682012116e-01
9.860106319387130780e-01
9.850216545023304793e-01
9.839273739289318144e-01
9.827217100705123443e-01
9.813984256745051926e-01
9.799511317436575553e-01
9.783732945455219099e-01
9.766582444778539873e-01
9.747991869956301736e-01
9.727892158006330448e-01
9.706213284853325574e-01
9.682884448090007812e-01
9.657834277656105471e-01
9.630991075802359802e-01
9.602283087436147557e-01
9.571638801636064287e-01
9.538987284779015807e-01
9.504258545349761889e-01
9.467383930104680267e-01
9.428296550843893176e-01
9.386931740614309350e-01
9.343227537725622422e-01
9.297125195517252916e-01
9.248569715371470767e-01
9.197510400031674305e-01
9.143901423859933653e-01
9.087702416259640925e-01
9.028879054102667556e-01
8.967403658641234232e-01
8.903255792058445417e-01
8.836422848523721729e-01
8.766900634376388890e-01
8.694693931867839565e-01
8.619817040756050375e-01
8.542294291970919939e-01
8.462160527559755563e-01
8.379461541183309548e-01
8.294254473567045371e-01
8.206608157521544378e-01
8.116603407430426076e-01
8.024333248462247603e-01
7.929903081191563841e-01
7.833430777807820489e-01
7.735046706642331182e-01
7.634893682343523169e-01
7.533126839668483621e-01
7.429913429521968204e-01
7.325432536549907336e-01
7.219874718268874947e-01
7.113441566373494007e-01
7.006345191497442837e-01
6.898807633300145792e-01
6.791060198301426265e-01
6.683342728384384923e-01
6.575902803328645962e-01
6.468994881122077656e-01
6.362879380131072349e-01
6.257821707492328134e-01
6.154091238331034219e-01
6.051960250618613202e-01
5.951702820669376726e-01
5.853593684447792045e-01
5.757907070027196150e-01
5.664915506714056637e-01
5.574888616535440544e-01
5.488091893985269643e-01
5.404785480137577203e-01
5.325222937460583061e-01
5.249650031898915881e-01
5.178303529025206631e-01
5.111410011286299238e-01
5.049184723572136546e-01
4.991830454503946024e-01
4.939536460959256248e-01
4.892477443412277527e-01
4.850812579656403889e-01
4.814684624381971867e-01
4.784219081898334336e-01
4.759523459010173152e-01
4.740686604680759419e-01
4.727778142641939629e-01
4.720848002543777122e-01
4.719926054584790975e-01
4.725021851833570707e-01
4.736124483656611872e-01
4.753202542816554743e-01
4.776204207912897459e-01
4.805057441916931182e-01
4.839670306615816431e-01
4.879931391840064414e-01
4.925710357414355700e-01
4.976858584852519307e-01
5.033209934922109330e-01
5.094581606338293156e-01
5.160775090016234135e-01
5.231577212520415188e-01
5.306761261602424007e-01
5.386088186019259982e-01
5.469307861176959662e-01
5.556160411553399125e-01
5.646377580325584455e-01
5.739684136166378625e-01
5.835799306791453755e-01
5.934438228536673687e-01
6.035313401037905034e-01
6.138136135977904084e-01
6.242617988866622225e-01
6.348472162939261532e-01
6.455414874496137045e-01
6.563166669374440598e-01
6.671453680734633629e-01
6.780008818963030315e-01
6.888572885231716292e-01
6.996895601110476592e-01
7.104736547581298467e-01
7.211866007851428506e-01
7.318065709478700498e-01
7.423129462495392517e-01
7.526863691423366642e-01
7.629087860293088941e-01
7.729634790990627113e-01
7.828350876438447958e-01
7.925096191247413824e-01
8.019744503539545377e-01
8.112183192616542193e-01
8.202313078022547277e-01
8.290048166308735533e-01
8.375315322442286048e-01
8.458053873306327075e-01
8.538215151106708367e-01
8.615761984735638146e-01
8.690668147243065800e-01
8.762917767539664116e-01
8.832504714307766180e-01
8.899431959838648432e-01
8.963710931157866657e-01
9.025360855358384171e-01
9.084408105548590351e-01
9.140885553253934592e-01
9.194831932502612881e-01
9.246291220192464078e-01
9.295312036692838786e-01
9.341947069995235609e-01
9.386252526102356608e-01
9.428287607747843913e-01
9.468114022977117683e-01
9.505795524601076130e-01
9.541397481063860209e-01
9.574986478847263838e-01
9.606629956169184803e-01
9.636395867421911898e-01
9.664352377536773453e-01
9.690567585252071181e-01
9.715109274097728509e-01
9.738044689788604158e-01
9.759440342633898258e-01
9.779361833517780100e-01
9.797873701981015815e-01
9.815039294930247848e-01
9.830920654516072110e-01
9.845578423749122843e-01
9.859071768461568075e-01
9.871458314266908785e-01
9.882794097221501151e-01
9.893133526945322442e-01
9.902529361016083609e-01
9.911032689509273741e-01
9.918692928616890114e-01
9.925557822339360348e-01
9.931673451308420386e-01
9.937084247863431363e-01
9.941833016569345816e-01
9.945960959430858450e-01
9.949507705123121770e-01
9.952511341623913044e-01
9.955008451693723170e-01
9.957034150707724240e-01
9.958622126395443308e-01
9.959804680089123785e-01
9.960612769119266963e-01
9.961076050025230444e-01
9.961222922270169811e-01
9.961080572163455438e-01
9.960675016701255879e-01
9.960031147038651556e-01
9.959172771306527006e-01
9.958122656485481894e-01
9.956902569049554952e-01
9.955533314096444153e-01
9.954034772690133481e-01
9.952425937157639568e-01
9.950724944104860636e-01
9.948949104947568678e-01
9.947114933792107205e-01
9.945238172545525224e-01
9.943333813185466497e-01
9.941416117174403100e-01
9.939498632058886285e-01
9.937594205350427368e-01
9.935714995838310637e-01
9.933872482534286119e-01
9.932077471493003795e-01
9.930340100788869195e-01
9.928669843958791708e-01
9.927075512240335353e-01
9.925565255946009469e-01
9.924146565316819268e-01
9.922826271192453085e-01
9.921610545822217020e-01
9.920504904121260070e-01
9.919514205651845939e-01
9.918642657580878375e-01
9.917893818833801722e-01
9.917270605632746427e-01
9.916775298574520559e-01
9.916409551372750153e-01
9.916174401358859303e-01
9.916070281809218345e-01
9.916097036140822940e-01
9.916253933995315961e-01
9.916539689210754904e-01
9.916952479661853559e-01
9.917489968931975097e-01
9.918149329763409350e-01
9.918927269215916942e-01
9.919820055446859630e-01
9.920823546009265304e-01
9.921933217546841099e-01
9.923144196747608614e-01
9.924451292400779945e-01
9.925849028385327344e-01
9.927331677404069854e-01
9.928893295264679120e-01
9.930527755499373166e-01
9.932228784108750874e-01
9.933989994212553132e-01
9.935804920391223538e-01
9.937667052506921062e-01
9.939569868800823826e-01
9.941506868074693193e-01
9.943471600778186481e-01
9.945457698838615634e-01
9.947458904086187159e-01
9.949469095144478636e-01
9.951482312672684793e-01
9.953492782862375376e-01
9.955494939107112362e-01
9.957483441778067768e-01
9.959453196052738821e-01
9.961399367757250989e-01
9.963317397195623482e-01
9.965203010952052853e-01
9.967052231664979001e-01
9.968861385784603124e-01
9.970627109338747740e-01
9.972346351745580151e-01
9.974016377725606342e-01
9.975634767379384371e-01
9.977199414511257469e-01
9.978708523292754151e-01
9.980160603371539541e-01
9.981554463542585687e-01
9.982889204106839554e-01
9.984164208048642575e-01
9.985379131166033373e-01
9.986533891287462383e-01
9.987628656704127250e-01
9.988663833939194214e-01
9.989640054963770943e-01
9.990558163955229887e-01
9.991419203677048833e-01
9.992224401541852652e-01
9.992975155401946363e-01
9.993673019095684618e-01
9.994319687764886551e-01
9.994916982949405559e-01
9.995466837460991183e-01
9.995971280040415463e-01
9.996432419809837544e-01
9.996852430546359081e-01
9.997233534822043133e-01
9.997577988079067168e-01
9.997888062734743286e-01
