9.997978877161970424e-01
9.997684852981444381e-01
9.997358772993244491e-01
9.996998601755142655e-01
9.996602327464547688e-01
9.996167974822596225e-01
9.995693617359403538e-01
9.995177389115580402e-01
9.994617495611676228e-01
9.994012224072003070e-01
9.993359952900536802e-01
9.992659160432671994e-01
9.991908433006784218e-01
9.991106472413141537e-01
9.990252102784933363e-01
9.989344276997418337e-01
9.988382082637246029e-01
9.987364747596040315e-01
9.986291645331462075e-01
9.985162299826456644e-01
9.983976390264489575e-01
9.982733755426128619e-01
9.981434397801418612e-01
9.980078487403518661e-01
9.978666365262522930e-01
9.977198546574486127e-01
9.975675723479241475e-01
9.974098767441714752e-01
9.972468731214543247e-01
9.970786850364833365e-01
9.969054544354128966e-01
9.967273417167968885e-01
9.965445257499020437e-01
9.963572038495568384e-01
9.961655917094329737e-01
9.959699232962999638e-01
9.957704507083040557e-01
9.955674440006653247e-01
9.953611909823310011e-01
9.951519969870343818e-01
9.949401846218662859e-01
9.947260934958591649e-01
9.945100799301989092e-01
9.942925166505329759e-01
9.940737924604411413e-01
9.938543118935166953e-01
9.936344948396986787e-01
9.934147761395633047e-01
9.931956051382706541e-01
9.929774451888471187e-01
9.927607730925325225e-01
9.925460784621040755e-01
9.923338629924830512e-01
9.921246396216002461e-01
9.919189315635035253e-01
9.917172711950827946e-01
9.915201987776047776e-01
9.913282609945084367e-01
9.911420092876241927e-01
9.909619979751213004e-01
9.907887821360560343e-01
9.906229152483262412e-01
9.904649465691141019e-01
9.903154182494552371e-01
9.901748621773717174e-01
9.900437965470069157e-01
9.899227221543631661e-01
9.898121184235492143e-01
9.897124391708836955e-01
9.896241081177469257e-01
9.895475141667360308e-01
9.894830064594303254e-01
9.894308892378916864e-01
9.893914165358657087e-01
9.893647867294359521e-01
9.893511369805311206e-01
9.893505376100578674e-01
9.893629864403907792e-01
9.893884031493362929e-01
9.894266236793238800e-01
9.894773947463156860e-01
9.895403684926180610e-01
9.896150973263297956e-01
9.897010289875113331e-01
9.897975018773035316e-01
9.899037406812363216e-01
9.900188523119516359e-01
9.901418221897125838e-01
9.902715108716015902e-01
9.904066510324857076e-01
9.905458447929277321e-01
9.906875613815320225e-01
9.908301351120046840e-01
9.909717636487233028e-01
9.911105065290638505e-01
9.912442839062751698e-01
9.913708754734431583e-01
9.914879195271057988e-01
9.915929121283796333e-01
9.916832063200148317e-01
9.917560113595458304e-01
9.918083919315746622e-01
9.918372673061066624e-01
9.918394104146724954e-01
9.918114468216144841e-01
9.917498535743163313e-01
9.916509579232647420e-01
9.915109359106127895e-01
9.913258108343596664e-01
9.910914516044015965e-01
9.908035710165652432e-01
9.904577239813587841e-01
9.900493057556198906e-01
9.895735502375129222e-01
9.890255283984438206e-01
9.884001469393574046e-01
9.876921472734428997e-01
9.868961049523156115e-01
9.860064296679847962e-01
9.850173659779987156e-01
9.839229949156507171e-01
9.827172366605106957e-01
9.813938544562677002e-01
9.799464599723524127e-01
9.783685203124717900e-01
9.766533668764977305e-01
9.747942062816399300e-01
9.727841335441116399e-01
9.706161477133157245e-01
9.682831701367943245e-01
9.657780655157935934e-01
9.630936658884324819e-01
9.602227976503693307e-01
9.571583116918714884e-01
9.538931166957600460e-01
9.504202156032706128e-01
9.467327452149971734e-01
9.428240188522707399e-01
9.386875719611288416e-01
9.343172104969620362e-01
9.297070618835173716e-01
9.248516282956837919e-01
9.197458419718986811e-01
9.143851222195832351e-01
9.087654337362524037e-01
9.028833458303824333e-01
8.967360920902673893e-01
8.903216300165432973e-01
8.836387001053590540e-01
8.766868838449026757e-01
8.694666600687530611e-01
8.619794590958641534e-01
8.542277140794414247e-01
8.462149089860299123e-01
8.379456226321829737e-01
8.294255682194477952e-01
8.206616278292498956e-01
8.116618813676181876e-01
8.024356294854353422e-01
7.929934100426740962e-01
7.833470077343765992e-01
7.735094565512236064e-01
7.634950348074971416e-01
7.533192525329814870e-01
7.429988310916648686e-01
7.325516749576556075e-01
7.219968356462027614e-01
7.113544678637502283e-01
7.006457780043550132e-01
6.898929651794506457e-01
6.791191550229864760e-01
6.683483265637780724e-01
6.576052325011353394e-01
6.469153132584417598e-01
6.363046052225765914e-01
6.257996436054231726e-01
6.154273603878965826e-01
6.052149778278599346e-01
5.951898980319215715e-01
5.853795891084666581e-01
5.758114684362425351e-01
5.665127836002469275e-01
5.575104915651160065e-01
5.488311366760837418e-01
5.405007280989191365e-01
5.325446173328586275e-01
5.249873764539194632e-01
5.178526777693408523e-01
5.111631755862189319e-01
5.049403908175712496e-01
4.992045991657164672e-01
4.939747236347086234e-01
4.892682321293763126e-01
4.851010408969740340e-01
4.814874245577583922e-01
4.784399334519742197e-01
4.759693190024569809e-01
4.740844677540031471e-01
4.727923447030168980e-01
4.720979464740916454e-01
4.720042648347803071e-01
4.725122609668090945e-01
4.736208508324627475e-01
4.753269018900126985e-01
4.776252413232145999e-01
4.805086758582903794e-01
4.839680231487311080e-01
4.879921546148234812e-01
4.925680495320756691e-01
4.976808600715867392e-01
5.033139869065641481e-01
5.094491649133832123e-01
5.160665584131602923e-01
5.231448653212920075e-01
5.306614294981983893e-01
5.385923605248448265e-01
5.469126600620816125e-01
5.555963538937573887e-01
5.646166287005646156e-01
5.739459725652840127e-01
5.835563181712730696e-01
5.934191876254543141e-01
6.035058378156743508e-01
6.137874052008978065e-01
6.242350489321779605e-01
6.348200912134474017e-01
6.455141538344777441e-01
6.562892898442909129e-01
6.671181093820035546e-01
6.779738987434296149e-01
6.888307318353186215e-01
6.996635732540639196e-01
7.104483723211063584e-01
7.211621475115592705e-01
7.317830608243292012e-01
7.422904817592044235e-01
7.526650406871173704e-01
7.628886715218736736e-01
7.729446437229632316e-01
7.828175837774463686e-01
7.924934864222937803e-01
8.019597159750485593e-01
8.112049982384763602e-01
8.202194035325094390e-01
8.289943214829899043e-01
8.375224282604848414e-01
8.457976470131411961e-01
8.538151022747517693e-01
8.615710691528717380e-01
8.690629181121833913e-01
8.762890561658280841e-01
8.832488652729080236e-01
8.899426387147684192e-01
8.963715161871788073e-01
9.025374183015104634e-01
9.084429811368596175e-01
9.140914914283474468e-01
9.194868229160723105e-01
9.246333743159039775e-01
9.295360093089961584e-01
9.341999988828726398e-01
9.386309662945050425e-01
9.428348348659767453e-01
9.468177787670779555e-01
9.505861768871896045e-01
9.541465698516462535e-01
9.575056201957723445e-01
9.606700756731200164e-01
9.636467356431416276e-01
9.664424204574418864e-01
9.690639437426523672e-01
9.715180874614744999e-01
9.738115796211425090e-01
9.759510744899785317e-01
9.779431351773492098e-01
9.797942184296871693e-01
9.815106614948279073e-01
9.830986709082718544e-01
9.845643130577214075e-01
9.859135063860103854e-01
9.871520150970581886e-01
9.882854442345243573e-01
9.893192360082541104e-01
9.902586672492904585e-01
9.911088478801198809e-01
9.918747202928934747e-01
9.925610595346090470e-01
9.931724742046452725e-01
9.937134079765920225e-01
9.941881416629804180e-01
9.946007957482251305e-01
9.949553333217607820e-01
9.952555633498609833e-01
9.955051442308547882e-01
9.957075875842432700e-01
9.958662622294416344e-01
9.959843983144115453e-01
9.960650915582049958e-01
9.961113075743877054e-01
9.961258862444394291e-01
9.961115461116009095e-01
9.960708887663781708e-01
9.960064031951598729e-01
9.959204700633698115e-01
9.958153659044601813e-01
9.956932671860768691e-01
9.955562542251064073e-01
9.954063149242146080e-01
9.952453483040522020e-01
9.950751678076156237e-01
9.948975043563450527e-01
9.947140091413800844e-01
9.945262561379032418e-01
9.943357443355477221e-01
9.941438996832663300e-01
9.939520767526619505e-01
9.937615601293622314e-01
9.935735655473919570e-01
9.933892407864544083e-01
9.932096663564256023e-01
9.930358559970480226e-01
9.928687570236928162e-01
9.927092505520740406e-01
9.925581516359255341e-01
9.924162093519106609e-01
9.922841068654699725e-01
9.921624615100111955e-01
9.920518249099098407e-01
9.919526831753345819e-01
9.918654571940850317e-01
9.917905030425452351e-01
9.917281125346590898e-01
9.916785139246290237e-01
9.916418727759254148e-01
9.916182930062524825e-01
9.916078181153785698e-01
9.916104326002458391e-01
9.916260635595059991e-01
9.916545824875669934e-01
9.916958072563447635e-01
9.917495042811275141e-01
9.918153908652502793e-01
9.918931377165759455e-01
9.919823716270674829e-01
9.920826783049967457e-01
9.921936053475631789e-01
9.923146653399294026e-01
9.924453390649528028e-01
9.925850788062621222e-01
9.927333117258665407e-01
9.928894432962490635e-01
9.930528607659522278e-01
9.932229366370660673e-01
9.933990321327883510e-01
9.935805006333817690e-01
9.937666910593669911e-01
9.939569511816498393e-01
9.941506308394283398e-01
9.943470850481074264e-01
9.945456769809919439e-01
9.947457808101766163e-01
9.949467843937320755e-01
9.951480917979568241e-01
9.953491256450831548e-01
9.955493292783695880e-01
9.957481687379684532e-01
9.959451345423417923e-01
9.961397432713077205e-01
9.963315389480721374e-01
9.965200942188500166e-01
9.967050113299347203e-01
9.968859229033508740e-01
9.970624925135458394e-01
9.972344150689244069e-01
9.974014170034282145e-01
9.975632562847598361e-01
9.977197222472456994e-01
9.978706352586682593e-01
9.980158462316337520e-01
9.981552359911226580e-01
9.982887145107411930e-01
9.984162200307967749e-01
9.985377180716139556e-01
9.986532003554521308e-01
9.987626836499584604e-01
9.988662085452982842e-01
9.989638381759654573e-01
9.990556568968482765e-01
9.991417689214826536e-01
9.992222969286708167e-01
9.992973806419029881e-01
9.993671753844178829e-01
9.994318506114208134e-01
9.994915884200618050e-01
9.995465820373743426e-01
9.995970342865556635e-01
9.996431560327638799e-01
9.996851646110078704e-01
9.997232822406294517e-01
9.997577344332285731e-01
9.997887484034805317e-01
