9.997975330139740047e-01
9.997680644818105478e-01
9.997353805135030802e-01
9.996992765676324666e-01
9.996595504440084490e-01
9.996160035818606460e-01
9.995684423054612688e-01
9.995166790064702322e-01
9.994605332559043376e-01
9.993998328420709010e-01
9.993344147338970584e-01
9.992641259716771307e-01
9.991888244892682680e-01
9.991083798731303922e-01
9.990226740643483039e-01
9.989316020099258120e-01
9.988350722692935779e-01
9.987330075812228536e-01
9.986253453953121140e-01
9.985120383710246461e-01
9.983930548460269172e-01
9.982683792744032614e-01
9.981380126342820347e-01
9.980019728035716131e-01
9.978602949018943180e-01
9.977130315964478635e-01
9.975602533694161167e-01
9.974020487446686456e-01
9.972385244718164898e-01
9.970698056661794206e-01
9.968960359038490093e-01
9.967173772717322633e-01
9.965340103732153176e-01
9.963461342908371821e-01
9.961539665080656469e-01
9.959577427928925086e-01
9.957577170464554372e-01
9.955541611202269880e-01
9.953473646054388224e-01
9.951376345983136140e-01
9.949252954443231767e-01
9.947106884640692925e-01
9.944941716624876582e-01
9.942761194218981968e-01
9.940569221779996800e-01
9.938369860762416019e-01
9.936167326041511760e-01
9.933965981931999201e-01
9.931770337817154015e-01
9.929585043282539436e-01
9.927414882628240456e-01
9.925264768614633359e-01
9.923139735280015472e-01
9.921044929654664335e-01
9.918985602185615980e-01
9.916967095680391253e-01
9.914994832576187189e-01
9.913074300344217882e-01
9.911211034846652002e-01
9.909410601476161817e-01
9.907678573924869614e-01
9.906020510450259664e-01
9.904441927529762379e-01
9.902948270822703458e-01
9.901544883387618512e-01
9.900236971133966613e-01
9.899029565519814611e-01
9.897927483540590599e-01
9.896935285088531709e-01
9.896057227797733225e-01
9.895297219525820420e-01
9.894658768659901904e-01
9.894144932471714560e-01
9.893758263784111495e-01
9.893500756247852745e-01
9.893373788563092353e-01
9.893378068012974591e-01
9.893513573705843278e-01
9.893779499946323552e-01
9.894174200172243250e-01
9.894695131902395691e-01
9.895338803138177264e-01
9.896100720648960403e-01
9.896975340546103617e-01
9.897956021513525382e-01
9.899034981014360746e-01
9.900203254734333269e-01
9.901450659454811287e-01
9.902765759474189133e-01
9.904135836617776745e-01
9.905546863796443890e-01
9.906983481995814689e-01
9.908428980503403150e-01
9.909865280113409058e-01
9.911272918989961767e-01
9.912631040821315853e-01
9.913917384861051785e-01
9.915108277428479333e-01
9.916178624429685673e-01
9.917101904462704010e-01
9.917850162084891341e-01
9.918394000847005065e-01
9.918702575735910409e-01
9.918743584715411510e-01
9.918483259111582351e-01
9.917886352654371462e-01
9.916916129060681095e-01
9.915534348125132347e-01
9.913701250373222473e-01
9.911375540427631581e-01
9.908514369342186212e-01
9.905073316269864536e-01
9.901006369951322883e-01
9.896265910638977203e-01
9.890802693208370355e-01
9.884565832352699699e-01
9.877502790906613761e-01
9.869559372499728811e-01
9.860679719895713013e-01
9.850806320525669069e-01
9.839880020870358512e-01
9.827840051479431738e-01
9.814624064531730641e-01
9.800168185933094689e-01
9.784407084011367273e-01
9.767274056897213841e-01
9.748701140669373544e-01
9.728619240290619086e-01
9.706958285263609376e-01
9.683647411792852822e-01
9.658615173050497660e-01
9.631789778911087341e-01
9.603099366246367063e-01
9.572472300559429215e-01
9.539837509392049553e-01
9.505124847564987434e-01
9.468265493913248232e-01
9.429192378761988014e-01
9.387840640959126404e-01
9.344148112842611820e-01
9.298055831078736455e-01
9.249508570867529533e-01
9.198455400576888152e-01
9.144850253443497223e-01
9.088652512570650766e-01
9.029827605065985363e-01
8.968347600801249708e-01
8.904191810947247321e-01
8.837347381145891356e-01
8.767809873934000464e-01
8.695583834836080328e-01
8.620683336401908647e-01
8.543132494384867437e-01
8.462965950243790392e-01
8.380229314208803570e-01
8.294979563283599866e-01
8.207285388764454792e-01
8.117227488140756897e-01
8.024898796600929973e-01
7.930404653798409642e-01
7.833862902028987385e-01
7.735403912526165326e-01
7.635170537185356210e-01
7.533317983670264617e-01
7.430013612522502475e-01
7.325436655575785494e-01
7.219777855654572196e-01
7.113239028201256975e-01
7.006032546112570536e-01
6.898380749665070644e-01
6.790515283961424675e-01
6.682676366828723680e-01
6.575111990542943374e-01
6.468077061140000694e-01
6.361832479405981067e-01
6.256644167921971977e-01
6.152782048779936730e-01
6.050518976793803905e-01
5.950129633214167324e-01
5.851889385125671472e-01
5.756073115872346602e-01
5.662954032025866447e-01
5.572802452591176792e-01
5.485884586336489122e-01
5.402461303341625776e-01
5.322786907078054242e-01
5.247107913560893344e-01
5.175661844341015172e-01
5.108676040323631984e-01
5.046366503598638253e-01
4.988936774633910831e-01
4.936576852304225271e-01
4.889462164292263102e-01
4.847752595393550745e-01
4.811591581174006205e-01
4.781105274259347393e-01
4.756401790274953356e-01
4.737570540099842464e-01
4.724681654650300100e-01
4.717785507869374229e-01
4.716912342974346473e-01
4.722072006312659775e-01
4.733253792406737492e-01
4.750426402941378967e-01
4.773538021573884294e-01
4.802516505539817793e-01
4.837269694096680839e-01
4.877685832905417351e-01
4.923634112504778892e-01
4.974965318096207234e-01
5.031512586934041575e-01
5.093092268715280202e-01
5.159504883491317084e-01
5.230536170786166394e-01
5.305958222808198066e-01
5.385530693890796528e-01
5.469002077597426847e-01
5.556111042285680757e-01
5.646587815349830564e-01
5.740155605860642885e-01
5.836532054903316169e-01
5.935430702588515572e-01
6.036562460486891712e-01
6.139637078123166836e-01
6.244364592169653339e-01
6.350456747108245148e-01
6.457628376389419333e-01
6.565598733508899443e-01
6.674092762948564683e-01
6.782842301583957845e-01
6.891587201941287155e-01
7.000076369582881597e-01
7.108068707898893557e-01
7.215333964670823663e-01
7.321653475930718358e-01
7.426820803849892849e-01
7.530642266631795145e-01
7.632937359633472640e-01
7.733539068177267550e-01
7.832294073717054328e-01
7.929062856171626983e-01
8.023719696311739646e-01
8.116152583070685989e-01
8.206263031525418139e-01
8.293965818054561678e-01
8.379188639811354644e-01
8.461871706147512384e-01
8.541967269984637179e-01
8.619439107352870888e-01
8.694261953404512910e-01
8.766420903168692380e-01
8.835910785149774238e-01
8.902735515597142157e-01
8.966907440899558601e-01
9.028446675096957197e-01
9.087380438971264240e-01
9.143742406591011118e-01
9.197572064557968385e-01
9.248914088553276125e-01
9.297817741120506518e-01
9.344336293967746565e-01
9.388526477432685979e-01
9.430447959144905301e-01
9.470162853347269261e-01
9.507735261810937866e-01
9.543230846801364908e-01
9.576716436129307786e-01
9.608259659952966825e-01
9.637928618684999948e-01
9.665791581099765217e-01
9.691916711529182660e-01
9.716371824876236518e-01
9.739224168059024134e-01
9.760540226420370002e-01
9.780385553593193837e-01
9.798824623294792868e-01
9.815920701528924042e-01
9.831735737698210631e-01
9.846330273166896685e-01
9.859763365861392570e-01
9.872092529550599016e-01
9.883373686507082034e-01
9.893661132312167039e-01
9.903007511631668480e-01
9.911463803853512999e-01
9.919079317543709751e-01
9.925901692742564730e-01
9.931976910188942131e-01
9.937349306626354073e-01
9.942061595410591757e-01
9.946154891703972156e-01
9.949668741605323108e-01
9.952641154626632458e-01
9.955108638985681324e-01
9.957106239237852874e-01
9.958667575818336282e-01
9.959824886107303543e-01
9.960609066664432021e-01
9.961049716305218071e-01
9.961175179709861327e-01
9.961012591266917848e-01
9.960587918859388212e-01
9.959926007302125628e-01
9.959050621138267889e-01
9.957984486500850441e-01
9.956749331746080900e-01
9.955365926568815471e-01
9.953854119320364457e-01
9.952232872265169838e-01
9.950520294536914223e-01
9.948733672586477228e-01
9.946889497953599335e-01
9.945003492240226395e-01
9.943090629215016740e-01
9.941165154033728690e-01
9.939240599617248373e-01
9.937329800285882309e-01
9.935444902803122202e-01
9.933597375032652277e-01
9.931798012457074831e-01
9.930056942844437406e-01
9.928383629378093600e-01
9.926786872586065291e-01
9.925274811417674758e-01
9.923854923817910789e-01
9.922534027144257474e-01
9.921318278757292886e-01
9.920213177096361967e-01
9.919223563526156084e-01
9.918353625210505342e-01
9.917606899237357831e-01
9.916986278185180304e-01
9.916494017287037499e-01
9.916131743315425018e-01
9.915900465279341436e-01
9.915800586995737742e-01
9.915831921570588126e-01
9.915993707800552226e-01
9.916284628484307584e-01
9.916702830612876829e-01
9.917245947390195271e-01
9.917911122018281400e-01
9.918695033165262354e-01
9.919593922018854482e-01
9.920603620812382673e-01
9.921719582695128770e-01
9.922936912803776988e-01
9.924250400377223613e-01
9.925654551743613441e-01
9.927143623996426136e-01
9.928711659166500336e-01
9.930352518689349317e-01
9.932059917962478002e-01
9.933827460785890073e-01
9.935648673480544923e-01
9.937517038484309229e-01
9.939426027232434180e-01
9.941369132139593612e-01
9.943339897512463166e-01
9.945331949235166613e-01
9.947339023084207366e-01
9.949354991544200333e-01
9.951373889010453055e-01
9.953389935278986744e-01
9.955397557238669926e-01
9.957391408693831991e-01
9.959366388259016656e-01
9.961317655280563788e-01
9.963240643752653281e-01
9.965131074208530837e-01
9.966984963580945989e-01
9.968798633039571699e-01
9.970568713827333562e-01
9.972292151132166049e-01
9.973966206045539185e-01
9.975588455673983779e-01
9.977156791484460552e-01
9.978669415978249635e-01
9.980124837800781190e-01
9.981521865405751370e-01
9.982859599400600858e-01
9.984137423706314074e-01
9.985354995667201639e-01
9.986512235245430524e-01
9.987609313430420022e-01
9.988646639984897213e-01
9.989624850637675024e-01
9.990544793818540992e-01
9.991407517014008199e-01
9.992214252804895169e-01
9.992966404629215482e-01
9.993665532297865139e-01
9.994313337277465070e-01
9.994911647745805539e-01
9.995462403421538911e-01
9.995967640171918855e-01
9.996429474410679639e-01
9.996850087312532107e-01
9.997231708890347290e-01
9.997576602004890622e-01
9.997887046403259870e-01
