9.997975237850071917e-01
9.997680536034377896e-01
9.997353677267688532e-01
9.996992615791326919e-01
9.996595329224828852e-01
9.996159831546953534e-01
9.995684185551558798e-01
9.995166514671316449e-01
9.994605014098399964e-01
9.993997961165604904e-01
9.993343724982293175e-01
9.992640775345430493e-01
9.991887690966014812e-01
9.991083167064875870e-01
9.990226022399169015e-01
9.989315205782391960e-01
9.988349802157260315e-01
9.987329038273217163e-01
9.986252288010117883e-01
9.985119077377679897e-01
9.983929089208043450e-01
9.982682167546970131e-01
9.981378321738866299e-01
9.980017730192421999e-01
9.978600743807553020e-01
9.977127889040813269e-01
9.975599870585327711e-01
9.974017573642560697e-01
9.972382065766485226e-01
9.970694598265692488e-01
9.968956607155224914e-01
9.967169713657032526e-01
9.965335724255467431e-01
9.963456630321778640e-01
9.961534607328630386e-01
9.959572013681908809e-01
9.957571389202003465e-01
9.955535453290101922e-01
9.953467102816295764e-01
9.951369409765364882e-01
9.949245618672533098e-01
9.947099143875312022e-01
9.944933566598523900e-01
9.942752631877883607e-01
9.940560245313225796e-01
9.938360469625782123e-01
9.936157520975453794e-01
9.933955764973981806e-01
9.931759712309188304e-01
9.929574013874555849e-01
9.927403455278124289e-01
9.925252950585814471e-01
9.923127535137592492e-01
9.921032357261054813e-01
9.918972668696792727e-01
9.916953813543704088e-01
9.914981215530774827e-01
9.913060363424860411e-01
9.911196794391833320e-01
9.909396075140880500e-01
9.907663780698540146e-01
9.906005470679752900e-01
9.904426662947354298e-01
9.902932804578384873e-01
9.901529240084868677e-01
9.900221176867834982e-01
9.899013647915826386e-01
9.897911471792769644e-01
9.896919209994641253e-01
9.896041121789740380e-01
9.895281116693493972e-01
9.894642704765539420e-01
9.894128944954064808e-01
9.893742391749751341e-01
9.893485040448495305e-01
9.893358271357604039e-01
9.893362793313157377e-01
9.893498586905358216e-01
9.893764847832452469e-01
9.894159930820423110e-01
9.894681294553741013e-01
9.895325448060369178e-01
9.896087898981024145e-01
9.896963104127677324e-01
9.897944422699296307e-01
9.899024072474310598e-01
9.900193089240481026e-01
9.901441289655098510e-01
9.902757237654228328e-01
9.904128214451202172e-01
9.905540192084780760e-01
9.906977810398956974e-01
9.908424357262096693e-01
9.909861751765489668e-01
9.911270530082555430e-01
9.912629833621711128e-01
9.913917399069475112e-01
9.915109549896597985e-01
9.916181188889169329e-01
9.917105791268658876e-01
9.917855397979377097e-01
9.918400608748112468e-01
9.918710574557959569e-01
9.918752989225784189e-01
9.918494079829404120e-01
9.917898595795785477e-01
9.916929796534748043e-01
9.915549437583492942e-01
9.913717755315579749e-01
9.911393450363834567e-01
9.908533670010366556e-01
9.905093989908561047e-01
9.901028395622067935e-01
9.896289264594292368e-01
9.890827349298673132e-01
9.884591762464252085e-01
9.877529965421472102e-01
9.869587760767583040e-01
9.860709290706737296e-01
9.850837042572941904e-01
9.839911863190160535e-01
9.827872983857748324e-01
9.814658057865617291e-01
9.800203212536218178e-01
9.784443117853954819e-01
9.767311073771824947e-01
9.748739118275362436e-01
9.728658158231776598e-01
9.706998124955240614e-01
9.683688156276420989e-01
9.658656806715857357e-01
9.631832287128196946e-01
9.603142734910150580e-01
9.572516515553082250e-01
9.539882555975535139e-01
9.505170709696679765e-01
9.468312153513638307e-01
9.429239814929081254e-01
9.387888829145586422e-01
9.344197024004949892e-01
9.298105430808811800e-01
9.249558818516504521e-01
9.198506248381489447e-01
9.144901645664116341e-01
9.088704384650461154e-01
9.029879882819933368e-01
8.968400199643544735e-01
8.904244635165795563e-01
8.837400323232069699e-01
8.767862813976178282e-01
8.695636639985417915e-01
8.620735860419096452e-01
8.543184577276607961e-01
8.463017417997924507e-01
8.380279978637006355e-01
8.295029221980340095e-01
8.207333825190704646e-01
8.117274471840260075e-01
8.024944083556112551e-01
7.930447986931961069e-01
7.833904011855878924e-01
7.735442517959335573e-01
7.635206346496743457e-01
7.533350695606952918e-01
7.430042917576008543e-01
7.325462237400564014e-01
7.219799392630056323e-01
7.113256195129935566e-01
7.006045016045165941e-01
6.898388195842302117e-01
6.790517381860774471e-01
6.682672796303639196e-01
6.575102438041098285e-01
6.468061221986729503e-01
6.361810060138786138e-01
6.256614888661711227e-01
6.152745645624433379e-01
6.050475204219751824e-01
5.950078266473567412e-01
5.851830222623235489e-01
5.756005981511012060e-01
5.662878777507889261e-01
5.572718959662892324e-01
5.485792768965445099e-01
5.402361109815356777e-01
5.322678322014293695e-01
5.246990959819657352e-01
5.175536584829250053e-01
5.108542579683570395e-01
5.046224989771017633e-01
4.988787400287185703e-01
4.936419856120320970e-01
4.889297832098886687e-01
4.847581261131755914e-01
4.811413627688342354e-01
4.780921133895937869e-01
4.756211945270645280e-01
4.737375522743019207e-01
4.724482047191242984e-01
4.717581942155262276e-01
4.716705499781452815e-01
4.721862614345757603e-01
4.733042626934224062e-01
4.750214284033448253e-01
4.773325811911049987e-01
4.802305107760455050e-01
4.837060047654783146e-01
4.877478910413850510e-01
4.923430915545335962e-01
4.974766872485029134e-01
5.031319937440115186e-01
5.092906473240377263e-01
5.159327006731275755e-01
5.230367277406400284e-01
5.305799370179584695e-01
5.385382924445576425e-01
5.468866410878093776e-01
5.555988466772294743e-01
5.646479280162509662e-01
5.740062012443580830e-01
5.836454248804244793e-01
5.935369465452624560e-01
6.036518502386717389e-01
6.139611030345430986e-01
6.244357000576787886e-01
6.350468066186127913e-01
6.457658964083705655e-01
6.565648846940947969e-01
6.674162555088130055e-01
6.782931818940178825e-01
6.891696383316610053e-01
7.000205045916423341e-01
7.108216603207446749e-01
7.215500698077241815e-01
7.321838564751443901e-01
7.427023667696381892e-01
7.530862232464771155e-01
7.633173667694748143e-01
7.733790878711499506e-01
7.832560474385528160e-01
7.929342870051898640e-01
8.024012290371104195e-01
8.116456676997612085e-01
8.206577506801610022e-01
8.294289527150673358e-01
8.379520415391953359e-01
8.462210370174940710e-01
8.542311642617302914e-01
8.619788015540571502e-01
8.694614239091816854e-01
8.766775431026629928e-01
8.836266449766181363e-01
8.903091248066611341e-01
8.967262214764872841e-01
9.028799511605043460e-01
9.087730411617769288e-01
9.144088644938512811e-01
9.197913757323434858e-01
9.249250485970397229e-01
9.298148156592020985e-01
9.344660105031568076e-01
9.388843126073510570e-01
9.430756951489911444e-01
9.470463758790486075e-01
9.508027711615755218e-01
9.543514532234522729e-01
9.576991106182466407e-01
9.608525118709706492e-01
9.638184722391774928e-01
9.666038234999082546e-01
9.692153866512093208e-01
9.716599474009218751e-01
9.739442343037593153e-01
9.760748993998374923e-01
9.780585012032829706e-01
9.799014898878035673e-01
9.816101945166400000e-01
9.831908121666673717e-01
9.846493988001470132e-01
9.859918617423755194e-01
9.872239536289381112e-01
9.883512676921998308e-01
9.893792342628919823e-01
9.903131183690476735e-01
9.911580183210335626e-01
9.919188651779828891e-01
9.926004229975318172e-01
9.932072897773929210e-01
9.937438990039525466e-01
9.942145217297180260e-01
9.946232691080266752e-01
9.949740953198783489e-01
9.952708008339734569e-01
9.955170359469175390e-01
9.957163045559700443e-01
9.958719681215429942e-01
9.959872497808127667e-01
9.960652385771977535e-01
9.961088937730702142e-01
9.961210492149087381e-01
9.961044177212292627e-01
9.960615954641804937e-01
9.959950663157955963e-01
9.959072061297625789e-01
9.958002869294094728e-01
9.956764809726159626e-01
9.955378646647553564e-01
9.953864222917182536e-01
9.952240495466974091e-01
9.950525568268033805e-01
9.948736722787597797e-01
9.946890445768641342e-01
9.945002454210034593e-01
9.943087717476651877e-01
9.941160476524000256e-01
9.939234260279035116e-01
9.937321899275595172e-01
9.935435536697589942e-01
9.933586637033565703e-01
9.931785992591043444e-01
9.930043728156652261e-01
9.928369304117580230e-01
9.926771518380492765e-01
9.925258507435782418e-01
9.923837746917693048e-01
9.922516052005215803e-01
9.921299577995265073e-01
9.920193821359698516e-01
9.919203621572323382e-01
9.918333163962539389e-01
9.917585983819983131e-01
9.916964971940839257e-01
9.916472381772529765e-01
9.916109838280278144e-01
9.915878348627543692e-01
9.915778314732864862e-01
9.915809547738778651e-01
9.915971284404153652e-01
9.916262205409298591e-01
9.916680455543400718e-01
9.917223665725650728e-01
9.917888976794434486e-01
9.918673064982771459e-01
9.919572168982337956e-01
9.920582118482889067e-01
9.921698364058390007e-01
9.922916008256118525e-01
9.924229837730400572e-01
9.925634356249170009e-01
9.927123818389519405e-01
9.928692263728428058e-01
9.930333551327396036e-01
9.932041394305126669e-01
9.933809394290934458e-01
9.935631075553327252e-01
9.937499918603009963e-01
9.939409393077295318e-01
9.941352989722982425e-01
9.943324251306869810e-01
9.945316802296528813e-01
9.947324377168363929e-01
9.949340847214729333e-01
9.951360245736700083e-01
9.953376791523582678e-01
9.955384910534383902e-01
9.957379255710070431e-01
9.959354724858680008e-01
9.961306476568315693e-01
9.963229944115895576e-01
9.965120847352516575e-01
9.966975202559514857e-01
9.968789330282971095e-01
9.970559861168477589e-01
9.972283739832510374e-01
9.973958226821569850e-01
9.975580898725082690e-01
9.977149646522665005e-01
9.978662672260220079e-01
9.980118484162066039e-01
9.981515890297278926e-01
9.982853990927170740e-01
9.984132169666766199e-01
9.985350083595883053e-01
9.986507652454529316e-01
9.987605047052748874e-01
9.988642677016752458e-01
9.989621177981410360e-01
9.990541398324586098e-01
9.991404385522109077e-01
9.992211372184421903e-01
9.992963761818461910e-01
9.993663114342263842e-01
9.994311131366743206e-01
9.994909641250060428e-01
9.995460583926256692e-01
9.995965995511911784e-01
9.996427992702916487e-01
9.996848756987757323e-01
9.997230518723356774e-01
9.997575541143273181e-01
9.997886104394341222e-01
