9.997975439884844162e-01
9.997680774487629485e-01
9.997353957907783029e-01
9.996992945158060806e-01
9.996595714705159841e-01
9.996160281452450835e-01
9.995684709196316353e-01
9.995167122448919139e-01
9.994605717556291902e-01
9.993998773075085662e-01
9.993344659402206842e-01
9.992641847677544709e-01
9.991888918000066955e-01
9.991084567011291329e-01
9.990227614907551956e-01
9.989317011944081059e-01
9.988351844490428455e-01
9.987331340689328263e-01
9.986254875760860461e-01
9.985121976981895520e-01
9.983932328358560149e-01
9.982685774997688277e-01
9.981382327172857449e-01
9.980022164072197555e-01
9.978605637209069235e-01
9.977133273473068886e-01
9.975605777797740270e-01
9.974024035422498491e-01
9.972389113729502874e-01
9.970702263641109120e-01
9.968964920569699517e-01
9.967178704918745469e-01
9.965345422141419496e-01
9.963467062370565674e-01
9.961545799640830756e-01
9.959583990730012104e-01
9.957584173651535808e-01
9.955549065833321221e-01
9.953481562019571571e-01
9.951384731931045557e-01
9.949261817715846501e-01
9.947116231216563964e-01
9.944951551070594364e-01
9.942771519648787582e-01
9.940580039823213587e-01
9.938381171538287484e-01
9.936179128140889549e-01
9.933978272405197263e-01
9.931783112167182903e-01
9.929598295462800372e-01
9.927428605043662202e-01
9.925278952125154985e-01
9.923154369205227088e-01
9.921060001778386761e-01
9.919001098759198110e-01
9.916983001423512745e-01
9.915011130674078466e-01
9.913090972440292692e-01
9.911228061029782044e-01
9.909427960262038315e-01
9.907696242231203154e-01
9.906038463565906005e-01
9.904460139078203884e-01
9.902966712720733256e-01
9.901563525800404220e-01
9.900255782428069029e-01
9.899048512216019891e-01
9.897946530268687537e-01
9.896954394546352285e-01
9.896076360716886677e-01
9.895316334646526713e-01
9.894677822717322657e-01
9.894163880195949723e-01
9.893777057915835726e-01
9.893519347571244626e-01
9.893392125957386485e-01
9.893396098523583593e-01
9.893531242635644762e-01
9.893796750967359666e-01
9.894190975457771708e-01
9.894711372278981454e-01
9.895354448257308588e-01
9.896115709177556452e-01
9.896989610375169777e-01
9.897969509984216874e-01
9.899047625160671826e-01
9.900214991541659293e-01
9.901461426133597588e-01
9.902775493747826285e-01
9.904144477023796300e-01
9.905554349999852182e-01
9.906989755113123630e-01
9.908433983435527281e-01
9.909868957885105134e-01
9.911275219092924305e-01
9.912631913557432561e-01
9.913916783681622213e-01
9.915106159264582830e-01
9.916174950008254108e-01
9.917096638602314052e-01
9.917843273964906947e-01
9.918385464243454352e-01
9.918692369217448901e-01
9.918731691792924687e-01
9.918469668335390121e-01
9.917871057653737665e-01
9.916899128521219353e-01
9.915515645700921921e-01
9.913680854531798925e-01
9.911353464227602439e-01
9.908490630144907163e-01
9.905047935388391345e-01
9.900979372241652809e-01
9.896237324040388916e-01
9.890772548241353324e-01
9.884534161584505041e-01
9.877469628395852963e-01
9.869524753232512548e-01
9.860643679226698266e-01
9.850768893637852353e-01
9.839841242267661769e-01
9.827799954525904269e-01
9.814582681050634250e-01
9.800125545878247690e-01
9.784363215221858479e-01
9.767228984945038883e-01
9.748654888807728458e-01
9.728571829508582125e-01
9.706909734450734906e-01
9.683597738014967371e-01
9.658564391935750004e-01
9.631737905143070710e-01
9.603046414159125410e-01
9.572418284827276524e-01
9.539782445805518041e-01
9.505068753882920385e-01
9.468208390779999650e-01
9.429134290678015118e-01
9.387781597292809144e-01
9.344088148871008137e-01
9.297994989045035297e-01
9.249446901043197888e-01
9.198392962316861432e-01
9.144787116223153101e-01
9.088588756993674078e-01
9.029763323832576960e-01
8.968282899626354165e-01
8.904126809418593247e-01
8.837282213511672424e-01
8.767744689809889858e-01
8.695518799821151390e-01
8.620618632592813579e-01
8.543068320777503777e-01
8.462902523011560652e-01
8.380166866846713303e-01
8.294918346607638160e-01
8.207225670756282954e-01
8.117169553628513778e-01
8.024842946768000473e-01
7.930351205513459512e-01
7.833812186992183957e-01
7.735356276228346761e-01
7.635126337679087882e-01
7.533277590153798497e-01
7.429977403740024577e-01
7.325405018039450322e-01
7.219751181696117959e-01
7.113217713862893810e-01
7.006016988888768005e-01
6.898371346108334023e-01
6.790512427166663922e-01
6.682680443811708226e-01
6.575123379529272949e-01
6.468096128781453125e-01
6.361859577941529897e-01
6.256679632300713445e-01
6.152826193763201168e-01
6.050572094053356942e-01
5.950191988443136459e-01
5.851961215178196341e-01
5.756154625947569325e-01
5.663045392911028042e-01
5.572903797978026041e-01
5.485996010224479802e-01
5.402582857540645378e-01
5.322918598822723446e-01
5.247249703248031416e-01
5.175813643401141473e-01
5.108837709237359359e-01
5.046537850068610886e-01
4.989117551923262228e-01
4.936766757753142665e-01
4.889660838025379208e-01
4.847959619232351525e-01
4.811806477770413926e-01
4.781327506469187361e-01
4.756630760792622814e-01
4.737805591378944081e-01
4.724922069137938996e-01
4.718030508585325800e-01
4.717161094469188853e-01
4.722323616041449457e-01
4.733507312556688440e-01
4.750680832752568472e-01
4.773792310191417032e-01
4.802769555433812343e-01
4.837520365082423890e-01
4.877932946790146662e-01
4.923876458379978782e-01
4.975201658284209572e-01
5.031741663586348778e-01
5.093312811046663002e-01
5.159715615619117068e-01
5.230735820128598057e-01
5.306145528979488990e-01
5.385704418014727324e-01
5.469161011945533613e-01
5.556254020131865534e-01
5.646713720920557567e-01
5.740263384249426615e-01
5.836620721810408252e-01
5.935499353741992001e-01
6.036610280599894462e-01
6.139663349244108836e-01
6.244368701287636991e-01
6.350438192884999555e-01
6.457586774901011850e-01
6.565533822895555094e-01
6.674004406888376373e-01
6.782730491525590377e-01
6.891452058051839025e-01
6.999918140388621257e-01
7.107887768618756930e-01
7.215130814264352210e-01
7.321428732903099146e-01
7.426575200876499583e-01
7.530376644082693582e-01
7.632652658094405407e-01
7.733236320077211401e-01
7.831974394183861543e-01
7.928727433245624789e-01
8.023369780653294425e-01
8.115789477300946464e-01
8.205888079340279972e-01
8.293580393250254978e-01
8.378794135356242290e-01
8.461469523428786221e-01
8.541558808350981913e-01
8.619025754064970624e-01
8.693845074094780356e-01
8.766001832900111035e-01
8.835490820151393754e-01
8.902315905740938451e-01
8.966489382970166400e-01
9.028031306892556618e-01
9.086968834260682470e-01
9.143335570939319368e-01
9.197170932020476419e-01
9.248519519226128249e-01
9.297430519525213821e-01
9.343957128237060372e-01
9.388155999256301287e-01
9.430086724425742473e-01
9.469811343512555268e-01
9.507393885716993731e-01
9.542899943167019172e-01
9.576396276430080290e-01
9.607950451706700479e-01
9.637630509059269546e-01
9.665504660772236134e-01
9.691641018733945234e-01
9.716107349571920793e-01
9.738970856158138956e-01
9.760297984023610374e-01
9.780154251177390901e-01
9.798604099808528867e-01
9.815710768355480065e-01
9.831536182451443562e-01
9.846140863291539258e-01
9.859583852015214589e-01
9.871922648751606522e-01
9.883213165034471226e-01
9.893509688354913401e-01
9.902864857683421063e-01
9.911329648856770369e-01
9.918953368789995562e-01
9.925783657538583826e-01
9.931866497301280461e-01
9.937246227519358488e-01
9.941965565293490181e-01
9.946065630404223867e-01
9.949585974285541923e-01
9.952564612362325702e-01
9.955038059220576718e-01
9.957041366132692861e-01
9.958608160507930185e-01
9.959770686879295676e-01
9.960559849071812799e-01
9.961005253223104150e-01
9.961135251345595298e-01
9.960976985131095862e-01
9.960556429704119363e-01
9.959898437031626806e-01
9.959026778695873050e-01
9.957964187735668382e-01
9.956732399261820632e-01
9.955352189556786469e-01
9.953843413378290483e-01
9.952225039203205226e-01
9.950515182172122719e-01
9.948731134527027953e-01
9.946889393373947730e-01
9.945005685648675708e-01
9.943094990215169959e-01
9.941171557081518451e-01
9.939248923775383382e-01
9.937339928977713122e-01
9.935456723568083515e-01
9.933610779285552139e-01
9.931812895253590012e-01
9.930073202655238518e-01
9.928401167874022493e-01
9.926805594436740598e-01
9.925294624105819308e-01
9.923875737471533620e-01
9.922555754388601157e-01
9.921340834588194824e-01
9.920236478776349731e-01
9.919247530504190502e-01
9.918378179065858724e-01
9.917631963647633997e-01
9.917011778917951270e-01
9.916519882214055448e-01
9.916157902447799710e-01
9.915926850821554783e-01
9.915827133415845429e-01
9.915858565683506320e-01
9.916020388860913304e-01
9.916311288285074577e-01
9.916729413585676500e-01
9.917272400703250890e-01
9.917937395667849598e-01
9.918721080056671635e-01
9.919619698033526056e-01
9.920629084857688351e-01
9.921744696734486890e-01
9.922961641865057913e-01
9.924274712538312393e-01
9.925678418094718847e-01
9.927167018579603486e-01
9.928734558893581585e-01
9.930374903240243301e-01
9.932081769666434301e-01
9.933848764488805161e-01
9.935669416401805565e-01
9.937537210066833548e-01
9.939445618989618536e-01
9.941388137502767952e-01
9.943358311682136685e-01
9.945349769038979160e-01
9.947356246843941374e-01
9.949371618953655183e-01
9.951389921025335372e-01
9.953405374019350660e-01
9.955412405903846240e-01
9.957405671489266696e-01
9.959380070333962998e-01
9.961330762675250083e-01
9.963253183353310005e-01
9.965143053708525045e-01
9.966996391446271142e-01
9.968809518476998699e-01
9.970579066753704200e-01
9.972301982143507715e-01
9.973975526384947221e-01
9.975597277197482127e-01
9.977165126624328861e-01
9.978677277703569271e-01
9.980132239575161268e-01
9.981528821142426899e-01
9.982866123415192749e-01
9.984143530667695110e-01
9.985360700546945800e-01
9.986517553266347491e-01
9.987614260014662237e-01
9.988651230702109141e-01
9.989629101153550961e-01
9.990548719844136727e-01
9.991411134256034110e-01
9.992217576917165056e-01
9.992969451165375494e-01
9.993668316665442752e-01
9.994315874693275870e-01
9.994913953192731126e-01
9.995464491606695923e-01
9.995969525486254614e-01
9.996431170890091034e-01
9.996851608600632044e-01
9.997233068203069672e-01
9.997577812097201422e-01
9.997888119538261842e-01
