5.723305440362563968e+04
5.723405335904957610e+04
5.723505281634449784e+04
5.723604973777582927e+04
5.723705271883850946e+04
5.723805037100593472e+04
5.723905678109134897e+04
5.723999790154006769e+04
5.724206047677142487e+04
5.725205713647405355e+04
5.725303785388198594e+04
5.725403514202922088e+04
5.725508247113828111e+04
5.725605982101013797e+04
5.725706411261032190e+04
5.725914015574083896e+04
5.726004297431957093e+04
5.726106190293172403e+04
5.726205116037413973e+04
5.726306105432637560e+04
5.726406158552109991e+04
5.726506465267704334e+04
5.726606591468695115e+04
5.726706558728903474e+04
5.726806287150604476e+04
5.726905199172901484e+04
5.727006198126830714e+04
5.727106487563905102e+04
5.727298371841012704e+04
5.727411735306282935e+04
5.727510653185445699e+04
5.727802257052224741e+04
5.727911438004161027e+04
5.728004805824829236e+04
5.728103230430889380e+04
5.728206693065763830e+04
5.728306657002132124e+04
5.728609717336681206e+04
5.729303766601499956e+04
5.729400345074018696e+04
5.730108075278874458e+04
5.730207718090966227e+04
5.730304986051408196e+04
5.730407853398462612e+04
5.730608320829048171e+04
5.730708015564434027e+04
5.730806422021410253e+04
5.732207910097826971e+04
5.732406202448963450e+04
5.732507987511036481e+04
5.732607319138714956e+04
5.732808033751241601e+04
5.732907866121514962e+04
5.733007971789687144e+04
5.733107811535239307e+04
5.733307514311070554e+04
5.733407966717843374e+04
5.733508207819861127e+04
5.734108201432488568e+04
5.734504767065455235e+04
5.734707551368154236e+04
5.734807526980590774e+04
5.735007360175793292e+04
5.735107225460121117e+04
5.735306171521296346e+04
5.735507367349982815e+04
5.736803228361608490e+04
5.736906267800200294e+04
5.737205201578245760e+04
5.737805816944508842e+04
5.737905966992027970e+04
5.738005777424256667e+04
5.738102802155755489e+04
5.738205315439118567e+04
5.738505586676608073e+04
5.738605202923756588e+04
5.738704905791173223e+04
5.738805089039340965e+04
5.739106411152265355e+04
5.739404576828242716e+04
5.739607133897577296e+04
5.739704862977988523e+04
5.739804358640181454e+04
5.739904311719609541e+04
5.740004077876856900e+04
5.740402659359015524e+04
5.740803613773508550e+04
5.741303240420050861e+04
5.741405545945915219e+04
5.741803010015993641e+04
5.741902749949505233e+04
5.742405477899081598e+04
5.742802776875493873e+04
5.742902156056750391e+04
5.743004791249334085e+04
5.743102085526892188e+04
5.743302540873765247e+04
5.743404854279688880e+04
5.743502021265684743e+04
5.743602248163190961e+04
5.744007222807196376e+04
5.744401709237803880e+04
5.744501671762008482e+04
5.744601604846257396e+04
5.744801535765970766e+04
5.744901715870945918e+04
5.745101449226685509e+04
5.745200799769871810e+04
5.745303440867371683e+04
5.745401432004760863e+04
5.745501691910850786e+04
5.745594251004001126e+04
5.745699493111213815e+04
5.745796130751881719e+04
5.745901670884527266e+04
5.746198676119830634e+04
5.746301801128255465e+04
5.746496037105981668e+04
5.746804273106707114e+04
5.747001203336718027e+04
5.747104459952513571e+04
5.747201300220733538e+04
5.747399634698726004e+04
5.747501669425403816e+04
5.747607644887124479e+04
5.747700221891571709e+04
5.748003560567861132e+04
5.748501692811902467e+04
5.748604374805471889e+04
5.748701651993274572e+04
5.748801876540495869e+04
5.748901903081227647e+04
5.749000557860192202e+04
5.749101859803003026e+04
5.749807473081492935e+04
5.749901843199541327e+04
5.750200389022097806e+04
5.750302310581179336e+04
5.750708180682758393e+04
5.750802624577782990e+04
5.750902509022105369e+04
5.751002499635489221e+04
5.751204735945827269e+04
5.751995791671421466e+04
5.752203013123648998e+04
5.752302973330260284e+04
5.752401672415170469e+04
5.752502932595383027e+04
5.752602965097672131e+04
5.752703009453036066e+04
5.752806489072543627e+04
5.752903085283747350e+04
5.753099426835483609e+04
5.753203650362358167e+04
5.753298120046832628e+04
5.753402279831196211e+04
5.753503331350710505e+04
5.753602776703838026e+04
5.753803080041151406e+04
5.753902794218304189e+04
5.754003678845268587e+04
5.754105782135688787e+04
5.754200645786457608e+04
5.754303732934111758e+04
5.754406606417416333e+04
5.754500355990355456e+04
5.754603640807182092e+04
5.754703765418695548e+04
5.754803896778927447e+04
5.754903906076833664e+04
5.755003949693089817e+04
5.755108076791201165e+04
5.755201352167160803e+04
5.755301109050204104e+04
5.755402659981265606e+04
5.755604824983736034e+04
5.755705200003641221e+04
5.755801666709337587e+04
5.756001627733992791e+04
5.756104125140453107e+04
5.756204307236593741e+04
5.756304254366340319e+04
5.756504378036192065e+04
5.756704097804860794e+04
5.756804501613837056e+04
5.756906539071511361e+04
5.757111268098577420e+04
5.757204668109037448e+04
5.757304862301774847e+04
5.757404746309041366e+04
5.757504745213895512e+04
5.757604969031120709e+04
5.757704769534329535e+04
5.757804753784133936e+04
5.757903080699744896e+04
5.758004419318633154e+04
5.758104844746482559e+04
5.758205297038846766e+04
5.758304749879831070e+04
5.758504820476268651e+04
5.758805020795705059e+04
5.758905024531725940e+04
5.759105040366044705e+04
5.759205025791803928e+04
5.759305082090191718e+04
5.759402407599228172e+04
5.759605049103907368e+04
5.759807016510651738e+04
5.759904864798406197e+04
5.760005308980845439e+04
5.760102672272966447e+04
5.760205367488788033e+04
5.760305387559332303e+04
5.760507948784028122e+04
5.760605440007128345e+04
5.760704240717032371e+04
5.760905659227533761e+04
5.761003693419031333e+04
5.761205891179863102e+04
5.761405726768266322e+04
5.761512371753016487e+04
5.761706040910075535e+04
5.761805105650447513e+04
5.761906513443471340e+04
5.762005906797168427e+04
5.762105503927400423e+04
5.762305590397329797e+04
5.762406235446049686e+04
5.762506398922876542e+04
5.762606211785050982e+04
5.762708217105874792e+04
5.762806419000630558e+04
5.763007237054806319e+04
5.763106658862684708e+04
5.763205757928023377e+04
5.763306202093254979e+04
5.763406189742313290e+04
5.763606399067464372e+04
5.763706194236940064e+04
5.763806356554716331e+04
5.763906084613531857e+04
5.764006642177103640e+04
5.764113303574258316e+04
5.764206672079404962e+04
5.764306786489881779e+04
5.764407144136582065e+04
5.764510428315124591e+04
5.764606978976543905e+04
5.764706677243162267e+04
5.764807056505547371e+04
5.764904836890580918e+04
5.765007126923214673e+04
5.765106880072195781e+04
5.765207006179204473e+04
5.765307035124136019e+04
5.765406158006715123e+04
5.765507240439114685e+04
5.765606255805694673e+04
5.765706584638197819e+04
5.765807389577987487e+04
5.765907338215914206e+04
5.766107706175082421e+04
5.766208178109164874e+04
5.766307209079817403e+04
5.766408534743274504e+04
5.766506442047630844e+04
5.766606746136153379e+04
5.766807918230058567e+04
5.767107500852037629e+04
5.767207962937369302e+04
5.767307493913463986e+04
5.767407623407083884e+04
5.767507222384974739e+04
5.769107138071652298e+04
5.769208002757819486e+04
5.770205306590776308e+04
5.770307834031298989e+04
5.770407949473020562e+04
5.770605254197139584e+04
5.770907628081158327e+04
5.771007832046256954e+04
5.771207377849790646e+04
5.771707378931859421e+04
5.771907787621067109e+04
5.772006045925812214e+04
5.772306549386249389e+04
5.772806691073002730e+04
5.772906796177740034e+04
5.773106726836255984e+04
5.773306847884806484e+04
5.773603459182455117e+04
5.773705149868025183e+04
5.773806257764859038e+04
5.773906200191097741e+04
5.774106837823958631e+04
5.774303508993982541e+04
5.775005499523218168e+04
5.775608205845022167e+04
5.775705660975346836e+04
5.776002065800366108e+04
5.776304318806492665e+04
5.776906092224251188e+04
5.777007629234890919e+04
5.777203417893833830e+04
5.777303963233312243e+04
5.777501294485151448e+04
5.777703470489021129e+04
5.777803525326868112e+04
5.777899740060744080e+04
5.778802635792519141e+04
5.778902561733241600e+04
5.779002709387720824e+04
5.779102344931245898e+04
5.779203165567015094e+04
5.779302433056400332e+04
5.779798138479321642e+04
5.780005969772027311e+04
5.780202098140761518e+04
5.780503118992002419e+04
5.780801409755844361e+04
5.781001237933147786e+04
5.781101888010599941e+04
5.781201772627711762e+04
5.781301696498254751e+04
5.781401741330012010e+04
5.781501230633587693e+04
5.781602279904154420e+04
5.781701679643211537e+04
5.781801415558742883e+04
5.782003359274168906e+04
5.782100800625448028e+04
5.782200981830916862e+04
5.782600514925158495e+04
5.782898954825453256e+04
5.783601658978436899e+04
5.783701583135899273e+04
5.784001762653784681e+04
5.784100496237469633e+04
5.784501005072408589e+04
5.784601627040786116e+04
5.784803101482907368e+04
5.784900623508187709e+04
5.785003905082392885e+04
5.785101785296232993e+04
5.785301869761286798e+04
5.785601468011360703e+04
5.785702768398491753e+04
5.786001506527885067e+04
5.786101264089609322e+04
5.786202442911347316e+04
5.786502144501994917e+04
5.786603809456648742e+04
5.786702853891786071e+04
5.786796342229621223e+04
5.787506748523459828e+04
5.787602496331375005e+04
5.787703416045741324e+04
5.787902889362467977e+04
5.788001963629416423e+04
5.788102608294573292e+04
5.788703132766780618e+04
5.789204776841898274e+04
5.789302037500581355e+04
5.789503262491835630e+04
5.789603427464345441e+04
5.789803187327461637e+04
5.789907137843862438e+04
5.790003269643886597e+04
5.790103568076069496e+04
5.790199173068117670e+04
5.790398263790777128e+04
5.790504522450653894e+04
5.790603683132481092e+04
5.790703584996728023e+04
5.790803790538609610e+04
5.790903687314288982e+04
5.791104589941006998e+04
5.791303938539240335e+04
5.791704916518108803e+04
5.792003870040208858e+04
5.792102196604696655e+04
5.792203648664808861e+04
5.792303913231218758e+04
5.792404115705056756e+04
5.792504591761450865e+04
5.792604194161663327e+04
5.792704185046168277e+04
5.793103673015350068e+04
5.793204326783745637e+04
5.793304501655774948e+04
5.793404449009908421e+04
5.793504587016208097e+04
5.793604493451841699e+04
5.793704717668727244e+04
5.793811015762419265e+04
5.793904009926021536e+04
5.794005338404767826e+04
5.794104732646894263e+04
5.794204481388341082e+04
5.794298688716606557e+04
5.794404722869035322e+04
5.794604719147080323e+04
5.794805219369613042e+04
5.795004950128499331e+04
5.795204943067320710e+04
5.795305036005419970e+04
5.795404961530926812e+04
5.795503906023007585e+04
5.795605069518307573e+04
5.795702286943870422e+04
5.795805211116289138e+04
5.795905932660148392e+04
5.796205413721465447e+04
5.796305210345795058e+04
5.796405389043680771e+04
5.796505183549624780e+04
5.796807607964566705e+04
5.796903880269241927e+04
5.797005319945886731e+04
5.797105780083801073e+04
5.797205424430841231e+04
5.797805827408283221e+04
5.797907435406984587e+04
5.798408962400307792e+04
5.798606003915360634e+04
5.798706089202519797e+04
5.798903166508846334e+04
5.799103460929920402e+04
5.799206707571166771e+04
5.799405644983329694e+04
5.799510061809010222e+04
5.799606461849217885e+04
5.799705354757319583e+04
5.799905995075813553e+04
5.800006904760575708e+04
5.800102033461480460e+04
5.800210861174017919e+04
5.800304121028516238e+04
5.800398032484944997e+04
5.800506412401956914e+04
5.800606937807139184e+04
5.800807071419167914e+04
5.801306822828709846e+04
5.801507626492992858e+04
5.801707817776084266e+04
5.801809801952347334e+04
5.802207962733490422e+04
5.802605624207150686e+04
5.802706970721436664e+04
5.802906331503231922e+04
5.803003648879047978e+04
5.803106946150797739e+04
5.803207908505926025e+04
5.803307996916284173e+04
5.803406861347640370e+04
5.803505411025785725e+04
5.803607622678519692e+04
5.803707407130303909e+04
5.803807317775597767e+04
5.804208357696150051e+04
5.804407823443663074e+04
5.804603994668199448e+04
5.804705915102600557e+04
5.805206524877575430e+04
5.805707289674941421e+04
5.805810790262110095e+04
5.806007442191856535e+04
5.806110240455179883e+04
5.806807397900990327e+04
5.816302273932336539e+04
5.816402192566483427e+04
5.816502303540012508e+04
5.817104311484854406e+04
5.817199348314139206e+04
5.817897097525481513e+04
5.818601139093256643e+04
5.818801795694192697e+04
5.818901705734933785e+04
5.819001575617716298e+04
5.819198577908723382e+04
5.819498245035579748e+04
5.819594835992017033e+04
5.819703956328760250e+04
5.819795535433354235e+04
5.819900584350370627e+04
5.820002235584705340e+04
5.820101600453494029e+04
5.820203097871370846e+04
5.820700845672974538e+04
5.820901691018758720e+04
5.821101835152705462e+04
5.821201735374488635e+04
5.821401796552506858e+04
5.821502815135963465e+04
5.821601742926922452e+04
5.821703593326760165e+04
5.821900594996343716e+04
5.822004709569229453e+04
5.822104882058266230e+04
5.822202012372644094e+04
5.822302211571999214e+04
5.822402391812809947e+04
5.822502363047319523e+04
5.822603204277584155e+04
5.822702194925754156e+04
5.823307322761922114e+04
5.823400237140758691e+04
5.823503160029830906e+04
5.823702347030029341e+04
5.823802808802631625e+04
5.823902971848064772e+04
5.824202561425118620e+04
5.824302631989875226e+04
5.824506652619414672e+04
5.824599881443793129e+04
5.824704026107547543e+04
5.824802911986785330e+04
5.824898263307299203e+04
5.825202882859457895e+04
5.825306341802563111e+04
5.825401603141343367e+04
5.825502994670391490e+04
5.825604058446825366e+04
5.825703140551085380e+04
5.825803139927301527e+04
5.825903164448087045e+04
5.826003412756936450e+04
5.826609881249356113e+04
5.826803437578545709e+04
5.827005871936744370e+04
5.827103866782829573e+04
5.827203546898429340e+04
5.827404136400436255e+04
5.827505469820326107e+04
5.827603132713041123e+04
5.827703745538049407e+04
5.827803916240626859e+04
5.828003936346692353e+04
5.828103808712703176e+04
5.828203831555043871e+04
5.828309376785711356e+04
5.828403953345084301e+04
5.828504135942870198e+04
5.828704026311096095e+04
5.828905386116046429e+04
5.829004115639696101e+04
5.829104348634670168e+04
5.829200885688120616e+04
5.829304420136140106e+04
5.829404272586626757e+04
5.829503164210623800e+04
5.829604184698808240e+04
5.829704432132348302e+04
5.829804302448987437e+04
5.830004456241514708e+04
5.830104488170456170e+04
5.830205731950022891e+04
5.830304510243417462e+04
5.830404468239811104e+04
5.830606301790960424e+04
5.830703986381994036e+04
5.830804181995301042e+04
5.831104801733936620e+04
5.831307978456010460e+04
5.831405272724306269e+04
5.831504640805850067e+04
5.831597941649541463e+04
