-0.54999
-0.54999
-0.54999
-0.54999
-0.54999
-0.54999
-0.54999
-0.54999
-0.54999
-0.54999
-0.54999
-0.54999
-0.54999
-0.54999
-0.54999
-0.54999
-0.54999
-0.54999
-0.54999
-0.54999
-0.54999
-0.54999
-0.54999
-0.54999
-0.53877
-0.51507
-0.47595
-0.41841
-0.33857
-0.24771
-0.1458
-0.029468
0.08286
0.21003
0.34734
0.48882
0.60697
0.73501
0.85259
0.97875
1.0765
1.1708
1.2421
1.3229
1.3654
1.4407
1.4371
1.4366
1.445
1.4414
1.384
1.3608
1.2881
1.2092
1.1446
1.0887
0.9879
0.90847
0.80364
0.72472
0.63861
0.55769
0.46533
0.38237
0.30303
0.23165
0.14444
0.058197
-0.022167
-0.094403
-0.17698
-0.25639
-0.33354
-0.40819
-0.46632
-0.50886
-0.53645
-0.54999
-0.54999
-0.54999
-0.54999
-0.54999
-0.54999
-0.54999
-0.54999
-0.54999
-0.54999
-0.54999
-0.54999
-0.54999
-0.54999
-0.54999
-0.54999
-0.54999
-0.54999
-0.54999
-0.54999
-0.54999
-0.54999
-0.54999
