0.000000000000000000e+00
0.000000000000000000e+00
0.000000000000000000e+00
0.000000000000000000e+00
0.000000000000000000e+00
0.000000000000000000e+00
0.000000000000000000e+00
0.000000000000000000e+00
0.000000000000000000e+00
0.000000000000000000e+00
0.000000000000000000e+00
0.000000000000000000e+00
0.000000000000000000e+00
0.000000000000000000e+00
0.000000000000000000e+00
0.000000000000000000e+00
0.000000000000000000e+00
0.000000000000000000e+00
0.000000000000000000e+00
0.000000000000000000e+00
0.000000000000000000e+00
0.000000000000000000e+00
0.000000000000000000e+00
0.000000000000000000e+00
1.099999999999999936e-02
3.499999999999999639e-02
7.399999999999999634e-02
1.320000000000000062e-01
2.119999999999999940e-01
3.029999999999999916e-01
4.049999999999999711e-01
5.220000000000000195e-01
6.340000000000000080e-01
7.620000000000000107e-01
8.989999999999999103e-01
1.041000000000000147e+00
1.159000000000000030e+00
1.286999999999999922e+00
1.404000000000000137e+00
1.529999999999999805e+00
1.628000000000000114e+00
1.721000000000000085e+00
1.792000000000000037e+00
1.871999999999999886e+00
1.913999999999999924e+00
1.988999999999999879e+00
1.984999999999999876e+00
1.982999999999999874e+00
1.991000000000000103e+00
1.985999999999999988e+00
1.927999999999999936e+00
1.904000000000000137e+00
1.830999999999999961e+00
1.750999999999999890e+00
1.685999999999999943e+00
1.629000000000000004e+00
1.528000000000000025e+00
1.448000000000000176e+00
1.343999999999999861e+00
1.264000000000000012e+00
1.177999999999999936e+00
1.098000000000000087e+00
1.006000000000000005e+00
9.230000000000000426e-01
8.439999999999999725e-01
7.739999999999999103e-01
6.870000000000000551e-01
6.019999999999999796e-01
5.220000000000000195e-01
4.510000000000000120e-01
3.690000000000000502e-01
2.910000000000000364e-01
2.139999999999999958e-01
1.399999999999999856e-01
8.300000000000000433e-02
4.100000000000000172e-02
1.299999999999999940e-02
0.000000000000000000e+00
0.000000000000000000e+00
0.000000000000000000e+00
0.000000000000000000e+00
0.000000000000000000e+00
0.000000000000000000e+00
0.000000000000000000e+00
0.000000000000000000e+00
0.000000000000000000e+00
0.000000000000000000e+00
0.000000000000000000e+00
0.000000000000000000e+00
0.000000000000000000e+00
0.000000000000000000e+00
0.000000000000000000e+00
0.000000000000000000e+00
0.000000000000000000e+00
0.000000000000000000e+00
0.000000000000000000e+00
0.000000000000000000e+00
0.000000000000000000e+00
0.000000000000000000e+00
0.000000000000000000e+00
