0.0873
0.0873
0.0873
0.0873
0.0873
0.0873
0.0873
0.0873
0.0873
0.0873
0.0873
0.0873
0.0873
0.0873
0.0873
0.0873
0.0873
0.0873
0.0873
0.0873
0.0873
0.0873
0.0873
0.0873
0.10182
0.13289
0.1817
0.25032
0.33957
0.43491
0.53309
0.63384
0.72067
0.81146
0.90071
0.97831
1.0239
1.0646
1.0866
1.1001
1.0779
1.0404
0.97819
0.90398
0.80368
0.69208
0.54761
0.39536
0.23195
0.05948
-0.11843
-0.30268
-0.47552
-0.64186
-0.80373
-0.96302
-1.0816
-1.1911
-1.2646
-1.3332
-1.3716
-1.3933
-1.3674
-1.3265
-1.2729
-1.2075
-1.0965
-0.96864
-0.83841
-0.71339
-0.5674
-0.42427
-0.28462
-0.15344
-0.052268
0.019859
0.065854
0.0873
0.0873
0.0873
0.0873
0.0873
0.0873
0.0873
0.0873
0.0873
0.0873
0.0873
0.0873
0.0873
0.0873
0.0873
0.0873
0.0873
0.0873
0.0873
0.0873
0.0873
0.0873
0.0873
