9.997974629376478184e-01
9.997679828538075242e-01
9.997352857116583724e-01
9.996991667804007164e-01
9.996594236533028477e-01
9.996158575452257500e-01
9.995682745377788558e-01
9.995164867614538817e-01
9.994603135076909339e-01
9.993995822672692153e-01
9.993341296944995289e-01
9.992638024992830381e-01
9.991884582710949259e-01
9.991079662403077322e-01
9.990222079829974566e-01
9.989310780755116248e-01
9.988344847047135877e-01
9.987323502390539343e-01
9.986246117645772857e-01
9.985112215887701481e-01
9.983921477139166001e-01
9.982673742804403227e-01
9.981369019796711983e-01
9.980007484346279378e-01
9.978589485468012388e-01
9.977115548065691453e-01
9.975586375647695903e-01
9.974002852630897697e-01
9.972366046212650659e-01
9.970677207795916042e-01
9.968937773958903570e-01
9.967149366967867907e-01
9.965313794839382178e-01
9.963433050966035154e-01
9.961509313326731840e-01
9.959544943309101006e-01
9.957542484176553632e-01
9.955504659215949070e-01
9.953434369603165743e-01
9.951334692022957285e-01
9.949208876075970043e-01
9.947060341499605052e-01
9.944892675220381451e-01
9.942709628243782127e-01
9.940515112373199402e-01
9.938313196732987409e-01
9.936108104052066015e-01
9.933904206644565971e-01
9.931706022003197187e-01
9.929518207900146498e-01
9.927345556870016408e-01
9.925192989930408105e-01
9.923065549379036510e-01
9.920968390492401756e-01
9.918906771940710909e-01
9.916886044727483140e-01
9.914911639460481929e-01
9.912989051763476667e-01
9.911123825645971053e-01
9.909321534660263664e-01
9.907587760691760614e-01
9.905928070248958273e-01
9.904347988143424875e-01
9.902852968476869577e-01
9.901448362881569709e-01
9.900139385991350016e-01
9.898931078152868324e-01
9.897828265420552940e-01
9.896835516913248254e-01
9.895957099646180977e-01
9.895196930988254813e-01
9.894558528931786112e-01
9.894044960399389632e-01
9.893658787850465597e-01
9.893402014486929463e-01
9.893276028393673815e-01
9.893281545982566261e-01
9.893418555138125958e-01
9.893686258486935614e-01
9.894083017229565735e-01
9.894606295981810407e-01
9.895252609069887795e-01
9.896017468710910370e-01
9.896895335484688916e-01
9.897879571465714177e-01
9.898962396335483360e-01
9.900134846736217131e-01
9.901386739059225839e-01
9.902706635786789890e-01
9.904081815427954183e-01
9.905498246008909158e-01
9.906940562000358108e-01
9.908392044490226258e-01
9.909834604342753206e-01
9.911248768026509337e-01
9.912613665745976244e-01
9.913907021475231174e-01
9.915105144468699949e-01
9.916182921813300188e-01
9.917113811588318395e-01
9.917869836213785151e-01
9.918421575594106310e-01
9.918738159700581924e-01
9.918787260283234986e-01
9.918535081458333957e-01
9.917946348982340510e-01
9.916984298095326000e-01
9.915610659896723078e-01
9.913785646303635568e-01
9.911467933736896052e-01
9.908614645782858332e-01
9.905181335189942038e-01
9.901121965678512105e-01
9.896388894170792261e-01
9.890932854184135703e-01
9.884702941275255172e-01
9.877646601573684126e-01
9.869709624597743369e-01
9.860836141702634672e-01
9.850968631664288599e-01
9.840047935049792693e-01
9.828013279160295879e-01
9.814802315449824288e-01
9.800351171417486240e-01
9.784594519035485494e-01
9.767465661805944110e-01
9.748896642531088563e-01
9.728818373830433464e-01
9.707160793342708427e-01
9.683853045408268301e-01
9.658823690839918319e-01
9.632000946157838195e-01
9.603312953390331641e-01
9.572688081229938639e-01
9.540055257988465653e-01
9.505344336419501161e-01
9.468486490077984152e-01
9.429414640468871678e-01
9.388063913805804184e-01
9.344372125761123415e-01
9.298280292145653103e-01
9.249733163014924875e-01
9.198679777263119028e-01
9.145074034341434954e-01
9.088875279329070578e-01
9.030048897197511248e-01
8.968566911747879455e-01
8.904408584372156543e-01
8.837561007498277998e-01
8.768019687332123668e-01
8.695789110312531767e-01
8.620883287554423902e-01
8.543326271475617517e-01
8.463152638789779303e-01
8.380407934105736922e-01
8.295149068504947820e-01
8.207444667676335737e-01
8.117375364471380861e-01
8.025034031100470866e-01
7.930525946621409528e-01
7.833968895866254556e-01
7.735493196507010616e-01
7.635241651563816623e-01
7.533369425300744382e-01
7.430043841121513060e-01
7.325444100756997035e-01
7.219760924715101780e-01
7.113196114627546862e-01
7.005962038765424227e-01
6.898281042594991419e-01
6.790384786798124850e-01
6.682513515682269034e-01
6.574915259348902419e-01
6.467844973377034901e-01
6.361563620111706507e-01
6.256337195931436224e-01
6.152435709110644080e-01
6.050132113101918119e-01
5.949701200247903277e-01
5.851418461104120894e-01
5.755558914720650954e-01
5.662395915400848523e-01
5.572199941634878861e-01
5.485237373098854619e-01
5.401769261817020995e-01
5.322050103804008003e-01
5.246326617730792119e-01
5.174836537385241186e-01
5.107807424916173122e-01
5.045455512047494206e-01
4.987984576614058474e-01
4.935584861890958130e-01
4.888432046250030805e-01
4.846686270671097807e-01
4.810491231549920421e-01
4.779973346073692619e-01
4.755240997171663597e-01
4.736383864691966483e-01
4.723472349005710669e-01
4.716557092698929754e-01
4.715668605388616541e-01
4.720816995997518806e-01
4.731991816054121891e-01
4.749162016759815863e-01
4.772276021695734949e-01
4.801261916139448749e-01
4.836027753037596133e-01
4.876461974745273098e-01
4.922433948706776974e-01
4.973794614323457930e-01
5.030377237341010499e-01
5.091998267197104244e-01
5.158458291906620197e-01
5.229543084231903505e-01
5.305024732093845952e-01
5.384662845432428568e-01
5.468205831027757036e-01
5.555392226151553148e-01
5.645952081341285567e-01
5.739608382083115634e-01
5.836078498763941358e-01
5.935075653916821459e-01
6.036310395547035412e-01
6.139492065197561521e-01
6.244330249401266464e-01
6.350536203280260361e-01
6.457824235295650528e-01
6.565913042527713461e-01
6.674526986376753124e-01
6.783397299217474030e-01
6.892263213308417180e-01
7.000873004144054779e-01
7.108984941429403737e-01
7.216368141939819569e-01
7.322803319685243784e-01
7.428083430008851629e-01
7.532014205494224068e-01
7.634414582810412631e-01
7.735117020869130000e-01
7.833967711880329698e-01
7.930826688051220152e-01
8.025567827759553241e-01
8.118078766027420068e-01
8.208260715011691522e-01
8.296028200998972757e-01
8.381308725036845653e-01
8.464042354842815641e-01
8.544181256003744451e-01
8.621689170711647199e-01
8.696540852378512598e-01
8.768721464438988811e-01
8.838225951492822974e-01
8.905058390669351454e-01
8.969231330725939699e-01
9.030765125935019677e-01
9.089687271284886405e-01
9.146031744933419416e-01
9.199838363227019755e-01
9.251152152945179008e-01
9.300022744768801086e-01
9.346503791312243958e-01
9.390652412417097583e-01
9.432528669791693243e-01
9.472195072503046820e-01
9.509716114295191369e-01
9.545157843224955085e-01
9.578587463676909719e-01
9.610072970445177054e-01
9.639682814251224752e-01
9.667485597802389918e-01
9.693549801282965728e-01
9.717943536004799432e-01
9.740734324822987178e-01
9.761988907839654894e-01
9.781773071869731551e-01
9.800151502121946523e-01
9.817187654550891818e-01
9.832943647357255124e-01
9.847480170148902312e-01
9.860856409321768767e-01
9.873129988273418034e-01
9.884356921121169037e-01
9.894591578659254205e-01
9.903886665354052488e-01
9.912293206242539512e-01
9.919860542666090186e-01
9.926636335839489345e-01
9.932666577323328028e-01
9.937995605536671384e-01
9.942666127515623620e-01
9.946719245191604220e-01
9.950194485530073907e-01
9.953129833934969417e-01
9.955561770385102927e-01
9.957525307824965921e-01
9.959054032382527177e-01
9.960180145029711163e-01
9.960934504336491635e-01
9.961346669996664627e-01
9.961444946822478608e-01
9.961256428917102390e-01
9.960807043739509092e-01
9.960121595777443604e-01
9.959223809542581130e-01
9.958136371599926040e-01
9.956880971343183839e-01
9.955478340231161960e-01
9.953948289209134659e-01
9.952309744054746998e-01
9.950580778411379779e-01
9.948778644303117868e-01
9.946919799964328845e-01
9.945019934862514566e-01
9.943093991844211832e-01
9.941156186388631077e-01
9.939220023010574279e-01
9.937298308910832434e-01
9.935403165026807093e-01
9.933546034686577819e-01
9.931737690114403883e-01
9.929988237073292812e-01
9.928307117959834782e-01
9.926703113687260771e-01
9.925184344704505168e-01
9.923758271501900152e-01
9.922431694948677938e-01
9.921210756794286434e-01
9.920100940645789622e-01
9.919107073708459676e-01
9.918233329547412325e-01
9.917483232096104828e-01
9.916859661104032719e-01
9.916364859182198455e-01
9.916000440571924868e-01
9.915767401731124808e-01
9.915666133802829574e-01
9.915696437003849173e-01
9.915857536947026984e-01
9.916148102888449056e-01
9.916566267870896567e-01
9.917109650716315894e-01
9.917775379802697966e-01
9.918560118544099691e-01
9.919460092476219959e-01
9.920471117833773445e-01
9.921588631489965948e-01
9.922807722112675366e-01
9.924123162376882190e-01
9.925529442058985685e-01
9.927020801826220708e-01
9.928591267524232711e-01
9.930234684758236785e-01
9.931944753558664685e-01
9.933715062920923655e-01
9.935539125010904860e-01
9.937410408833204922e-01
9.939322373167204239e-01
9.941268498586909308e-01
9.943242318393163970e-01
9.945237448300998651e-01
9.947247614739889165e-01
9.949266681640033250e-01
9.951288675593016331e-01
9.953307809290151686e-01
9.955318503156079801e-01
9.957315405108962958e-01
9.959293408391777236e-01
9.961247667432033825e-01
9.963173611699797094e-01
9.965066957546555582e-01
9.966923718020265222e-01
9.968740210665164581e-01
9.970513063328557690e-01
9.972239218010954254e-01
9.973915932810319962e-01
9.975540782025841269e-01
9.977111654500923077e-01
9.978626750298920101e-01
9.980084575817746995e-01
9.981483937460525757e-01
9.982823933988237419e-01
9.984103947686431280e-01
9.985323634480893773e-01
9.986482913136542905e-01
9.987581953669365520e-01
9.988621165093090060e-01
9.989601182610744479e-01
9.990522854346709503e-01
9.991387227698358409e-01
9.992195535368635362e-01
9.992949181123467195e-01
9.993649725301874120e-01
9.994298870093460962e-01
9.994898444588965480e-01
9.995450389605624597e-01
9.995956742291128849e-01
9.996419620518153248e-01
9.996841207095653603e-01
9.997223733842648397e-01
9.997569465593951765e-01
9.997880684233505511e-01
