9.997977778574850261e-01
9.997683411425002387e-01
9.997356915345749773e-01
9.996996244538673970e-01
9.996599376213611832e-01
9.996164323539963315e-01
9.995689148077807618e-01
9.995171971582640369e-01
9.994610987113514700e-01
9.994004469408641622e-01
9.993350784523226116e-01
9.992648398750059169e-01
9.991895886863259024e-01
9.991091939739030758e-01
9.990235371414503129e-01
9.989325125647050552e-01
9.988360282032823223e-01
9.987340061735543451e-01
9.986263832866215662e-01
9.985131115542391633e-01
9.983941586643227950e-01
9.982695084264754382e-01
9.981391611869335767e-01
9.980031342114911164e-01
9.978614620343501107e-01
9.977141967704944436e-01
9.975614083890825823e-01
9.974031849454806364e-01
9.972396327699010188e-01
9.970708766111138210e-01
9.968970597343428386e-01
9.967183439731814865e-01
9.965349097361387853e-01
9.963469559691952027e-01
9.961547000764805482e-01
9.959583778018292755e-01
9.957582430744849056e-01
9.955545678225814488e-01
9.953476417581793578e-01
9.951377721375548324e-01
9.949252835001062278e-01
9.947105173886308105e-01
9.944938320528372566e-01
9.942756021367866737e-01
9.940562183495289528e-01
9.938360871165280441e-01
9.936156302076090130e-01
9.933952843351462336e-01
9.931755007141168656e-01
9.929567445735332232e-01
9.927394946067147341e-01
9.925242423459487151e-01
9.923114914453926572e-01
9.921017568546666165e-01
9.918955638645329254e-01
9.916934470054242778e-01
9.914959487793951753e-01
9.913036182063552637e-01
9.911170091662119264e-01
9.909366785197777361e-01
9.907631839929703643e-01
9.905970818108897902e-01
9.904389240707670572e-01
9.902892558454676752e-01
9.901486120121574253e-01
9.900175138038443956e-01
9.898964650847595914e-01
9.897859483539008796e-01
9.896864204845231550e-01
9.895983082108966711e-01
9.895220033772784696e-01
9.894578579677275609e-01
9.894061789391328521e-01
9.893672228835703741e-01
9.893411905498111780e-01
9.893282212573686341e-01
9.893283872397973244e-01
9.893416879568968092e-01
9.893680444178708511e-01
9.894072935591935458e-01
9.894591827217635860e-01
9.895233642717617961e-01
9.895993904083416615e-01
9.896867081988159898e-01
9.897846548783446607e-01
9.898924534463263702e-01
9.900092085858458457e-01
9.901339029258093838e-01
9.902653936580155802e-01
9.904024095136040318e-01
9.905435480953850291e-01
9.906872735547465059e-01
9.908319145944339823e-01
9.909756627717637434e-01
9.911165710709542997e-01
9.912525527084362631e-01
9.913813801313425822e-01
9.915006841669629090e-01
9.916079532798102170e-01
9.917005328930736940e-01
9.917756247325875130e-01
9.918302861539575188e-01
9.918614294170866597e-01
9.918658208769305373e-01
9.918400800648297100e-01
9.917806786411247355e-01
9.916839392069241033e-01
9.915460339708290771e-01
9.913629832751129634e-01
9.911306539953298467e-01
9.908447578376017306e-01
9.905008495689485715e-01
9.900943252280082207e-01
9.896204203763507845e-01
9.890742084643047161e-01
9.884505993997048101e-01
9.877443384231059387e-01
9.869500054085744711e-01
9.860620147248697620e-01
9.850746158072860581e-01
9.839818946051940296e-01
9.827777760838622978e-01
9.814560279709174662e-01
9.800102659472127442e-01
9.784339604883666164e-01
9.767204455662744644e-01
9.748629294190322980e-01
9.728545075925919550e-01
9.706881784478517128e-01
9.683568613126660729e-01
9.658534174394612926e-01
9.631706739059171518e-01
9.603014505687866853e-01
9.572385901497354466e-01
9.539749914975179657e-01
9.505036460333637915e-01
9.468176773466115970e-01
9.429103838659452785e-01
9.387752844885478565e-01
9.344061670056182933e-01
9.297971391184610690e-01
9.249426817952689506e-01
9.198377046752155284e-01
9.144776031840731179e-01
9.088583169847342935e-01
9.029763893472835257e-01
8.968290269871568299e-01
8.904141598870214391e-01
8.837305005888782539e-01
8.767776024181640482e-01
8.695559160818745470e-01
8.620668440685784750e-01
8.543127922701778676e-01
8.462972182439109092e-01
8.380246755388048863e-01
8.295008535239076775e-01
8.207326121763233173e-01
8.117280113154015098e-01
8.024963338052322204e-01
7.930481022905365718e-01
7.833950890805818634e-01
7.735503188511551054e-01
7.635280638949399901e-01
7.533438317147954644e-01
7.430143448211519175e-01
7.325575126627266176e-01
7.219923956876479476e-01
7.113391615985159566e-01
7.006190339287154956e-01
6.898542331273180839e-01
6.790679103952829143e-01
6.682840745658060744e-01
6.575275123661697974e-01
6.468237024373052479e-01
6.361987235207183788e-01
6.256791572509113886e-01
6.152919860157139986e-01
6.050644863678482643e-01
5.950241184895392887e-01
5.851984122290988521e-01
5.756148502449318638e-01
5.663007488092932640e-01
5.572831368418410536e-01
5.485886337619828579e-01
5.402433267693889096e-01
5.322726481834829659e-01
5.247012534949906382e-01
5.175529008048020962e-01
5.108503323467250556e-01
5.046151588099658802e-01
4.988677471932189134e-01
4.936271129338503094e-01
4.889108170615535931e-01
4.847348691249832031e-01
4.811136366312548374e-01
4.780597617210721184e-01
4.755840857761189922e-01
4.736955826200037745e-01
4.724013009294816268e-01
4.717063164192355496e-01
4.716136943017144034e-01
4.721244624541884871e-01
4.732375956491667868e-01
4.749500111227832333e-01
4.772565756696810491e-01
4.801501243635711846e-01
4.836214909110353455e-01
4.876595495533615487e-01
4.922512683382080922e-01
4.973817734905470189e-01
5.030344245213447252e-01
5.091908996235887663e-01
5.158312908189852664e-01
5.229342082356349675e-01
5.304768928176920584e-01
5.384353366929801599e-01
5.467844103544332590e-01
5.554979957465935314e-01
5.645491242901146123e-01
5.739101188260020692e-01
5.835527384181036226e-01
5.934483249181163877e-01
6.035679501730301100e-01
6.138825627414510322e-01
6.243631329835048760e-01
6.349807953997526067e-01
6.457069871183502840e-01
6.565135814668452419e-01
6.673730156156707505e-01
6.782584113442718943e-01
6.891436880573735824e-01
7.000036672672902416e-01
7.108141678572201805e-01
7.215520915486103304e-01
7.321954981112993588e-01
7.427236699761816663e-01
7.531171660345905572e-01
7.633578645342165014e-01
7.734289951059727386e-01
7.833151600776051549e-01
7.930023453459105198e-01
8.024779211882477892e-01
8.117306334938227952e-01
8.207505859845040108e-01
8.295292140723887764e-01
8.380592510660472838e-01
8.463346874886438220e-01
8.543507243085792791e-01
8.621037209069167817e-01
8.695911386158210465e-01
8.768114806591300603e-01
8.837642293107396130e-01
8.904497810597445939e-01
8.968693805344474246e-01
9.030250538917820036e-01
9.089195423258937812e-01
9.145562362911245913e-01
9.199391109720349569e-01
9.250726634679521387e-01
9.299618520933177201e-01
9.346120381292670753e-01
9.390289302976447816e-01
9.432185321671804346e-01
9.471870926437306881e-01
9.509410596431132623e-01
9.544870369966399481e-01
9.578317445963885346e-01
9.609819817497060601e-01
9.639445936804382775e-01
9.667264410877887126e-01
9.693343726522875015e-01
9.717752003617252665e-01
9.740556775176525406e-01
9.761824792746779389e-01
9.781621855598024995e-01
9.800012662168849920e-01
9.817060682215409395e-01
9.832828048138658739e-01
9.847375463999117340e-01
9.860762130774671785e-01
9.873045686470894866e-01
9.884282159752629804e-01
9.894525935828355490e-01
9.903829733383828771e-01
9.912244591427931129e-01
9.919819864981009871e-01
9.926603228604138351e-01
9.932640686836351485e-01
9.937976590675986488e-01
9.942653659311231351e-01
9.946713006373468779e-01
9.950194170054101894e-01
9.953135146490209584e-01
9.955572425885517163e-01
9.957541030889440759e-01
9.959074556807144818e-01
9.960205213256670964e-01
9.960963866924467114e-01
9.961380085097711889e-01
9.961482179670926307e-01
9.961297251336066472e-01
9.960851233670803273e-01
9.960168936840707588e-01
9.959274090629286480e-01
9.958189386507712015e-01
9.956936518455532514e-01
9.955536222246835765e-01
9.954008312925068935e-01
9.952371720205160921e-01
9.950644521564796507e-01
9.948843972817791315e-01
9.946986536001249934e-01
9.945087904453792094e-01
9.943163025013188605e-01
9.941226117316711575e-01
9.939290690244361182e-01
9.937369555601981430e-01
9.935474839195931329e-01
9.933617989501725143e-01
9.931809784174051581e-01
9.930060334683592504e-01
9.928379089395904522e-01
9.926774835428797683e-01
9.925255699636774676e-01
9.923829149074322453e-01
9.922501991284671252e-01
9.921280374747727393e-01
9.920169789801341897e-01
9.919175070325042531e-01
9.918300396446084743e-01
9.917549298495620391e-01
9.916924662409121183e-01
9.916428736731193183e-01
9.916063141351618704e-01
9.915828878067630692e-01
9.915726343037686297e-01
9.915755341164691483e-01
9.915915102421787308e-01
9.916204300111338688e-01
9.916621071027337253e-01
9.917163037472680465e-01
9.917827331065227625e-01
9.918610618249752431e-01
9.919509127416589189e-01
9.920518677511710459e-01
9.921634708007129877e-01
9.922852310085068517e-01
9.924166258874504987e-01
9.925571046565090372e-01
9.927060916211288832e-01
9.928629896029685931e-01
9.930271833985063745e-01
9.931980432456518626e-01
9.933749282773730593e-01
9.935571899415721608e-01
9.937441753669743472e-01
9.939352306556187289e-01
9.941297040836123422e-01
9.943269491930738502e-01
9.945263277596022577e-01
9.947272126210935372e-01
9.949289903552546166e-01
9.951310637946800819e-01
9.953328543698324316e-01
9.955338042716953550e-01
9.957333784272318633e-01
9.959310662820917148e-01
9.961263833862874506e-01
9.963188727798177879e-01
9.965081061764724524e-01
9.966936849453398306e-01
9.968752408908614360e-01
9.970524368336423082e-01
9.972249669956443352e-01
9.973925571948348834e-01
9.975549648558248439e-01
9.977119788444677173e-01
9.978634191357728112e-01
9.980091363257471704e-01
9.981490109988896409e-01
9.982829529639358768e-01
9.984109003710642805e-01
9.985328187240577469e-01
9.986486998008480276e-01
9.987585604954238860e-01
9.988624415932724210e-01
9.989604064913614190e-01
9.990525398722206463e-01
9.991389463400203175e-01
9.992197490247761715e-01
9.992950881590589862e-01
9.993651196299847550e-01
9.994300135079469127e-01
9.994899525526435013e-01
9.995451306965711380e-01
9.995957515063511600e-01
9.996420266230806595e-01
9.996841741843174312e-01
9.997224172322669578e-01
9.997569821151082170e-01
9.997880968910179966e-01
