9.997980841941266350e-01
9.997686934622048716e-01
9.997360949295207577e-01
9.997000843077797905e-01
9.996604595917196745e-01
9.996170223500379093e-01
9.995695789644648555e-01
9.995179418064473742e-01
9.994619303444970404e-01
9.994013721786776383e-01
9.993361040017634256e-01
9.992659724891662654e-01
9.991908351216994832e-01
9.991105609465823489e-01
9.990250312827931856e-01
9.989341403770017891e-01
9.988377960159307012e-01
9.987359201002199427e-01
9.986284491838191002e-01
9.985153349817247337e-01
9.983965448476358473e-01
9.982720622219164452e-01
9.981418870492099193e-01
9.980060361642082434e-01
9.978645436434734339e-01
9.977174611208575739e-01
9.975648580639622232e-01
9.974068220092154879e-01
9.972434587534764194e-01
9.970748925005895602e-01
9.969012659619467254e-01
9.967227404108436328e-01
9.965394956911846069e-01
9.963517301818682892e-01
9.961596607189109331e-01
9.959635224780197804e-01
9.957635688208464897e-01
9.955600711085199617e-01
9.953533184862194405e-01
9.951436176424894864e-01
9.949312925466794466e-01
9.947166841673091842e-01
9.945001501732888549e-01
9.942820646187838785e-01
9.940628176111003800e-01
9.938428149593219185e-01
9.936224777995742441e-01
9.934022421907957590e-01
9.931825586727913713e-01
9.929638917762335648e-01
9.927467194722059407e-01
9.925315325469487027e-01
9.923188338857449331e-01
9.921091376484442170e-01
9.919029683180358159e-01
9.917008596030132406e-01
9.915033531740448103e-01
9.913109972157265748e-01
9.911243447749307212e-01
9.909439518884817222e-01
9.907703754745499358e-01
9.906041709742151591e-01
9.904458897320679300e-01
9.902960761074232066e-01
9.901552643106645846e-01
9.900239749623696017e-01
9.899027113761370567e-01
9.897919555694215665e-01
9.896921640101554729e-01
9.896037631104850352e-01
9.895271444825720630e-01
9.894626599750859786e-01
9.894106165127308783e-01
9.893712707648709692e-01
9.893448236729830425e-01
9.893314148701947142e-01
9.893311170294450951e-01
9.893439301797036789e-01
9.893697760320463441e-01
9.894084923590609204e-01
9.894598274718700015e-01
9.895234348388948220e-01
9.895988678892134738e-01
9.896855750409405683e-01
9.897828949914485586e-01
9.898900523015164987e-01
9.900061532997308511e-01
9.901301823268358060e-01
9.902609983324472953e-01
9.903973318288497030e-01
9.905377821987569886e-01
9.906808153462087763e-01
9.908247616724651374e-01
9.909678143520932458e-01
9.911080278786247311e-01
9.912433168443721687e-01
9.913714549153407329e-01
9.914900739597541923e-01
9.915966632875330422e-01
9.916885689581419472e-01
9.917629931154949841e-01
9.918169933110302372e-01
9.918474817795437382e-01
9.918512246368438312e-01
9.918248409736614146e-01
9.917648018264694221e-01
9.916674290128878466e-01
9.915288938271380470e-01
9.913452155995758908e-01
9.911122601336851412e-01
9.908257380440840256e-01
9.904812030301308745e-01
9.900740501316372955e-01
9.895995140260227529e-01
9.890526674399557905e-01
9.884284197630412994e-01
9.877215159663010891e-01
9.869265359438342822e-01
9.860378944118397548e-01
9.850498415147478370e-01
9.839564643030854763e-01
9.827516892613615829e-01
9.814292860761341108e-01
9.799828728439321512e-01
9.784059229252678458e-01
9.766917736540706718e-01
9.748336371110416509e-01
9.728246131643117911e-01
9.706577049711623273e-01
9.683258371203119497e-01
9.658218765754386093e-01
9.631386565573311076e-01
9.602690034746338421e-01
9.572057669819208359e-01
9.539418532092553971e-01
9.504702611699412662e-01
9.467841223133651729e-01
9.428767431481914763e-01
9.387416508182063746e-01
9.343726414693273030e-01
9.297638312021767604e-01
9.249097093606450937e-01
9.198051938635005698e-01
9.144456882438202205e-01
9.088271400203067341e-01
9.029460999859163506e-01
8.967997819632053114e-01
8.903861225429436921e-01
8.837038402934584980e-01
8.767524939034284648e-01
8.695325387010850449e-01
8.620453809785687538e-01
8.542934295421009683e-01
8.462801439071936382e-01
8.380100785637298877e-01
8.294889227487628469e-01
8.207235351854782479e-01
8.117219732749887395e-01
8.024935162633219932e-01
7.930486819488322681e-01
7.833992365447045580e-01
7.735581973665653921e-01
7.635398280754550626e-01
7.533596262705173352e-01
7.430343032924223712e-01
7.325817561664990096e-01
7.220210316823891805e-01
7.113722826734671933e-01
7.006567166230437405e-01
6.898965367843969965e-01
6.791148760570857590e-01
6.683357239121905380e-01
6.575838467037080637e-01
6.468847017423173806e-01
6.362643455412904103e-01
6.257493366730064732e-01
6.153666336989782604e-01
6.051434886574416083e-01
5.951073366112540342e-01
5.852856817761544761e-01
5.757059807661766282e-01
5.663955235099599195e-01
5.573813124095403637e-01
5.486899403321261470e-01
5.403474680456008539e-01
5.323793017297713259e-01
5.248100712172563131e-01
5.176635096396680069e-01
5.109623351754712939e-01
5.047281356145043585e-01
4.989812564694287023e-01
4.937406933751715687e-01
4.890239895224670619e-01
4.848471388699275852e-01
4.812244958696531016e-01
4.781686924235819536e-01
4.756905627611176524e-01
4.737990768927925478e-01
4.725012832499781990e-01
4.718022610672288897e-01
4.717050830022874175e-01
4.722107884199139294e-01
4.733183676904075821e-01
4.750247577730206672e-01
4.773248492694898149e-01
4.802115050447993694e-01
4.836755904219736113e-01
4.877060148663592276e-01
4.922897849832118533e-01
4.974120685614356052e-01
5.030562693066180646e-01
5.092041118187540238e-01
5.158357362847878491e-01
5.229298022738583240e-01
5.304636009443988165e-01
5.384131748975941045e-01
5.467534448416846438e-01
5.554583421669359034e-01
5.645009464724735082e-01
5.738536270345221402e-01
5.834881871617150217e-01
5.933760103481395820e-01
6.034882071095530875e-01
6.137957613737893281e-01
6.242696752936351956e-01
6.348811113601985356e-01
6.456015307175568818e-01
6.564028266157200253e-01
6.672574519886409483e-01
6.781385402070563284e-01
6.890200181317236439e-01
6.998767106803269744e-01
7.106844362197346499e-01
7.214200922029450069e-01
7.320617305852290535e-01
7.425886226746978291e-01
7.529813131967144635e-01
7.632216634770452313e-01
7.732928837731556371e-01
7.831795549044471283e-01
7.928676394483811229e-01
8.023444828784067617e-01
8.115988051196191266e-01
8.206206830876323632e-01
8.294015248539438057e-01
8.379340361461518061e-01
8.462121799430758484e-01
8.542311299627189936e-01
8.619872188651044320e-01
8.694778820024565702e-01
8.767015975465735078e-01
8.836578238082785086e-01
8.903469345375563115e-01
8.967701529565890173e-01
9.029294852327552912e-01
9.088276540462192354e-01
9.144680328485756959e-01
9.198545813467018384e-01
9.249917826810445387e-01
9.298845827015772558e-01
9.345383316789411809e-01
9.389587287241737412e-01
9.431517691289827976e-01
9.471236947807238904e-01
9.508809477528069598e-01
9.544301271227684236e-01
9.577779490270581508e-01
9.609312099238960236e-01
9.638967530033751840e-01
9.666814376572048229e-01
9.692921118988437890e-01
9.717355876079228905e-01
9.740186184603800701e-01
9.761478803971281870e-01
9.781299544788718547e-01
9.799713119723378885e-01
9.816783015132162227e-01
9.832571381930312882e-01
9.847138944205745537e-01
9.860544924130461020e-01
9.872846981773761854e-01
9.884101168480763366e-01
9.894361892542304915e-01
9.903681895947330505e-01
9.912112241075506924e-01
9.919702306255563373e-01
9.926499789183498290e-01
9.932550717264004847e-01
9.937899464008113082e-01
9.942588770689685385e-01
9.946659772532429056e-01
9.950152028766739987e-01
9.953103555960826077e-01
9.955550864092119756e-01
9.957528994881557072e-01
9.959071561963792618e-01
9.960210792509703870e-01
9.960977569952967903e-01
9.961401477499652879e-01
9.961510842118891373e-01
9.961332778724426573e-01
9.960893234262334639e-01
9.960217031421086942e-01
9.959327911678407252e-01
9.958248577397011969e-01
9.957000732680716393e-01
9.955605122705392107e-01
9.954081571247765936e-01
9.952449016150318739e-01
9.950725542483487285e-01
9.948928413197221099e-01
9.947074097092463152e-01
9.945178293988401474e-01
9.943255957012232527e-01
9.941321311992858956e-01
9.939387873996661238e-01
9.937468461100164019e-01
9.935575205549015410e-01
9.933719562503432465e-01
9.931912316615335579e-01
9.930163586720562874e-01
9.928482828959643847e-01
9.926878838662157589e-01
9.925359751342177628e-01
9.923933043156117906e-01
9.922605531169581550e-01
9.921383373767541647e-01
9.920272071523205115e-01
9.919276468816435877e-01
9.918400756463854329e-01
9.917648475591134272e-01
9.917022522944624052e-01
9.916525157805691215e-01
9.916158010637854403e-01
9.915922093564896178e-01
9.915817812748141113e-01
9.915844982703372334e-01
9.916002842572514409e-01
9.916290074342131167e-01
9.916704822979728329e-01
9.917244718439388595e-01
9.917906899470075865e-01
9.918688039142548041e-01
9.919584371993985794e-01
9.920591722673003376e-01
9.921705535951567123e-01
9.922920907954803083e-01
9.924232618444854825e-01
9.925635163981453291e-01
9.927122791770019994e-01
9.928689533998531491e-01
9.930329242457447414e-01
9.932035623233098631e-01
9.933802271264218220e-01
9.935622704553923601e-01
9.937490397835119227e-01
9.939398815495834594e-01
9.941341443581974691e-01
9.943311820707732007e-01
9.945303567718074556e-01
9.947310415962620223e-01
9.949326234055392293e-01
9.951345053009991171e-01
9.953361089654402249e-01
9.955368768243688660e-01
9.957362740202376772e-01
9.959337901941235360e-01
9.961289410705814751e-01
9.963212698426514580e-01
9.965103483552468777e-01
9.966957780864285077e-01
9.968771909273881349e-01
9.970542497633266832e-01
9.972266488588326094e-01
9.973941140528116422e-01
9.975564027694833191e-01
9.977133038534060638e-01
9.978646372378744411e-01
9.980102534573042083e-01
9.981500330153304512e-01
9.982838856212276069e-01
9.984117493078727978e-01
9.985335894447612270e-01
9.986493976595131050e-01
9.987591906808692688e-01
9.988630091153500867e-01
9.989609161685922833e-01
9.990529963209207054e-01
9.991393539650434974e-01
9.992201120119860169e-01
9.992954104696190054e-01
9.993654049965284836e-01
9.994302654326558955e-01
9.994901743072251987e-01
9.995453253240874636e-01
9.995959218248143818e-01
9.996421752306919872e-01
9.996843034661969662e-01
9.997225293684921521e-01
9.997570790898602233e-01
9.997881805026223034e-01
