9.997979786625602605e-01
9.997685710264675452e-01
9.997359535434839906e-01
9.996999217840120133e-01
9.996602736061740435e-01
9.996168104487072048e-01
9.995693385719967017e-01
9.995176702366733723e-01
9.994616248127882185e-01
9.994010298159984318e-01
9.993357218702650924e-01
9.992655475991258918e-01
9.991903644495893078e-01
9.991100414540337038e-01
9.990244599362089195e-01
9.989335141675644847e-01
9.988371119797571085e-01
9.987351753384169362e-01
9.986276408822114536e-01
9.985144604300399962e-01
9.983956014579526972e-01
9.982710475462044375e-01
9.981407987958128558e-01
9.980048722131480421e-01
9.978633020604749104e-01
9.977161401700174181e-01
9.975634562190117682e-01
9.974053379633452954e-01
9.972418914277161317e-01
9.970732410507573418e-01
9.968995297842072612e-01
9.967209191459341922e-01
9.965375892274006553e-01
9.963497386569190040e-01
9.961575845207902846e-01
9.959613622450611548e-01
9.957613254411599168e-01
9.955577457190351032e-01
9.953509124715775869e-01
9.951411326340433572e-01
9.949287304218673578e-01
9.947140470496640408e-01
9.944974404333318807e-01
9.942792848760202418e-01
9.940599707372980154e-01
9.938399040831988884e-01
9.936195063129579230e-01
9.933992137562430713e-01
9.931794772325828191e-01
9.929607615625709593e-01
9.927435450183683674e-01
9.925283186990871975e-01
9.923155858149371733e-01
9.921058608625795694e-01
9.918996686730759960e-01
9.916975433131554052e-01
9.915000268203241207e-01
9.913076677526185820e-01
9.911210195345556695e-01
9.909406385820649366e-01
9.907670821908557413e-01
9.906009061747405031e-01
9.904426622428461613e-01
9.902928951073521890e-01
9.901521393163270623e-01
9.900209158093542516e-01
9.898997281968969775e-01
9.897890587677231622e-01
9.896893642321699103e-01
9.896010712125687947e-01
9.895245714957675576e-01
9.894602170663577834e-01
9.894083149429421242e-01
9.893691218435023416e-01
9.893428387096111498e-01
9.893296051227787880e-01
9.893294936495271585e-01
9.893425041547067034e-01
9.893685581249607175e-01
9.894074930459332284e-01
9.894590568776546746e-01
9.895229026723825205e-01
9.895985833779108454e-01
9.896855468669309985e-01
9.897831312294053108e-01
9.898905603601568792e-01
9.900069398680867439e-01
9.901312533267617733e-01
9.902623588787867748e-01
9.903989861986295384e-01
9.905397338106729510e-01
9.906830667515090783e-01
9.908273145581277808e-01
9.909706695569371337e-01
9.911111854226984930e-01
9.912467759716339089e-01
9.913752141492941927e-01
9.914941311713407757e-01
9.916010157742186637e-01
9.916932135327826137e-01
9.917679262032385035e-01
9.918222110522089130e-01
9.918529801362637732e-01
9.918569995007708862e-01
9.918308882723589903e-01
9.917711176255705752e-01
9.916740096113689784e-01
9.915357358430275658e-01
9.913523160435641080e-01
9.911196164683023779e-01
9.908333482263805836e-01
9.904890655361108243e-01
9.900821639610655200e-01
9.896078786866239207e-01
9.890612829104428183e-01
9.884372864348371923e-01
9.877306345642331564e-01
9.869359074264735243e-01
9.860475198525151530e-01
9.850597219645773617e-01
9.839666006376219798e-01
9.827620820126520274e-01
9.814399352521324671e-01
9.799937777372914605e-01
9.784170819135746822e-01
9.767031839935843562e-01
9.748452947259693691e-01
9.728365124336069147e-01
9.706698385147847219e-01
9.683381955868495261e-01
9.658344484329680624e-01
9.631514278893988923e-01
9.602819577832700793e-01
9.572188849996562388e-01
9.539551127221931326e-01
9.504836368540336977e-01
9.467975855861479051e-01
9.428902620383203814e-01
9.387551898552233265e-01
9.343861615961185363e-01
9.297772897125889946e-01
9.249230598646653867e-01
9.198183862822856272e-01
9.144586688366822536e-01
9.088398514455053867e-01
9.029584813968051238e-01
8.968117691409076553e-01
8.903976480663349236e-01
8.837148337467854997e-01
8.767628821214434875e-01
8.695422460511172957e-01
8.620543296784993759e-01
8.543015400127944581e-01
8.462873351575395109e-01
8.380162686061050081e-01
8.294940290424234197e-01
8.207274751051438777e-01
8.117246646016793576e-01
8.024948776943686690e-01
7.930486336238775635e-01
7.833977005844593444e-01
7.735550984210706194e-01
7.635350938786269470e-01
7.533531881978031697e-01
7.430260969184884212e-01
7.325717218199825354e-01
7.220091149948917320e-01
7.113584351201271971e-01
7.006408960522068075e-01
6.898787079341012207e-01
6.790950110562739006e-01
6.683138027647536061e-01
6.575598577536401201e-01
6.468586421183948332e-01
6.362362215797757736e-01
6.257191643168881212e-01
6.153344388721857516e-01
6.051093076122746606e-01
5.950712162469866673e-01
5.852476799263252039e-01
5.756661664515234644e-01
5.663539771532960510e-01
5.573381260080707555e-01
5.486452175818750110e-01
5.403013244117305103e-01
5.323318644557029078e-01
5.247614792647101734e-01
5.176139135510697820e-01
5.109118968497000646e-01
5.046770279867360820e-01
4.989296630859497705e-01
4.936888078544768854e-01
4.889720148948679679e-01
4.847952867891751616e-01
4.811729856918303128e-01
4.781177501506925775e-01
4.756404198493170421e-01
4.737499689281036153e-01
4.724534484974536319e-01
4.717559389027893291e-01
4.716605122398285221e-01
4.721682055495397545e-01
4.732780050467518818e-01
4.749868416554293704e-01
4.772895980382539927e-01
4.801791272195288229e-01
4.836462828095492439e-01
4.876799607465877040e-01
4.922671523803455740e-01
4.973930086290557773e-01
5.030409148520464946e-01
5.091925759911798410e-01
5.158281114487638375e-01
5.229261590867294585e-01
5.304639876527792453e-01
5.384176168641935378e-01
5.467619443097964105e-01
5.554708782657875599e-01
5.645174754625602587e-01
5.738740827880326467e-01
5.835124818694055193e-01
5.934040354404799267e-01
6.035198343768266582e-01
6.138308442670715737e-01
6.243080503862613595e-01
6.349225999474765736e-01
6.456459405311130162e-01
6.564499536279573277e-01
6.673070822823459203e-01
6.781904518851856745e-01
6.890739832428128819e-01
6.999324971357396841e-01
7.107418096800866003e-01
7.214788179124629330e-01
7.321215751344685163e-01
7.426493556739272028e-01
7.530427088443329975e-01
7.632835020095819489e-01
7.733549527856721229e-01
7.832416505324852896e-01
7.929295674049411380e-01
8.024060593417390308e-01
8.116598574698827839e-01
8.206810504926251859e-01
8.294610587061601592e-01
8.379926003553265224e-01
8.462696510900944435e-01
8.542873973223283901e-01
8.620421843061862877e-01
8.695314597757483055e-01
8.767537139706234051e-01
8.837084168650835014e-01
8.903959533897847223e-01
8.968175573985104343e-01
9.029752450870196512e-01
9.088717485184450995e-01
9.145104498513481062e-01
9.198953168040523432e-01
9.250308398238267227e-01
9.299219713633535278e-01
9.345740676011189407e-01
9.389928328781597111e-01
9.431842670621115587e-01
9.471546159916657270e-01
9.509103251011049585e-01
9.544579962761082781e-01
9.578043479488603795e-01
9.609561784028536335e-01
9.639203322256635342e-01
9.667036698212698731e-01
9.693130398719471685e-01
9.717552546229994981e-01
9.740370678512397795e-01
9.761651553696291117e-01
9.781460979153867585e-01
9.799863662666462583e-01
9.816923084328526006e-01
9.832701387661207937e-01
9.847259288442555825e-01
9.860655999807197425e-01
9.872949172222127423e-01
9.884194847004373896e-01
9.894447422109156065e-01
9.903759628982247154e-01
9.912182519336886211e-01
9.919765460783280808e-01
9.926556140307117859e-01
9.932600574662530102e-01
9.937943126814319239e-01
9.942626527633553479e-01
9.946691902119417783e-01
9.950178799487536807e-01
9.953125226529886405e-01
9.955567683712723825e-01
9.957541203535347218e-01
9.959079390722812564e-01
9.960214463868926060e-01
9.960977298181110662e-01
9.961397469005877081e-01
9.961503295832688787e-01
9.961321886485708932e-01
9.960879181218413869e-01
9.960199996426940539e-01
9.959308067696325262e-01
9.958226091891465570e-01
9.956975768004076022e-01
9.955577836469980957e-01
9.954052116679639184e-01
9.952417542420182173e-01
9.950692195010264474e-01
9.948893333920008075e-01
9.947037424706940412e-01
9.945140164144263828e-01
9.943216502468779083e-01
9.941280662730628270e-01
9.939346157283869276e-01
9.937425801513648516e-01
9.935531724950461552e-01
9.933675379972781716e-01
9.931867548344424090e-01
9.930118345871167262e-01
9.928437225491233420e-01
9.926832979135594703e-01
9.925313738706482702e-01
9.923886976526031800e-01
9.922559505602068786e-01
9.921337480045520074e-01
9.920226395954606646e-01
9.919231093056239956e-01
9.918355757365988623e-01
9.917603925096053485e-01
9.916978488007119896e-01
9.916481700365979979e-01
9.916115187637402073e-01
9.915879957006763501e-01
9.915776409800004521e-01
9.915804355839850093e-01
9.915963029752068447e-01
9.916251109212728121e-01
9.916666735106616226e-01
9.917207533547899301e-01
9.917870639696199087e-01
9.918652723284262507e-01
9.919550015756848360e-01
9.920558338904285067e-01
9.921673134858249865e-01
9.922889497301891071e-01
9.924202203731706806e-01
9.925605748595061062e-01
9.927094377115334156e-01
9.928662119606987968e-01
9.930302826075708689e-01
9.932010200894718643e-01
9.933777837347397277e-01
9.935599251828745038e-01
9.937467917503708392e-01
9.939377297228737529e-01
9.941320875553742997e-01
9.943292189634292955e-01
9.945284858897989189e-01
9.947292613323803767e-01
9.949309320208337137e-01
9.951329009308074180e-01
9.953345896261363013e-01
9.955354404208046626e-01
9.957349183538214410e-01
9.959325129714575731e-01
9.961277399125696430e-01
9.963201422939769181e-01
9.965092918941231837e-01
9.966947901345303285e-01
9.968762688598752364e-01
9.970533909188878940e-01
9.972258505496848224e-01
9.973933735746033369e-01
9.975557174110598613e-01
9.977126709064043641e-01
9.978640540061186615e-01
9.980097172659789795e-01
9.981495412199056227e-01
9.982834356161082168e-01
9.984113385347408443e-01
9.985332154005701621e-01
9.986490579040883109e-01
9.987588828440583377e-01
9.988627309036631763e-01
9.989606653712648221e-01
9.990527708153301711e-01
9.991391517214133211e-01
9.992199310973136628e-01
9.992952490507753804e-01
9.993652613424864883e-01
9.994301379158238019e-01
9.994900614038754183e-01
9.995452256138961378e-01
9.995958339895405498e-01
9.996420980520521749e-01
9.996842358230025871e-01
9.997224702331368729e-01
9.997570275242545490e-01
9.997881356536817421e-01
