9.997980651468481028e-01
9.997686791236399806e-01
9.997360870812127542e-01
9.997000850130925986e-01
9.996604712090968459e-01
9.996170475429513314e-01
9.995696207076371076e-01
9.995180033880083359e-01
9.994620153638266169e-01
9.994014845397860558e-01
9.993362479021647982e-01
9.992661524043079391e-01
9.991910557851108043e-01
9.991108273260038697e-01
9.990253485526320310e-01
9.989345138875327379e-01
9.988382312597189339e-01
9.987364226762848185e-01
9.986290247600825287e-01
9.985159892562972539e-01
9.983972835094903076e-01
9.982728909114790827e-01
9.981428113193731022e-01
9.980070614422331676e-01
9.978656751942119874e-01
9.977187040116782812e-01
9.975662171317262183e-01
9.974083018296023839e-01
9.972450636129253088e-01
9.970766263710768573e-01
9.969031324787912540e-01
9.967247428536840648e-01
9.965416369682416065e-01
9.963540128175497612e-01
9.961620868447721433e-01
9.959660938270217256e-01
9.957662867247903948e-01
9.955629364984474039e-01
9.953563318954824490e-01
9.951467792120952671e-01
9.949346020324215667e-01
9.947201409481003509e-01
9.945037532600312646e-01
9.942858126630478299e-01
9.940667089128407685e-01
9.938468474728542335e-01
9.936266491370573384e-01
9.934065496225293890e-01
9.931869991237446404e-01
9.929684618183547418e-01
9.927514153122370955e-01
9.925363500096666680e-01
9.923237683927572661e-01
9.921141841928861060e-01
9.919081214357204912e-01
9.917061133407722995e-01
9.915087010561527414e-01
9.913164322094157876e-01
9.911298592560735532e-01
9.909495376085314389e-01
9.907760235298007645e-01
9.906098717783656804e-01
9.904516329929542451e-01
9.903018508086472993e-01
9.901610586986845375e-01
9.900297765394596716e-01
9.899085068994778469e-01
9.897977310564618492e-01
9.896979047502952875e-01
9.896094536830895017e-01
9.895327687813204598e-01
9.894682012387041592e-01
9.894160573622333699e-01
9.893765932475433456e-01
9.893500093134559581e-01
9.893364447290720065e-01
9.893359717700470624e-01
9.893485901435395968e-01
9.893742213236377259e-01
9.894127029406666329e-01
9.894637832685307943e-01
9.895271158539890033e-01
9.896022543304180408e-01
9.896886474561170655e-01
9.897856344135423923e-01
9.898924404010804867e-01
9.900081725431857382e-01
9.901318161380873173e-01
9.902622312550111161e-01
9.903981496852233279e-01
9.905381722434449809e-01
9.906807664085723886e-01
9.908242642854547810e-01
9.909668608629359499e-01
9.911066125376952751e-01
9.912414358687690052e-01
9.913691065241243550e-01
9.914872583783587157e-01
9.915933827195392292e-01
9.916848275233627330e-01
9.917587967541663385e-01
9.918123496547854856e-01
9.918423999907576283e-01
9.918457152188333570e-01
9.918189155550948266e-01
9.917584729241382124e-01
9.916607097777065949e-01
9.915217977788335357e-01
9.913377563559855332e-01
9.911044511408876323e-01
9.908175923137154673e-01
9.904727328901965500e-01
9.900652669968978969e-01
9.895904281936361846e-01
9.890432879154866797e-01
9.884187541212433592e-01
9.877115702502530237e-01
9.869163146051003199e-01
9.860274002933716586e-01
9.850390758772836763e-01
9.839454268948699678e-01
9.827403784301556033e-01
9.814176989217234803e-01
9.799710054087168443e-01
9.783937704200326158e-01
9.766793307157012327e-01
9.748208980887680397e-01
9.728115724310086865e-01
9.706443572562897248e-01
9.683121778612178154e-01
9.658079022839236583e-01
9.631243651985630372e-01
9.602543948556552245e-01
9.571908431470980139e-01
9.539266188400300495e-01
9.504547239861690366e-01
9.467682934733424593e-01
9.428606376441959203e-01
9.387252878640205411e-01
9.343560448758035930e-01
9.297470297364738290e-01
9.248927370843463835e-01
9.197880904444637462e-01
9.144284992363319597e-01
9.088099171079611072e-01
9.029289011816311605e-01
8.967826717609406195e-01
8.903691720160149536e-01
8.836871271348216705e-01
8.767361024039583839e-01
8.695165596626388549e-01
8.620299115594999284e-01
8.542785730338328110e-01
8.462660094414352629e-01
8.379967807508911237e-01
8.294765812490664247e-01
8.207122742151435890e-01
8.117119210506514859e-01
8.024848043885539628e-01
7.930414447471996198e-01
7.833936103442801224e-01
7.735543197411637317e-01
7.635378370481115118e-01
7.533596594848792627e-01
7.430364971577743116e-01
7.325862449821032296e-01
7.220279467466912404e-01
7.113817513835035689e-01
7.006688615690734867e-01
6.899114748443735401e-01
6.791327174950968493e-01
6.683565714843838768e-01
6.576077947745635477e-01
6.469118354133585047e-01
6.362947397935534433e-01
6.257830555237664516e-01
6.154037293724907709e-01
6.051840007687653289e-01
5.951512913617396094e-01
5.853330911588932040e-01
5.757568417797318538e-01
5.664498173791057134e-01
5.574390038125351943e-01
5.487509766353311225e-01
5.404117785479991554e-01
5.324467969221651220e-01
5.248806420635458991e-01
5.177370268906077433e-01
5.110386487285276669e-01
5.048070739367607196e-01
4.990626261037555134e-01
4.938242785528944578e-01
4.891095519083610288e-01
4.849344174672995944e-01
4.813132071144143875e-01
4.782585304963571371e-01
4.757812001454689854e-01
4.738901652054740010e-01
4.725924543657414878e-01
4.718931285560639122e-01
4.717952438912368374e-01
4.722998252848167322e-01
4.734058510753411664e-01
4.751102489270325746e-01
4.774079031817189955e-01
4.802916737505649181e-01
4.837524265441837112e-01
4.877790753489339437e-01
4.923586349664389461e-01
4.974762853435142906e-01
5.031154463313033398e-01
5.092578626261876629e-01
5.158836983613364069e-01
5.229716407371676201e-01
5.304990120018793220e-01
5.384418890200828312e-01
5.467752295989953826e-01
5.554730046782003772e-01
5.645083354314086588e-01
5.738536342777977861e-01
5.834807487571911366e-01
5.933611071886357724e-01
6.034658650067876717e-01
6.137660506559188267e-01
6.242327099182497507e-01
6.348370475624972586e-01
6.455505652206019462e-01
6.563451944359868229e-01
6.671934238755348190e-01
6.780684197595128193e-01
6.889441386384959065e-01
6.997954317330512541e-01
7.105981401493757232e-01
7.213291803908279398e-01
7.319666196995847640e-01
7.424897408825605893e-01
7.528790963992058050e-01
7.631165516135977045e-01
7.731853172371859761e-01
7.830699711094516458e-01
7.927564695794676597e-01
8.022321488599962747e-01
8.114857168255218411e-01
8.205072358149910761e-01
8.292880970777570804e-01
8.378209875662763206e-01
8.460998498308650584e-01
8.541198358098576193e-01
8.618772553327802566e-01
8.693695201648857784e-01
8.765950844190755209e-01
8.835533821466524662e-01
8.902447628924847756e-01
8.966704259642042096e-01
9.028323541203768787e-01
9.087332473306284353e-01
9.143764572030121940e-01
9.197659226120652454e-01
9.249061069965311965e-01
9.298019377301479649e-01
9.344587479035931787e-01
9.388822207919171881e-01
9.430783372206763548e-01
9.470533259864575282e-01
9.508136174342858293e-01
9.543658002461069545e-01
9.577165814514850828e-01
9.608727496340562224e-01
9.638411412751395346e-01
9.666286101491226024e-01
9.692419996635395218e-01
9.716881180198210233e-01
9.739737160580801412e-01
9.761054676405299668e-01
9.780899524227248953e-01
9.799336408592455028e-01
9.816428812902400214e-01
9.832238889569164808e-01
9.846827367972432743e-01
9.860253478773993718e-01
9.872574893196131018e-01
9.883847675927155407e-01
9.894126250378154630e-01
9.903463375078648268e-01
9.911910130064417457e-01
9.919515912177770955e-01
9.926328438268697818e-01
9.932393755354468334e-01
9.937756256864966886e-01
9.942458704171006634e-01
9.946542252662406991e-01
9.950046481710781432e-01
9.953009427917872687e-01
9.955467621112379373e-01
9.957456122615543359e-01
9.959008565346781916e-01
9.960157195384564677e-01
9.960932914633567892e-01
9.961365324276773014e-01
9.961482768710602231e-01
9.961312379673202821e-01
9.960880120281705441e-01
9.960210828695350571e-01
9.959328261119733128e-01
9.958255133865226982e-01
9.957013164172011654e-01
9.955623109517238722e-01
9.954104805128314304e-01
9.952477199441537303e-01
9.950758387268183736e-01
9.948965640460867288e-01
9.947115435911345616e-01
9.945223480756039125e-01
9.943304734716136295e-01
9.941373429553561625e-01
9.939443085680470524e-01
9.937526526016212669e-01
9.935635887239955277e-01
9.933782628637449763e-01
9.931977538785142778e-01
9.930230740352596897e-01
9.928551693333993455e-01
9.926949197040750850e-01
9.925431391199657227e-01
9.924005756504651332e-01
9.922679114965771152e-01
9.921457630386755211e-01
9.920346809284151801e-01
9.919351502536836174e-01
9.918475908026733734e-01
9.917723574500646455e-01
9.917097406850547969e-01
9.916599672976779134e-01
9.916232012366120729e-01
9.915995446485580400e-01
9.915890391063414411e-01
9.915916670301689884e-01
9.916073533039696519e-01
9.916359670864560716e-01
9.916773238144245273e-01
9.917311873938372546e-01
9.917972725723602778e-01
9.918752474852207124e-01
9.919647363644885640e-01
9.920653224001523274e-01
9.921765507396563821e-01
9.922979316109271641e-01
9.924289435523560021e-01
9.925690367317904217e-01
9.927176363353548139e-01
9.928741460059297141e-01
9.930379513104172773e-01
9.932084232145311775e-01
9.933849215438083080e-01
9.935667984098295324e-01
9.937534015812533594e-01
9.939440777801745730e-01
9.941381758854619388e-01
9.943350500260673686e-01
9.945340625487578690e-01
9.947345868462510454e-01
9.949360100332893531e-01
9.951377354597096270e-01
9.953391850510493466e-01
9.955398014686365205e-01
9.957390500824612189e-01
9.959364207514089795e-01
9.961314294066850872e-01
9.963236194354826436e-01
9.965125628631807952e-01
9.966978613336145987e-01
9.968791468882589601e-01
9.970560825465182297e-01
9.972283626907139098e-01
9.973957132608035625e-01
9.975578917653182831e-01
9.977146871164500608e-01
9.978659192985976922e-01
9.980114388809602222e-01
9.981511263858747762e-01
9.982848915254879385e-01
9.984126723199712172e-01
9.985344341107836863e-01
9.986501684824277136e-01
9.987598921057042611e-01
9.988636455146636672e-01
9.989614918282878619e-01
9.990535154264873485e-01
9.991398205883270656e-01
9.992205300986199967e-01
9.992957838272638060e-01
9.993657372840787367e-01
9.994305601505806269e-01
9.994904347891995222e-01
9.995455547300626797e-01
9.995961231356468302e-01
9.996423512444237991e-01
9.996844567960413430e-01
9.997226624425384900e-01
9.997571941524683314e-01
9.997882796174353270e-01
