9.997978398665871014e-01
9.997684251172764824e-01
9.997358022533925359e-01
9.996997673507919124e-01
9.996601188192788534e-01
9.996166586911854335e-01
9.995691938568790347e-01
9.995175372367048894e-01
9.994615088825005156e-01
9.994009370052725494e-01
9.993356589287232250e-01
9.992655219709001280e-01
9.991903842582369188e-01
9.991101154775979820e-01
9.990245975726499417e-01
9.989337253909986725e-01
9.988374072881381904e-01
9.987355656934646664e-01
9.986281376425344414e-01
9.985150752785076911e-01
9.983963463244504011e-01
9.982719345269460698e-01
9.981418400704021865e-01
9.980060799605621202e-01
9.978646883751102203e-01
9.977177169788830069e-01
9.975652352010861978e-01
9.974073304720405542e-01
9.972441084173100379e-01
9.970756930075740376e-01
9.969022266632425744e-01
9.967238703135394839e-01
9.965408034105475155e-01
9.963532238994797785e-01
9.961613481471616183e-01
9.959654108313450438e-01
9.957656647939820971e-01
9.955623808619267212e-01
9.953558476386745735e-01
9.951463712706624110e-01
9.949342751913098359e-01
9.947198998453787855e-01
9.945036023953504056e-01
9.942857564103708690e-01
9.940667515369211449e-01
9.938469931487425857e-01
9.936269019717411943e-01
9.934069136776458864e-01
9.931874784381684584e-01
9.929690604293743839e-01
9.927521372739885885e-01
9.925371994075097293e-01
9.923247493523598139e-01
9.921153008829234343e-01
9.919093780632984858e-01
9.917075141389333215e-01
9.915102502631125692e-01
9.913181340394909835e-01
9.911317178625722590e-01
9.909515570391829176e-01
9.907782076755654588e-01
9.906122243166860519e-01
9.904541573266670840e-01
9.903045500018629044e-01
9.901639354109585955e-01
9.900328329595293742e-01
9.899117446797232045e-01
9.898011512490935138e-01
9.897015077460864507e-01
9.896132391532728168e-01
9.895367356230921896e-01
9.894723475246317568e-01
9.894203802937685532e-01
9.893810891128156371e-01
9.893546734495666239e-01
9.893412714892303450e-01
9.893409544960786173e-01
9.893537211445451174e-01
9.893794918618584733e-01
9.894181032259135034e-01
9.894693024628067324e-01
9.895327420881733227e-01
9.896079747350385869e-01
9.896944482082969952e-01
9.897915008021437311e-01
9.898983569118705583e-01
9.900141229655066155e-01
9.901377836940213895e-01
9.902681987514174722e-01
9.904040996882857995e-01
9.905440872745465697e-01
9.906866291594370599e-01
9.908300578495954358e-01
9.909725689795730874e-01
9.911122198434912933e-01
9.912469281520067677e-01
9.913744709753705697e-01
9.914924838312341171e-01
9.915984598749801870e-01
9.916897491507288276e-01
9.917635578627298498e-01
9.918169476295305431e-01
9.918468346870206176e-01
9.918499890111073247e-01
9.918230333362882956e-01
9.917624420526911511e-01
9.916645399711925268e-01
9.915255009539833964e-01
9.913413464164141375e-01
9.911079437151459892e-01
9.908210044475903588e-01
9.904760826983848299e-01
9.900685732802610994e-01
9.895937100291463118e-01
9.890465642266748070e-01
9.884220432374332121e-01
9.877148894630803921e-01
9.869196797307783209e-01
9.860308252488686476e-01
9.850425722780433713e-01
9.839490036809608320e-01
9.827440415268114959e-01
9.814214509392013008e-01
9.799748453852801244e-01
9.783976936107497968e-01
9.766833284286753347e-01
9.748249575694427627e-01
9.728156767943705319e-01
9.706484854661483475e-01
9.683163047553000613e-01
9.658119986432850412e-01
9.631283978597687812e-01
9.602583268643067882e-01
9.571946339515137181e-01
9.539302245242049505e-01
9.504580975414624877e-01
9.467713851086294596e-01
9.428633951344094211e-01
9.387276569370621715e-01
9.343579696376868027e-01
9.297484531342520286e-01
9.248936014058819488e-01
9.197883378534215115e-01
9.144280723399593747e-01
9.088087595542990726e-01
9.029269582818229001e-01
8.967798911313452637e-01
8.903655042339325698e-01
8.836825264008605352e-01
8.767305272034692232e-01
8.695099734182406559e-01
8.620222832665527246e-01
8.542698778707856766e-01
8.462562293472838393e-01
8.379859049625042466e-01
8.294646067918490795e-01
8.206992063413677263e-01
8.116977736207421357e-01
8.024696001916431509e-01
7.930252157582966532e-01
7.833763979164153346e-01
7.735361747318137970e-01
7.635188198800860748e-01
7.533398401426162350e-01
7.430159551206505508e-01
7.325650690969172096e-01
7.220062350419086394e-01
7.113596108281823316e-01
7.006464077795988565e-01
6.898888317422395833e-01
6.791100169189461244e-01
6.683339527593759044e-01
6.575854042418285417e-01
6.468898259218394120e-01
6.362732701558744264e-01
6.257622899369208458e-01
6.153838368030708494e-01
6.051651543012356305e-01
5.951336675067993021e-01
5.853168691174758242e-01
5.757422026565699458e-01
5.664369433382760999e-01
5.574280771659737566e-01
5.487421788542322654e-01
5.404052891863022623e-01
5.324427924412140634e-01
5.248792945475648786e-01
5.177385026440288751e-01
5.110431067484475509e-01
5.048146642570341402e-01
4.990734880113806282e-01
4.938385386823849199e-01
4.891273222256219411e-01
4.849557931609548289e-01
4.813382644193486826e-01
4.782873244811716162e-01
4.758137625022772488e-01
4.739265020866997302e-01
4.726325443179079100e-01
4.719369206047669962e-01
4.718426558341536348e-01
4.723507422505749398e-01
4.734601244051312996e-01
4.751676954328498681e-01
4.774683048301479049e-01
4.803547778140067059e-01
4.838179462526733809e-01
4.878466910653170840e-01
4.924279958960993131e-01
4.975470117773704848e-01
5.031871324078857066e-01
5.093300795856916530e-01
5.159559982520709465e-01
5.230435605232125473e-01
5.305700780104227743e-01
5.385116216581329329e-01
5.468431482622722051e-01
5.555386327701493654e-01
5.645712054075949782e-01
5.739132926304182369e-01
5.835367608560693142e-01
5.934130618987141226e-01
6.035133790075807303e-01
6.138087723954586128e-01
6.242703231424204802e-01
6.348692743700601326e-01
6.455771686043204616e-01
6.563659802807970678e-01
6.672082423953484831e-01
6.780771663647666703e-01
6.889467542366922714e-01
6.997919024740807403e-01
7.105884966362443489e-01
7.213134963843359504e-01
7.319450103524768325e-01
7.424623605446245556e-01
7.528461360396774271e-01
7.630782359110593882e-01
7.731419013899327730e-01
7.830217374210522996e-01
7.927037238750417325e-01
8.021752167885977114e-01
8.114249401030186881e-01
8.204429684600548223e-01
8.292207016910491113e-01
8.377508316997648308e-01
8.460273024904692019e-01
8.540452641303889481e-01
8.618010214595338558e-01
8.692919783712905746e-01
8.765165784846612462e-01
8.834742430143130987e-01
8.901653066187071861e-01
8.965909519706901643e-01
9.027531437503923950e-01
9.086545627085609311e-01
9.142985403910730557e-01
9.196889950539096636e-01
9.248303692338308846e-01
9.297275693749004200e-01
9.343859078461970169e-01
9.388110476228200829e-01
9.430089498417165705e-01
9.469858243868597425e-01
9.507480836056420026e-01
9.543022992105321123e-01
9.576551623774808286e-01
9.608134470153850692e-01
9.637839761491916457e-01
9.665735913327762052e-01
9.691891249863503477e-01
9.716373755364495768e-01
9.739250852241337908e-01
9.760589204384000350e-01
9.780454544264640671e-01
9.798911522300126631e-01
9.816023576962641384e-01
9.831852824142461866e-01
9.846459964297066270e-01
9.859904205961407264e-01
9.872243204242794334e-01
9.883533012977920862e-01
9.893828049287509696e-01
9.903181069324762387e-01
9.911643154076424933e-01
9.919263704139643645e-01
9.926090442463435526e-01
9.932169424110598444e-01
9.937545052163843096e-01
9.942260098968523918e-01
9.946355731972907899e-01
9.949871543494560600e-01
9.952845583807050645e-01
9.955314397003447446e-01
9.957313059150700862e-01
9.958875218300611287e-01
9.960033135967599760e-01
9.960817729720169433e-01
9.961258616561228241e-01
9.961384156792741917e-01
9.961221498072804215e-01
9.960796619379660433e-01
9.960134374598810236e-01
9.959258535448233252e-01
9.958191833454972386e-01
9.956956000696146614e-01
9.955571809020814511e-01
9.954059107477918333e-01
9.952436857691001615e-01
9.950723166943467035e-01
9.948935318769069891e-01
9.947089800880757338e-01
9.945202330316204042e-01
9.943287875728964442e-01
9.941360676808552732e-01
9.939434260869011162e-01
9.937521456701635669e-01
9.935634405841436978e-01
9.933784571446910849e-01
9.931982745036873617e-01
9.930239051365383762e-01
9.928562951744959175e-01
9.926963246148871045e-01
9.925448074434974899e-01
9.924024917036551319e-01
9.922700595460343109e-01
9.921481272919313588e-01
9.920372455408513757e-01
9.919378993508123354e-01
9.918505085169430080e-01
9.917754279708643761e-01
9.917129483201164719e-01
9.916632965436469327e-01
9.916266368562071110e-01
9.916030717514803250e-01
9.915926432309458693e-01
9.915953342228879253e-01
9.916110701935842986e-01
9.916397209505458665e-01
9.916811026356784353e-01
9.917349799043686520e-01
9.918010682847012704e-01
9.918790367092662486e-01
9.919685102102676622e-01
9.920690727669038145e-01
9.921802702922439821e-01
9.923016137451093899e-01
9.924325823508145517e-01
9.925726269130938917e-01
9.927211731981826492e-01
9.928776253709086230e-01
9.930413694618218656e-01
9.932117768439054917e-01
9.933882076972719855e-01
9.935700144404825407e-01
9.937565451077029488e-01
9.939471466518040588e-01
9.941411681546717949e-01
9.943379639273610682e-01
9.945368964842365989e-01
9.947373393768393912e-01
9.949386798748333094e-01
9.951403214829879218e-01
9.953416862846957702e-01
9.955422171039942647e-01
9.957413794794613970e-01
9.959386634446738551e-01
9.961335851111909889e-01
9.963256880512687541e-01
9.965145444787382178e-01
9.966997562277365441e-01
9.968809555302609038e-01
9.970578055948469132e-01
9.972300009900499917e-01
9.973972678378231205e-01
9.975593638233148930e-01
9.977160780290308395e-01
9.978672306026605821e-01
9.980126722691338159e-01
9.981522836985645686e-01
9.982859747426298114e-01
9.984136835525396769e-01
9.985353755920578500e-01
9.986510425589731899e-01
9.987607012279920982e-01
9.988643922272285591e-01
9.989621787593121471e-01
9.990541452767062180e-01
9.991403961191658301e-01
9.992210541195093443e-01
9.992962591821185070e-01
9.993661668369812068e-01
9.994309467707634953e-01
9.994907813354820814e-01
9.995458640349467183e-01
9.995963979893264240e-01
9.996425943789988278e-01
9.996846708702464834e-01
9.997228500273070972e-01
9.997573577176421811e-01
9.997884215199067670e-01
