9.997978081417508989e-01
9.997683885695511918e-01
9.997357603735022025e-01
9.996997196117866080e-01
9.996600646811786284e-01
9.996165976062163505e-01
9.995691252752255673e-01
9.995174606126830952e-01
9.994614236810401842e-01
9.994008427085874224e-01
9.993355550430377265e-01
9.992654080330990451e-01
9.991902598423040294e-01
9.991099802007171737e-01
9.990244511008478101e-01
9.989335674442246793e-01
9.988372376446915668e-01
9.987353841936971177e-01
9.986279441917770283e-01
9.985148698491906893e-01
9.983961289574059261e-01
9.982717053319023481e-01
9.981415992256957859e-01
9.980058277121111043e-01
9.978644250347040723e-01
9.977174429218551577e-01
9.975649508634445439e-01
9.974070363471353451e-01
9.972438050521225117e-01
9.970753809987110694e-01
9.969019066527229356e-01
9.967235429844555350e-01
9.965404694826887066e-01
9.963528841249987833e-01
9.961610033063684755e-01
9.959650617287099106e-01
9.957653122544299906e-01
9.955620257275052953e-01
9.953554907656742001e-01
9.951460135272651719e-01
9.949339174558364807e-01
9.947195430051971599e-01
9.945032473464908707e-01
9.942854040578811281e-01
9.940664027959700277e-01
9.938466489464562459e-01
9.936265632497268685e-01
9.934065813951258317e-01
9.931871535756154890e-01
9.929687439925087844e-01
9.927518302979653209e-01
9.925369029611036398e-01
9.923244645419373455e-01
9.921150288559814623e-01
9.919091200113507867e-01
9.917072712995370631e-01
9.915100239208481936e-01
9.913179255257384970e-01
9.911315285539687991e-01
9.909513883546873236e-01
9.907780610721071968e-01
9.906121012834236961e-01
9.904540593779269653e-01
9.903044786688727230e-01
9.901638922325197711e-01
9.900328194717996633e-01
9.899117624052917730e-01
9.898012016855326500e-01
9.897015923541554461e-01
9.896133593449316646e-01
9.895368927494587741e-01
9.894725428639884468e-01
9.894206150396953614e-01
9.893813643625035681e-01
9.893549901923456291e-01
9.893416305953389722e-01
9.893413567057033342e-01
9.893541670571743829e-01
9.893799819260234996e-01
9.894186377294269530e-01
9.894698815236586675e-01
9.895333656462976801e-01
9.896086425452195190e-01
9.896951598345355983e-01
9.897922556138519790e-01
9.898991540822882351e-01
9.900149614727539182e-01
9.901386623251932084e-01
9.902691161100951600e-01
9.904050542057893924e-01
9.905450772251725988e-01
9.906876526798268356e-01
9.908311129622575653e-01
9.909736536204487578e-01
9.911133318933044167e-01
9.912480654709895367e-01
9.913756314408045389e-01
9.914936653771064812e-01
9.915996605329249203e-01
9.916909670913151009e-01
9.917647914360752104e-01
9.918181954041603854e-01
9.918480954858713838e-01
9.918512619435798650e-01
9.918243178252986736e-01
9.917637378557434547e-01
9.916658471946041553e-01
9.915268200595312997e-01
9.913426782198314635e-01
9.911092893760802269e-01
9.908223654508366840e-01
9.904774608264120817e-01
9.900699705772646464e-01
9.895951287570663446e-01
9.890480068138216563e-01
9.884235122205384805e-01
9.877163874237523400e-01
9.869212092274673997e-01
9.860323887455418879e-01
9.850441720708237314e-01
9.839506418240004937e-01
9.827457197586499937e-01
9.814231706107929831e-01
9.799766073907877351e-01
9.783994983220760666e-01
9.766851756345685809e-01
9.748268464198572847e-01
9.728176057506153773e-01
9.706504522572085847e-01
9.683183063405902402e-01
9.658140311819825019e-01
9.631304566868030825e-01
9.602604064730259070e-01
9.571967279830361219e-01
9.539323257634723108e-01
9.504601979200443251e-01
9.467734757143784208e-01
9.428654662281220622e-01
9.387296979763608551e-01
9.343599693083768365e-01
9.297503993894395968e-01
9.248954815131378293e-01
9.197901384502448208e-01
9.144297794977349625e-01
9.088103588508422703e-01
9.029284348824838657e-01
8.967812298784917369e-01
8.903666897444593165e-01
8.836835431712000144e-01
8.767313597213948206e-01
8.695106062805902924e-01
8.620227013018471052e-01
8.542700662655939858e-01
8.462561737750967650e-01
8.379855917138168131e-01
8.294640229041417845e-01
8.206983397276816916e-01
8.116966131956054875e-01
8.024681359931788993e-01
7.930234390654459231e-01
7.833743013603285954e-01
7.735337524005931886e-01
7.635160674161926009e-01
7.533367548323885998e-01
7.430125359755017644e-01
7.325613169258957669e-01
7.220021525154085573e-01
7.113552025326776995e-01
7.006416802633601559e-01
6.898837935520452103e-01
6.791046786278598368e-01
6.683283269856975517e-01
6.575795056593485288e-01
6.468836712615294582e-01
6.362668781991438482e-01
6.257556815005160811e-01
6.153770347156484188e-01
6.051581833715145020e-01
5.951265544831002563e-01
5.853096426382449202e-01
5.757348931913184309e-01
5.664295831180913288e-01
5.574207001025290875e-01
5.487348204459203682e-01
5.403979864098670260e-01
5.324355836269885067e-01
5.248722192362437200e-01
5.177316014227376639e-01
5.110364210638614901e-01
5.048082362033536885e-01
4.990673600911912366e-01
4.938327535388017386e-01
4.891219223446410247e-01
4.849508205436353636e-01
4.813337602243045188e-01
4.782833286388330496e-01
4.758103133035164189e-01
4.739236357495739682e-01
4.726302945375268072e-01
4.719353180924643620e-01
4.718417278533104664e-01
4.723505121574390619e-01
4.734606112038063364e-01
4.751689133542356114e-01
4.774702629449351088e-01
4.803574796898578692e-01
4.838213896654089963e-01
4.878508677732961152e-01
4.924328914860203188e-01
4.975526055884432752e-01
5.031933975398121817e-01
5.093369829941041260e-01
5.159635009331930977e-01
5.230516177874680039e-01
5.305786398426639572e-01
5.385206331601681828e-01
5.468525501714409653e-01
5.555483620459620298e-01
5.645811958769274552e-01
5.739234756804802995e-01
5.835470661634183376e-01
5.934234181819062481e-01
6.035237147907404065e-01
6.138190167700281474e-01
6.242804065146504433e-01
6.348791291823716598e-01
6.455867300194950698e-01
6.563751868189926508e-01
6.672170365151395277e-01
6.780854949807569865e-01
6.889545691676560724e-01
6.997991608170807121e-01
7.105951610636280780e-01
7.213195353619854533e-01
7.319503982790696028e-01
7.424670778129867088e-01
7.528501690225188892e-01
7.630815768744934058e-01
7.731445483391429230e-01
7.830236938833224913e-01
7.927049986260706893e-01
8.021758235285793015e-01
8.114248970894147872e-01
8.204422981042727159e-01
8.292194301264159684e-01
8.377489883282298599e-01
8.460249195153912716e-01
8.540423760825869293e-01
8.617976647234830700e-01
8.692881907179712542e-01
8.765123986170949566e-01
8.834697101312857237e-01
8.901604600015718960e-01
8.965858305974945264e-01
9.027477859408905569e-01
9.086490058029577099e-01
9.142928204646378898e-01
9.196831466688821788e-01
9.248244252293540413e-01
9.297215606950511857e-01
9.343798634055687780e-01
9.388049942085378019e-01
9.430029120502578799e-01
9.469798245936055237e-01
9.507421419646994165e-01
9.542964336820698446e-01
9.576493887795731741e-01
9.608077790972048282e-01
9.637784256822921058e-01
9.665681682171820555e-01
9.691838373682150065e-01
9.716322299341360047e-01
9.739200866597326200e-01
9.760540725718996891e-01
9.780407596900347889e-01
9.798866119601443714e-01
9.815979722618020098e-01
9.831810513386894934e-01
9.846419185064647639e-01
9.859864939957656560e-01
9.872205427930126342e-01
9.883496698470597419e-01
9.893793165155133629e-01
9.903147581305784541e-01
9.911611025705163724e-01
9.919232897291949680e-01
9.926060917827387309e-01
9.932141141589446720e-01
9.937517971218862156e-01
9.942234178909561404e-01
9.946330932204210384e-01
9.949847823723024787e-01
9.952822904219413847e-01
9.955292718418167208e-01
9.957292343149422020e-01
9.958855427343240585e-01
9.960014233494168812e-01
9.960799680241814169e-01
9.961241385741910204e-01
9.961367711522655100e-01
9.961205806533880436e-01
9.960781651103118861e-01
9.960120100514362473e-01
9.959244927924288948e-01
9.958178866329030487e-01
9.956943649294466292e-01
9.955560050166438746e-01
9.954047919486173068e-01
9.952426220351697772e-01
9.950713061489185884e-01
9.948925727829106558e-01
9.947080708420551476e-01
9.945193721562368694e-01
9.943279737080316094e-01
9.941352995733921949e-01
9.939427025792937354e-01
9.937514656879431474e-01
9.935628031225478551e-01
9.933778612546355635e-01
9.931977192773332463e-01
9.930233896927366244e-01
9.928558186444134126e-01
9.926958861281339752e-01
9.925444061150821007e-01
9.924021266220911519e-01
9.922697297629092805e-01
9.921478318132197494e-01
9.920369833202195009e-01
9.919376692851101796e-01
9.918503094440200840e-01
9.917752586697758943e-01
9.917128075137099374e-01
9.916631829034394663e-01
9.916265490093819635e-01
9.916030082897535625e-01
9.915926027209852611e-01
9.915953152179021179e-01
9.916110712456607246e-01
9.916397406232838607e-01
9.916811395166583720e-01
9.917350326170090158e-01
9.918011354990894368e-01
9.918791171515999316e-01
9.919686026706119319e-01
9.920691761050514090e-01
9.921803834415534595e-01
9.923017357142912553e-01
9.924327122237248666e-01
9.925727638466815828e-01
9.927213164188077865e-01
9.928777741693086689e-01
9.930415231870459714e-01
9.932119348965552375e-01
9.933883695223937327e-01
9.935701795204406883e-01
9.937567129553324108e-01
9.939473168040970918e-01
9.941413401672033467e-01
9.943381373695960868e-01
9.945370709358062333e-01
9.947375144248141732e-01
9.949388551119707769e-01
9.951404965068880726e-01
9.953418606977620930e-01
9.955423905140764473e-01
9.957415515010384910e-01
9.959388337004352332e-01
9.961337532338757628e-01
9.963258536856344216e-01
9.965147072835485176e-01
9.966999158776745915e-01
9.968811117176987757e-01
9.970579580314221646e-01
9.972301494080205719e-01
9.973974119911892533e-01
9.975595034887130286e-01
9.977162130064138879e-01
9.978673607157881875e-01
9.980127973658986518e-01
9.981524036511841835e-01
9.982860894477273428e-01
9.984137929311366344e-01
9.985354795894919588e-01
9.986511411447493991e-01
9.987607943955669754e-01
9.988644799937185237e-01
9.989622611651134410e-01
9.990542223850045200e-01
9.991404680153157525e-01
9.992211209102573877e-01
9.992963209946490455e-01
9.993662238177666302e-01
9.994309990842057401e-01
9.994908291623404439e-01
9.995459075705563912e-01
9.995964374416221876e-01
9.996426299663664361e-01
9.996847028192360485e-01
9.997228785702486631e-01
9.997573830902121150e-01
9.997884439586955940e-01
