9.997975542221197998e-01
9.997680901063589198e-01
9.997354112937688608e-01
9.996993133269664877e-01
9.996595940915912193e-01
9.996160551130097716e-01
9.995685028002283534e-01
9.995167496263308582e-01
9.994606152383798126e-01
9.993999274931664178e-01
9.993345234182947623e-01
9.992642501006866462e-01
9.991889655066003018e-01
9.991085392386326314e-01
9.990228532359088920e-01
9.989318024238172944e-01
9.988352953192888295e-01
9.987332545968664599e-01
9.986256176197694234e-01
9.985123369389581338e-01
9.983933807619619349e-01
9.982687333920391426e-01
9.981383956371913113e-01
9.980023851876939078e-01
9.978607369601877330e-01
9.977135034060047314e-01
9.975607547812856968e-01
9.974025793765582959e-01
9.972390837037710121e-01
9.970703926392663341e-01
9.968966495218053447e-01
9.967180162054666281e-01
9.965346730680018084e-01
9.963468189759856486e-01
9.961546712088190647e-01
9.959584653442676849e-01
9.957584551087262925e-01
9.955549121957338876e-01
9.953481260564054356e-01
9.951384036653483367e-01
9.949260692652867055e-01
9.947114640929940466e-01
9.944949460882385184e-01
9.942768895862688083e-01
9.940576849929427805e-01
9.938377384399332826e-01
9.936174714155958654e-01
9.933973203650897643e-01
9.931777362512700380e-01
9.929591840657884250e-01
9.927421422778259785e-01
9.925271022060018211e-01
9.923145672973558984e-01
9.921050522959312667e-01
9.918990822824828024e-01
9.916971915662313730e-01
9.914999224094339647e-01
9.913078235658503434e-01
9.911214486149697578e-01
9.909413540751027538e-01
9.907680972801093944e-01
9.906022340065843146e-01
9.904443158407090220e-01
9.902948872766399457e-01
9.901544825411976447e-01
9.900236221426875760e-01
9.899028091448969224e-01
9.897925251706365390e-01
9.896932261426237831e-01
9.896053377730158473e-01
9.895292508165058898e-01
9.894653161055705359e-01
9.894138393901941164e-01
9.893750760081474471e-01
9.893492254156158738e-01
9.893364256115551036e-01
9.893367474924932292e-01
9.893501891774526547e-01
9.893766703450754818e-01
9.894160266267336690e-01
9.894680041002308357e-01
9.895322539285098529e-01
9.896083271864597464e-01
9.896956699163969029e-01
9.897936184490769840e-01
9.899013950222079750e-01
9.900181037225074254e-01
9.901427267705367186e-01
9.902741211600692983e-01
9.904110156558693090e-01
9.905520081457418469e-01
9.906955633348560886e-01
9.908400107629133924e-01
9.909835431179822018e-01
9.911242148149748132e-01
9.912599408019622249e-01
9.913884955539512545e-01
9.915075122114409556e-01
9.916144818200800515e-01
9.917067526280387568e-01
9.917815293992446879e-01
9.918358727033435018e-01
9.918666981470435351e-01
9.918707755162951001e-01
9.918447278044593141e-01
9.917850301081542197e-01
9.916880083797798839e-01
9.915498380337700590e-01
9.913665424124014081e-01
9.911339911265016900e-01
9.908478982966766324e-01
9.905038207317455878e-01
9.900971560929715531e-01
9.896231411054080551e-01
9.890768498912362316e-01
9.884531925142734377e-01
9.877469138397597659e-01
9.869525928288763739e-01
9.860646424029182455e-01
9.850773100272887106e-01
9.839846791800253012e-01
9.827806718829305010e-01
9.814590524849768904e-01
9.800134328969432040e-01
9.784372794826192710e-01
9.767239218148978663e-01
9.748665635041796618e-01
9.728582953014042189e-01
9.706921106684458511e-01
9.683609239944580560e-01
9.658575916180452969e-01
9.631749357920149635e-01
9.603057717001834970e-01
9.572429376046286409e-01
9.539793281673188963e-01
9.505079309526834885e-01
9.468218660779240681e-01
9.429144289362224596e-01
9.387791358749795201e-01
9.344097726673367132e-01
9.298004455709775185e-01
9.249456347240585519e-01
9.198402495845715565e-01
9.144796860769657254e-01
9.088598850689728614e-01
9.029773917627973434e-01
8.968294155486963293e-01
8.904138898360640653e-01
8.837295313480362235e-01
8.767758983409420503e-01
8.695534471902739426e-01
8.620635867707940880e-01
8.543087300505156634e-01
8.462923423170934933e-01
8.380189854610258227e-01
8.294943577533606671e-01
8.207253285764517514e-01
8.117199675947894821e-01
8.024875678888524488e-01
7.930386626179792842e-01
7.833850348278627029e-01
7.735397200737146317e-01
7.635170015904679808e-01
7.533323978054990988e-01
7.430026420560018607e-01
7.325456544410395843e-01
7.219805058060360103e-01
7.113273739237783166e-01
7.006074919995886052e-01
6.898430896881602159e-01
6.790573268647303040e-01
6.682742204431790789e-01
6.575185645779615395e-01
6.468158446254356209e-01
6.361921452734154991e-01
6.256740532761146945e-01
6.152885552558119420e-01
6.050629310534048066e-01
5.950246431285060034e-01
5.852012225268660162e-01
5.756201519495822705e-01
5.663087464755960365e-01
5.572940325069764000e-01
5.486026255258300566e-01
5.402606072724442932e-01
5.322934029762976804e-01
5.247256592943680964e-01
5.175811236340390753e-01
5.108825255598750115e-01
5.046514610034793513e-01
4.989082800123773032e-01
4.936719787860306408e-01
4.889600967535326914e-01
4.847886194470194532e-01
4.811718879164286200e-01
4.781225154141561795e-01
4.756513120518276461e-01
4.737672180956131740e-01
4.724772465213060713e-01
4.717864353959799750e-01
4.716978105901548091e-01
4.722123592536445758e-01
4.733290144107783481e-01
4.750446509474368639e-01
4.773540931745618998e-01
4.802501340617021386e-01
4.837235661408385567e-01
4.877632239863937125e-01
4.923560380829328231e-01
4.974870997985600951e-01
5.031397370901907751e-01
5.092956004774575884e-01
5.159347587356183373e-01
5.230358036750013540e-01
5.305759632958624294e-01
5.385312225334388803e-01
5.468764507392289698e-01
5.555855349814999844e-01
5.646315181916101711e-01
5.739867411335808356e-01
5.836229871333056263e-01
5.935116284717778523e-01
6.036237733245768400e-01
6.139304121185007457e-01
6.244025621764620615e-01
6.350114095342844767e-01
6.457284468383346354e-01
6.565256062713570318e-01
6.673753865054680157e-01
6.782509727457595172e-01
6.891263490048702423e-01
6.999764018372347518e-01
7.107770148605119243e-01
7.215051534992662496e-01
7.321389395008197631e-01
7.426577148932560490e-01
7.530420951788752149e-01
7.632740116807517072e-01
7.733367430833187894e-01
7.832149363278845255e-01
7.928946171386602737e-01
8.023631905623083149e-01
8.116094320024713760e-01
8.206234693187276497e-01
8.293967566356914567e-01
8.379220405715687159e-01
8.461933196457505080e-01
8.542057976616129755e-01
8.619558318835212063e-01
8.694408768364038087e-01
8.766594245526345697e-01
8.836109420751575572e-01
8.902958069988099465e-01
8.967152417948454080e-01
9.028712476181048885e-01
9.087665382435921035e-01
9.144044747209431057e-01
9.197890012729985632e-01
9.249245828999536068e-01
9.298161450848482223e-01
9.344690159308879362e-01
9.388888709974747560e-01
9.430816810410140860e-01
9.470536628094372578e-01
9.508112329867047796e-01
9.543609653358374745e-01
9.577095510466516748e-01
9.608637622574872639e-01
9.638304186888412284e-01
9.666163573008111909e-01
9.692284048653366790e-01
9.716733533280594859e-01
9.739579378227453121e-01
9.760888171931474400e-01
9.780725568724264463e-01
9.799156139682465572e-01
9.816243244019571268e-01
9.832048919523562747e-01
9.846633790580140433e-01
9.860056992366281747e-01
9.872376109851074277e-01
9.883647130297830152e-01
9.893924408021635974e-01
9.903260640218652933e-01
9.911706852746825502e-01
9.919312394801916843e-01
9.926124941497795895e-01
9.932190503425507577e-01
9.937553442331841236e-01
9.942256492124514899e-01
9.946340784477188945e-01
9.949845878372649555e-01
9.952809792985501947e-01
9.955269043365607695e-01
9.957258678438798416e-01
9.958812320891082814e-01
9.959962208545426465e-01
9.960739236875478797e-01
9.961173002328046477e-01
9.961291846145646778e-01
9.961122898392872349e-01
9.960692121896572715e-01
9.960024355811641916e-01
9.959143358523351308e-01
9.958071849595833136e-01
9.956831550476594739e-01
9.955443223670876751e-01
9.953926710109022302e-01
9.952300964446099130e-01
9.950584088056655396e-01
9.948793359518999235e-01
9.946945262422419720e-01
9.945055510376529240e-01
9.943139069153072995e-01
9.941210175945478511e-01
9.939282355788182644e-01
9.937368435234383846e-01
9.935480553445226182e-01
9.933630170893776867e-01
9.931828075931674604e-01
9.930084389503766040e-01
9.928408568325338690e-01
9.926809406857052265e-01
9.925295038424180039e-01
9.923872935829357589e-01
9.922549911802283074e-01
9.921332119616366185e-01
9.920225054182385538e-01
9.919233553903840095e-01
9.918361803549284872e-01
9.917613338364870135e-01
9.916991049616799003e-01
9.916497191719790827e-01
9.916133391074800629e-01
9.915900656708088734e-01
9.915799392774801158e-01
9.915829412963739209e-01
9.915989956816175788e-01
9.916279707950006461e-01
9.916696814161140017e-01
9.917238909356131948e-01
9.917903137253339940e-01
9.918686176773784391e-01
9.919584269027061918e-01
9.920593245781968994e-01
9.921708559295707719e-01
9.922925313360069222e-01
9.924238295407838972e-01
9.925642009508547359e-01
9.927130710069955732e-01
9.928698436050955589e-01
9.930339045483355109e-01
9.932046250094777040e-01
9.933813649822875735e-01
9.935634767012340163e-01
9.937503080090772656e-01
9.939412056527046069e-01
9.941355184885980467e-01
9.943326005805489531e-01
9.945318141736222417e-01
9.947325325298643772e-01
9.949341426127898957e-01
9.951360476092239171e-01
9.953376692786013447e-01
9.955384501212927173e-01
9.957378553589495418e-01
9.959353747212251751e-01
9.961305240345587064e-01
9.963228466100104708e-01
9.965119144284422248e-01
9.966973291226477460e-01
9.968787227573895349e-01
9.970557584096734205e-01
9.972281305530170670e-01
9.973955652509095549e-01
9.975578201661101652e-01
9.977146843938591303e-01
9.978659781284326957e-01
9.980115521737228379e-01
9.981512873096022309e-01
9.982850935267008063e-01
9.984129091428094460e-01
9.985346998143989072e-01
9.986504574566664738e-01
9.987601990850678568e-01
9.988639655904778536e-01
9.989618204589625350e-01
9.990538484456976676e-01
9.991401542109114020e-01
9.992208609239704442e-01
9.992961088399804348e-01
9.993660538516789815e-01
9.994308660180903914e-01
9.994907280705138675e-01
9.995458338960326872e-01
9.995963869989379358e-01
9.996425989412833779e-01
9.996846877652079133e-01
9.997228764016171665e-01
9.997573910721818669e-01
9.997884596942278046e-01
