9.997971259556361900e-01
9.997676295342385888e-01
9.997349204678825929e-01
9.996987952535502098e-01
9.996590528131121811e-01
9.996154957775408301e-01
9.995679317157417643e-01
9.995161742976588215e-01
9.994600443850265581e-01
9.993993710466779756e-01
9.993339924984762090e-01
9.992637569705773437e-01
9.991885235067569093e-01
9.991081627018849609e-01
9.990225573843388718e-01
9.989316032502235654e-01
9.988352094558338168e-01
9.987332991739290566e-01
9.986258101182471369e-01
9.985126950393601319e-01
9.983939221936167785e-01
9.982694757856120926e-01
9.981393563834670690e-01
9.980035813052618998e-01
9.978621849742643768e-01
9.977152192401780306e-01
9.975627536634755765e-01
9.974048757599828230e-01
9.972416912032017189e-01
9.970733239823722505e-01
9.968999165149301511e-01
9.967216297127752256e-01
9.965386430025796605e-01
9.963511543011828175e-01
9.961593799479047107e-01
9.959635545963054781e-01
9.957639310684930356e-01
9.955607801754865482e-01
9.953543905073457543e-01
9.951450681967419776e-01
9.949331366593581194e-01
9.947189363139293805e-01
9.945028242838833688e-01
9.942851740814012684e-01
9.940663752733122083e-01
9.938468331265893907e-01
9.936269682293671357e-01
9.934072160813965935e-01
9.931880266457723261e-01
9.929698638516452069e-01
9.927532050355857285e-01
9.925385403073371249e-01
9.923263718239850872e-01
9.921172129551483199e-01
9.919115873207210443e-01
9.917100276820347560e-01
9.915130746670938189e-01
9.913212753108012754e-01
9.911351813918296561e-01
9.909553475490069374e-01
9.907823291617368078e-01
9.906166799810300905e-01
9.904589495001263622e-01
9.903096800563894186e-01
9.901694036591026649e-01
9.900386385409315482e-01
9.899178854341087463e-01
9.898076235758174191e-01
9.897083064507612438e-01
9.896203572825191808e-01
9.895441642889657441e-01
9.894800757207815600e-01
9.894283947058660766e-01
9.893893739262333842e-01
9.893632101576830262e-01
9.893500387060704115e-01
9.893499277772662692e-01
9.893628728207269907e-01
9.893887908888620020e-01
9.894275150559018739e-01
9.894787889406033710e-01
9.895422613767220765e-01
9.896174812736538984e-01
9.897038927069291558e-01
9.898008302743344089e-01
9.899075147484014403e-01
9.900230490499530855e-01
9.901464145605092249e-01
9.902764677838558072e-01
9.904119373592236153e-01
9.905514214205941581e-01
9.906933852889313608e-01
9.908361594769057312e-01
9.909779379791873177e-01
9.911167768158428704e-01
9.912505927919532667e-01
9.913771624333899135e-01
9.914941210568097851e-01
9.915989619313764214e-01
9.916890354904496219e-01
9.917615485534516662e-01
9.918135635212192991e-01
9.918419975122806376e-01
9.918436214125476713e-01
9.918150588167760073e-01
9.917527848467273532e-01
9.916531248382084440e-01
9.915122528970120586e-01
9.913261903322365676e-01
9.910908039845366391e-01
9.908018044765913857e-01
9.904547444235278775e-01
9.900450166522644091e-01
9.895678524907842721e-01
9.890183202012274855e-01
9.883913236443618855e-01
9.876816012773672604e-01
9.868837256017563009e-01
9.859921031933895907e-01
9.850009754615771662e-01
9.839044202987361487e-01
9.826963547954870037e-01
9.813705392078537759e-01
9.799205823727831222e-01
9.783399487749390167e-01
9.766219674710955312e-01
9.747598430779735867e-01
9.727466690246501235e-01
9.705754432614399629e-01
9.682390866032886123e-01
9.657304638671898589e-01
9.630424079401210813e-01
9.601677468866837151e-01
9.570993341744413740e-01
9.538300820602687580e-01
9.503529981433683771e-01
9.466612250505211934e-01
9.427480831771249958e-01
9.386071163642358828e-01
9.342321403476553376e-01
9.296172937706612682e-01
9.247570915077564235e-01
9.196464800033171683e-01
9.142808942867587385e-01
9.086563162853054099e-01
9.027693340171624170e-01
8.966172012123747592e-01
8.901978968764522326e-01
8.835101842835143549e-01
8.765536688618179584e-01
8.693288544156577702e-01
8.618371971143139465e-01
8.540811566715108549e-01
8.460642441382069112e-01
8.377910657378790926e-01
8.292673621870825240e-01
8.205000429651758687e-01
8.114972150256901662e-01
8.022682054777985350e-01
7.928235778093370989e-01
7.831751412723368944e-01
7.733359531072969695e-01
7.633203133425444653e-01
7.531437519688669591e-01
7.428230083559628216e-01
7.323760028447601211e-01
7.218218005169885210e-01
7.111805672091755515e-01
7.004735179012619994e-01
6.897228576691925017e-01
6.789517154452658909e-01
6.681840708791155770e-01
6.574446746356106264e-01
6.467589625036840317e-01
6.361529637224154765e-01
6.256532039580990912e-01
6.152866033893629183e-01
6.050803703774982889e-01
5.950618912171095065e-01
5.852586164789905787e-01
5.756979444737566620e-01
5.664071023820200779e-01
5.574130256154828933e-01
5.487422359934702731e-01
5.404207193414185539e-01
5.324738031411969663e-01
5.249260348876054749e-01
5.178010618298873879e-01
5.111215128008106401e-01
5.049088828573629062e-01
4.991834214751860177e-01
4.939640250520244136e-01
4.892681344824317824e-01
4.851116385654299368e-01
4.815087839977889583e-01
4.784720926871846025e-01
4.760122870912527615e-01
4.741382242502245603e-01
4.728568391325648212e-01
4.721730978552004521e-01
4.720899612733664430e-01
4.726083593606204003e-01
4.737271767185057270e-01
4.754432494688425326e-01
4.777513736911610520e-01
4.806443254746488591e-01
4.841128925595546972e-01
4.881459174484072960e-01
4.927303517738595984e-01
4.978513216182730572e-01
5.034922033911530814e-01
5.096347097848472618e-01
5.162589852469710028e-01
5.233437103302894799e-01
5.308662142075151191e-01
5.388025945701131469e-01
5.471278440669549159e-01
5.558159823810633338e-01
5.648401929911344155e-01
5.741729636196670761e-01
5.837862293320281726e-01
5.936515172214158476e-01
6.037400915943005320e-01
6.140230985603383207e-01
6.244717089308334801e-01
6.350572583412792405e-01
6.457513835369291799e-01
6.565261537961901706e-01
6.673541965150009414e-01
6.782088160362044205e-01
6.890641048807650826e-01
6.998950466219009403e-01
7.106776097376179546e-01
7.213888318805365962e-01
7.320068941146370411e-01
7.425111847848099300e-01
7.528823528049120029e-01
7.631023502713043527e-01
7.731544644294426893e-01
7.830233391388928821e-01
7.926949860950880389e-01
8.021567861723297721e-01
8.113974813502082828e-01
8.204071577732503506e-01
8.291772205699441400e-01
8.377003611213222900e-01
8.459705175203402483e-01
8.539828290009146006e-01
8.617335851396766833e-01
8.692201706443541953e-01
8.764410065407710615e-01
8.833954885564599957e-01
8.900839234737751848e-01
8.965074641903618691e-01
9.026680441811791855e-01
9.085683120054468542e-01
9.142115664453849266e-01
9.196016928029958626e-01
9.247431008179168854e-01
9.296406646050111577e-01
9.342996649462587122e-01
9.387257342088904943e-01
9.429248041016734527e-01
9.469030564247487014e-01
9.506668769161592536e-01
9.542228122507624422e-01
9.575775302049489568e-01
9.607377829636866151e-01
9.637103735148886408e-01
9.665021250498527783e-01
9.691198532672830046e-01
9.715703414618173106e-01
9.738603182656518920e-01
9.759964379032461945e-01
9.779852628137503112e-01
9.798332484931673303e-01
9.815467304078828725e-01
9.831319128325812784e-01
9.845948594683276989e-01
9.859414857003659938e-01
9.871775523596949542e-01
9.883086608575030185e-01
9.893402495669362251e-01
9.902775913323194068e-01
9.911257919918251558e-01
9.918897898056376894e-01
9.925743556879078611e-01
9.931840941472285245e-01
9.937234448469598469e-01
9.941966847034761079e-01
9.946079304472199567e-01
9.949611415782423363e-01
9.952601236545672858e-01
9.955085318580967346e-01
9.957098747887226375e-01
9.958675184426976079e-01
9.959846903359941273e-01
9.960644837372757410e-01
9.961098619781512120e-01
9.961236628105887281e-01
9.961086027827884548e-01
9.960672816055564649e-01
9.960021864814512238e-01
9.959156963688771125e-01
9.958100861530952974e-01
9.956875306960355498e-01
9.955501087370304258e-01
9.953998066173471715e-01
9.952385218028014791e-01
9.950680661809004901e-01
9.948901691119180768e-01
9.947064802170259012e-01
9.945185718910307671e-01
9.943279415322590076e-01
9.941360134875368848e-01
9.939441407158425834e-01
9.937536061798486475e-01
9.935656239800334522e-01
9.933813402511080248e-01
9.932018338450240291e-01
9.930281168286311244e-01
9.928611348270540704e-01
9.927017672459632625e-01
9.925508274071106474e-01
9.924090626317925157e-01
9.922771543063346744e-01
9.921557179623574640e-01
9.920453034025701333e-01
9.919463949003040071e-01
9.918594114980510135e-01
9.917847074270783603e-01
9.917225726668785768e-01
9.916732336599025643e-01
9.916368541938317405e-01
9.916135364606267766e-01
9.916033222988273055e-01
9.916061946230575463e-01
9.916220790424382647e-01
9.916508456675716676e-01
9.916923111039125383e-01
9.917462406276137399e-01
9.918123505382807625e-01
9.918903106814330739e-01
9.919797471318272386e-01
9.920802450271163364e-01
9.921913515396144634e-01
9.923125789722230250e-01
9.924434079629096406e-01
9.925832907805468563e-01
9.927316546935125441e-01
9.928879053912562647e-01
9.930514304381395929e-01
9.932216027382820833e-01
9.933977839899361673e-01
9.935793281080693706e-01
9.937655845943524913e-01
9.939559018345865971e-01
9.941496303047242522e-01
9.943461256679746452e-01
9.945447517469728771e-01
9.947448833565778470e-01
9.949459089844758797e-01
9.951472333083718480e-01
9.953482795401005223e-01
9.955484915884774688e-01
9.957473360341174695e-01
9.959443039107894746e-01
9.961389122891671777e-01
9.963307056600886336e-01
9.965192571156888945e-01
9.967041693280368486e-01
9.968850753262019637e-01
9.970616390740268953e-01
9.972335558522705812e-01
9.974005524502134179e-01
9.975623871732700598e-01
9.977188496745836854e-01
9.978697606199585790e-01
9.980149711967652992e-01
9.981543624785710334e-01
9.982878446581486820e-01
9.984153561621560424e-01
9.985368626610818810e-01
9.986523559880159384e-01
9.987618529793738098e-01
9.988653942499051697e-01
9.989630429131605149e-01
9.990548832571340965e-01
9.991410193831242736e-01
9.992215738140559633e-01
9.992966860767210635e-01
9.993665112607428291e-01
9.994312185557031603e-01
9.994909897669079779e-01
9.995460178098228843e-01
9.995965051833548554e-01
9.996426624229308722e-01
9.996847065357042927e-01
9.997228594221471143e-01
9.997573462906435005e-01
9.997883940743212960e-01
