9.997992724243794926e-01
9.997700115550341993e-01
9.997375497209549655e-01
9.997016820640499679e-01
9.996622059034961927e-01
9.996189220344835480e-01
9.995716359773132442e-01
9.995201591659884643e-01
9.994643100689503123e-01
9.994039152379884383e-01
9.993388102843792087e-01
9.992688407838695719e-01
9.991938631141039640e-01
9.991137452294638344e-01
9.990283673790453234e-01
9.989376227736819214e-01
9.988414182076156278e-01
9.987396746397189107e-01
9.986323277382000985e-01
9.985193283915938522e-01
9.984006431876670806e-01
9.982762548607455599e-01
9.981461627069843079e-01
9.980103829662991810e-01
9.978689491691125069e-01
9.977219124457337163e-01
9.975693417961080112e-01
9.974113243178047705e-01
9.972479653904520180e-01
9.970793888153206552e-01
9.969057369093855536e-01
9.967271705538948146e-01
9.965438691982263508e-01
9.963560308205470228e-01
9.961638718474951082e-01
9.959676270357091799e-01
9.957675493185149662e-01
9.955639096214029538e-01
9.953569966500456223e-01
9.951471166545032832e-01
9.949345931729030035e-01
9.947197667572524882e-01
9.945029946831467349e-01
9.942846506439512178e-01
9.940651244286213828e-01
9.938448215806534591e-01
9.936241630338181752e-01
9.934035847183412260e-01
9.931835371291222181e-01
9.929644848455083661e-01
9.927469059901149473e-01
9.925312916123060214e-01
9.923181449802737086e-01
9.921079807642684267e-01
9.919013240924895447e-01
9.916987094605024256e-01
9.915006794748402186e-01
9.913077834116996723e-01
9.911205755723616617e-01
9.909396134181288618e-01
9.907654554691793791e-01
9.905986589537112419e-01
9.904397771960814501e-01
9.902893567352568649e-01
9.901479341677441592e-01
9.900160327122149440e-01
9.898941584962446250e-01
9.897827965689225405e-01
9.896824066465425007e-01
9.895934186021453360e-01
9.895162277133519035e-01
9.894511896866806655e-01
9.893986154803763311e-01
9.893587659516431820e-01
9.893318463580188515e-01
9.893180007463452386e-01
9.893173062662914408e-01
9.893297674484957671e-01
9.893553104899788231e-01
9.893937775913500543e-01
9.894449213913327768e-01
9.895083995441079638e-01
9.895837694838128806e-01
9.896704834181521138e-01
9.897678835894627714e-01
9.898751978367703597e-01
9.899915354864702310e-01
9.901158835924476209e-01
9.902471035389005527e-01
9.903839280111328414e-01
9.905249583313905370e-01
9.906686621487362787e-01
9.908133714642562984e-01
9.909572809658466763e-01
9.910984466406481674e-01
9.912347846280841202e-01
9.913640702725361464e-01
9.914839373320564198e-01
9.915918772982077467e-01
9.916852387821327719e-01
9.917612269232526367e-01
9.918169027795118442e-01
9.918491826617400475e-01
9.918548373794040529e-01
9.918304913706902370e-01
9.917726216963985708e-01
9.916775568845028754e-01
9.915414756203724256e-01
9.913604052865625516e-01
9.911302203657446075e-01
9.908466407307944257e-01
9.905052298573109315e-01
9.901013930059126000e-01
9.896303754345820991e-01
9.890872607150580365e-01
9.884669692417558107e-01
9.877642570367944908e-01
9.869737149702254575e-01
9.860897685302034699e-01
9.851066782932659249e-01
9.840185412596325065e-01
9.828192932320155561e-01
9.815027124282716953e-01
9.800624245277751445e-01
9.784919093580581873e-01
9.767845094315495968e-01
9.749334405416546501e-01
9.729318046226201888e-01
9.707726050683449515e-01
9.684487646914174963e-01
9.659531464851898175e-01
9.632785773287620978e-01
9.604178747476146416e-01
9.573638768116244924e-01
9.541094752177652349e-01
9.506476515673951688e-01
9.469715168081965784e-01
9.430743537690539080e-01
9.389496626729820772e-01
9.345912094691412042e-01
9.299930767805026921e-01
9.251497172193519081e-01
9.200560087790137231e-01
9.147073119674477004e-01
9.090995283071858779e-01
9.032291597869928079e-01
8.970933688141609075e-01
8.906900381830682445e-01
8.840178305461180441e-01
8.770762468480586271e-01
8.698656831645331655e-01
8.623874853711432920e-01
8.546440010609014371e-01
8.466386281261711888e-01
8.383758594265299235e-01
8.298613229767359822e-01
8.211018171093602547e-01
8.121053400946987022e-01
8.028811137361768768e-01
7.934396005023029996e-01
7.837925138057464380e-01
7.739528210956398979e-01
7.639347394897484378e-01
7.537537237376581434e-01
7.434264463733282202e-01
7.329707699839252966e-01
7.224057115903925741e-01
7.117513992023813962e-01
7.010290206746701003e-01
6.902607650529302141e-01
6.794697566527037047e-01
6.686799821660952547e-01
6.579162111355538745e-01
6.472039101731188460e-01
6.365691513368729737e-01
6.260385151045230190e-01
6.156389884077424490e-01
6.053978582110411955e-01
5.953426011364472137e-01
5.855007696512233295e-01
5.758998753511918034e-01
5.665672698877921576e-01
5.575300241035514581e-01
5.488148059585065131e-01
5.404477578495735512e-01
5.324543739457623381e-01
5.248593781840454886e-01
5.176866035930425269e-01
5.109588736334506054e-01
5.046978862643294317e-01
4.989241014617213921e-01
4.936566329292811917e-01
4.889131447484845738e-01
4.847097537172457837e-01
4.810609381194946854e-01
4.779794536534845983e-01
4.754762572228196094e-01
4.735604392610156532e-01
4.722391652178259402e-01
4.715176267837905000e-01
4.713990033690169668e-01
4.718844342837631434e-01
4.729730019929043738e-01
4.746617267348515190e-01
4.769455727090753383e-01
4.798174659462414171e-01
4.832683238822148564e-01
4.872870965629614304e-01
4.918608193126376982e-01
4.969746766028829699e-01
5.026120767682961121e-01
5.087547371220344505e-01
5.153827789370680756e-01
5.224748316734670883e-01
5.300081457507668237e-01
5.379587130875296275e-01
5.463013945583856668e-01
5.550100534526795082e-01
5.640576939592271133e-01
5.734166036494041663e-01
5.830584988867075769e-01
5.929546720560567863e-01
6.030761394813796139e-01
6.133937888863668642e-01
6.238785252515710589e-01
6.345014139320026558e-01
6.452338199235538863e-01
6.560475422043330340e-01
6.669149421283492307e-01
6.778090649136787604e-01
6.887037533447684101e-01
6.995737528979122377e-01
7.103948075990382804e-01
7.211437460322214221e-01
7.317985570340408419e-01
7.423384547310900583e-01
7.527439327034632921e-01
7.629968071837258670e-01
7.730802493264438136e-01
7.829788067056384637e-01
7.926784143144048889e-01
8.021663954504614225e-01
8.114314529717844282e-01
8.204636514962435623e-01
8.292543911969764148e-01
8.377963739102085583e-01
8.460835623236374614e-01
8.541111330510032795e-01
8.618754244220407923e-01
8.693738798268506596e-01
8.766049874504298067e-01
8.835682172174091908e-01
8.902639557399948389e-01
8.966934400249336745e-01
9.028586906493660802e-01
9.087624450622121541e-01
9.144080916087963251e-01
9.197996048133632030e-01
9.249414823885160342e-01
9.298386843739621099e-01
9.344965747406487333e-01
9.389208657317397178e-01
9.431175651500079971e-01
9.470929267430595599e-01
9.508534037841279707e-01
9.544056058975169954e-01
9.577562591345258891e-01
9.609121692680268056e-01
9.638801882418118749e-01
9.666671836842440912e-01
9.692800113743814672e-01
9.717254905322252334e-01
9.740103817926348828e-01
9.761413677142533052e-01
9.781250356699749959e-01
9.799678629635423244e-01
9.816762040172491988e-01
9.832562794779898807e-01
9.847141670925889656e-01
9.860557942080973026e-01
9.872869317582354531e-01
9.884131896031679299e-01
9.894400130961092943e-01
9.903726807567727608e-01
9.912163029383059820e-01
9.919758213810587755e-01
9.926560095532863670e-01
9.932614736856931748e-01
9.937966544135461433e-01
9.942658289469092914e-01
9.946731136963178344e-01
9.950224672878359433e-01
9.953176939078518526e-01
9.955624469240066388e-01
9.957602327342408577e-01
9.959144148009245745e-01
9.960282178313336621e-01
9.961047320692473228e-01
9.961469176651625013e-01
9.961576090945338802e-01
9.961395195946418646e-01
9.960952455912648329e-01
9.960272710864457313e-01
9.959379719784979823e-01
9.958296202851908419e-01
9.957043882410183677e-01
9.955643522397846779e-01
9.954114965946196936e-01
9.952477170890957625e-01
9.950748242954530198e-01
9.948945466390689552e-01
9.947085331922174145e-01
9.945183561847542597e-01
9.943255132245315542e-01
9.941314292258895957e-01
9.939374580503325118e-01
9.937448838692422015e-01
9.935549222640205347e-01
9.933687210841822823e-01
9.931873610884727199e-01
9.930118563979151158e-01
9.928431547926970246e-01
9.926821378869139512e-01
9.925296212163771115e-01
9.923863542749700173e-01
9.922530205344611831e-01
9.921302374813153468e-01
9.920185567020161077e-01
9.919184640458239555e-01
9.918303798909010593e-01
9.917546595364572504e-01
9.916915937401609149e-01
9.916414094166271509e-01
9.916042705094512133e-01
9.915802790460774840e-01
9.915694763818480029e-01
9.915718446368747552e-01
9.915873083269458599e-01
9.916157361874797793e-01
9.916569431875544849e-01
9.917106927292123064e-01
9.917766990255291182e-01
9.918546296492900538e-01
9.919441082425093370e-01
9.920447173754247672e-01
9.921560015420203271e-01
9.922774702775600808e-01
9.924086013821191710e-01
9.925488442326940719e-01
9.926976231652329119e-01
9.928543409068940617e-01
9.930183820380721338e-01
9.931891164632642433e-01
9.933659028697103821e-01
9.935480921529367127e-01
9.937350307888571654e-01
9.939260641329032975e-01
9.941205396277293938e-01
9.943178099023172178e-01
9.945172357467240154e-01
9.947181889482314965e-01
9.949200549761965107e-01
9.951222355044438972e-01
9.953241507615439021e-01
9.955252417007577348e-01
9.957249719828168422e-01
9.959228297660219775e-01
9.961183292994271188e-01
9.963110123161260656e-01
9.965004492249063262e-01
9.966862400998030003e-01
9.968680154683791095e-01
9.970454369008978635e-01
9.972181974039323604e-01
9.973860216233675358e-01
9.975486658631749215e-01
9.977059179277472101e-01
9.978575967969303129e-01
9.980035521441436019e-01
9.981436637090709274e-01
9.982778405372995101e-01
9.984060200999120838e-01
9.985281673063642893e-01
9.986442734239651120e-01
9.987543549169006774e-01
9.988584522170073088e-01
9.989566284374216121e-01
9.990489680388736637e-01
9.991355754568068681e-01
9.992165736958128486e-01
9.992921028961737617e-01
9.993623188757355669e-01
9.994273916490311604e-01
9.994875039246532422e-01
9.995428495814445702e-01
9.995936321242047118e-01
9.996400631203475884e-01
9.996823606202535073e-01
9.997207475659034559e-01
9.997554501946306349e-01
9.997866964473375306e-01
