9.997996874775737508e-01
9.997704797636930429e-01
9.997380754946804116e-01
9.997022698675389618e-01
9.996628602229706839e-01
9.996196473431644414e-01
9.995724367005639488e-01
9.995210396467434366e-01
9.994652745340190103e-01
9.994049677657746988e-01
9.993399547744959976e-01
9.992700809290492314e-01
9.991952023747219247e-01
9.991151868108992806e-01
9.990299142120107057e-01
9.989392774975620615e-01
9.988431831567690100e-01
9.987415518326159258e-01
9.986343188692025086e-01
9.985214348251224559e-01
9.984028659544561535e-01
9.982785946558518919e-01
9.981486198891945660e-01
9.980129575585727775e-01
9.978716408597004817e-01
9.977247205896246918e-01
9.975722654164803638e-01
9.974143621071926979e-01
9.972511157113733704e-01
9.970826497001581412e-01
9.969091060593618936e-01
9.967306453370322616e-01
9.965474466462297398e-01
9.963597076246035744e-01
9.961676443530258496e-01
9.959714912361524730e-01
9.957715008482623809e-01
9.955679437480341454e-01
9.953611082660416276e-01
9.951513002686325216e-01
9.949388429014890400e-01
9.947240763155411614e-01
9.945073573769888098e-01
9.942890593620183903e-01
9.940695716353622480e-01
9.938492993101885054e-01
9.936286628849608782e-01
9.934080978509186588e-01
9.931880542617577134e-01
9.929689962550198867e-01
9.927514015126764901e-01
9.925357606465201599e-01
9.923225764923118142e-01
9.921123632952506544e-01
9.919056457683020911e-01
9.917029580042834302e-01
9.915048422224084224e-01
9.913118473302469091e-01
9.911245272827806652e-01
9.909434392213996023e-01
9.907691413772764522e-01
9.906021907255317949e-01
9.904431403789089039e-01
9.902925367122700218e-01
9.901509162120555319e-01
9.900188020478628559e-01
9.898967003664786990e-01
9.897850963120012890e-01
9.896844497791139617e-01
9.895951909101028399e-01
9.895177153498506684e-01
9.894523792767733195e-01
9.893994942314822127e-01
9.893593217688083641e-01
9.893320679626631531e-01
9.893178777969406923e-01
9.893168294791709894e-01
9.893289287167786883e-01
9.893541029984150859e-01
9.893921959247548026e-01
9.894429616342057532e-01
9.895060593690303552e-01
9.895810482262881180e-01
9.896673821357189205e-01
9.897644051031638801e-01
9.898713467534026034e-01
9.899873182004770289e-01
9.901113082668210330e-01
9.902421800650407224e-01
9.903786679482294852e-01
9.905193748265410658e-01
9.906627698396583970e-01
9.908071863670732116e-01
9.909508203509876934e-01
9.910917289003945418e-01
9.912278291396786623e-01
9.913568972610403707e-01
9.914765677372822106e-01
9.915843326500478616e-01
9.916775410884839381e-01
9.917533985744545477e-01
9.918089664728455546e-01
9.918411613490373258e-01
9.918467542402560344e-01
9.918223698131112265e-01
9.917644853861425913e-01
9.916694298035584332e-01
9.915333821545039283e-01
9.913523703411418753e-01
9.911222695085483148e-01
9.908388003599363225e-01
9.904975273920476608e-01
9.900938570977123598e-01
9.896230361955694610e-01
9.890801499607486669e-01
9.884601207448516780e-01
9.877577067887216566e-01
9.869675014470308261e-01
9.860839329593856784e-01
9.851012649180650449e-01
9.840135975972410520e-01
9.828148703220843663e-01
9.814988650679619120e-01
9.800592114894544071e-01
9.784893935855588643e-01
9.767827582107146966e-01
9.749325256407037621e-01
9.729318023977020502e-01
9.707735965295215541e-01
9.684508355242733568e-01
9.659563870232974470e-01
9.632830824723833674e-01
9.604237438242864133e-01
9.573712133746691277e-01
9.541183867792941697e-01
9.506582492630157866e-01
9.469839149913893417e-01
9.430886695340338077e-01
9.389660153057839409e-01
9.346097198276414053e-01
9.300138666050996594e-01
9.251729083770444673e-01
9.200817224446256049e-01
9.147356677467287644e-01
9.091306433074632931e-01
9.032631476419373806e-01
8.971303386700526517e-01
8.907300936547030146e-01
8.840610686511667371e-01
8.771227569292670001e-01
8.699155458096309301e-01
8.624407713407085119e-01
8.547007702346661739e-01
8.466989284783807967e-01
8.384397260409455210e-01
8.299287771116824475e-01
8.211728653228881347e-01
8.121799734393984060e-01
8.029593070324978488e-01
7.935213116983487192e-01
7.838776834304745922e-01
7.740413718111927022e-01
7.640265757473090336e-01
7.538487315397900401e-01
7.435244931442662741e-01
7.330717045477850302e-01
7.225093642558226836e-01
7.118575819508449198e-01
7.011375274483877540e-01
6.903713721376073531e-01
6.795822231495396437e-01
6.687940505473103370e-01
6.580316078777558308e-01
6.473203464633272564e-01
6.366863238468679631e-01
6.261561068303878042e-01
6.157566695729481676e-01
6.055152872330956670e-01
5.954594256589109680e-01
5.856166276446528318e-01
5.760143962881671964e-01
5.666800759985330949e-01
5.576407317195397617e-01
5.489230269519387306e-01
5.405531011762771953e-01
5.325564472983144171e-01
5.249577897602530907e-01
5.177809639826322918e-01
5.110487978228523964e-01
5.047829957558782610e-01
4.990040264995604380e-01
4.937310148198686965e-01
4.889816382590757016e-01
4.847720295311772620e-01
4.811166853227768492e-01
4.780283822232683777e-01
4.755181004849288184e-01
4.735949562810898295e-01
4.722661430888196454e-01
4.715368827717274502e-01
4.714103868790566754e-01
4.718878286098345809e-01
4.729683258163772663e-01
4.746489353408746004e-01
4.769246588932828379e-01
4.797884605893147913e-01
4.832312961752408542e-01
4.872421538724073242e-01
4.918081066799702139e-01
4.969143758801742861e-01
5.025444053974421621e-01
5.086799465712863455e-01
5.153011528143116582e-01
5.223866835409216591e-01
5.299138166704276953e-01
5.378585689306529805e-01
5.461958231155239485e-01
5.548994613832016753e-01
5.639425036208788322e-01
5.732972498492624469e-01
5.829354255948948627e-01
5.928283291228622076e-01
6.029469793969940428e-01
6.132622636203981514e-01
6.237450832069013629e-01
6.343664970444650164e-01
6.450978609354716120e-01
6.559109621361982612e-01
6.667781479689629531e-01
6.776724475449977803e-01
6.885676857135717421e-01
6.994385884423139910e-01
7.102608789338947792e-01
7.210113638936497260e-01
7.316680094796970124e-01
7.422100065895300691e-01
7.526178252629249776e-01
7.628732581080266417e-01
7.729594527834271478e-01
7.828609336917187189e-01
7.925636131572929566e-01
8.020547924710574872e-01
8.113231532855316175e-01
8.203587399338886366e-01
8.291529333246907552e-01
8.376984171293362369e-01
8.459891370309255976e-01
8.540202538410069932e-01
8.617880913144314592e-01
8.692900795025779725e-01
8.765246944820350716e-01
8.834913952802423420e-01
8.901905587926249863e-01
8.966234134486127383e-01
9.027919723380093409e-01
9.086989664559436131e-01
9.143477786656769579e-01
9.197423789154248741e-01
9.248872611796694621e-01
9.297873825286877558e-01
9.344481046636198274e-01
9.388751381896285331e-01
9.430744898376879348e-01
9.470524127872262943e-01
9.508153601879993921e-01
9.543699419307540843e-01
9.577228846728237377e-01
9.608809950869806604e-01
9.638511262696665138e-01
9.666401472180143895e-01
9.692549152635933085e-01
9.717022513342060686e-01
9.739889179028928812e-01
9.761215994750579439e-01
9.781068854598103934e-01
9.799512552696618695e-01
9.816610654931472446e-01
9.832425389872310184e-01
9.847017557401068766e-01
9.860446453598088468e-01
9.872769810496073717e-01
9.884043749372311005e-01
9.894322746313261030e-01
9.903659608851361762e-01
9.912105462540601319e-01
9.919709746404861139e-01
9.926520216260891205e-01
9.932582954985967882e-01
9.937942388868631349e-01
9.942641309249108383e-01
9.946720898723580007e-01
9.950220761252611679e-01
9.953178955577832721e-01
9.955632031411200122e-01
9.957615067916739671e-01
9.959161714054179937e-01
9.960304230396620495e-01
9.961073532069280034e-01
9.961499232483363997e-01
9.961609687558149462e-01
9.961432040136239952e-01
9.960992264302654942e-01
9.960315209319638985e-01
9.959424642887656498e-01
9.958343293441084265e-01
9.957092891186812844e-01
9.955694207597335366e-01
9.954167093078708506e-01
9.952530512549330188e-01
9.950802578688812128e-01
9.949000582647401503e-01
9.947141022045389303e-01
9.945239626137848399e-01
9.943311378071474360e-01
9.941370534215895338e-01
9.939430640609296930e-01
9.937504546615850698e-01
9.935604415947950629e-01
9.933741735257838323e-01
9.931927320549032157e-01
9.930171321696642517e-01
9.928483225396105283e-01
9.926871856881315237e-01
9.925345380765387970e-01
9.923911301360391901e-01
9.922576462826746546e-01
9.921347049489579462e-01
9.920228586638937252e-01
9.919225942104897831e-01
9.918343328868454156e-01
9.917584308936070459e-01
9.916951798671420626e-01
9.916448075743142798e-01
9.916074787813704550e-01
9.915832963062383154e-01
9.915723022605595904e-01
9.915744794850622768e-01
9.915897531794227726e-01
9.916179927255661664e-01
9.916590137013554518e-01
9.917125800798012314e-01
9.917784066072143911e-01
9.918561613520874287e-01
9.919454684148961698e-01
9.920459107874227689e-01
9.921570333486303683e-01
9.922783459825657015e-01
9.924093268022761150e-01
9.925494254623301593e-01
9.926980665412972193e-01
9.928546529745069238e-01
9.930185695166466875e-01
9.931891862132787852e-01
9.933658618602236867e-01
9.935479474299437896e-01
9.937347894445793806e-01
9.939257332761053387e-01
9.941201263551433520e-01
9.943173212712382858e-01
9.945166787488284310e-01
9.947175704846451527e-01
9.949193818338244455e-01
9.951215143335558899e-01
9.953233880545924173e-01
9.955244437723977935e-01
9.957241449510902953e-01
9.959219795346689885e-01
9.961174615412963229e-01
9.963101324576632001e-01
9.964995624317235512e-01
9.966853512633482293e-01
9.968671291937519774e-01
9.970445574958834989e-01
9.972173288693481075e-01
9.973851676448407533e-01
9.975478298044860859e-01
9.977051028258844267e-01
9.978568053590037845e-01
9.980027867463022728e-01
9.981429263975507560e-01
9.982771330317053993e-01
9.984053437988059665e-01
9.985275232951881241e-01
9.986436624852839117e-01
9.987537775428991793e-01
9.988579086241219374e-01
9.989561185829408663e-01
9.990484916392893266e-01
9.991351320076599096e-01
9.992161624927422547e-01
9.992917230568513220e-01
9.993619693623538858e-01
9.994270712910100496e-01
9.994872114412308717e-01
9.995425836038376310e-01
9.995933912170449354e-01
9.996398458021298339e-01
9.996821653825692655e-01
9.997205728912703648e-01
9.997552945727703477e-01
9.997865583897957986e-01
