9.997974826319808717e-01
9.997680407930257251e-01
9.997353921054942250e-01
9.996993332691676004e-01
9.996596633564708290e-01
9.996161850904073942e-01
9.995687060681328617e-01
9.995170399200259403e-01
9.994610073977975295e-01
9.994004373886634651e-01
9.993351678557133022e-01
9.992650467071907405e-01
9.991899325993647274e-01
9.991096956789705663e-01
9.990242182718490627e-01
9.989333955244523722e-01
9.988371360044119296e-01
9.987353622654793206e-01
9.986280113809903325e-01
9.985150354486840296e-01
9.983964020683544494e-01
9.982720947925326493e-01
9.981421135492688501e-01
9.980064750351740344e-01
9.978652130762273309e-01
9.977183789534728175e-01
9.975660416906176886e-01
9.974082883006838429e-01
9.972452239892256598e-01
9.970769723121739592e-01
9.969036752870529261e-01
9.967254934570979330e-01
9.965426059086368582e-01
9.963552102429271695e-01
9.961635225044358499e-01
9.959677770682460185e-01
9.957682264898531921e-01
9.955651413210078182e-01
9.953588098954613272e-01
9.951495380884278763e-01
9.949376490532664263e-01
9.947234829383038157e-01
9.945073965858459708e-01
9.942897632142632114e-01
9.940709720826149676e-01
9.938514281356050084e-01
9.936315516247917756e-01
9.934117776999570326e-01
9.931925559624270594e-01
9.929743499700112164e-01
9.927576366811562414e-01
9.925429058239786384e-01
9.923306591741235527e-01
9.921214097239697827e-01
9.919156807246352070e-01
9.917140045815768801e-01
9.915169215843809836e-01
9.913249784516079410e-01
9.911387266723185041e-01
9.909587206271319726e-01
9.907855154733400393e-01
9.906196647806704281e-01
9.904617179067181088e-01
9.903122171037804788e-01
9.901716943517894221e-01
9.900406679151819711e-01
9.899196386248511059e-01
9.898090858897263811e-01
9.897094634460460449e-01
9.896211948559658911e-01
9.895446687708041589e-01
9.894802339779265044e-01
9.894281942540078534e-01
9.893888030511225340e-01
9.893622580457580584e-01
9.893486955843174835e-01
9.893481850618766060e-01
9.893607232737393620e-01
9.893862287815533563e-01
9.894245363372390356e-01
9.894753914086006352e-01
9.895384448500978980e-01
9.896132477607497702e-01
9.896992465684794071e-01
9.897957783763702277e-01
9.899020666013585990e-01
9.900172169299447100e-01
9.901402136087420480e-01
9.902699160803231093e-01
9.904050559671060405e-01
9.905442343982567843e-01
9.906859196670178003e-01
9.908284451988010888e-01
9.909700078040425408e-01
9.911086661844074053e-01
9.912423396566343303e-01
9.913688070552052478e-01
9.914857057731961687e-01
9.915905309001029622e-01
9.916806344161113174e-01
9.917532244041256106e-01
9.918053642437938411e-01
9.918339717556562407e-01
9.918358182683083557e-01
9.918075275870013030e-01
9.917455748483279265e-01
9.916462852525186333e-01
9.915058326723609206e-01
9.913202381458833257e-01
9.910853682687336130e-01
9.907969335116969534e-01
9.904504864991015012e-01
9.900414202950238440e-01
9.895649667562701479e-01
9.890161950240909938e-01
9.883900102404417076e-01
9.876811525892138510e-01
9.868841967780477287e-01
9.859935520917981755e-01
9.850034631640988136e-01
9.839080116282887811e-01
9.827011188226939531e-01
9.813765497373203583e-01
9.799279183988032216e-01
9.783486948973699748e-01
9.766322142630593506e-01
9.747716873980079022e-01
9.727602142668857477e-01
9.705907995382653253e-01
9.682563708557244686e-01
9.657497998988130439e-01
9.630639263708165032e-01
9.601915850227773497e-01
9.571256357918838109e-01
9.538589970975351884e-01
9.503846823006740774e-01
9.466958392918674026e-01
9.427857931316837581e-01
9.386480916236927818e-01
9.342765536564558992e-01
9.296653201066807926e-01
9.248089070517840904e-01
9.197022609969334184e-01
9.143408157796819591e-01
9.087205507750619748e-01
9.028380499859494090e-01
8.966905615681618480e-01
8.902760573076348161e-01
8.835932915386934816e-01
8.766418589684591423e-01
8.694222508533840932e-01
8.619359089603600976e-01
8.541852767373349087e-01
8.461738471174049536e-01
8.379062063863284004e-01
8.293880735566845352e-01
8.206263347126399044e-01
8.116290718175594998e-01
8.024055855123525260e-01
7.929664114751608928e-01
7.833233299622348600e-01
7.734893682048806784e-01
7.634787953972294039e-01
7.533071100732308123e-01
7.429910197373879033e-01
7.325484126810906105e-01
7.219983219835095500e-01
7.113608817616452473e-01
7.006572757969697918e-01
6.899096787251421947e-01
6.791411900296110415e-01
6.683757611289800060e-01
6.576381158914665903e-01
6.469536649476423928e-01
6.363484142051767378e-01
6.258488679970599655e-01
6.154819273185495598e-01
6.052747836287464267e-01
5.952548087113040953e-01
5.854494411063022596e-01
5.758860696427254844e-01
5.665919146190510070e-01
5.575939071987670026e-01
5.489185676085408527e-01
5.405918827492315337e-01
5.326391838537420931e-01
5.250850248502590967e-01
5.179530621138530577e-01
5.112659363126788037e-01
5.050451570758202058e-01
4.993109912268980377e-01
4.940823553394638745e-01
4.893767133757078724e-01
4.852099801678761981e-01
4.815964314910928801e-01
4.785486214562898466e-01
4.760773079222294646e-01
4.741913865860372113e-01
4.728978343625205305e-01
4.722016626042270238e-01
4.721058806476210457e-01
4.726114700967853910e-01
4.737173701759807010e-01
4.754204743974205227e-01
4.777156387020793371e-01
4.805957011405457280e-01
4.840515130690786760e-01
4.880719817442227271e-01
4.926441241085269818e-01
4.977531314709510157e-01
5.033824446989871859e-01
5.095138394559687312e-01
5.161275209368167971e-01
5.232022274789158711e-01
5.307153423522390501e-01
5.386430129645031206e-01
5.469602766534296112e-01
5.556411921795044728e-01
5.646589759795775931e-01
5.739861421947911602e-01
5.835946454465612554e-01
5.934560253024072640e-01
6.035415513503816776e-01
6.138223677875309647e-01
6.242696364252338093e-01
6.348546770231747738e-01
6.455491038848086838e-01
6.563249576809624397e-01
6.671548315148445596e-01
6.780119903011984084e-01
6.888704826041827101e-01
6.997052441620910113e-01
7.104921924211928808e-01
7.212083115044265469e-01
7.318317271517607026e-01
7.423417712859616824e-01
7.527190359781744666e-01
7.629454167100613304e-01
7.730041449510473006e-01
7.828798101883114313e-01
7.925583716614812424e-01
8.020271601615439616e-01
8.112748703525425320e-01
8.202915441635866278e-01
8.290685458763188409e-01
8.375985295982102397e-01
8.458753998641915794e-01
8.538942661477735285e-01
8.616513920878372534e-01
8.691441402489159529e-01
8.763709132314716488e-01
8.833310919351775592e-01
8.900249717534703953e-01
8.964536974428384264e-01
9.026191973667683222e-01
9.085241177634264531e-01
9.141717576295369518e-01
9.195660047520791691e-01
9.247112733558960906e-01
9.296124437705817201e-01
9.342748044554777254e-01
9.387039966585265516e-01
9.429059619242188273e-01
9.468868926088664928e-01
9.506531855086868266e-01
9.542113986582670959e-01
9.575682113142506280e-01
9.607303871017437435e-01
9.637047402690219755e-01
9.664981049694639781e-01
9.691173074680379251e-01
9.715691411527380694e-01
9.738603442186954950e-01
9.759975798837916550e-01
9.779874189889670166e-01
9.798363248335599796e-01
9.815506400954110422e-01
9.831365756867090910e-01
9.846002013992047885e-01
9.859474381961523815e-01
9.871840520128734031e-01
9.883156489329467664e-01
9.893476716125731985e-01
9.902853968315270539e-01
9.911339340552314248e-01
9.918982248988469363e-01
9.925830433908284789e-01
9.931929969401513958e-01
9.937325279183274462e-01
9.942059157743551312e-01
9.946172796078142087e-01
9.949705811323156235e-01
9.952696279683311831e-01
9.955180772109090137e-01
9.957194392237823655e-01
9.958770816167630269e-01
9.959942333679490112e-01
9.960739890560905696e-01
9.961193131713963478e-01
9.961330444751396174e-01
9.961179003797059339e-01
9.960764813213202062e-01
9.960112750977783147e-01
9.959246611432754914e-01
9.958189147121038198e-01
9.956962109428012520e-01
9.955586287745018526e-01
9.954081546879366416e-01
9.952466862449244056e-01
9.950760354023575616e-01
9.948979315796707690e-01
9.947140244625527483e-01
9.945258865301461748e-01
9.943350152980512391e-01
9.941428352749230868e-01
9.939506996361568980e-01
9.937598916238531421e-01
9.935716256877610286e-01
9.933870483869939871e-01
9.932072390768360570e-01
9.930332104087585821e-01
9.928659086747402274e-01
9.927062140290694447e-01
9.925549406219730253e-01
9.924128366796854950e-01
9.922805845650033429e-01
9.921588008510350276e-01
9.920480364388842842e-01
9.919487767475093642e-01
9.918614420011279131e-01
9.917863876364164666e-01
9.917239048485259056e-01
9.916742212917027954e-01
9.916375019471770358e-01
9.916138501680100692e-01
9.916033089078502005e-01
9.916058621380140492e-01
9.916214364550185456e-01
9.916499028785815684e-01
9.916910788381644304e-01
9.917447303442902262e-01
9.918105743391000262e-01
9.918882812188500875e-01
9.919774775193046512e-01
9.920777487531996508e-01
9.921886423871848493e-01
9.923096709438975482e-01
9.924403152131393568e-01
9.925800275545669793e-01
9.927282352729378534e-01
9.928843440458193781e-01
9.930477413828421307e-01
9.932178000950862007e-01
9.933938817530575394e-01
9.935753401119450379e-01
9.937615244834259176e-01
9.939517830341789706e-01
9.941454659924140458e-01
9.943419287450850907e-01
9.945405348099425336e-01
9.947406586681554197e-01
9.949416884448301079e-01
9.951430284263197423e-01
9.953441014047466062e-01
9.955443508416029763e-01
9.957432428436775451e-01
9.959402679458659868e-01
9.961349426966843446e-01
9.963268110435484770e-01
9.965154455161177038e-01
9.967004482072627791e-01
9.968814515525216136e-01
9.970581189102577513e-01
9.972301449461421496e-01
9.973972558270235433e-01
9.975592092307195013e-01
9.977157941797116791e-01
9.978668307081265398e-01
9.980121693726756726e-01
9.981516906193569350e-01
9.982853040186275839e-01
9.984129473823940559e-01
9.985345857764704736e-01
9.986502104420988957e-01
9.987598376396902289e-01
9.988635074271197123e-01
9.989612823837320521e-01
9.990532462897370181e-01
9.991395027689656816e-01
9.992201739011475903e-01
9.992953988080537364e-01
9.993653322161890618e-01
9.994301429973401207e-01
9.994900126873175195e-01
9.995451339827937653e-01
9.995957092162963686e-01
9.996419488102030737e-01
9.996840697119991903e-01
9.997222938150097660e-01
9.997568463712116493e-01
9.997879544053874801e-01
