9.997980407843014561e-01
9.997686297268496558e-01
9.997360065032721010e-01
9.996999663123239399e-01
9.996603066297207185e-01
9.996168285064624959e-01
9.995693378156611519e-01
9.995176464371339220e-01
9.994615733726101015e-01
9.994009457878105795e-01
9.993355999807363998e-01
9.992653822780727113e-01
9.991901498636175383e-01
9.991097715440034888e-01
9.990241284577213721e-01
9.989331147336100170e-01
9.988366381046321907e-01
9.987346204820189977e-01
9.986269984938439537e-01
9.985137239909136486e-01
9.983947645216426636e-01
9.982701037764155627e-01
9.981397420009133770e-01
9.980036963770508862e-01
9.978620013695729263e-01
9.977147090360112269e-01
9.975618892976004792e-01
9.974036301688837813e-01
9.972400379440710116e-01
9.970712373387151661e-01
9.968973715859016371e-01
9.967186024868638361e-01
9.965351104166932927e-01
9.963470942865736424e-01
9.961547714646771245e-01
9.959583776584910453e-01
9.957581667618381482e-01
9.955544106701910145e-01
9.953473990680111738e-01
9.951374391917510165e-01
9.949248555718011033e-01
9.947099897560487403e-01
9.944932000168130726e-01
9.942748610417506683e-01
9.940553636078985900e-01
9.938351142363567314e-01
9.936145348232652275e-01
9.933940622407325671e-01
9.931741478993010297e-01
9.929552572614412931e-01
9.927378692935461268e-01
9.925224758419994853e-01
9.923095809172193249e-01
9.920996998681869128e-01
9.918933584289274519e-01
9.916910916177752444e-01
9.914934424700595494e-01
9.913009605851207384e-01
9.911142004693078711e-01
9.909337196578154039e-01
9.907600765998523240e-01
9.905938282936638251e-01
9.904355276603028502e-01
9.902857206477082563e-01
9.901449430595468115e-01
9.900137171063706498e-01
9.898925476798816625e-01
9.897819183544642740e-01
9.896822871236242714e-01
9.895940818825373908e-01
9.895176956715799887e-01
9.894534816994445814e-01
9.894017481682439996e-01
9.893627529268208542e-01
9.893366979822479923e-01
9.893237239031429375e-01
9.893239041518073762e-01
9.893372393851986857e-01
9.893636517671871022e-01
9.894029793362838499e-01
9.894549704738767604e-01
9.895192785178396067e-01
9.895954565650779688e-01
9.896829525040674591e-01
9.897811043147244359e-01
9.898891356680643572e-01
9.900061518521638959e-01
9.901311360441140685e-01
9.902629459401497414e-01
9.904003107482198809e-01
9.905418285392001421e-01
9.906859639450315003e-01
9.908310461845635242e-01
9.909752673910577903e-01
9.911166812093612499e-01
9.912532016258895906e-01
9.913826019908776876e-01
9.915025141899421746e-01
9.916104279208906025e-01
9.917036900318957349e-01
9.917795038785791606e-01
9.918349286601625403e-01
9.918668786985446184e-01
9.918721226288800263e-01
9.918472824758690631e-01
9.917888325964506757e-01
9.916930984768727031e-01
9.915562553801431367e-01
9.913743268486547855e-01
9.911431830763063333e-01
9.908585391747664062e-01
9.905159533696544782e-01
9.901108251743870881e-01
9.896383936022695726e-01
9.890937354910752655e-01
9.884717640287916662e-01
9.877672275842802607e-01
9.869747089621028202e-01
9.860886252164129395e-01
9.851032281742322372e-01
9.840126058331757353e-01
9.828106848122494243e-01
9.814912340461443563e-01
9.800478699229299151e-01
9.784740630716243226e-01
9.767631470092649204e-01
9.749083288563562544e-01
9.729027023245789829e-01
9.707392631711467823e-01
9.684109273000944818e-01
9.659105516720709605e-01
9.632309581610608573e-01
9.603649604691071318e-01
9.573053941789253507e-01
9.540451499897180110e-01
9.505772101439907695e-01
9.468946880132621535e-01
9.429908707687584268e-01
9.388592650200305867e-01
9.344936452604059030e-01
9.298881049138163490e-01
9.250371097332928949e-01
9.199355532577686567e-01
9.145788139912844894e-01
9.089628139277149410e-01
9.030840780052746819e-01
8.969397940388348367e-01
8.905278726450599480e-01
8.838470066461524555e-01
8.768967294131559953e-01
8.696774715899348029e-01
8.621906156247036712e-01
8.544385475278921671e-01
8.464247052736892929e-01
8.381536232682781362e-01
8.296309723208230569e-01
8.208635945739559681e-01
8.118595328788089649e-01
8.026280541354663400e-01
7.931796661626966394e-01
7.835261277104341726e-01
7.736804512840124159e-01
7.636568985095997242e-01
7.534709678346132034e-01
7.431393744238116161e-01
7.326800221799465440e-01
7.221119678859494462e-01
7.114553775322632889e-01
7.007314749568707146e-01
6.899624829857025077e-01
6.791715573165577613e-01
6.683827134397684056e-01
6.576207469332768785e-01
6.469111475084878826e-01
6.362800072164380705e-01
6.257539232520320516e-01
6.153598958179826717e-01
6.051252215306530680e-01
5.950773828680793187e-01
5.852439341771902281e-01
5.756523847734678068e-01
5.663300796829344730e-01
5.573040785939146202e-01
5.486010336050446412e-01
5.402470663764571412e-01
5.322676453128978302e-01
5.246874634302194362e-01
5.175303175795440414e-01
5.108189897254504785e-01
5.045751309946717722e-01
4.988191492288176487e-01
4.935701007871833301e-01
4.888455873526199591e-01
4.846616584934916316e-01
4.810327207269681216e-01
4.779714538124887335e-01
4.754887349786691697e-01
4.735935717518982013e-01
4.722930440104831096e-01
4.715922558346492544e-01
4.714942976606505409e-01
4.720002191773541300e-01
4.731090133270126064e-01
4.748176116894742282e-01
4.771208914420441705e-01
4.800116939967735696e-01
4.834808553241797258e-01
4.875172478784758345e-01
4.921078339452584771e-01
4.972377301391500692e-01
5.028902826869496856e-01
5.090471530420497270e-01
5.156884132888979178e-01
5.227926507126123834e-01
5.303370808291160143e-01
5.382976680958174720e-01
5.466492534525873026e-01
5.553656877781397716e-01
5.644199702887533476e-01
5.737843908552573424e-01
5.834306751713422834e-01
5.933301316723867957e-01
6.034537990801474017e-01
6.137725934356783597e-01
6.242574534816844878e-01
6.348794832668225308e-01
6.456100908688470197e-01
6.564211221712733524e-01
6.672849886794628427e-01
6.781747884264834880e-01
6.890644190962271765e-01
6.999286825801653844e-01
7.107433802836260472e-01
7.214853986060972835e-01
7.321327841360351085e-01
7.426648082220539404e-01
7.530620207071132555e-01
7.633062927381720764e-01
7.733808486885354050e-01
7.832702873516395048e-01
7.929605926811255090e-01
8.024391344608827747e-01
8.116946593884776240e-01
8.207172731445531166e-01
8.294984140981045417e-01
8.380308193620483737e-01
8.463084839645442781e-01
8.543266139387443170e-01
8.620815741569811674e-01
8.695708317450949743e-01
8.767928959092097241e-01
8.837472549915359465e-01
8.904343115447639345e-01
8.968553161774979188e-01
9.030123008773608406e-01
9.089080124653499126e-01
9.145458467762982435e-01
9.199297840974892670e-01
9.250643263321379761e-01
9.299544362881005943e-01
9.346054794262051990e-01
9.390231683382878058e-01
9.432135101634784302e-01
9.471827570934502338e-01
9.509373600639678958e-01
9.544839256817058137e-01
9.578291763923044710e-01
9.609799138581875955e-01
9.639429854827811228e-01
9.667252539913175902e-01
9.693335699571292707e-01
9.717747471458564323e-01
9.740555405378862330e-01
9.761826268811100160e-01
9.781625876212164394e-01
9.800018940547078339e-01
9.817068945501230548e-01
9.832838036851165864e-01
9.847386931506267871e-01
9.860774842780221094e-01
9.873059420505237993e-01
9.884296704661192923e-01
9.894541091254432930e-01
9.903845309245631334e-01
9.912260407392101680e-01
9.919835749936839475e-01
9.926619020144223926e-01
9.932656230750406268e-01
9.937991740465003110e-01
9.942668275729241723e-01
9.946726957003775293e-01
9.950207328926171657e-01
9.953147393742467486e-01
9.955583647478121190e-01
9.957551118369857290e-01
9.959083407130012722e-01
9.960212728658099923e-01
9.960969954849606678e-01
9.961384658179225360e-01
9.961485155754826737e-01
9.961298553550365087e-01
9.960850790531523558e-01
9.960166682388965631e-01
9.959269964592553093e-01
9.958183334477744841e-01
9.956928492075102222e-01
9.955526179397098385e-01
9.953996217905307642e-01
9.952357543896723779e-01
9.950628241571317645e-01
9.948825573574296977e-01
9.946966008845490315e-01
9.945065247654149010e-01
9.943138243748720351e-01
9.941199223606379531e-01
9.939261702824122580e-01
9.937338499750176801e-01
9.935441746509258154e-01
9.933582897625844454e-01
9.931772736494594023e-01
9.930021379984725893e-01
9.928338281494838435e-01
9.926732232795324462e-01
9.925211365007300390e-01
9.923783149069693721e-01
9.922454396040484292e-01
9.921231257564757655e-01
9.920119226822251557e-01
9.919123140241760117e-01
9.918247180240282734e-01
9.917494879212612746e-01
9.916869124963483273e-01
9.916372167740498123e-01
9.916005628993058707e-01
9.915770511951007560e-01
9.915667214087409143e-01
9.915695541503023458e-01
9.915854725245669687e-01
9.916143439555639150e-01
9.916559822008321756e-01
9.917101495506778219e-01
9.917765592059653024e-01
9.918548778263215349e-01
9.919447282390022602e-01
9.920456922970570801e-01
9.921573138738313258e-01
9.922791019792751577e-01
9.924105339820205041e-01
9.925510589197922284e-01
9.927001008794734682e-01
9.928570624271261247e-01
9.930213280675018739e-01
9.931922677121223231e-01
9.933692401348758194e-01
9.935515963942833650e-01
9.937386832021125604e-01
9.939298462188446148e-01
9.941244332575698284e-01
9.943217973791675934e-01
9.945212998630434953e-01
9.947223130391976698e-01
9.949242229689431172e-01
9.951264319631154542e-01
9.953283609281149413e-01
9.955294515315504800e-01
9.957291681806315076e-01
9.959269998077708852e-01
9.961224614591367432e-01
9.963150956831470229e-01
9.965044737171534495e-01
9.966901964718379858e-01
9.968718953141529893e-01
9.970492326509953207e-01
9.972219023171989827e-01
9.973896297728684912e-01
9.975521721165186984e-01
9.977093179219168606e-01
9.978608869078902099e-01
9.980067294516277165e-01
9.981467259571056294e-01
9.982807860911580011e-01
9.984088479003314642e-01
9.985308768219706144e-01
9.986468646029373897e-01
9.987568281389520575e-01
9.988608082467637095e-01
9.989588683802325120e-01
9.990510932999902005e-01
9.991375877047149467e-01
9.992184748303173381e-01
9.992938950215985994e-01
9.993640042793530132e-01
9.994289727845683258e-01
9.994889834004642148e-01
9.995442301526971107e-01
9.995949166882320824e-01
9.996412547141582117e-01
9.996834624191046625e-01
9.997217628818161339e-01
9.997563824737704108e-01
9.997875492652931184e-01
