9.997999708107040417e-01
9.997708033823063944e-01
9.997384433604689091e-01
9.997026860792445069e-01
9.996633289909891973e-01
9.996201729618366949e-01
9.995730235186380819e-01
9.995216920365400659e-01
9.994659968598561539e-01
9.994057643522210599e-01
9.993408298750078300e-01
9.992710386955216961e-01
9.991962468284375509e-01
9.991163218153010783e-01
9.990311434476546459e-01
9.989406044395274797e-01
9.988446110547197776e-01
9.987430836936206369e-01
9.986359574433364417e-01
9.985231825937918027e-01
9.984047251213110652e-01
9.982805671400861725e-01
9.981507073209715530e-01
9.980151612762722113e-01
9.978739619086431922e-01
9.977271597219125043e-01
9.975748230915755244e-01
9.974170384928655597e-01
9.972539106846594059e-01
9.970855628479926569e-01
9.969121366785922422e-01
9.967337924335540889e-01
9.965507089330402080e-01
9.963630835186202406e-01
9.961711319705741641e-01
9.959750883870832627e-01
9.957752050287117518e-01
9.955717521318915297e-01
9.953650176952338891e-01
9.951553072423711122e-01
9.949429435646586217e-01
9.947282664464264235e-01
9.945116323745567533e-01
9.942934142329737934e-01
9.940740009811955824e-01
9.938537973144275783e-01
9.936332233008243753e-01
9.934127139895488900e-01
9.931927189811944334e-01
9.929737019500483042e-01
9.927561401056682611e-01
9.925405235793650638e-01
9.923273547195289312e-01
9.921171472783664180e-01
9.919104254715924718e-01
9.917077228920042620e-01
9.915095812576730783e-01
9.913165489757722604e-01
9.911291795037840968e-01
9.909480294910177900e-01
9.907736566849606463e-01
9.906066175889677305e-01
9.904474648600950504e-01
9.902967444384660478e-01
9.901549924023668181e-01
9.900227315462639677e-01
9.899004676820751802e-01
9.897886856672986067e-01
9.896878451669832710e-01
9.895983761600180006e-01
9.895206742038092917e-01
9.894550954751117899e-01
9.894019516085517107e-01
9.893615043581988067e-01
9.893339601113542159e-01
9.893194642874215683e-01
9.893180956582228180e-01
9.893298606292556530e-01
9.893546875240116778e-01
9.893924209154156824e-01
9.894428160495406521e-01
9.895055334068512121e-01
9.895801334452115627e-01
9.896660715666878438e-01
9.897626933467482679e-01
9.898692300598657123e-01
9.899847945298327900e-01
9.901083773264773846e-01
9.902388433231104070e-01
9.903749286211920300e-01
9.905152378406361091e-01
9.906582417661619067e-01
9.908022753324253751e-01
9.909455359235734839e-01
9.910860819565908697e-01
9.912218317125368605e-01
9.913505623756451168e-01
9.914699092373762124e-01
9.915773650209236401e-01
9.916702792813913980e-01
9.917458578378562928e-01
9.918011621957569801e-01
9.918331089214376117e-01
9.918384689351450456e-01
9.918138666942529769e-01
9.917557792448926657e-01
9.916605351274512259e-01
9.915243131295142787e-01
9.913431408887560803e-01
9.911128933580146683e-01
9.908292911553477911e-01
9.904878988332536105e-01
9.900841231134854814e-01
9.896132111469772008e-01
9.890702488723029928e-01
9.884501595607300128e-01
9.877477026511620739e-01
9.869574729938858093e-01
9.860739006377551297e-01
9.850912513108965873e-01
9.840036277597559167e-01
9.828049721248413029e-01
9.814890695432882950e-01
9.800495531778277147e-01
9.784799108783241994e-01
9.767734936852447980e-01
9.749235263837884302e-01
9.729231203125773275e-01
9.707652886215647481e-01
9.684429641600069694e-01
9.659490201570111179e-01
9.632762938344155978e-01
9.604176130648482967e-01
9.573658261570600070e-01
9.541138348164733829e-01
9.506546302917704416e-01
9.469813326787714924e-01
9.430872333113322625e-01
9.389658401260303489e-01
9.346109258435094658e-01
9.300165787650175320e-01
9.251772559383839578e-01
9.200878384039246072e-01
9.147436881880299797e-01
9.091407066709894513e-01
9.032753939164479551e-01
8.971449085133352819e-01
8.907471274477150036e-01
8.840807054923658370e-01
8.771451335766328183e-01
8.699407955787766822e-01
8.624690229683009690e-01
8.547321467171085096e-01
8.467335458963434203e-01
8.384776923808410221e-01
8.299701910955640249e-01
8.212178152584697077e-01
8.122285361019401240e-01
8.030115465901520588e-01
7.935772786921914124e-01
7.839374138198519359e-01
7.741048860941791565e-01
7.640938781649970757e-01
7.539198093718365579e-01
7.435993161016181130e-01
7.331502242668430647e-01
7.225915138965159912e-01
7.119432758992660926e-01
7.012266611228372692e-01
6.904638218952051654e-01
6.796778462890886718e-01
6.688926854029016988e-01
6.581330739968074273e-01
6.474244448623753811e-01
6.367928373385935981e-01
6.262648004160099591e-01
6.158672908953242153e-01
6.056275670875610473e-01
5.955730785609791855e-01
5.857313524561456042e-01
5.761298769059501890e-01
5.667959821126862252e-01
5.577567196502950519e-01
5.490387405769288076e-01
5.406681729613234122e-01
5.326704994460383924e-01
5.250704354910498139e-01
5.178918089619046761e-01
5.111574417467974474e-01
5.048890341055618514e-01
4.991070524694766197e-01
4.938306214228558311e-01
4.890774206043335681e-01
4.848635872665388868e-01
4.812036252263857117e-01
4.781103209237645979e-01
4.755946672832994659e-01
4.736657960417818281e-01
4.723309191627874659e-01
4.715952799099702997e-01
4.714621140920929321e-01
4.719326219266193334e-01
4.730059508954146397e-01
4.746791898868845117e-01
4.769473748345832709e-01
4.798035059741925235e-01
4.832385767497783258e-01
4.872416143074639328e-01
4.917997314210760251e-01
4.968981896008337618e-01
5.025204730435126610e-01
5.086483729915534102e-01
5.152620819798464646e-01
5.223402973631465773e-01
5.298603334348026550e-01
5.377982413693729313e-01
5.461289361484642502e-01
5.548263295614235258e-01
5.638634683112275781e-01
5.732126762019174038e-01
5.828456993381033735e-01
5.927338532305247432e-01
6.028481706752810698e-01
6.131595492591975782e-01
6.236388973407060998e-01
6.342572773653569751e-01
6.449860453982494413e-01
6.557969857925116663e-01
6.666624399636573717e-01
6.775554283038531800e-01
6.884497643473047601e-01
6.993201603872414296e-01
7.101423238450979003e-01
7.208930438019216513e-01
7.315502672190922206e-01
7.420931644980377495e-01
7.525021841547263612e-01
7.627590965120086830e-01
7.728470264392072187e-01
7.827504752913763131e-01
7.924553323183637366e-01
8.019488759241385489e-01
8.112197652580737106e-01
8.202580227104161459e-01
8.290550079627870828e-01
8.376033843102206333e-01
8.458970780233319164e-01
8.539312315572928913e-01
8.617021514383821357e-01
8.692072516691737860e-01
8.764449934904884332e-01
8.834148223228449615e-01
8.901171026833378797e-01
8.965530518368475255e-01
9.027246728946566323e-01
9.086346880203789445e-01
9.142864723441793684e-01
9.196839891231626263e-01
9.248317266201072639e-01
9.297346371059314052e-01
9.343980783248075905e-01
9.388277576959862536e-01
9.430296794642532010e-01
9.470100949525032119e-01
9.507754560159046298e-01
9.543323717481371204e-01
9.576875684465887550e-01
9.608478528053817636e-01
9.638200782727089910e-01
9.666111144820600520e-01
9.692278196452698280e-01
9.716770157785591389e-01
9.739654666204315969e-01
9.760998580919476586e-01
9.780867811449962534e-01
9.799327168421889667e-01
9.816440235124047620e-01
9.832269258283219404e-01
9.846875056560430162e-01
9.860316945317848525e-01
9.872652676262202442e-01
9.883938390631964444e-01
9.894228584660084147e-01
9.903576086110490451e-01
9.912032040754078510e-01
9.919645907718033229e-01
9.926465462710758469e-01
9.932536808193378475e-01
9.937904389637501890e-01
9.942611017077371827e-01
9.946697891232187949e-01
9.950204633540546961e-01
9.953169319512592539e-01
9.955628514865471068e-01
9.957617313962979777e-01
9.959169380129440086e-01
9.960316987450190673e-01
9.961091063705624915e-01
9.961521234112351575e-01
9.961635865563810421e-01
9.961462111074335102e-01
9.961025954136182303e-01
9.960352252700275244e-01
9.959464782489899637e-01
9.958386279354807247e-01
9.957138480372911271e-01
9.955742163410274959e-01
9.954217184858972223e-01
9.952582515288094234e-01
9.950856272766410715e-01
9.949055753646451894e-01
9.947197460638582678e-01
9.945297128049402913e-01
9.943369744110132080e-01
9.941429570375956981e-01
9.939490158234761674e-01
9.937564362621125191e-01
9.935664353087051426e-01
9.933801622432530953e-01
9.931986993145074383e-01
9.930230621936371183e-01
9.928542002695006641e-01
9.926929968196167575e-01
9.925402690921959481e-01
9.923967683349580460e-01
9.922631798059442509e-01
9.921401228002272310e-01
9.920281507244154140e-01
9.919277512482761461e-01
9.918393465597894476e-01
9.917632937466396292e-01
9.916998853236876910e-01
9.916493499224743324e-01
9.916118531553886895e-01
9.915874986638884003e-01
9.915763293571412396e-01
9.915783288446939903e-01
9.915934230642935443e-01
9.916214821037477867e-01
9.916623222137015414e-01
9.917157080063671026e-01
9.917813548335384644e-01
9.918589313355824499e-01
9.919480621515137653e-01
9.920483307786850391e-01
9.921592825690629391e-01
9.922804278475307882e-01
9.924112451361751797e-01
9.925511844671405237e-01
9.926996707654073271e-01
9.928561072818288258e-01
9.930198790560008648e-01
9.931903563880711827e-01
9.933668982984542595e-01
9.935488559546060694e-01
9.937355760445257813e-01
9.939264040774612452e-01
9.941206875933538134e-01
9.943177792638285828e-01
9.945170398689441305e-01
9.947178411354227201e-01
9.949195684236192827e-01
9.951216232520316840e-01
9.953234256496500398e-01
9.955244163279003411e-01
9.957240586653197667e-01
9.959218404994403251e-01
9.961172757216449902e-01
9.963099056720293722e-01
9.964993003325663956e-01
9.966850593181458828e-01
9.968668126663755569e-01
9.970442214283704585e-01
9.972169780641475523e-01
9.973848066476506125e-01
9.975474628878554517e-01
9.977047339738002174e-01
9.978564382527290721e-01
9.980024247517670366e-01
9.981425725546234640e-01
9.982767900456878118e-01
9.984050140344866708e-01
9.985272087737768754e-01
9.986433648845058908e-01
9.987534982004789841e-01
9.988576485448169562e-01
9.989558784491963106e-01
9.990482718254998229e-01
9.991349325979156371e-01
9.992159833018372517e-01
9.992915636542283320e-01
9.993618290985665231e-01
9.994269493261974668e-01
9.994871067750328297e-01
9.995424951061286922e-01
9.995933176588371882e-01
9.996397858859928931e-01
9.996821177719311668e-01
9.997205362380090499e-01
9.997552675425682711e-01
9.997865396848117925e-01
