9.997967841528038191e-01
9.997672123042857795e-01
9.997344152482185997e-01
9.996981881747852849e-01
9.996583286965314841e-01
9.996146381555790494e-01
9.995669228771777437e-01
9.995149953586385250e-01
9.994586753863250461e-01
9.993977910768545581e-01
9.993321798417871271e-01
9.992616892777232973e-01
9.991861779857902359e-01
9.991055163259231486e-01
9.990195871121452242e-01
9.989282862552686382e-01
9.988315233591423814e-01
9.987292222758811233e-01
9.986213216245294344e-01
9.985077752764623948e-01
9.983885528096253514e-01
9.982636399325501841e-01
9.981330388780537133e-01
9.979967687656666753e-01
9.978548659312118652e-01
9.977073842215540278e-01
9.975543952523862057e-01
9.973959886269839759e-01
9.972322721141209101e-01
9.970633717837714682e-01
9.968894320997795377e-01
9.967106159693233103e-01
9.965271047496944146e-01
9.963390982136146601e-01
9.961468144749724418e-01
9.959504898774516057e-01
9.957503788489957541e-01
9.955467537253663846e-01
9.953399045461854833e-01
9.951301388267531634e-01
9.949177813086015343e-01
9.947031736911379207e-01
9.944866743458647962e-01
9.942686580135191576e-01
9.940495154830828461e-01
9.938296532499872882e-01
9.936094931490243587e-01
9.933894719555146358e-01
9.931700409462483892e-01
9.929516654096584016e-01
9.927348240926920919e-01
9.925200085699891206e-01
9.923077225193294160e-01
9.920984808859490967e-01
9.918928089173150164e-01
9.916912410493318175e-01
9.914943196247901769e-01
9.913025934251562532e-01
9.911166159975637324e-01
9.909369437600950015e-01
9.907641338700797773e-01
9.905987418421837720e-01
9.904413189054359634e-01
9.902924090910046884e-01
9.901525460454374539e-01
9.900222495671594514e-01
9.899020218672677229e-01
9.897923435590108010e-01
9.896936693838116472e-01
9.896064236852429863e-01
9.895309956460157652e-01
9.894677343067549424e-01
9.894169433891213394e-01
9.893788759496247032e-01
9.893537288942267915e-01
9.893416373874422964e-01
9.893426691930139460e-01
9.893568189862029794e-01
9.893840026801627996e-01
9.894240518105635873e-01
9.894767080234592171e-01
9.895416177111853173e-01
9.896183268397383825e-01
9.897062760085426625e-01
9.898047957797477814e-01
9.899131023092692105e-01
9.900302933057879562e-01
9.901553443370367802e-01
9.902871054951327690e-01
9.904242984247282333e-01
9.905655137096159857e-01
9.907092086054407609e-01
9.908537050985982697e-01
9.909971882645169927e-01
9.911377048925296140e-01
9.912731623396300318e-01
9.914013275717085127e-01
9.915198263484485963e-01
9.916261425069757829e-01
9.917176172995817440e-01
9.917914487423524772e-01
9.918446909342472084e-01
9.918742533100268766e-01
9.918768997953292255e-01
9.918492478380425137e-01
9.917877672968817837e-01
9.916887791756464621e-01
9.915484542000059243e-01
9.913628112428025663e-01
9.911277156137686672e-01
9.908388772402472178e-01
9.904918487769966973e-01
9.900820236954638309e-01
9.896046344160153163e-01
9.890547505604957434e-01
9.884272774170407283e-01
9.877169547241702041e-01
9.869183558966124759e-01
9.860258878307621710e-01
9.850337914427900188e-01
9.839361431067586983e-01
9.827268571731454516e-01
9.813996897593982860e-01
9.799482440129922978e-01
9.783659770533572608e-01
9.766462088015278598e-01
9.747821329049666250e-01
9.727668299594133261e-01
9.705932832195806048e-01
9.682543969759505043e-01
9.657430177558632423e-01
9.630519584836672031e-01
9.601740257071925688e-01
9.571020499665588988e-01
9.538289193467581750e-01
9.503476162180403142e-01
9.466512571283531852e-01
9.427331357704693549e-01
9.385867689034635974e-01
9.342059450643759311e-01
9.295847758616923029e-01
9.247177495981673268e-01
9.195997869269725289e-01
9.142262982026659879e-01
9.085932421475337861e-01
9.026971854149945518e-01
8.965353625955054806e-01
8.901057361773836440e-01
8.834070559457338767e-01
8.764389172778964676e-01
8.692018177741150931e-01
8.616972116480868804e-01
8.539275612942723859e-01
8.458963854478168676e-01
8.376083033591086302e-01
8.290690744186828276e-01
8.202856326895462402e-01
8.112661158330697342e-01
8.020198879512145940e-01
7.925575559116342372e-01
7.828909787725932823e-01
7.730332699808669661e-01
7.629987920768901422e-01
7.528031437062762121e-01
7.424631388041643687e-01
7.319967778873499586e-01
7.214232114574266053e-01
7.107626955848865835e-01
7.000365398080463653e-01
6.892670475407123298e-01
6.784774492377846355e-01
6.676918286179152062e-01
6.569350422865470884e-01
6.462326331411130109e-01
6.356107379731295026e-01
6.250959897098680162e-01
6.147154147619522391e-01
6.044963259635154351e-01
5.944662116093776261e-01
5.846526211101350512e-01
5.750830478019594016e-01
5.657848094641240166e-01
5.567849271144489354e-01
5.481100026713083828e-01
5.397860960908007488e-01
5.318386026088438578e-01
5.242921307400407738e-01
5.171703817073184384e-01
5.104960309977784050e-01
5.042906127597305277e-01
4.985744077723834877e-01
4.933663357318218701e-01
4.886838526035109931e-01
4.845428537915652534e-01
4.809575838672153214e-01
4.779405535827759843e-01
4.755024648721503100e-01
4.736521445043584411e-01
4.723964870126901028e-01
4.717404074690306759e-01
4.716868046112661084e-01
4.722365347620901543e-01
4.733883969008805259e-01
4.751391291676442252e-01
4.774834169904116354e-01
4.804139129360198712e-01
4.839212682901458118e-01
4.879941762767795455e-01
4.926194267311355679e-01
4.977819719442434510e-01
5.034650033030146909e-01
5.096500382572591858e-01
5.163170170556611316e-01
5.234444086068319457e-01
5.310093247398997018e-01
5.389876420623616049e-01
5.473541305418314629e-01
5.560825878735710104e-01
5.651459786381550776e-01
5.745165772040383700e-01
5.841661132891331487e-01
5.940659190646010446e-01
6.041870766637901236e-01
6.145005649504593492e-01
6.249774044038443055e-01
6.355887989942541338e-01
6.463062739522662525e-01
6.571018083772206531e-01
6.679479616866428326e-01
6.788179929769663223e-01
6.896859724468231700e-01
7.005268841262793922e-01
7.113167192573242037e-01
7.220325597812653484e-01
7.326526515055689082e-01
7.431564666442105338e-01
7.535247555497028848e-01
7.637395875794630307e-01
7.737843811619766754e-01
7.836439232471469341e-01
7.933043784383432273e-01
8.027532882091137356e-01
8.119795607036479623e-01
8.209734517054778635e-01
8.297265374324236387e-01
8.382316798765403476e-01
8.464829854552470279e-01
8.544757577736135090e-01
8.622064453179683063e-01
8.696725849078634774e-01
8.768727417275484770e-01
8.838064467402931834e-01
8.904741322601693598e-01
8.968770664174855467e-01
9.030172872073282120e-01
9.088975367570701902e-01
9.145211963898052243e-01
9.198922229980064369e-01
9.250150871768378913e-01
9.298947135009277831e-01
9.345364232634186807e-01
9.389458799329771788e-01
9.431290375242540325e-01
9.470920920209221494e-01
9.508414359386065939e-01
9.543836160682601655e-01
9.577252943991673151e-01
9.608732121849145047e-01
9.638341570853358187e-01
9.666149332924688364e-01
9.692223345286444802e-01
9.716631197896223870e-01
9.739439916947035814e-01
9.760715772985142369e-01
9.780524112151438576e-01
9.798929209039989319e-01
9.815994139676196273e-01
9.831780673143080129e-01
9.846349180423411562e-01
9.859758559073976691e-01
9.872066172403379802e-01
9.883327801883977637e-01
9.893597611590054797e-01
9.902928123517124037e-01
9.911370202700415799e-01
9.918973051113922912e-01
9.925784209394663549e-01
9.931849565499993870e-01
9.937213369468849145e-01
9.941918253520461990e-01
9.946005256786067950e-01
9.949513854029661264e-01
9.952481987772249239e-01
9.954946103289249448e-01
9.956941186001525557e-01
9.958500800826153299e-01
9.959657133092232328e-01
9.960441030659447081e-01
9.960882046902181930e-01
9.961008484240074790e-01
9.960847437907477397e-01
9.960424839660562135e-01
9.959765501123115650e-01
9.958893156472408137e-01
9.957830504166662600e-01
9.956599247417793341e-01
9.955220133118994896e-01
9.953712988948161255e-01
9.952096758386108633e-01
9.950389533414062404e-01
9.948608584687836931e-01
9.946770389026474701e-01
9.944890654099689531e-01
9.942984340250216047e-01
9.941065679442232517e-01
9.939148191383676556e-01
9.937244696926408327e-01
9.935367328901899553e-01
9.933527540599624839e-01
9.931736112138892514e-01
9.930003155021343009e-01
9.928338115179684564e-01
9.926749774857906994e-01
9.925246253669040009e-01
9.923835009178593181e-01
9.922522837355772785e-01
9.921315873220946102e-01
9.920219591997933017e-01
9.919238811054432725e-01
9.918377692884641217e-01
9.917639749356194079e-01
9.917027847410148089e-01
9.916544216368958775e-01
9.916190456974401934e-01
9.915967552245779082e-01
9.915875880219254812e-01
9.915915228601969167e-01
9.916084811349964445e-01
9.916383287156622650e-01
9.916808779818194752e-01
9.917358900424556589e-01
9.918030771306300952e-01
9.918821051653138321e-01
9.919725964703054455e-01
9.920741326386597336e-01
9.921862575295870013e-01
9.923084803833466250e-01
9.924402790382907957e-01
9.925811032329464600e-01
9.927303779749020451e-01
9.928875069573364076e-01
9.930518760033283376e-01
9.932228565176565160e-01
9.933998089256649289e-01
9.935820860789299491e-01
9.937690366079214854e-01
9.939600082025753514e-01
9.941543508026557951e-01
9.943514196809380978e-01
9.945505784035386654e-01
9.947512016531055989e-01
9.949526779020267941e-01
9.951544119242605735e-01
9.953558271358345921e-01
9.955563677554627455e-01
9.957555007781019318e-01
9.959527177556068978e-01
9.961475363799563443e-01
9.963395018658345315e-01
9.965281881306695677e-01
9.967131987715772690e-01
9.968941678400383699e-01
9.970707604165626181e-01
9.972426729890484509e-01
9.974096336400337659e-01
9.975714020495127787e-01
9.977277693214489096e-01
9.978785576434880955e-01
9.980236197906375839e-01
9.981628384847555102e-01
9.982961256225579838e-01
9.984234213854211726e-01
9.985446932445192214e-01
9.986599348747322580e-01
9.987691649902903368e-01
9.988724261142784000e-01
9.989697832929540500e-01
9.990613227643666550e-01
9.991471505891100779e-01
9.992273912492790622e-01
9.993021862199703564e-01
9.993716925160932574e-01
9.994360812159740481e-01
9.994955359623730606e-01
9.995502514411881423e-01
9.996004318383590048e-01
9.996462892763451347e-01
9.996880422329974536e-01
9.997259139476207812e-01
9.997601308213952542e-01
9.997909208219394328e-01
