9.997974644856846282e-01
9.997679845535230037e-01
9.997352875675601380e-01
9.996991687957349493e-01
9.996594258299175140e-01
9.996158598834505860e-01
9.995682770363272240e-01
9.995164894173483860e-01
9.994603163162131265e-01
9.993995852219357268e-01
9.993341327870639557e-01
9.992638057197620327e-01
9.991884616078174908e-01
9.991079696799850529e-01
9.990222115108107204e-01
9.989310816752137168e-01
9.988344883587417788e-01
9.987323539286498963e-01
9.986246154699094379e-01
9.985112252890566698e-01
9.983921513875432252e-01
9.982673779050726948e-01
9.981369055323567885e-01
9.980007518918868614e-01
9.978589518847044149e-01
9.977115580008021345e-01
9.975586405906832210e-01
9.974002880957363315e-01
9.972366072354224009e-01
9.970677231497760973e-01
9.968937794963603771e-01
9.967149385015400265e-01
9.965313809667049050e-01
9.963433062308389987e-01
9.961509320915531429e-01
9.959544946873304383e-01
9.957542483442426429e-01
9.955504653907267798e-01
9.953434359441574175e-01
9.951334676728492701e-01
9.949208855367767113e-01
9.947060315096798444e-01
9.944892642843207176e-01
9.942709589614885379e-01
9.940515067219134471e-01
9.938313144785898556e-01
9.936108045051545989e-01
9.933904140339657740e-01
9.931705948154525565e-01
9.929518126282163015e-01
9.927345467273329671e-01
9.925192892164182989e-01
9.923065443273459962e-01
9.920968275901184130e-01
9.918906648743632815e-01
9.916885912832983374e-01
9.914911498808283152e-01
9.912988902327261043e-01
9.911123667436108065e-01
9.909321367726590113e-01
9.907587585126429452e-01
9.905927886189340725e-01
9.904347795775064744e-01
9.902852768036481956e-01
9.901448154660038581e-01
9.900139170336711425e-01
9.898930855473225821e-01
9.897828036186868683e-01
9.896835281661956474e-01
9.895956858981548310e-01
9.895196685584423113e-01
9.894558279534417800e-01
9.894044707826855634e-01
9.893658532994513699e-01
9.893401758312774241e-01
9.893275771939484819e-01
9.893281290358325597e-01
9.893418301523866365e-01
9.893686008130382348e-01
9.894082771443242219e-01
9.894606056139669814e-01
9.895252376603594913e-01
9.896017245105882543e-01
9.896895122276054835e-01
9.897879370234357044e-01
9.898962208704328303e-01
9.900134674366970478e-01
9.901386583649731676e-01
9.902706499069190427e-01
9.904081699167813779e-01
9.905498152005451917e-01
9.906940492087933370e-01
9.908392000541091926e-01
9.909834588271229094e-01
9.911248781794512741e-01
9.912613711369919756e-01
9.913907101034196145e-01
9.915105260113800112e-01
9.916183075778061129e-01
9.917114006199911902e-01
9.917870073904888617e-01
9.918421858915154044e-01
9.918738491332151908e-01
9.918787643048304625e-01
9.918535518334117285e-01
9.917946843111457023e-01
9.916984852796018046e-01
9.915611278671876416e-01
9.913786332848378846e-01
9.911468691944552711e-01
9.908615479749071087e-01
9.905182249214802281e-01
9.901122964266537707e-01
9.896389982028638288e-01
9.890934036215921488e-01
9.884704222575408927e-01
9.877647987417222941e-01
9.869711120427890894e-01
9.860837753115708759e-01
9.850970364391771206e-01
9.840049794937505423e-01
9.828015272144600134e-01
9.814804447530774967e-01
9.800353448628872366e-01
9.784596947411715595e-01
9.767468247345729715e-01
9.748899391157942462e-01
9.728821291350009393e-01
9.707163885397054326e-01
9.683856317427124161e-01
9.658827147989236250e-01
9.632004593285760086e-01
9.603316794970913062e-01
9.572692121304982038e-01
9.540059500107870294e-01
9.505348783580578331e-01
9.468491144664279435e-01
9.429419504189017198e-01
9.388068987632995910e-01
9.344377409873853013e-01
9.298285785870292752e-01
9.249738864770833402e-01
9.198685684510885530e-01
9.145080143534907169e-01
9.088881585871764202e-01
9.030055395404020802e-01
8.968573594810818062e-01
8.904415444335187502e-01
8.837568035235700004e-01
8.768026872535462646e-01
8.695796441484516803e-01
8.620890752010693658e-01
8.543333855354408035e-01
8.463160327069808586e-01
8.380415710632415083e-01
8.295156916024974958e-01
8.207452567880670902e-01
8.117383298046492168e-01
8.025041977787724656e-01
7.930533885284319906e-01
7.833976804565343510e-01
7.735501052581885695e-01
7.635249431722070934e-01
7.533377105713222610e-01
7.430051397523449452e-01
7.325451508554561286e-01
7.219768159096806581e-01
7.113203150680029729e-01
7.005968851593112889e-01
6.898287607443185365e-01
6.790391079179000089e-01
6.682519511503396403e-01
6.574920935043848669e-01
6.467850306037580266e-01
6.361568587621260207e-01
6.256341777099151402e-01
6.152439883805690402e-01
6.050135862387315822e-01
5.949704506513184832e-01
5.851421308195994264e-01
5.755561288070740744e-01
5.662397802149347070e-01
5.572201330748942638e-01
5.485238255484286007e-01
5.401769630421775492e-01
5.322049953711902592e-01
5.246325946243681759e-01
5.174835344092023615e-01
5.107805711746817856e-01
5.045453283310534776e-01
4.987981839015968033e-01
4.935581624536063972e-01
4.888428320619899736e-01
4.846682070582456481e-01
4.810486573090713147e-01
4.779968247517010216e-01
4.755235478867855248e-01
4.736377948939554106e-01
4.723466059902104996e-01
4.716550455972420286e-01
4.715661648213447243e-01
4.720809746794110140e-01
4.731984304276991571e-01
4.749154272675762956e-01
4.772268076155175009e-01
4.801253800343925349e-01
4.836019498306417530e-01
4.876453612284339378e-01
4.922425509382537534e-01
4.973786128444791510e-01
5.030368734451688972e-01
5.091989775881178293e-01
5.158449839608936216e-01
5.229534697095502560e-01
5.305016434815783555e-01
5.384654661139143261e-01
5.468197781170880400e-01
5.555384330424584238e-01
5.645944357617298515e-01
5.739600846373331677e-01
5.836071165196731192e-01
5.935068534736365198e-01
6.036303501130679816e-01
6.139485404090682108e-01
6.244323828368234519e-01
6.350530027369978292e-01
6.457818307920050183e-01
6.565907365551384434e-01
6.674521560215970206e-01
6.783392122946795277e-01
6.892258284772975196e-01
7.000868320075809281e-01
7.108980497565614565e-01
7.216363933142064813e-01
7.322799340057444262e-01
7.428079673012907280e-01
7.532010664061931093e-01
7.634411249450541170e-01
7.735113887768678698e-01
7.833964770999135574e-01
7.930823931209289857e-01
8.025565246716568346e-01
8.118076352554173258e-01
8.208258460953220537e-01
8.296026098329383203e-01
8.381306765905951472e-01
8.464040531614798191e-01
8.544179561288209879e-01
8.621687597387477364e-01
8.696539393611052438e-01
8.768720113691140794e-01
8.838224702530659282e-01
8.905057237562897798e-01
8.969230267845812454e-01
9.030764147945569142e-01
9.089686373134509001e-01
9.146030921842663863e-01
9.199837610675102306e-01
9.251151466655420652e-01
9.300022120693529626e-01
9.346503225617563970e-01
9.390651901467925722e-01
9.432528210137354208e-01
9.472194660863693105e-01
9.509715747549197795e-01
9.545157518397439089e-01
9.578587177929418495e-01
9.610072721066551527e-01
9.639682598649621514e-01
9.667485413498370095e-01
9.693549645903573042e-01
9.717943407278494261e-01
9.740734220575312241e-01
9.761988825989498242e-01
9.781773010426046966e-01
9.800151459180808100e-01
9.817187628292775026e-01
9.832943636044435554e-01
9.847480172122899944e-01
9.860856423000774473e-01
9.873130012149652357e-01
9.884356953758171027e-01
9.894591618689068113e-01
9.903886711474338966e-01
9.912293257213636855e-01
9.919860597308036709e-01
9.926636393029063532e-01
9.932666635991148629e-01
9.937995664664392992e-01
9.942666186133275463e-01
9.946719302375115479e-01
9.950194540399019960e-01
9.953129885650570108e-01
9.955561818148496167e-01
9.957525350875767733e-01
9.959054069997695935e-01
9.960180176522712703e-01
9.960934529056751918e-01
9.961346687329308836e-01
9.961444956188328925e-01
9.961256429772908927e-01
9.960807035578382873e-01
9.960121578129460529e-01
9.959223781975509171e-01
9.958136333720047917e-01
9.956880922796146338e-01
9.955478280702833027e-01
9.953948218426399430e-01
9.952309661786209460e-01
9.950580684467925652e-01
9.948778538538290972e-01
9.946919682274493191e-01
9.945019805186769979e-01
9.943093850164038683e-01
9.941156032727261893e-01
9.939219857432076699e-01
9.937298131518920163e-01
9.935402975963386618e-01
9.933545834130075303e-01
9.931737478277891107e-01
9.929988014202464353e-01
9.928306884330881932e-01
9.926702869604707713e-01
9.925184090499029610e-01
9.923758007528226122e-01
9.922431421583556288e-01
9.921210474434615234e-01
9.920100649706897755e-01
9.919106774622574729e-01
9.918233022762313889e-01
9.917482918073959874e-01
9.916859340320398619e-01
9.916364532125154785e-01
9.916000107741314018e-01
9.915767063637848100e-01
9.915665790968157811e-01
9.915696089958702109e-01
9.915857186231176179e-01
9.916147749049610827e-01
9.916565911463677274e-01
9.917109292300984036e-01
9.917775019943773085e-01
9.918559757808760313e-01
9.919459731432516136e-01
9.920470757048679422e-01
9.921588271527288505e-01
9.922807363530837810e-01
9.924122805726641738e-01
9.925529087881095336e-01
9.927020450649094441e-01
9.928590919861639552e-01
9.930234341107069262e-01
9.931944414396808307e-01
9.933714728705254071e-01
9.935538796175441556e-01
9.937410085787433678e-01
9.939322056294588315e-01
9.941268188243586046e-01
9.943242014906839010e-01
9.945237151970044431e-01
9.947247325832626608e-01
9.949266400394206622e-01
9.951288402215463513e-01
9.953307543956643189e-01
9.955318246011348737e-01
9.957315156266894896e-01
9.959293167935791002e-01
9.961247435415614415e-01
9.963173388147218423e-01
9.965066742453765336e-01
9.966923511355946230e-01
9.968740012371969383e-01
9.970512873324518521e-01
9.972239036191054007e-01
9.973915759048227470e-01
9.975540616175794240e-01
9.977111496399748702e-01
9.978626599768155581e-01
9.980084432665856653e-01
9.981483801485167007e-01
9.982823804978541160e-01
9.984103825425256762e-01
9.985323518747022398e-01
9.986482803706754341e-01
9.987581850320361720e-01
9.988621067603220549e-01
9.989601090761496271e-01
9.990522767923939451e-01
9.991387146493233562e-01
9.992195459178279116e-01
9.992949109751309011e-01
9.993649658557709481e-01
9.994298807793248196e-01
9.994898386554389447e-01
9.995450335663468300e-01
9.995956692272511823e-01
9.996419574257680019e-01
9.996841164430534388e-01
9.997223694611854228e-01
9.997569429637441774e-01
9.997880651391596318e-01
