9.997974510577490870e-01
9.997679692822055708e-01
9.997352702743945718e-01
9.996991492952742586e-01
9.996594039307110657e-01
9.996158353891676507e-01
9.995682497470228522e-01
9.995164591308672852e-01
9.994602828297249886e-01
9.993995483335925689e-01
9.993340922977701490e-01
9.992637614350438069e-01
9.991884133397764822e-01
9.991079172493193550e-01
9.990221547488822296e-01
9.989310204261407922e-01
9.988344224814905692e-01
9.987322832990989108e-01
9.986245399828586056e-01
9.985111448601499129e-01
9.983920659550766796e-01
9.982672874316566025e-01
9.981368100064044180e-01
9.980006513289030323e-01
9.978588463283508680e-01
9.977114475237203184e-01
9.975585252950593951e-01
9.974001681136008823e-01
9.972364827286788191e-01
9.970675943099611693e-01
9.968936465441461392e-01
9.967148016859896931e-01
9.965312405643025340e-01
9.963431625443175399e-01
9.961507854485481817e-01
9.959543454388911643e-01
9.957540968632313527e-01
9.955503120701425512e-01
9.953432811954157078e-01
9.951333119240491909e-01
9.949207292309872885e-01
9.947058751032701318e-01
9.944891082453579667e-01
9.942708037682211897e-01
9.940513528613543759e-01
9.938311624452069726e-01
9.936106547996731431e-01
9.933902671622797387e-01
9.931704512876404767e-01
9.929516729576479683e-01
9.927344114298539690e-01
9.925191588095924056e-01
9.923064193297326252e-01
9.920967085205629754e-01
9.918905522512712070e-01
9.916884856238665780e-01
9.914910517002059054e-01
9.912988000430753566e-01
9.911122850530418305e-01
9.909320640840127981e-01
9.907586953220969272e-01
9.905927354144112851e-01
9.904347368368690008e-01
9.902852449926592415e-01
9.901447950360490191e-01
9.900139084192305372e-01
9.898930891631898543e-01
9.897828198569367242e-01
9.896835573929032570e-01
9.895957284498749784e-01
9.895197247384593942e-01
9.894558980278043148e-01
9.894045549760421832e-01
9.893659517907055223e-01
9.893402887490834186e-01
9.893277046120684259e-01
9.893282709683783871e-01
9.893419865489708753e-01
9.893687715538571625e-01
9.894084620351981663e-01
9.894608043813629683e-01
9.895254499464198883e-01
9.896019498681918325e-01
9.896897501154853227e-01
9.897881868013786999e-01
9.898964817945891115e-01
9.900137386550240670e-01
9.901389389128441021e-01
9.902709387029239307e-01
9.904084657587520768e-01
9.905501167618366853e-01
9.906943550348538130e-01
9.908395085593739715e-01
9.909837682922658653e-01
9.911251867490273870e-01
9.912616768175027682e-01
9.913910107618295608e-01
9.915108193741075659e-01
9.916185912302056815e-01
9.917116720063351432e-01
9.917872638144478170e-01
9.918424245171235665e-01
9.918740669862943227e-01
9.918789582748331890e-01
9.918537186756282154e-01
9.917948206492047669e-01
9.916985876081807483e-01
9.915611925548337702e-01
9.913786565767906955e-01
9.911468472153495135e-01
9.908614767312289295e-01
9.905181003036475085e-01
9.901121142105905326e-01
9.896387540509465897e-01
9.890930930828569778e-01
9.884700407670574673e-01
9.877643416190637904e-01
9.869705744895589383e-01
9.860831524079767263e-01
9.850963231396883124e-01
9.840041706219135875e-01
9.828006174569958731e-01
9.814794286534315182e-01
9.800342168144494659e-01
9.784584489804317720e-01
9.767454553345171764e-01
9.748884399798833922e-01
9.728804939921080752e-01
9.707146109404046763e-01
9.683837050573291805e-01
9.658806322177593273e-01
9.631982138647126046e-01
9.603292639921672258e-01
9.572666192638201732e-01
9.540031723121108476e-01
9.505319082243282036e-01
9.468459441827198342e-01
9.429385721837567624e-01
9.388033047185919688e-01
9.344339232527948402e-01
9.298245292991438316e-01
9.249695978330907398e-01
9.198640327569651554e-01
9.145032240765376130e-01
9.088831064127038672e-01
9.030002184323119296e-01
8.968517627460549368e-01
8.904356657884672233e-01
8.837506371659764604e-01
8.767962279342713661e-01
8.695728872465542381e-01
8.620820168001462891e-01
8.543260225009579045e-01
8.463083627640308748e-01
8.380335928741282636e-01
8.295074048435133740e-01
8.207366622247969090e-01
8.117294293650987314e-01
8.024949946236012988e-01
7.930438871175361504e-01
7.833878866112143902e-01
7.735400262181253428e-01
7.635145876464688453e-01
7.533270887826281070e-01
7.429942634738369023e-01
7.325340334392524966e-01
7.219654723065316304e-01
7.113087618374154264e-01
7.005851404695762064e-01
6.898168443619392409e-01
6.790270411860108712e-01
6.682397569557827488e-01
6.574797962332090684e-01
6.467726560850100004e-01
6.361444341998956364e-01
6.256217316037091525e-01
6.152315504341947516e-01
6.050011872579723615e-01
5.949581224307940452e-01
5.851299060193096979e-01
5.755440408192180612e-01
5.662278630217081332e-01
5.572084210980459140e-01
5.485123534914577714e-01
5.401657657261285106e-01
5.321941075650662434e-01
5.246220508712631236e-01
5.174733688492860750e-01
5.107708173662215412e-01
5.045360190706726922e-01
4.987893510449972201e-01
4.935498367379569373e-01
4.888350429311822953e-01
4.846609824921814802e-01
4.810420236580971176e-01
4.779908065772507930e-01
4.755181678092298414e-01
4.736330734485739713e-01
4.723425614921368254e-01
4.716516940161454841e-01
4.715635196665393103e-01
4.720790468960204267e-01
4.731972283044377781e-01
4.749149563566678056e-01
4.772270706652349537e-01
4.801263769346835186e-01
4.836036775722984959e-01
4.876478138762828651e-01
4.922457196188404493e-01
4.973824857487619822e-01
5.030414358467523162e-01
5.092042118775738091e-01
5.158508696967234464e-01
5.229599836863338957e-01
5.305087598158155782e-01
5.384731563479934202e-01
5.468280113417194332e-01
5.555471760377683754e-01
5.646036531570226558e-01
5.739697390893220286e-01
5.836171689087132908e-01
5.935172631172116464e-01
6.036410749954683741e-01
6.139595374258701721e-01
6.244436080524478072e-01
6.350644116532897510e-01
6.457933786254796971e-01
6.566023785202343976e-01
6.674638476170546841e-01
6.783509095899518115e-01
6.892374883957755882e-01
7.000984126033361621e-01
7.109095104813072385e-01
7.216476952712500559e-01
7.322910401878393039e-01
7.428188428095030549e-01
7.532116786471668712e-01
7.634514438043894513e-01
7.735213867666927978e-01
7.834061294791476726e-01
7.930916779871699518e-01
8.025654230240819587e-01
8.118161310285405552e-01
8.208339261639080453e-01
8.296102639888056629e-01
8.381378974924497127e-01
8.464108362592961399e-01
8.544242995646169625e-01
8.621746642258906190e-01
8.696594080445166908e-01
8.768770496689265448e-01
8.838270856944090426e-01
8.905099257879621755e-01
8.969268265893801662e-01
9.030798250940178518e-01
9.089716721696704527e-01
9.146057668013717334e-01
9.199860915951875162e-01
9.251171500068554598e-01
9.300039056948810057e-01
9.346517243318440693e-01
9.390663181434844020e-01
9.432536933836985771e-01
9.472201008958697210e-01
9.509719898576636243e-01
9.545159647581480389e-01
9.578587456131641975e-01
9.610071313874940513e-01
9.639679665605239700e-01
9.667481107456853406e-01
9.693544112526873979e-01
9.717936784650849091e-01
9.740726638936161308e-01
9.761980407575060470e-01
9.781763869410473600e-01
9.800141701707248965e-01
9.817177352584341987e-01
9.832932932584875774e-01
9.847469123896815946e-01
9.860845105783389020e-01
9.873118494836472525e-01
9.884345298725321083e-01
9.894579882175648100e-01
9.903874943978794310e-01
9.912281503896835932e-01
9.919848898396537162e-01
9.926624784212815245e-01
9.932655148810721757e-01
9.937984326883632091e-01
9.942655022094085693e-01
9.946708333331873986e-01
9.950183784830848310e-01
9.953119359550413048e-01
9.955551535288570397e-01
9.957515323049531686e-01
9.959044307238964500e-01
9.960170687302963843e-01
9.960925320461977428e-01
9.961337765218002405e-01
9.961436325332343467e-01
9.961248093982981722e-01
9.960798997816115996e-01
9.960113840607459634e-01
9.959216346247253826e-01
9.958129200760895694e-01
9.956874093076677479e-01
9.955471754255499350e-01
9.953941994906242430e-01
9.952303740526202702e-01
9.950575064529282310e-01
9.948773218755924130e-01
9.946914661297685534e-01
9.945015081514996247e-01
9.943089422177820991e-01
9.941151898713921353e-01
9.939216015606235910e-01
9.937294580037652203e-01
9.935399712935969463e-01
9.933542857622363886e-01
9.931734786311441354e-01
9.929985604748626793e-01
9.928304755300172424e-01
9.926701018831869394e-01
9.925182515724290111e-01
9.923756706375301828e-01
9.922430391535053129e-01
9.921209712805473258e-01
9.920100153616578931e-01
9.919106540966681207e-01
9.918233048184316170e-01
9.917483198937693256e-01
9.916859872683920774e-01
9.916365311716548447e-01
9.916001129936922176e-01
9.915768323443396870e-01
9.915667283003154475e-01
9.915697808444429162e-01
9.915859124982553396e-01
9.916149901471128514e-01
9.916568270549558362e-01
9.917111850639667159e-01
9.917777769726762171e-01
9.918562690843798491e-01
9.919462839161014012e-01
9.920474030567240087e-01
9.921591701613092784e-01
9.922810940670609980e-01
9.924126520148814912e-01
9.925532929590761277e-01
9.927024409465239341e-01
9.928594985456133948e-01
9.930238503044840348e-01
9.931948662176622866e-01
9.933719051800526945e-01
9.935543184074511203e-01
9.937414528032806338e-01
9.939326542520682262e-01
9.941272708212604003e-01
9.943246558542470082e-01
9.945241709388773499e-01
9.947251887372535739e-01
9.949270956641211860e-01
9.951292944027012588e-01
9.953312062482967404e-01
9.955322732714376732e-01
9.957319602937009240e-01
9.959297566706563076e-01
9.961251778776721855e-01
9.963177668955669475e-01
9.965070953943583332e-01
9.966927647146428537e-01
9.968744066474595211e-01
9.970516840148588855e-01
9.972242910548102524e-01
9.973919536155255727e-01
9.975544291657364449e-01
9.977115066288978484e-01
9.978630060506705757e-01
9.980087781102966460e-01
9.981487034875856645e-01
9.982826920981116015e-01
9.984106822098238743e-01
9.985326394545671613e-01
9.986485557479316544e-01
9.987584481304164763e-01
9.988623575420719769e-01
9.989603475416296563e-01
9.990525029796782919e-01
9.991389286337847286e-01
9.992197478116917608e-01
9.992951009269732676e-01
9.993651440499266014e-01
9.994300474351681673e-01
9.994899940264933003e-01
9.995451779391779645e-01
9.995958029201014172e-01
9.996420807868925396e-01
9.996842298487256251e-01
9.997224733133528440e-01
9.997570376873264886e-01
9.997881511789956654e-01
