9.997967322196773532e-01
9.997671569130939240e-01
9.997343569340293445e-01
9.996981276757477275e-01
9.996582669777941410e-01
9.996145764317606597e-01
9.995668626326251749e-01
9.995149383647036201e-01
9.994586237149152286e-01
9.993977471095676357e-01
9.993321462740264449e-01
9.992616691173078491e-01
9.991861745457144561e-01
9.991055332110848619e-01
9.990196282000417538e-01
9.989283556708428158e-01
9.988316254441496067e-01
9.987293615533249236e-01
9.986215027588727366e-01
9.985080030304589460e-01
9.983888319987226367e-01
9.982639753778858038e-01
9.981334353591007069e-01
9.979972309735790637e-01
9.978553984238774932e-01
9.977079913812822998e-01
9.975550812470508344e-01
9.973967573753017568e-01
9.972331272555969850e-01
9.970643166536717894e-01
9.968904697093231571e-01
9.967117489911149208e-01
9.965283355082619199e-01
9.963404286807653332e-01
9.961482462695585571e-01
9.959520242690280689e-01
9.957520167647709863e-01
9.955484957597929840e-01
9.953417509725014378e-01
9.951320896097787250e-01
9.949198361181083028e-01
9.947053319151387685e-01
9.944889351032228930e-01
9.942710201653355284e-01
9.940519776423962783e-01
9.938322137893998987e-01
9.936121502059535038e-01
9.933922234348614433e-01
9.931728845203593448e-01
9.929545985155483478e-01
9.927378439265758248e-01
9.925231120792502582e-01
9.923109063921213835e-01
9.921017415386859106e-01
9.918961424803570681e-01
9.916946433512094927e-01
9.914977861753317967e-01
9.913061193978972563e-01
9.911201962118139086e-01
9.909405726630234890e-01
9.907678055191567745e-01
9.906024498882839424e-01
9.904450565768696535e-01
9.902961691787057763e-01
9.901563208894911261e-01
9.900260310448186774e-01
9.899058013825714486e-01
9.897961120340944552e-01
9.896974172519797941e-01
9.896101408858746229e-01
9.895346716213747618e-01
9.894713580008025477e-01
9.894205032484598705e-01
9.893823599267513869e-01
9.893571244533353459e-01
9.893449315130857791e-01
9.893458484020180022e-01
9.893598693433078850e-01
9.893869098179540744e-01
9.894268009543251141e-01
9.894792840216428687e-01
9.895440050722261738e-01
9.896205097759437352e-01
9.897082384877449179e-01
9.898065215853220078e-01
9.899145751089786227e-01
9.900314967297254576e-01
9.901562620646855439e-01
9.902877213512755183e-01
9.904245964835972638e-01
9.905654784063129270e-01
9.907088248532692765e-01
9.908529584105645327e-01
9.909960648768739722e-01
9.911361918878913713e-01
9.912712477668699229e-01
9.913990005596051702e-01
9.915170772098622631e-01
9.916229628302458687e-01
9.917140000238412467e-01
9.917873882135729291e-01
9.918401829390667279e-01
9.918692950847769474e-01
9.918714900081696539e-01
9.918433865427387364e-01
9.917814558574958861e-01
9.916820201622638109e-01
9.915412512565483505e-01
9.913551689289676894e-01
9.911196392241437003e-01
9.908303726046365778e-01
9.904829220469334450e-01
9.900726811226975288e-01
9.895948821294477948e-01
9.890445943485229874e-01
9.884167225225335418e-01
9.877060056593578441e-01
9.869070162849165051e-01
9.860141602821647089e-01
9.850216774686260113e-01
9.839236430789178867e-01
9.827139703316079000e-01
9.813864142708335070e-01
9.799345770818961299e-01
9.783519150859252278e-01
9.766317476212208470e-01
9.747672680175687443e-01
9.727515568643460009e-01
9.705775977633597229e-01
9.682382957429711556e-01
9.657264984911834160e-01
9.630350205421354115e-01
9.601566705231149301e-01
9.570842815381045421e-01
9.538107447294360552e-01
9.503290460218020153e-01
9.466323060131552891e-01
9.427138229354206089e-01
9.385671185649492321e-01
9.341859869187613130e-01
9.295645455283287895e-01
9.246972890384405064e-01
9.195791448350335573e-01
9.142055303632758978e-01
9.085724117561475577e-01
9.026763633548309240e-01
8.965146276659503588e-01
8.900851752676797179e-01
8.833867641475855459e-01
8.764189979304137790e-01
8.691823824344734328e-01
8.616783799814417000e-01
8.539094608768593719e-01
8.458791514778087883e-01
8.375920782706913759e-01
8.290540073959252743e-01
8.202718790779676139e-01
8.112538364482887454e-01
8.020092482856604477e-01
7.925487252419577411e-01
7.828841291720763929e-01
7.730285752427503709e-01
7.629964265560691405e-01
7.528032810882263615e-01
7.424659508112169126e-01
7.320024329335368396e-01
7.214318732640252474e-01
7.107745217695418116e-01
7.000516804608957200e-01
6.892856438013291731e-01
6.784996318869467302e-01
6.677177166982366519e-01
6.569647417658552868e-01
6.462662356321140500e-01
6.356483195223705529e-01
6.251376096682943473e-01
6.147611147484147720e-01
6.045461289314577602e-01
5.945201210256126911e-01
5.847106202530865104e-01
5.751450991850715067e-01
5.658508543883160602e-01
5.568548853515760122e-01
5.481837722786651046e-01
5.398635533547671006e-01
5.319196021139995789e-01
5.243765055584628243e-01
5.172579437014699355e-01
5.105865712294516134e-01
5.043839019970250970e-01
4.986701970867215561e-01
4.934643571775648718e-01
4.887838199739237277e-01
4.846444634465256751e-01
4.810605156302923957e-01
4.780444717078612404e-01
4.756070190826904298e-01
4.737569711111848658e-01
4.725012101192941349e-01
4.718446402756848457e-01
4.717901508314148451e-01
4.723385901657192187e-01
4.734887509999290423e-01
4.752373670578109444e-01
4.775791213617777142e-01
4.805066662617654139e-01
4.840106551982594763e-01
4.880797861041454855e-01
4.927008562528973901e-01
4.978588282641045470e-01
5.035369068824260275e-01
5.097166260535765936e-01
5.163779457317090316e-01
5.234993577672218956e-01
5.310580001432682051e-01
5.390297787537856600e-01
5.473894958462580673e-01
5.561109841894330552e-01
5.651672459705627816e-01
5.745305953790857956e-01
5.841728037949518448e-01
5.940652464706758229e-01
6.041790495776131475e-01
6.144852364795281296e-01
6.249548721010367291e-01
6.355592042754121263e-01
6.462698009859940695e-01
6.570586824581214902e-01
6.678984471140938517e-01
6.787623904717560164e-01
6.896246161472544545e-01
7.004601382133877063e-01
7.112449742655461149e-01
7.219562286560171627e-01
7.325721654727215260e-01
7.430722709583320595e-01
7.534373051882273797e-01
7.636493429487020146e-01
7.736918038782526486e-01
7.835494720524310841e-01
7.932085053048212320e-01
8.026564346812533612e-01
8.118821545198344758e-01
8.208759037342910903e-01
8.296292389513713061e-01
8.381350002137172295e-01
8.463872700071298771e-01
8.543813264051782763e-01
8.621135911446602407e-01
8.695815734527718721e-01
8.767838104415190958e-01
8.837198048677232798e-01
8.903899610289063293e-01
8.967955195276325897e-01
9.029384915908481579e-01
9.088215935778702903e-01
9.144481822524724857e-01
9.198221913325117516e-01
9.249480697663049478e-01
9.298307221199266781e-01
9.344754513951429864e-01
9.388879045350390085e-01
9.430740208146206616e-01
9.470399832576580357e-01
9.507921731694979339e-01
9.543371278290266879e-01
9.576815013417266931e-01
9.608320286200000560e-01
9.637954924266145529e-01
9.665786933921057811e-01
9.691884228969689374e-01
9.716314386941249381e-01
9.739144431360061693e-01
9.760440638631848742e-01
9.780268368072475571e-01
9.798691913590930058e-01
9.815774375544920050e-01
9.831577551311341256e-01
9.846161843150762483e-01
9.859586181991494280e-01
9.871907965811550500e-01
9.883183011353759984e-01
9.893465517968498268e-01
9.902808042438976388e-01
9.911261483704982833e-01
9.918875076462143614e-01
9.925696392675016355e-01
9.931771350103778540e-01
9.937144227005777486e-01
9.941857682234774840e-01
9.945952780021870554e-01
9.949469018782425289e-01
9.952444363351720114e-01
9.954915280107942133e-01
9.956916774492886590e-01
9.958482430487635151e-01
9.959644451641341822e-01
9.960433703285307416e-01
9.960879755591512952e-01
9.961010927154563266e-01
9.960854328789356948e-01
9.960435907244447051e-01
9.959780488534708542e-01
9.958911820598174147e-01
9.957852614982732886e-01
9.956624587270905824e-01
9.955248495956925403e-01
9.953744179501526901e-01
9.952130591307566387e-01
9.950425832384389713e-01
9.948647181501264480e-01
9.946811122669656502e-01
9.944933369839946691e-01
9.943028888749079197e-01
9.941111915909951469e-01
9.939195974789281074e-01
9.937293889276227477e-01
9.935417794597336538e-01
9.933579145882531769e-01
9.931788724630310483e-01
9.930056643356810486e-01
9.928392348741865714e-01
9.926804623605172129e-01
9.925301588056777424e-01
9.923890700168684909e-01
9.922578756508575459e-01
9.921371892863531938e-01
9.920275585461935108e-01
9.919294652976632376e-01
9.918433259563361748e-01
9.917694919156381239e-01
9.917082501209739664e-01
9.916598238038722979e-01
9.916243733882745826e-01
9.916019975779234441e-01
9.915927346308407442e-01
9.915965638241724944e-01
9.916134071102259417e-01
9.916431309623223722e-01
9.916855484071167570e-01
9.917404212382475714e-01
9.918074624045328802e-01
9.918863385643782449e-01
9.919766727965694253e-01
9.920780474561584628e-01
9.921900071627066664e-01
9.923120619067309356e-01
9.924436902588211762e-01
9.925843426646053791e-01
9.927334448075718631e-01
9.928904010207635356e-01
9.930545977275930802e-01
9.932254068915207235e-01
9.934021894541246178e-01
9.935842987411859228e-01
9.937710838168124505e-01
9.939618927663028680e-01
9.941560758893938088e-01
9.943529887866733308e-01
9.945519953232536681e-01
9.947524704552054287e-01
9.949538029057325428e-01
9.951553976795645129e-01
9.953566784055221106e-01
9.955570894986693897e-01
9.957560981348745344e-01
9.959531960319771837e-01
9.961479010331006911e-01
9.963397584889768233e-01
9.965283424374780097e-01
9.967132565798968447e-01
9.968941350548886637e-01
9.970706430123996711e-01
9.972424769913489362e-01
9.974093651062926336e-01
9.975710670497661692e-01
9.977273739184325807e-01
9.978781078725297293e-01
9.980231216393568028e-01
9.981622978726176765e-01
9.982955483802971042e-01
9.984228132343276885e-01
9.985440597755692593e-01
9.986592815275376900e-01
9.987684970318614353e-01
9.988717486176234006e-01
9.989691011155849010e-01
9.990606405268430690e-01
9.991464726538253904e-01
9.992267216997671175e-01
9.993015288410908026e-01
9.993710507755219075e-01
9.994354582474819226e-01
9.994949345514148042e-01
9.995496740133353875e-01
9.995998804510964897e-01
9.996457656147031967e-01
9.996875476094202462e-01
9.997254493063633118e-01
9.997596967476161112e-01
9.997905175555106272e-01
