9.997978142015462311e-01
9.997683760079787429e-01
9.997357237128338125e-01
9.996996525405184020e-01
9.996599600108715400e-01
9.996164472372023324e-01
9.995689201724885509e-01
9.995171907930319177e-01
9.994610782124564441e-01
9.994004097223628813e-01
9.993350217590275530e-01
9.992647607981161029e-01
9.991894841813779848e-01
9.991090608806472151e-01
9.990233722052126453e-01
9.989323124587650149e-01
9.988357895517807616e-01
9.987337255744495046e-01
9.986260573342287117e-01
9.985127368609177934e-01
9.983937318809213979e-01
9.982690262611961796e-01
9.981386204223426928e-01
9.980025317194687329e-01
9.978607947888481489e-01
9.977134618580490999e-01
9.975606030171030314e-01
9.974023064484148771e-01
9.972386786134536107e-01
9.970698443947605405e-01
9.968959471924513371e-01
9.967171489751023294e-01
9.965336302856773187e-01
9.963455902039085599e-01
9.961532462672634258e-01
9.959568343532555490e-01
9.957566085263619415e-01
9.955528408531423290e-01
9.953458211892924901e-01
9.951358569422680267e-01
9.949232728127641590e-01
9.947084105177157465e-01
9.944916284965871212e-01
9.942733016015428138e-01
9.940538207706673957e-01
9.938335926817343235e-01
9.936130393821753781e-01
9.933925978889054376e-01
9.931727197495793247e-01
9.929538705547715782e-01
9.927365293885387354e-01
9.925211882029355559e-01
9.923083511003796264e-01
9.920985335063711164e-01
9.918922612140345096e-01
9.916900692813176432e-01
9.914925007614944219e-01
9.913001052478941366e-01
9.911134372145327109e-01
9.909330541355311217e-01
9.907595143678512573e-01
9.905933747839172909e-01
9.904351881430688564e-01
9.902855001934623980e-01
9.901448464989447418e-01
9.900137489885136866e-01
9.898927122292325853e-01
9.897822194268262042e-01
9.896827281616651373e-01
9.895946658714070976e-01
9.895184250952182570e-01
9.894543584982269380e-01
9.894027736986436006e-01
9.893639279237794737e-01
9.893380225249470694e-01
9.893251973848445902e-01
9.893255252543876610e-01
9.893390060589286605e-01
9.893655612162237656e-01
9.894050280102200112e-01
9.894571540655611175e-01
9.895215919675249827e-01
9.895978940707880200e-01
9.896855075378948596e-01
9.897837696445923594e-01
9.898919033843067705e-01
9.900090133981142015e-01
9.901340822497388672e-01
9.902659670576411388e-01
9.904033964883576235e-01
9.905449681072345802e-01
9.906891460748058487e-01
9.908342591696078783e-01
9.909784991114323205e-01
9.911199191531140373e-01
9.912564329041122502e-01
9.913858133454923616e-01
9.915056919935243407e-01
9.916135581680266542e-01
9.917067583217761273e-01
9.917824953887375283e-01
9.918378281114775818e-01
9.918696703118257130e-01
9.918747900735465084e-01
9.918498088114052758e-01
9.917912002074813493e-01
9.916952890028342127e-01
9.915582496406483148e-01
9.913761047657441150e-01
9.911447235948613876e-01
9.908598201824243557e-01
9.905169516176192124e-01
9.901115162005745818e-01
9.896387516582645372e-01
9.890937334744109855e-01
9.884713734220975656e-01
9.877664184028743799e-01
9.869734497116341432e-01
9.860868828621871529e-01
9.851009681238713789e-01
9.840097919342757349e-01
9.828072793666881024e-01
9.814871978426684684e-01
9.800431622895979800e-01
9.784686419495958187e-01
9.767569690493116408e-01
9.749013495393136219e-01
9.728948761067641726e-01
9.707305436555377920e-01
9.684012674337939552e-01
9.658999039702823586e-01
9.632192749574730595e-01
9.603521941922326111e-01
9.572914976535757958e-01
9.540300767624231293e-01
9.505609148307938572e-01
9.468771266679575360e-01
9.429720012692797138e-01
9.388390474703588451e-01
9.344720424050561025e-01
9.298650825616723292e-01
9.250126371873087505e-01
9.199096037468402765e-01
9.145513651004147926e-01
9.089338480224695704e-01
9.030535826464317628e-01
8.969077623831007706e-01
8.904943038277343126e-01
8.838119061416946920e-01
8.768601093697285798e-01
8.696393511341784510e-01
8.621510211332357176e-01
8.543975128623046977e-01
8.463822719761748825e-01
8.381098407153864116e-01
8.295858978332908418e-01
8.208172934810071819e-01
8.118120785358038383e-01
8.025795278942668975e-01
7.931301572946026779e-01
7.834757332820021514e-01
7.736292759864976665e-01
7.636050544431380871e-01
7.534185742485670634e-01
7.430865574149303487e-01
7.326269143501435988e-01
7.220587079615460313e-01
7.114021099465058784e-01
7.006783493974118038e-01
6.899096539085264324e-01
6.791191834275711603e-01
6.683309571449806974e-01
6.575697737581869262e-01
6.468611254869884863e-01
6.362311062493217761e-01
6.257063144349902517e-01
6.153137507389572214e-01
6.050807115364537081e-01
5.950346783004073492e-01
5.852032035786066677e-01
5.756137940643997197e-01
5.662937913115362321e-01
5.572702506614826135e-01
5.485698189706811334e-01
5.402186117457866699e-01
5.322420903167891515e-01
5.246649397006423188e-01
5.175109478308139721e-01
5.108028868501671704e-01
5.045623971845740741e-01
4.988098751314873347e-01
4.935643647100697029e-01
4.888434545260859077e-01
4.846631804045832270e-01
4.810379345352787661e-01
4.779803818588973519e-01
4.755013843968246556e-01
4.736099341911654825e-01
4.723130954776443291e-01
4.716159566600501840e-01
4.715215925926767859e-01
4.720310376072230918e-01
4.731432696438813146e-01
4.748552057638394386e-01
4.771617092334607957e-01
4.800556082799761759e-01
4.835277265259217971e-01
4.875669250157573797e-01
4.921601556541730371e-01
4.972925257823398448e-01
5.029473735266802858e-01
5.091063534651587563e-01
5.157495320693834540e-01
5.228554922973989161e-01
5.304014466325457366e-01
5.383633577886737243e-01
5.467160662319259234e-01
5.554334236048938944e-01
5.644884310809310524e-01
5.738533816255690923e-01
5.835000050992480425e-01
5.933996151017914000e-01
6.035232564353112394e-01
6.138418520492736619e-01
6.243263483303382877e-01
6.349478576108780192e-01
6.456777967944468122e-01
6.564880210342094458e-01
6.673509514514850416e-01
6.782396959459628949e-01
6.891281622261347106e-01
6.999911622773216102e-01
7.108045075840401239e-01
7.215450945319382692e-01
7.321909795303958024e-01
7.427214435181483942e-01
7.531170456388927015e-01
7.633596659995647293e-01
7.734325375486319487e-01
7.833202672331165406e-01
7.930088467091009896e-01
8.024856529891715162e-01
8.117394395099356563e-01
8.207603181918209367e-01
8.295397331406365593e-01
8.380704267048347811e-01
8.463463986534176531e-01
8.543628592766182583e-01
8.621161772348014951e-01
8.696038229907250283e-01
8.768243086568966449e-01
8.837771250740562579e-01
8.904626769098081818e-01
8.968822165293486304e-01
9.030377773444471234e-01
9.089321072938274515e-01
9.145686030494194485e-01
9.199512454801934691e-01
9.250845368400043567e-01
9.299734400795852673e-01
9.346233206169014540e-01
9.390398908358325025e-01
9.432291575216528168e-01
9.471973723839958170e-01
9.509509857646554210e-01
9.544966035792386005e-01
9.578409474987130690e-01
9.609908183394688663e-01
9.639530625986378887e-01
9.667345420449732218e-01
9.693421062543023936e-01
9.717825679620897272e-01
9.740626810935252289e-01
9.761891213233147013e-01
9.781684690124616832e-01
9.800071943672873376e-01
9.817116446662167428e-01
9.832880334020093205e-01
9.847424311906827210e-01
9.860807583030265500e-01
9.873087786799993326e-01
9.884320952992171616e-01
9.894561467659963583e-01
9.903862050088776403e-01
9.912273739661571215e-01
9.919845891566483331e-01
9.926626180346610484e-01
9.932660610360042330e-01
9.937993532286840681e-01
9.942667664888262813e-01
9.946724121291689036e-01
9.950202439141506705e-01
9.953140614020691279e-01
9.955575135608754067e-01
9.957541026097928016e-01
9.959071880439588353e-01
9.960199908035998195e-01
9.960955975527768791e-01
9.961369650354566785e-01
9.961469244785750021e-01
9.961281860129398424e-01
9.960833430833885282e-01
9.960148768197168989e-01
9.959251603397426544e-01
9.958164629556628400e-01
9.956909542548239012e-01
9.955507080263615860e-01
9.953977060060517079e-01
9.952338414132788635e-01
9.950609222563681078e-01
9.948806743856534185e-01
9.946947442775512238e-01
9.945047015374831600e-01
9.943120411146172399e-01
9.941181852269029839e-01
9.939244850005747312e-01
9.937322218339779134e-01
9.935426085010434782e-01
9.933567900147927121e-01
9.931758442757377958e-01
9.930007825338188487e-01
9.928325496954683027e-01
9.926720245094764472e-01
9.925200196664966112e-01
9.923772818473184376e-01
9.922444917544697152e-01
9.921222641603850700e-01
9.920111480033925178e-01
9.919116265602396787e-01
9.918241177209452530e-01
9.917489743885493647e-01
9.916864850229794026e-01
9.916368743448705780e-01
9.916003042118727295e-01
9.915768746768325315e-01
9.915666252343096065e-01
9.915695362591937512e-01
9.915855306387550971e-01
9.916144755972539082e-01
9.916561847102293159e-01
9.917104201037464373e-01
9.917768948321398215e-01
9.918552754261324989e-01
9.919451846015759910e-01
9.920462041174443746e-01
9.921578777701188789e-01
9.922797145094255367e-01
9.924111916603902683e-01
9.925517582332699096e-01
9.927008383031842298e-01
9.928578344396487010e-01
9.930221311655477168e-01
9.931930984246294392e-01
9.933700950364766635e-01
9.935524721181089314e-01
9.937395764519041386e-01
9.939307537803450110e-01
9.941253520091738460e-01
9.943227243018145645e-01
9.945222320493330992e-01
9.947232477017158292e-01
9.949251574477779858e-01
9.951273637325465105e-01
9.953292876024488756e-01
9.955303708700767862e-01
9.957300780916644722e-01
9.959278983517395600e-01
9.961233468506823785e-01
9.963159662921848847e-01
9.965053280688579429e-01
9.966910332455132249e-01
9.968727133409621688e-01
9.970500309105309045e-01
9.972226799328973712e-01
9.973903860062937055e-01
9.975529063605649283e-01
9.977100296930104806e-01
9.978615758373058364e-01
9.980073952760634137e-01
9.981473685086976744e-01
9.982814052871441524e-01
9.984094437325974347e-01
9.985314493467331021e-01
9.986474139308255671e-01
9.987573544257487557e-01
9.988613116850546536e-01
9.989593491921852086e-01
9.990515517314484395e-01
9.991380240207431429e-01
9.992188893122716520e-01
9.992942879657351618e-01
9.993643759969131901e-01
9.994293236032123495e-01
9.994893136668557831e-01
9.995445402359864895e-01
9.995952069841355092e-01
9.996415256493023094e-01
9.996837144552894738e-01
9.997219965198537173e-01
9.997565982565799203e-01
9.997877477799742563e-01
