9.997968209382815941e-01
9.997672529596250968e-01
9.997344598427205797e-01
9.996982367105431422e-01
9.996583810964247974e-01
9.996146942512929012e-01
9.995669823975612545e-01
9.995150579187386253e-01
9.994587404774430972e-01
9.993978580579704341e-01
9.993322479326822716e-01
9.992617575541046238e-01
9.991862453766764407e-01
9.991055816134990497e-01
9.990196489342273445e-01
9.989283431104490907e-01
9.988315736146020640e-01
9.987292641777817392e-01
9.986213533108105889e-01
9.985077947918001851e-01
9.983885581222373684e-01
9.982636289524771112e-01
9.981330094765045180e-01
9.979967187949874141e-01
9.978547932450259061e-01
9.977072866946270491e-01
9.975542707997903102e-01
9.973958352221706791e-01
9.972320878055623838e-01
9.970631547098852687e-01
9.968891805019212127e-01
9.967103282026986699e-01
9.965267792921170820e-01
9.963387336721034604e-01
9.961464095902503590e-01
9.959500435264662110e-01
9.957498900456359658e-01
9.955462216195912761e-01
9.953393284218129411e-01
9.951295180981820643e-01
9.949171155167509939e-01
9.947024624988918262e-01
9.944859175333038426e-01
9.942678554732103935e-01
9.940486672156759740e-01
9.938287593603418735e-01
9.936085538430633468e-01
9.933884875379663804e-01
9.931690118194049788e-01
9.929505920732420998e-01
9.927337071448848471e-01
9.925188487096480161e-01
9.923065205493719620e-01
9.920972377178670643e-01
9.918915255767425387e-01
9.916899186825727242e-01
9.914929595061885426e-01
9.913011969651787103e-01
9.911151847514565461e-01
9.909354794369684694e-01
9.907626383422811767e-01
9.905972171548196314e-01
9.904397672859164281e-01
9.902908329584965141e-01
9.901509480201236002e-01
9.900206324792211188e-01
9.899003887655167810e-01
9.897906977191163191e-01
9.896920143160712335e-01
9.896047631418608548e-01
9.895293336278462304e-01
9.894660750694737050e-01
9.894152914487726047e-01
9.893772360874838467e-01
9.893521061608929745e-01
9.893400371060533383e-01
9.893410969614412354e-01
9.893552806780501196e-01
9.893825044443519401e-01
9.894226000692529777e-01
9.894753094679979988e-01
9.895402792957778138e-01
9.896170557724685013e-01
9.897050797393928123e-01
9.898036819852569224e-01
9.899120788734947496e-01
9.900293682972859388e-01
9.901545259816445510e-01
9.902864021444334197e-01
9.904237185201938409e-01
9.905650657425667527e-01
9.907089010731127132e-01
9.908535464567804762e-01
9.909971868773960191e-01
9.911378689805528941e-01
9.912734999263700386e-01
9.914018464308673728e-01
9.915205339522750183e-01
9.916270459774803037e-01
9.917187233640075705e-01
9.917927636943969505e-01
9.918462206025189243e-01
9.918760030351633228e-01
9.918788744170838889e-01
9.918514516934801017e-01
9.917902042305891674e-01
9.916914525625788457e-01
9.915513669812526798e-01
9.913659659741670405e-01
9.911311145266405997e-01
9.908425223138002114e-01
9.904957418202968711e-01
9.900861664376352511e-01
9.896090286022004578e-01
9.890593980509920780e-01
9.884321802867021001e-01
9.877221153589548219e-01
9.869237770840494361e-01
9.860315728410992131e-01
9.850397440976880192e-01
9.839423678326013611e-01
9.827333590363385163e-01
9.814064744814174901e-01
9.799553179633967437e-01
9.783733472194895420e-01
9.766538827341501028e-01
9.747901186396201734e-01
9.727751359138062659e-01
9.706019180677891711e-01
9.682633695006525043e-01
9.657523366801840092e-01
9.630616322845171329e-01
9.601840624121893430e-01
9.571124569367754908e-01
9.538397030476133409e-01
9.503587819806674775e-01
9.466628089037554261e-01
9.427450758787112584e-01
9.385990977800759971e-01
9.342186610060798646e-01
9.295978747734906511e-01
9.247312247438312927e-01
9.196136286849643238e-01
9.142404938296023742e-01
9.086077755514090359e-01
9.027120369405341460e-01
8.965505088242204934e-01
8.901211497451043675e-01
8.834227053806253949e-01
8.764547668621580634e-01
8.692178274327280185e-01
8.617133368680794936e-01
8.539437530779858676e-01
8.459125903035811245e-01
8.376244633325529154e-01
8.290851271676020762e-01
8.203015116048366639e-01
8.112817502077389609e-01
8.020352031988583486e-01
7.925724738351146437e-01
7.829054178829194521e-01
7.730471458655403527e-01
7.630120178162231870e-01
7.528156303354567314e-01
7.424747958181387997e-01
7.320075137849531011e-01
7.214329343205811984e-01
7.107713136881859128e-01
7.000439622535670203e-01
6.892731849125357524e-01
6.784822142703891279e-01
6.676951368723853530e-01
6.569368128283827879e-01
6.462327892133554741e-01
6.356092076585280193e-01
6.250927065758997703e-01
6.147103184826978595e-01
6.044893629126509849e-01
5.944573354189308656e-01
5.846417931900926845e-01
5.750702378163808914e-01
5.657699957600503815e-01
5.567680971005989354e-01
5.480911531443437568e-01
5.397652335077287589e-01
5.318157433049576222e-01
5.242673010925931187e-01
5.171436182458557518e-01
5.104673804627192224e-01
5.042601321112840651e-01
4.985421641522366221e-01
4.933324063801762804e-01
4.886483247339712399e-01
4.845058244260351810e-01
4.809191596324147167e-01
4.779008504691801829e-01
4.754616079551651220e-01
4.736102676264046796e-01
4.723537324236186663e-01
4.716969254210661155e-01
4.716427529034781241e-01
4.721920782284093621e-01
4.733437068349112264e-01
4.750943826771585332e-01
4.774387962744228719e-01
4.803696044778892338e-01
4.838774619612211669e-01
4.879510643466771214e-01
4.925772027829159461e-01
4.977408296953340638e-01
5.034251353357619418e-01
5.096116346662915575e-01
5.162802640227541762e-01
5.234094869174540365e-01
5.309764082590257006e-01
5.389568961902271305e-01
5.473257106729817467e-01
5.560566378846583113e-01
5.651226294313376197e-01
5.744959453335116706e-01
5.841482996981228748e-01
5.940510079591371229e-01
6.041751345477326396e-01
6.144916398436255367e-01
6.249715252617582539e-01
6.355859753441457372e-01
6.463064957555815226e-01
6.571050461242358143e-01
6.679541667239570213e-01
6.788270980638070329e-01
6.896978925314463105e-01
7.005415173293276787e-01
7.113339480450415753e-01
7.220522523079819788e-01
7.326746631019890321e-01
7.431806414257884352e-01
7.535509281178260910e-01
7.637675847872791302e-01
7.738140239164732481e-01
7.836750283195226263e-01
7.933367602557093168e-01
8.027867606020853142e-01
8.120139385863687220e-01
8.210085526669678169e-01
8.297621832207677794e-01
8.382676977602854240e-01
8.465192094493311226e-01
8.545120297201692638e-01
8.622426158153311260e-01
8.697085140840241646e-01
8.769082998570645326e-01
8.838415147062617105e-01
8.905086018652369484e-01
8.969108405500033632e-01
9.030502798706177003e-01
9.089296729713562950e-01
9.145524119776673455e-01
9.199224642652187311e-01
9.250443105011981748e-01
9.299228848421356997e-01
9.345635176072600858e-01
9.389718806830281705e-01
9.431539358540412810e-01
9.471158861990053301e-01
9.508641306383911473e-01
9.544052216735476879e-01
9.577458263155216311e-01
9.608926901659006203e-01
9.638526045816026011e-01
9.666323768305187247e-01
9.692388031249998814e-01
9.716786444049654303e-01
9.739586047314684469e-01
9.760853121443594516e-01
9.780653018337344129e-01
9.799050014736037095e-01
9.816107185671776314e-01
9.831886296558480787e-01
9.846447712479539094e-01
9.859850323283612106e-01
9.872151483154909535e-01
9.883406963384393507e-01
9.893670917130797937e-01
9.902995855024137040e-01
9.911432630528480558e-01
9.919030434045132960e-01
9.925836794801541352e-01
9.931897589635414469e-01
9.937257057847403985e-01
9.941957821359160841e-01
9.946040909476150382e-01
9.949545787615662329e-01
9.952510389419130243e-01
9.954971151723185363e-01
9.956963051914654583e-01
9.958519647240030581e-01
9.959673115678767674e-01
9.960454298021554909e-01
9.960892740819188296e-01
9.961016739884995808e-01
9.960853384044636716e-01
9.960428598832603564e-01
9.959767189836445933e-01
9.958892885389428740e-01
9.957828378312044704e-01
9.956595366404529246e-01
9.955214591398248158e-01
9.953705876085026105e-01
9.952088159361553998e-01
9.950379528951488473e-01
9.948597251601096758e-01
9.946757800584786757e-01
9.944876880403816788e-01
9.942969448613481198e-01
9.941049734769537016e-01
9.939131256541584580e-01
9.937226833097562162e-01
9.935348595917570247e-01
9.933507997244870324e-01
9.931715816425759069e-01
9.929982164426520708e-01
9.928316486844105393e-01
9.926727565746803483e-01
9.925223520691950352e-01
9.923811809269669215e-01
9.922499227515393372e-01
9.921291910520251278e-01
9.920195333548218475e-01
9.919214313943643946e-01
9.918353014083344243e-01
9.917614945595543130e-01
9.917002975034424628e-01
9.916519331165458695e-01
9.916165613983608518e-01
9.915942805555088002e-01
9.915851282743860517e-01
9.915890831856998267e-01
9.916060665218359160e-01
9.916359439657757013e-01
9.916785276882488231e-01
9.917335785679609605e-01
9.918008085880003488e-01
9.918798833998972997e-01
9.919704250452291427e-01
9.920720148231265689e-01
9.921841962905378898e-01
9.923064783806527789e-01
9.924383386235079429e-01
9.925792264515252983e-01
9.927285665716194529e-01
9.928857623845933622e-01
9.930501994318642334e-01
9.932212488491648505e-01
9.933982708067542466e-01
9.935806179158734874e-01
9.937676385816626157e-01
9.939586802835130852e-01
9.941530927648093430e-01
9.943502311151822814e-01
9.945494587297002420e-01
9.947501501308135818e-01
9.949516936403013379e-01
9.951534938899092575e-01
9.953549741607907730e-01
9.955555785432496085e-01
9.957547739096340722e-01
9.959520516945530311e-01
9.961469294778804162e-01
9.963389523673141790e-01
9.965276941785616849e-01
9.967127584125659023e-01
9.968937790305651969e-01
9.970704210292009595e-01
9.972423808193555672e-01
9.974093864138848797e-01
9.975711974309060537e-01
9.977276049207566277e-01
9.978784310261259449e-01
9.980235284861236345e-01
9.981627799961392267e-01
9.982960974362007356e-01
9.984234209811239102e-01
9.985447181059927679e-01
9.986599825004081055e-01
9.987692329044660644e-01
9.988725118785791723e-01
9.989698845180721154e-01
9.990614371220195578e-01
9.991472758241227714e-01
9.992275251916654666e-01
9.993023267968512702e-01
9.993718377632557770e-01
9.994362292888446797e-01
9.994956851461587188e-01
9.995504001599220256e-01
9.996005786625911105e-01
9.996464329292272799e-01
9.996881815945417582e-01
9.997260480569495344e-01
9.997602588768514931e-01
9.997910421789923952e-01
