9.997999583867280826e-01
9.997708022115070481e-01
9.997384565032123582e-01
9.997027169559012938e-01
9.996633813787020317e-01
9.996202509852476492e-01
9.995731316345992656e-01
9.995218350130233853e-01
9.994661797494627242e-01
9.994059924608572620e-01
9.993411087264489900e-01
9.992713739926976091e-01
9.991966444123633329e-01
9.991167876226265676e-01
9.990316834678160118e-01
9.989412246724604927e-01
9.988453174700353543e-01
9.987438821920521237e-01
9.986368538211523038e-01
9.985241825107309399e-01
9.984058340724482061e-01
9.982817904318770363e-01
9.981520500515691507e-01
9.980166283200502253e-01
9.978755579047187130e-01
9.977288890663300602e-01
9.975766899327025428e-01
9.974190467294576923e-01
9.972560639659887594e-01
9.970878645753857850e-01
9.969145900077116540e-01
9.967364002767584719e-01
9.965534739611935366e-01
9.963660081617652375e-01
9.961742184169585235e-01
9.959783385801053157e-01
9.957786206614464009e-01
9.955753346389528691e-01
9.953687682418290716e-01
9.951592267104935052e-01
9.949470325364550005e-01
9.947325251848492256e-01
9.945160608014731451e-01
9.942980119049532606e-01
9.940787670632268425e-01
9.938587305518337134e-01
9.936383219896409713e-01
9.934179759456190917e-01
9.931981415082002940e-01
9.929792818066617288e-01
9.927618734719533267e-01
9.925464060225104301e-01
9.923333811589336584e-01
9.921233119500549869e-01
9.919167218918965023e-01
9.917141438204271076e-01
9.915161186588619113e-01
9.913231939805555726e-01
9.911359223693076981e-01
9.909548595601204157e-01
9.907805623450839372e-01
9.906135862310821993e-01
9.904544828383401445e-01
9.903037970314459981e-01
9.901620637772942102e-01
9.900298047273901059e-01
9.899075245250791300e-01
9.897957068415004223e-01
9.896948101473979076e-01
9.896052632313511177e-01
9.895274604785099237e-01
9.894617569275269142e-01
9.894084631270662067e-01
9.893678398169920563e-01
9.893400924630527671e-01
9.893253656774837479e-01
9.893237375613556095e-01
9.893352140075445389e-01
9.893597230057529224e-01
9.893971089928903506e-01
9.894471272931816275e-01
9.895094386924513374e-01
9.895836041900317737e-01
9.896690799695843088e-01
9.897652126267842965e-01
9.898712346873377310e-01
9.899862604432749791e-01
9.901092821290365942e-01
9.902391664517407044e-01
9.903746514824275371e-01
9.905143439072697786e-01
9.906567166299905525e-01
9.908001067092976344e-01
9.909427136082683552e-01
9.910825977265179665e-01
9.912176791808344767e-01
9.913457367958848909e-01
9.914644072637098793e-01
9.915711844290439059e-01
9.916634186570706389e-01
9.917383162410084996e-01
9.917929388088909670e-01
9.918242026920027765e-01
9.918288782215863852e-01
9.918035889255949478e-01
9.917448106033636135e-01
9.916488702630730234e-01
9.915119449147510311e-01
9.913300602202886891e-01
9.910990890115416452e-01
9.908147496980627134e-01
9.904726045973768489e-01
9.900680582329900448e-01
9.895963556584913556e-01
9.890525808801453600e-01
9.884316554651602083e-01
9.877283374382356262e-01
9.869372205847871671e-01
9.860527342951403984e-01
9.850691440995792414e-01
9.839805530589881277e-01
9.827809041894212116e-01
9.814639841107215545e-01
9.800234281187250041e-01
9.784527268870806260e-01
9.767452350077773238e-01
9.748941815786676957e-01
9.728926830412700788e-01
9.707337584627017124e-01
9.684103474416233537e-01
9.659153307996176663e-01
9.632415541965914096e-01
9.603818547818678830e-01
9.573290909619437405e-01
9.540761753318466321e-01
9.506161107801014420e-01
9.469420297379722573e-01
9.430472365024092918e-01
9.389252525194597965e-01
9.345698644713220649e-01
9.299751749661807620e-01
9.251356555859591158e-01
9.200462020036156430e-01
9.147021908391036460e-01
9.090995378820788675e-01
9.032347572704375605e-01
8.971050211773089478e-01
8.907082195258163582e-01
8.840430192213348803e-01
8.771089223657340117e-01
8.699063228977967910e-01
8.624365610892622547e-01
8.547019753172948597e-01
8.467059505321596902e-01
8.384529628438961435e-01
8.299486196641692182e-01
8.211996948594152412e-01
8.122141583989594960e-01
8.030012000167980890e-01
7.935712464479366401e-01
7.839359718489733453e-01
7.741083010673841525e-01
7.641024054836980106e-01
7.539336912144658509e-01
7.436187795303399461e-01
7.331754794114621054e-01
7.226227522303112494e-01
7.119806686189227296e-01
7.012703576416916551e-01
6.905139484557586416e-01
6.797345046973169991e-01
6.689559518834612417e-01
6.582029981649959449e-01
6.475010488058619007e-01
6.368761147996531147e-01
6.263547160635243305e-01
6.159637796752643890e-01
6.057305336411723529e-01
5.956823967015680843e-01
5.858468646981349615e-01
5.762513940437727911e-01
5.669232828518875333e-01
5.578895502987916144e-01
5.491768148103849390e-01
5.408111716827990190e-01
5.328180707660035154e-01
5.252221948592552536e-01
5.180473394869780090e-01
5.113162947425521354e-01
5.050507299044617593e-01
4.992710815433477611e-01
4.939964458485597287e-01
4.892444759077041461e-01
4.850312846714506243e-01
4.813713543275478512e-01
4.782774527919188001e-01
4.757605580003284595e-01
4.738297906511534929e-01
4.724923560082552321e-01
4.717534953229771677e-01
4.716164473763935217e-01
4.720824205776481541e-01
4.731505759824189417e-01
4.748180215180323183e-01
4.770798176195664153e-01
4.799289943954192506e-01
4.833565803522038573e-01
4.873516426184981709e-01
4.919013385157418039e-01
4.969909782332976311e-01
5.026040982740609397e-01
5.087225452477324161e-01
5.153265695015640802e-01
5.223949279935942158e-01
5.299049957318570092e-01
5.378328850251797855e-01
5.461535717179186733e-01
5.548410275128650149e-01
5.638683574245799690e-01
5.732079413504294063e-01
5.828315786996007830e-01
5.927106349824788900e-01
6.028161892349135353e-01
6.131191811352055820e-01
6.235905566669897038e-01
6.342014111893703454e-01
6.449231287973200555e-01
6.557275168908022200e-01
6.665869349204582850e-01
6.774744163407226960e-01
6.883637828774038514e-01
6.992297503051405627e-01
7.100480250295508888e-01
7.207953908777873231e-01
7.314497856178399093e-01
7.419903668493033067e-01
7.523975670343099331e-01
7.626531375646744548e-01
7.727401818877691619e-01
7.826431778369755676e-01
7.923479894306437732e-01
8.018418685143061664e-01
8.111134467226593925e-01
8.201527183289936129e-01
8.289510146289827963e-01
8.375009705721028208e-01
8.457964844066816479e-01
8.538326711433373850e-01
8.616058106662793925e-01
8.691132913328372123e-01
8.763535498991871231e-01
8.833260085953650309e-01
8.900310101462624024e-01
8.964697514986941229e-01
9.026442169691056838e-01
9.085571114736176179e-01
9.142117944434036136e-01
9.196122149655013844e-01
9.247628486236012524e-01
9.296686364466847374e-01
9.343349263069913313e-01
9.387674170439641586e-01
9.429721055286889309e-01
9.469552368248342900e-01
9.507232575480004666e-01
9.542827724762346087e-01
9.576405044206820483e-01
9.608032573270877119e-01
9.637778825461936760e-01
9.665712481838769632e-01
9.691902114198991391e-01
9.716415936670511622e-01
9.739321584298479273e-01
9.760685917132877476e-01
9.780574848270152666e-01
9.799053194280066270e-01
9.816184546451142134e-01
9.832031161309852108e-01
9.846653868905621554e-01
9.860111997402072337e-01
9.872463312571299054e-01
9.883763970849928082e-01
9.894068484681133313e-01
9.903429698934443914e-01
9.911898777263958848e-01
9.919525197335131717e-01
9.926356753920174691e-01
9.932439568932134311e-01
9.937818107537704782e-01
9.942535199558328873e-01
9.946632065437719383e-01
9.950148346120722964e-01
9.953122136252505747e-01
9.955590020167263132e-01
9.957587110190790902e-01
9.959147086830232309e-01
9.960302240466086809e-01
9.961083514195603339e-01
9.961520547502550338e-01
9.961641720446445802e-01
9.961474198075237485e-01
9.961043974770374954e-01
9.960375918233881354e-01
9.959493812825229719e-01
9.958420401953803625e-01
9.957177429232426658e-01
9.955785678101077840e-01
9.954265009638956219e-01
9.952634398298978446e-01
9.950911965322301045e-01
9.949115009621826156e-01
9.947260035962582903e-01
9.945362780312539952e-01
9.943438232288541734e-01
9.941500654677084547e-01
9.939563600066617655e-01
9.937639924685131021e-01
9.935741799591841783e-01
9.933880719423097139e-01
9.932067508938406952e-01
9.930312327651427129e-01
9.928624672861739997e-01
9.927013381425563443e-01
9.925486630616914274e-01
9.924051938435095588e-01
9.922716163710196824e-01
9.921485506346175987e-01
9.920365508022057632e-01
9.919361053646891246e-01
9.918476373834773652e-01
9.917715048633698460e-01
9.917080012707666370e-01
9.916573562136579145e-01
9.916197362964114248e-01
9.915952461590854528e-01
9.915839297079196424e-01
9.915857715408242790e-01
9.916006985691268039e-01
9.916285818345232927e-01
9.916692385181002933e-01
9.917224341363933826e-01
9.917878849176897660e-01
9.918652603501155740e-01
9.919541858914391330e-01
9.920542458289455245e-01
9.921649862761822147e-01
9.922859182918651877e-01
9.924165211047776269e-01
9.925562454271470436e-01
9.927045168377933715e-01
9.928607392153484534e-01
9.930242982011129316e-01
9.931945646706744624e-01
9.933708981932846127e-01
9.935526504581928542e-01
9.937391686476542141e-01
9.939297987371321641e-01
9.941238887042765926e-01
9.943207916295125903e-01
9.945198686724721071e-01
9.947204919099943421e-01
9.949220470229435120e-01
9.951239358206183105e-01
9.953255785930217314e-01
9.955264162826976682e-01
9.957259124692293684e-01
9.959235551608274228e-01
9.961188583887338188e-01
9.963113636014465646e-01
9.965006408570458163e-01
9.966862898132043957e-01
9.968679405157903073e-01
9.970452539883463139e-01
9.972179226261311813e-01
9.973856703998501549e-01
9.975482528756363099e-01
9.977054570592592819e-01
9.978571010738871427e-01
9.980030336819574188e-01
9.981431336627848427e-01
9.982773090583831888e-01
9.984054963005603023e-01
9.985276592326112199e-01
9.986437880388598920e-01
9.987538980948517109e-01
9.988580287502009103e-01
9.989562420549548127e-01
9.990486214389219244e-01
9.991352703517849543e-01
9.992163108700994334e-01
9.992918822755653130e-01
9.993621396074080510e-01
9.994272521904196127e-01
9.994874021393426178e-01
9.995427828399091608e-01
9.995935974070601082e-01
9.996400571216851327e-01
9.996823798486398349e-01
9.997207884407228740e-01
9.997555091356449264e-01
9.997867699556097776e-01
