9.997967509744508652e-01
9.997671761881478103e-01
9.997343763059943766e-01
9.996981466084322587e-01
9.996582848109433206e-01
9.996145923708363856e-01
9.995668757399990279e-01
9.995149475526482474e-01
9.994586277407569996e-01
9.993977445733248643e-01
9.993321356188044069e-01
9.992616486326512115e-01
9.991861423740386883e-01
9.991054873572176032e-01
9.990195665438079686e-01
9.989282759825331981e-01
9.988315254026153278e-01
9.987292387663548876e-01
9.986213547854342343e-01
9.985078274043205360e-01
9.983886262529345634e-01
9.982637370695683909e-01
9.981331620939871696e-01
9.979969204297761687e-01
9.978550483743413579e-01
9.977075997145616881e-01
9.975546459859150339e-01
9.973962766929515000e-01
9.972325994892413670e-01
9.970637403153455036e-01
9.968898434939064135e-01
9.967110717816086707e-01
9.965276063784469507e-01
9.963396468954474061e-01
9.961474112826602667e-01
9.959511357198350678e-01
9.957510744726754126e-01
9.955474997178951346e-01
9.953407013404416137e-01
9.951309867061657322e-01
9.949186804128955508e-01
9.947041240222775915e-01
9.944876757738867479e-01
9.942697102819763044e-01
9.940506182138458824e-01
9.938308059471893108e-01
9.936106952019703176e-01
9.933907226404213864e-01
9.931713394267200901e-01
9.929530107358458535e-01
9.927362151991252492e-01
9.925214442721105312e-01
9.923092015087919826e-01
9.921000017247745273e-01
9.918943700310350886e-01
9.916928407192577843e-01
9.914959559795706312e-01
9.913042644317929808e-01
9.911183194520618578e-01
9.909386772779155139e-01
9.907658948765609708e-01
9.906005275630813678e-01
9.904431263577178068e-01
9.902942350740187027e-01
9.901543871325496626e-01
9.900241020979454465e-01
9.899038819403195300e-01
9.897942070254120983e-01
9.896955318413203084e-01
9.896082804732210247e-01
9.895328418411414306e-01
9.894695647195665966e-01
9.894187525614492884e-01
9.893806581529945854e-01
9.893554781293415479e-01
9.893433473848861626e-01
9.893443334153584345e-01
9.893584306317388943e-01
9.893855546885256258e-01
9.894255368705598963e-01
9.894781185834378157e-01
9.895429459923247295e-01
9.896195648526323607e-01
9.897074155734615353e-01
9.898058285509234722e-01
9.899140198035030203e-01
9.900310869355976040e-01
9.901560054484566109e-01
9.902876254101489195e-01
9.904246684881750085e-01
9.905657253401896067e-01
9.907092533502976917e-01
9.908535746908124775e-01
9.909968746824782126e-01
9.911372004201774999e-01
9.912724596262474375e-01
9.914004196898539290e-01
9.915187068484839772e-01
9.916248054665741662e-01
9.917160573665596557e-01
9.917896611691905395e-01
9.918426716027365364e-01
9.918719987446129593e-01
9.918744071639212789e-01
9.918465149393206337e-01
9.917847925334581927e-01
9.916855615128190582e-01
9.915449931102768844e-01
9.913591066368022675e-01
9.911237677587217965e-01
9.908346866676159825e-01
9.904874161814193334e-01
9.900773498275576845e-01
9.895997199719995807e-01
9.890495960719059010e-01
9.884218831440170216e-01
9.877113205559139297e-01
9.869124812625871268e-01
9.860197716260840073e-01
9.850274319710006221e-01
9.839295380428080273e-01
9.827200035489601637e-01
9.813925839738777412e-01
9.799408818676910160e-01
9.783583538145068648e-01
9.766383192884358078e-01
9.747739716042453928e-01
9.727583911639507974e-01
9.705845611906804837e-01
9.682453861266737682e-01
9.657337128532802462e-01
9.630423548675060008e-01
9.601641195222248015e-01
9.570918384060034256e-01
9.538184009039899491e-01
9.503367909439502936e-01
9.466401268918025469e-01
9.427217045193929668e-01
9.385750429242933901e-01
9.341939332375444049e-01
9.295724899110362482e-01
9.247052043320649339e-01
9.195870004690036570e-01
9.142132922094868830e-01
9.085800420115117682e-01
9.026838204489515682e-01
8.965218661967092606e-01
8.900921459676934822e-01
8.833934138846126771e-01
8.764252697448303708e-01
8.691882156168937446e-01
8.616837101933897403e-01
8.539142203171106171e-01
8.458832690966028300e-01
8.375954800334749484e-01
8.290566165976384072e-01
8.202736167081360330e-01
8.112546216063905025e-01
8.020089986453755593e-01
7.925473575620630706e-01
7.828815598509066831e-01
7.730247209123476404e-01
7.629912047114140172e-01
7.527966107462824574e-01
7.424577531939592356e-01
7.319926321686560655e-01
7.214203970966328594e-01
7.107613022779133427e-01
7.000366547691179164e-01
6.892687547816171989e-01
6.784808288444054147e-01
6.676969560309349294e-01
6.569419875932605013e-01
6.462414603852231210e-01
6.356215044892462585e-01
6.251087454891903761e-01
6.147302018552565084e-01
6.045131779271228911e-01
5.944851529992304373e-01
5.846736670284394810e-01
5.751062035001226480e-01
5.658100700048769305e-01
5.568122770951530187e-01
5.481394160095331980e-01
5.398175358723018569e-01
5.318720209971772306e-01
5.243274689462043003e-01
5.172075700170717383e-01
5.105349888537308312e-01
5.043312488948907824e-01
4.986166203917170581e-01
4.934100127384649648e-01
4.887288718666843446e-01
4.845890834538622016e-01
4.810048826898798424e-01
4.779887713287098716e-01
4.755514427277033329e-01
4.737017155423839387e-01
4.724464767007502397e-01
4.717906342279983845e-01
4.717370804307181587e-01
4.722866658797288952e-01
4.734381845536935751e-01
4.751883704224717508e-01
4.775319056610107804e-01
4.804614405925278220e-01
4.839676253650595505e-01
4.880391532691795708e-01
4.926628155079588733e-01
4.978235671340595081e-01
5.035046037740504854e-01
5.096874486675501137e-01
5.163520494593176746e-01
5.234768840966642633e-01
5.310390751032477707e-01
5.390145114240709745e-01
5.473779769660642724e-01
5.561032848946793061e-01
5.651634166902304024e-01
5.745306649191108672e-01
5.841767786352624059e-01
5.940731102973220157e-01
6.041907630674629992e-01
6.145007373499313807e-01
6.249740754313002356e-01
6.355820031011578664e-01
6.462960671615766151e-01
6.570882677765336188e-01
6.679311846683482212e-01
6.787980962367330395e-01
6.896630907566181357e-01
7.005011689025111288e-01
7.112883369485039076e-01
7.220016901026773404e-01
7.326194855508096904e-01
7.431212049050337498e-01
7.534876058764107265e-01
7.637007631141315978e-01
7.737440982761149000e-01
7.836023995140630749e-01
7.932618306685712550e-01
8.027099305748373048e-01
8.119356029752444748e-01
8.209290976201828460e-01
8.296819832117783289e-01
8.381871129058384717e-01
8.464385831347081002e-01
8.544316865475808376e-01
8.621628598851091008e-01
8.696296276122080782e-01
8.768305421272990507e-01
8.837651213486766855e-01
8.904337844502661081e-01
8.968377864809249367e-01
9.029791525550374676e-01
9.088606122488883665e-01
9.144855347787282929e-01
9.198578654741174088e-01
9.249820639955650403e-01
9.298630446801658955e-01
9.345061193342172334e-01
9.389169427289154601e-01
9.431014609952658168e-01
9.470658630581736404e-01
9.508165351980278901e-01
9.543600187814673674e-01
9.577029711617364161e-01
9.608521297132633920e-01
9.638142789347963202e-01
9.665962205304601262e-01
9.692047463581701106e-01
9.716466141195783113e-01
9.739285256546884595e-01
9.760571076969692950e-01
9.780388949406870758e-01
9.798803152707783459e-01
9.815876770063604040e-01
9.831671580114850206e-01
9.846247965305573446e-01
9.859664836105956898e-01
9.871979569779099073e-01
9.883247962425865119e-01
9.893524193102125608e-01
9.902860798864320246e-01
9.911308659661383080e-01
9.918916992053297133e-01
9.925733350798752186e-01
9.931803637416662944e-01
9.937172114888439545e-01
9.941881427729956089e-01
9.945972626723532661e-01
9.949485197660543623e-01
9.952457093503532803e-01
9.954924769432018650e-01
9.956923220287364762e-01
9.958486019978213255e-01
9.959645362447816508e-01
9.960432103837826290e-01
9.960875805509002978e-01
9.961004777598252424e-01
9.960846122803835856e-01
9.960425780097613702e-01
9.959768568066189598e-01
9.958898227583677931e-01
9.957837463519412236e-01
9.956607985186279874e-01
9.955230545241475770e-01
9.953724976762792220e-01
9.952110228241524137e-01
9.950404396258273332e-01
9.948624755640673722e-01
9.946787786942006271e-01
9.944909201125928799e-01
9.943003961393833690e-01
9.941086302146109333e-01
9.939169745124815103e-01
9.937267112841109418e-01
9.935390539444263203e-01
9.933551479238335036e-01
9.931760713096078330e-01
9.930028353056081780e-01
9.928363845417486067e-01
9.926775972666429526e-01
9.925272854579296755e-01
9.923861948850143389e-01
9.922550051583739483e-01
9.921343297982327947e-01
9.920247163534369195e-01
9.919266465988428871e-01
9.918405368366182140e-01
9.917667383236568046e-01
9.917055378439683100e-01
9.916571584415174723e-01
9.916217603256785029e-01
9.915994419582998542e-01
9.915902413284165551e-01
9.915941374179280121e-01
9.916110518590968148e-01
9.916408507825054119e-01
9.916833468521060180e-01
9.917383014821865572e-01
9.918054272293903573e-01
9.918843903513524518e-01
9.919748135219872420e-01
9.920762786919841147e-01
9.921883300816073392e-01
9.923104772914768112e-01
9.924421985156397508e-01
9.925829438399728089e-01
9.927321386078115095e-01
9.928891868337530457e-01
9.930534746458445916e-01
9.932243737359098823e-01
9.934012447975881788e-01
9.935834409317902960e-01
9.937703109996991468e-01
9.939612029041426933e-01
9.941554667811101087e-01
9.943524580843274840e-01
9.945515405471010428e-01
9.947520890070360444e-01
9.949534920806901717e-01
9.951551546766929102e-01
9.953565003373194831e-01
9.955569733999380944e-01
9.957560409711403437e-01
9.959531947077205905e-01
9.961479524000019792e-01
9.963398593543252302e-01
9.965284895728461212e-01
9.967134467301314027e-01
9.968943649474255597e-01
9.970709093668777001e-01
9.972427765294704649e-01
9.974096945618667887e-01
9.975714231788643804e-01
9.977277535095917527e-01
9.978785077569500839e-01
9.980235387010554238e-01
9.981627290585182166e-01
9.982959907102509911e-01
9.984232638110767111e-01
9.985445157946659656e-01
9.986597402872406937e-01
9.987689559430128483e-01
9.988722052135015073e-01
9.989695530616969910e-01
9.990610856305935927e-01
9.991469088739554083e-01
9.992271471554239337e-01
9.993019418203472615e-01
9.993714497431303023e-01
9.994358418516213760e-01
9.994953016291744374e-01
9.995500235946720435e-01
9.996002117610165438e-01
9.996460780734465201e-01
9.996878408304626928e-01
9.997257230921134941e-01
9.997599510827475111e-01
9.997907525979459198e-01
