0.0010341
0.0010341
0.0010341
0.0010341
0.0010341
0.0010341
0.0010341
0.0010341
0.0010341
0.0010341
0.0010341
0.0010341
0.0010341
0.0013201
0.0013201
0.0013201
0.0016007
0.0016007
0.0018688
0.0018688
0.0025448
0.0027815
0.0034261
0.0034261
0.0040452
0.0046333
0.0051871
0.0053229
0.0058182
0.0066201
0.0070157
0.0073683
0.0076767
0.0079402
0.0083784
0.0085263
0.0086794
0.0082616
0.0082946
0.0081794
0.0075884
0.0069294
0.0065641
0.0057947
0.0045518
0.0039904
0.0028905
0.0019694
0.00043842
-0.00019617
-0.0017233
-0.0033663
-0.0040085
-0.00544
-0.0062705
-0.0071768
-0.0077522
-0.0089083
-0.0095965
-0.0096544
-0.010232
-0.01064
-0.010556
-0.010218
-0.010551
-0.0099884
-0.0096347
-0.0088809
-0.0084086
-0.0078899
-0.0073254
-0.0067159
-0.0055807
-0.0048672
-0.0046314
-0.0038572
-0.0030475
-0.0022063
-0.0022063
-0.0013393
-0.0010006
-0.00010394
-0.00010394
0.00026735
0.00026735
0.00064978
0.00064978
0.00064978
0.0010341
0.0010341
0.0010341
0.0010341
0.0010341
0.0010341
0.0010341
0.0010341
0.0010341
0.0010341
0.0010341
0.0010341
