-0.63143
-0.63143
-0.63143
-0.63143
-0.63143
-0.63143
-0.63143
-0.63143
-0.63143
-0.63143
-0.63143
-0.63143
-0.63143
-0.63143
-0.63143
-0.63143
-0.63143
-0.63143
-0.63143
-0.63143
-0.63143
-0.63143
-0.63143
-0.63143
-0.62355
-0.59661
-0.55906
-0.48771
-0.39946
-0.2829
-0.15961
-0.039226
0.11649
0.25851
0.42214
0.57644
0.73114
0.89342
1.0562
1.186
1.3154
1.434
1.5111
1.6105
1.6461
1.6877
1.7138
1.7083
1.6835
1.6558
1.6014
1.538
1.4603
1.3804
1.2914
1.1874
1.0838
0.99532
0.87808
0.78239
0.67511
0.57339
0.48295
0.3803
0.28521
0.20111
0.11997
0.030535
-0.049507
-0.13966
-0.21316
-0.29995
-0.39543
-0.47484
-0.5465
-0.5883
-0.62092
-0.63143
-0.63143
-0.63143
-0.63143
-0.63143
-0.63143
-0.63143
-0.63143
-0.63143
-0.63143
-0.63143
-0.63143
-0.63143
-0.63143
-0.63143
-0.63143
-0.63143
-0.63143
-0.63143
-0.63143
-0.63143
-0.63143
-0.63143
