0.10828
0.10828
0.10828
0.10828
0.10828
0.10828
0.10828
0.10828
0.10828
0.10828
0.10828
0.10828
0.10828
0.10828
0.10828
0.10828
0.10828
0.10828
0.10828
0.10828
0.10828
0.10828
0.10828
0.10828
0.12112
0.16116
0.21537
0.30952
0.41896
0.55554
0.68228
0.79279
0.92853
1.0351
1.1484
1.2363
1.3059
1.3715
1.4192
1.4232
1.4096
1.3678
1.286
1.1973
1.0593
0.9113
0.73808
0.53953
0.32542
0.10145
-0.12807
-0.35851
-0.59017
-0.81659
-1.0305
-1.2184
-1.3821
-1.5423
-1.6429
-1.7372
-1.7845
-1.7973
-1.7897
-1.7223
-1.6309
-1.5351
-1.4124
-1.2518
-1.0931
-0.90369
-0.74317
-0.55739
-0.35508
-0.19249
-0.052224
0.02901
0.088955
0.10828
0.10828
0.10828
0.10828
0.10828
0.10828
0.10828
0.10828
0.10828
0.10828
0.10828
0.10828
0.10828
0.10828
0.10828
0.10828
0.10828
0.10828
0.10828
0.10828
0.10828
0.10828
0.10828
