9.997974599628248749e-01
9.997679795861144081e-01
9.997352821460425698e-01
9.996991629157080395e-01
9.996594194927777011e-01
9.996158530969713185e-01
9.995682698151644452e-01
9.995164817834575333e-01
9.994603082991657672e-01
9.993995768591261708e-01
9.993341241237994055e-01
9.992637968092348277e-01
9.991884525109575588e-01
9.991079604651991186e-01
9.990222022536141555e-01
9.989310724577648015e-01
9.988344792692918084e-01
9.987323450609221220e-01
9.986246069224242738e-01
9.985112171644171530e-01
9.983921437917007147e-01
9.982673709465846867e-01
9.981368993216563901e-01
9.980007465405748013e-01
9.978589475048772472e-01
9.977115547044260735e-01
9.975586384890220426e-01
9.974002872988384505e-01
9.972366078516713417e-01
9.970677252855039141e-01
9.968937832555248013e-01
9.967149439854610105e-01
9.965313882738561224e-01
9.963433154566884165e-01
9.961509433284456705e-01
9.959545080244041060e-01
9.957542638673690938e-01
9.955504831824684153e-01
9.953434560837313150e-01
9.951334902360886581e-01
9.949209105960830080e-01
9.947060591339559332e-01
9.944892945388796868e-01
9.942709919079313341e-01
9.940515424179700021e-01
9.938313529779203570e-01
9.936108458571064617e-01
9.933904582832856489e-01
9.931706420019509318e-01
9.929518627863849201e-01
9.927345998859140597e-01
9.925193453979287428e-01
9.923066035475544000e-01
9.920968898574796802e-01
9.918907301894103190e-01
9.916886596379937968e-01
9.914912212578782524e-01
9.912989646048577796e-01
9.911124440728162899e-01
9.909322170094087001e-01
9.907588415950695504e-01
9.905928744719932899e-01
9.904348681121157849e-01
9.902853679158100109e-01
9.901449090359182303e-01
9.900140129248459209e-01
9.898931836056878986e-01
9.897829036717251672e-01
9.896836300220979155e-01
9.895957893450171294e-01
9.895197733635164861e-01
9.894559338624586697e-01
9.894045775192681358e-01
9.893659605646367705e-01
9.893402833031708088e-01
9.893276845275276177e-01
9.893282358629249540e-01
9.893419360818392905e-01
9.893687054310987827e-01
9.894083800152474462e-01
9.894607062808608022e-01
9.895253356462765382e-01
9.896018193198657942e-01
9.896896033474489318e-01
9.897880239257350610e-01
9.898963030137941654e-01
9.900135442686611720e-01
9.901387293243900656e-01
9.902707144264344397e-01
9.904082274253884766e-01
9.905498651261462895e-01
9.906940909807108175e-01
9.908392331054828306e-01
9.909834825971257644e-01
9.911248921152565616e-01
9.912613746954253013e-01
9.913907027522319559e-01
9.915105072300838263e-01
9.916182768580241724e-01
9.917113574652750563e-01
9.917869513155787020e-01
9.918421164210241558e-01
9.918737657997344082e-01
9.918786666464722845e-01
9.918534393908180480e-01
9.917945566240108368e-01
9.916983418827726160e-01
9.915609682864207075e-01
9.913784570323059819e-01
9.911466757641091974e-01
9.908613368378065278e-01
9.905179955212171095e-01
9.901120481749924318e-01
9.896387304757267023e-01
9.890931157555142850e-01
9.884701135467153232e-01
9.877644684357484994e-01
9.869707593452280436e-01
9.860833993793978181e-01
9.850966363832130979e-01
9.840045543801345662e-01
9.828010760672157842e-01
9.814799665578080035e-01
9.800348385716207700e-01
9.784591592783660197e-01
9.767462590042746973e-01
9.748893420099323803e-01
9.728814995427907952e-01
9.707157253581202294e-01
9.683849338879766400e-01
9.658819812189687326e-01
9.631996890163931901e-01
9.603308715049063693e-01
9.572683655846830897e-01
9.540050641274170351e-01
9.505339524590106226e-01
9.468481479959093283e-01
9.429409429602765291e-01
9.388058500560886310e-01
9.344366509442807445e-01
9.298274473107681626e-01
9.249727142770045596e-01
9.198673558591915489e-01
9.145067621398005331e-01
9.088868677742161228e-01
9.030042114165640621e-01
8.968559956126913590e-01
8.904401466753831818e-01
8.837553740278103476e-01
8.768012284765204223e-01
8.695781588555882013e-01
8.620875664694495066e-01
8.543318567539853747e-01
8.463144875741225315e-01
8.380400135819889851e-01
8.295141260728241539e-01
8.207436877965924582e-01
8.117367622116016257e-01
8.025026367022626284e-01
7.930518393260926890e-01
7.833961487046123828e-01
7.735485967282018649e-01
7.635234638053118861e-01
7.533362664505552919e-01
7.430037370729278834e-01
7.325437958933693761e-01
7.219755149887330248e-01
7.113190745256245950e-01
7.005957113113199242e-01
6.898276598488997102e-01
6.790380861390489242e-01
6.682510145210098784e-01
6.574912478895739154e-01
6.467842816637580095e-01
6.361562119161479067e-01
6.256336381002771674e-01
6.152435608376347620e-01
6.050132752467419772e-01
5.949702603152754454e-01
5.851420648333111041e-01
5.755561904224784087e-01
5.662399722128019786e-01
5.572204577369954670e-01
5.485242846312714526e-01
5.401775577524005056e-01
5.322057263427231177e-01
5.246334618974926034e-01
5.174845374116532337e-01
5.107817087049761895e-01
5.045465985442479928e-01
4.987995842977352989e-01
4.935596898691304579e-01
4.888444826644327001e-01
4.846699763445614373e-01
4.810505401079727683e-01
4.779988152303900062e-01
4.755256395624686272e-01
4.736399806505228183e-01
4.723488781004313575e-01
4.716573957507783632e-01
4.715685841588295180e-01
4.720834538327529639e-01
4.732009595666807344e-01
4.749179961526974747e-01
4.772294056569188481e-01
4.801279963565469044e-01
4.836045733423864901e-01
4.876479806977549458e-01
4.922451550711112178e-01
4.973811903668436951e-01
5.030394131873090480e-01
5.092014685701027332e-01
5.158474154781913512e-01
5.229558314175581923e-01
5.305039254778960434e-01
5.384676590171765254e-01
5.468218731412093359e-01
5.555404220651958269e-01
5.645963113865664074e-01
5.739618402477768555e-01
5.836087463252139784e-01
5.935083525467330645e-01
6.036317144167074877e-01
6.139497668145930120e-01
6.244334691319077812e-01
6.350539476238052927e-01
6.457826338757366447e-01
6.565913983233326867e-01
6.674526778146837591e-01
6.783395962684219960e-01
6.892260775578646914e-01
7.000869498400894564e-01
7.108980406479925573e-01
7.216362621716647663e-01
7.322796862710467813e-01
7.428076088828912127e-01
7.532006036094439638e-01
7.634405644017719927e-01
7.735107373751393123e-01
7.833957419150180401e-01
7.930815813481864041e-01
8.025556435619403128e-01
8.118066920539744880e-01
8.208248479844715284e-01
8.296015638791055524e-01
8.381295896960624381e-01
8.464029320211312601e-01
8.544168071920656971e-01
8.621675891767239808e-01
8.696527530391793270e-01
8.768708148246082690e-01
8.838212686780859695e-01
8.905045219854512695e-01
8.969218292873823994e-01
9.030752256721005233e-01
9.089674602991748564e-01
9.146019306483179623e-01
9.199826180243744211e-01
9.251140247845239806e-01
9.300011136875077078e-01
9.346492496988622056e-01
9.390641445219712891e-01
9.432518040633397494e-01
9.472184789827721163e-01
9.509706184258687189e-01
9.545148269879670799e-01
9.578578249157212454e-01
9.610064115151174535e-01
9.639674317028649186e-01
9.667477456116662093e-01
9.693542011385802848e-01
9.717936093092039984e-01
9.740727223182608085e-01
9.761982140989236001e-01
9.781766632682926677e-01
9.800145382943752370e-01
9.817181847301779118e-01
9.832938143626405170e-01
9.847474961276996286e-01
9.860851486473917182e-01
9.873125342502927504e-01
9.884352543424950177e-01
9.894587460025673353e-01
9.903882796804089894e-01
9.912289578865081108e-01
9.919857147648133422e-01
9.926633164491989181e-01
9.932663621103341445e-01
9.937992856066348857e-01
9.942663576598518294e-01
9.946716884826671823e-01
9.950192307923648727e-01
9.953127831510910628e-01
9.955559935793252269e-01
9.957523633947972241e-01
9.959052512341082242e-01
9.960178772186180085e-01
9.960933272296921270e-01
9.961345572611147725e-01
9.961443978183855963e-01
9.961255583357996324e-01
9.960806315827714918e-01
9.960120980309730143e-01
9.959223301536971329e-01
9.958135966286578711e-01
9.956880664154008631e-01
9.955478126788330773e-01
9.953948165312681562e-01
9.952309705669464268e-01
9.950580821653211006e-01
9.948778765425271287e-01
9.946919995343342924e-01
9.945020200984470149e-01
9.943094325291302882e-01
9.941156583826288307e-01
9.939220481175311539e-01
9.937298824598974623e-01
9.935403735084246124e-01
9.933546655999677677e-01
9.931738359602161337e-01
9.929988951680842613e-01
9.928307874653362619e-01
9.926703909450393937e-01
9.925185176536180931e-01
9.923759136415750692e-01
9.922432589973887440e-01
9.921211678977894799e-01
9.920101887056351764e-01
9.919108041440968249e-01
9.918234315729338446e-01
9.917484233894393597e-01
9.916860675732858121e-01
9.916365883911257839e-01
9.916001472735045397e-01
9.915768438734933188e-01
9.915667173135243040e-01
9.915697476242153474e-01
9.915858573765327089e-01
9.916149135064303843e-01
9.916567293290980967e-01
9.917110667380997224e-01
9.917776385829459862e-01
9.918561112169786975e-01
9.919461072058122220e-01
9.920472081849611712e-01
9.921589578536872400e-01
9.922808650905287076e-01
9.924124071744701014e-01
9.925530330943138635e-01
9.927021669275797322e-01
9.928592112692329330e-01
9.930235506897853170e-01
9.931945552018581758e-01
9.933715837141641192e-01
9.935539874520736836e-01
9.937411133244566930e-01
9.939323072173137374e-01
9.941269171957837214e-01
9.943242965973886349e-01
9.945238070007897946e-01
9.947248210558312653e-01
9.949267251621816133e-01
9.951289219854112522e-01
9.953308328008324546e-01
9.955318996568617296e-01
9.957315873510381721e-01
9.959293852131492208e-01
9.961248086911965727e-01
9.963174007371905505e-01
9.965067329910278771e-01
9.966924067619866712e-01
9.968740538086969805e-01
9.970513369198100717e-01
9.972239502990002391e-01
9.973916197593803989e-01
9.975541027338673539e-01
9.977111881094715695e-01
9.978626958948588754e-01
9.980084767318018191e-01
9.981484112622334148e-01
9.982824093635024321e-01
9.984104092650352147e-01
9.985323765598939083e-01
9.986483031246597974e-01
9.987582059606222584e-01
9.988621259684445919e-01
9.989601266673210356e-01
9.990522928681888626e-01
9.991387293089019073e-01
9.992195592575042751e-01
9.992949230879925038e-01
9.993649768313520587e-01
9.994298907033384305e-01
9.994898476095681605e-01
9.995450416280955430e-01
9.995956764698533670e-01
9.996419639181526318e-01
9.996841222498596968e-01
9.997223746428247626e-01
9.997569475765022418e-01
9.997880692353301457e-01
