9.997974559134560346e-01
9.997679755487167697e-01
9.997352782321062836e-01
9.996991592598278853e-01
9.996594162541501127e-01
9.996158504606137418e-01
9.995682679928094005e-01
9.995164810140800826e-01
9.994603088491120779e-01
9.993995790218194175e-01
9.993341282190133512e-01
9.992638031819329747e-01
9.991884615297124128e-01
9.991079725202132167e-01
9.990222177543781612e-01
9.989310918303959674e-01
9.988345029536039865e-01
9.987323735072858311e-01
9.986246405884768862e-01
9.985112565116877059e-01
9.983921892822110733e-01
9.982674230394895654e-01
9.981369584699760766e-01
9.980008131880736544e-01
9.978590220831305979e-01
9.977116376301117251e-01
9.975587301614619040e-01
9.974003880978107306e-01
9.972367181355004107e-01
9.970678453894284976e-01
9.968939134903374022e-01
9.967150846364031258e-01
9.965315395997476067e-01
9.963434776892645672e-01
9.961511166718702848e-01
9.959546926549259771e-01
9.957544599330849788e-01
9.955506908031571678e-01
9.953436753507227674e-01
9.951337212121339482e-01
9.949211533151945952e-01
9.947063136011885520e-01
9.944895607300288098e-01
9.942712697691288293e-01
9.940518318651624385e-01
9.938316538962197466e-01
9.936111581000092174e-01
9.933907816717579831e-01
9.931709763233875776e-01
9.929522077934469504e-01
9.927349552952596801e-01
9.925197108888492714e-01
9.923069787605343084e-01
9.920972743926966819e-01
9.918911236051939362e-01
9.916890614492619438e-01
9.914916309345674916e-01
9.912993815703652345e-01
9.911128677024685363e-01
9.909326466289705149e-01
9.907592764793059503e-01
9.905933138432960749e-01
9.904353111392047992e-01
9.902858137125200022e-01
9.901453566600818545e-01
9.900144613772838831e-01
9.898936318293217740e-01
9.897833505508280005e-01
9.896840743817042485e-01
9.895962299505166593e-01
9.895202089204624407e-01
9.894563630166260948e-01
9.894049988570043919e-01
9.893663726135519809e-01
9.893406845332186617e-01
9.893280733525346982e-01
9.893286106426248949e-01
9.893422951244704722e-01
9.893690469966203160e-01
9.894087023192230657e-01
9.894610074990520809e-01
9.895256139199725132e-01
9.896020727619631030e-01
9.896898300492764644e-01
9.897882219645945945e-01
9.898964704611655785e-01
9.900136791989943008e-01
9.901388298243769537e-01
9.902707786046293092e-01
9.904082534220147727e-01
9.905498511229047232e-01
9.906940352103814629e-01
9.908391338610924581e-01
9.909833382404421576e-01
9.911247010843614591e-01
9.912611355111189404e-01
9.913904140230324069e-01
9.915101676555988508e-01
9.916178852305018721e-01
9.917109126691773247e-01
9.917864523250620179e-01
9.918415622952702071e-01
9.918731556761293255e-01
9.918779997316997665e-01
9.918527149499987150e-01
9.917937739680886544e-01
9.916975003544159506e-01
9.915600672447657526e-01
9.913774958369266921e-01
9.911456537586419424e-01
9.908602533336916540e-01
9.905168497820397988e-01
9.901108394019147996e-01
9.896374577944926365e-01
9.890917782054938767e-01
9.884687100724159903e-01
9.877629978811820477e-01
9.869692204514667333e-01
9.860817907855924380e-01
9.850949566312819927e-01
9.840028019232668344e-01
9.827992492822622550e-01
9.814780637615746484e-01
9.800328580410142543e-01
9.784570992742919193e-01
9.767441177991377232e-01
9.748871179185508717e-01
9.728791909565019935e-01
9.707133307818275325e-01
9.683824519798662767e-01
9.658794108326083094e-01
9.631970292449065774e-01
9.603281217269058478e-01
9.572655255116256923e-01
9.540021338520310312e-01
9.505309325044200008e-01
9.468450393650578167e-01
9.429377471852223858e-01
9.388025692467107941e-01
9.344332878358964090e-01
9.298240053101285429e-01
9.249691975060981841e-01
9.198637691962459062e-01
9.145031112568503540e-01
9.088831591705806012e-01
9.030004524475655492e-01
8.968521945129497297e-01
8.904363125760277331e-01
8.837515169669887261e-01
8.767973594026114981e-01
8.695742896225945318e-01
8.620837098241027618e-01
8.543280263141825870e-01
8.463106977983994028e-01
8.380362797298330779e-01
8.295104641557355940e-01
8.207401145199024750e-01
8.117332949071778270e-01
8.024992932523304923e-01
7.930486380785155553e-01
7.833931083800780293e-01
7.735457363198681158e-01
7.635208024715559594e-01
7.533338234015635182e-01
7.430015314519471392e-01
7.325418466535154050e-01
7.219738407663054414e-01
7.113176935109438714e-01
7.005946411181220856e-01
6.898269173833615486e-01
6.790376874695147613e-01
6.682509747494780328e-01
6.574915810259809312e-01
6.467850005040429728e-01
6.361573279250185564e-01
6.256351612995231237e-01
6.152454997007306137e-01
6.050156366003920372e-01
5.949730492484215372e-01
5.851452846140343667e-01
5.755598424230982113e-01
5.662440558433848858e-01
5.572249703874039284e-01
5.485292216217994010e-01
5.401829122930363880e-01
5.322114895010393587e-01
5.246396225752096854e-01
5.174910823299654350e-01
5.107886223988288288e-01
5.045538633658661620e-01
4.988071804298415124e-01
4.935675953484545131e-01
4.888526734162638165e-01
4.846784262292607171e-01
4.810592209804723796e-01
4.780076970138463777e-01
4.755346903372553724e-01
4.736491667597760857e-01
4.723581642732882502e-01
4.716667452443173980e-01
4.715779589195074895e-01
4.720928146778503587e-01
4.732102663859105718e-01
4.749272081297050141e-01
4.772384815099278699e-01
4.801368945968973456e-01
4.836132525491593226e-01
4.876563998061604899e-01
4.922532736717823987e-01
4.973889690126938046e-01
5.030468137042032328e-01
5.092084543672268371e-01
5.158539518537483826e-01
5.229618858552730343e-01
5.305094679297561733e-01
5.384726621679112313e-01
5.468263126501955451e-01
5.555442767817727612e-01
5.645995635351398478e-01
5.739644755795952902e-01
5.836107542342467980e-01
5.935097261477358943e-01
6.036324505842038946e-01
6.139498661822221370e-01
6.244329360522677952e-01
6.350527900896212330e-01
6.457808634038294526e-01
6.565890298034784411e-01
6.674497293260046593e-01
6.783360888664243804e-01
6.892220350356459413e-01
7.000823984675472733e-01
7.108930088931040281e-01
7.216307804080408506e-01
7.322737864760248128e-01
7.428013243304008029e-01
7.531939685617756730e-01
7.634336138042095987e-01
7.735035065571775892e-01
7.833882663015991898e-01
7.930738961840637646e-01
8.025477836519036012e-01
8.117986915212901389e-01
8.208167400494790211e-01
8.295933806595058302e-01
8.381213620300193012e-01
8.463946893139080441e-01
8.544085772865315231e-01
8.621593982477024909e-01
8.696446255112683099e-01
8.768627733127991597e-01
8.838133339502262098e-01
8.904967129453640329e-01
8.969141629772493518e-01
9.030677172925514196e-01
9.089601232454033175e-01
9.145947765604506285e-01
9.199756568502692744e-01
9.251072648531526443e-01
9.299945617910857498e-01
9.346429111819324342e-01
9.390580233757062079e-01
9.432459030234143782e-01
9.472127996292633023e-01
9.509651612837529688e-01
9.545095916269192848e-01
9.578528100480581120e-01
9.610016150908686772e-01
9.639628510011093443e-01
9.667433773274145548e-01
9.693500414646359920e-01
9.717896540125758875e-01
9.740689668108393207e-01
9.761946535022643090e-01
9.781732924724672040e-01
9.800113520109625664e-01
9.817151775395625002e-01
9.832909807558662951e-01
9.847448305431966142e-01
9.860826455029416682e-01
9.873101879706366324e-01
9.884330593830050748e-01
9.894566968694117337e-01
9.903863709476296018e-01
9.912271842104116715e-01
9.919840708960476761e-01
9.926617972428488645e-01
9.932649625343302757e-01
9.937980007487235978e-01
9.942651827333296444e-01
9.946706188310399099e-01
9.950182618930515366e-01
9.953119106182576337e-01
9.955552131659033410e-01
9.957516709937209720e-01
9.959046428787859950e-01
9.960173490826456089e-01
9.960928756258118355e-01
9.961341786394252162e-01
9.961440887638148833e-01
9.961253155648643887e-01
9.960804519396552204e-01
9.960119784829727374e-01
9.959222677860994910e-01
9.958135886391196179e-01
9.956881101079191332e-01
9.955479054574011277e-01
9.953949558933162800e-01
9.952311540966732872e-01
9.950583075270188482e-01
9.948781414740023310e-01
9.946923018405184891e-01
9.945023576452867164e-01
9.943098032378332451e-01
9.941160602243340749e-01
9.939224791084606547e-01
9.937303406570341391e-01
9.935408570057508992e-01
9.933551725252913744e-01
9.931743644725972153e-01
9.929994434558726546e-01
9.928313537448184567e-01
9.926709734596873558e-01
9.925191146739270609e-01
9.923765234654662315e-01
9.922438799511505980e-01
9.921217983375169025e-01
9.920108270191235755e-01
9.919114487531333069e-01
9.918240809359233356e-01
9.917490760042925180e-01
9.916867219804891276e-01
9.916372431769094886e-01
9.916008010730179567e-01
9.915774953739016073e-01
9.915673652569377827e-01
9.915703908103722375e-01
9.915864946651636869e-01
9.916155438192458815e-01
9.916573516513524922e-01
9.917116801197033427e-01
9.917782421391121428e-01
9.918567041284099828e-01
9.919466887184430481e-01
9.920477776092916367e-01
9.921595145637511770e-01
9.922814085225474257e-01
9.924129368252492256e-01
9.925535485194434404e-01
9.927026677394940046e-01
9.928596971351835165e-01
9.930240213297781837e-01
9.931950103865913038e-01
9.933720232630007807e-01
9.935544112310717990e-01
9.937415212444699053e-01
9.939326992321702026e-01
9.941272933005418366e-01
9.943246568266631558e-01
9.945241514271384586e-01
9.947251497881892668e-01
9.949270383443293841e-01
9.951292197944605622e-01
9.953311154457185062e-01
9.955321673768281476e-01
9.957318404141054513e-01
9.959296239145593033e-01
9.961250333518258948e-01
9.963176117019301170e-01
9.965069306271269189e-01
9.966925914573591117e-01
9.968742259701912634e-01
9.970514969714414644e-01
9.972240986801481633e-01
9.973917569229495683e-01
9.975542291444144949e-01
9.977113042412965038e-01
9.978628022300636280e-01
9.980085737583149763e-01
9.981484994718053949e-01
9.982824892496727776e-01
9.984104813210776808e-01
9.985324412767474511e-01
9.986483609888546775e-01
9.987582574522141377e-01
9.988621715589736105e-01
9.989601668178130778e-01
9.990523280272221029e-01
9.991387599107598438e-01
9.992195857204431153e-01
9.992949458126454410e-01
9.993649961992981945e-01
9.994299070758589920e-01
9.994898613266118836e-01
9.995450530074715401e-01
9.995956858066654682e-01
9.996419714844833049e-01
9.996841282947076524e-01
9.997223793922925816e-01
9.997569512342252551e-01
9.997880719831320206e-01
