9.997974626120338382e-01
9.997679825947501930e-01
9.997352855446157704e-01
9.996991667345744847e-01
9.996594237617305589e-01
9.996158578448153254e-01
9.995682750692824747e-01
9.995164875693781648e-01
9.994603146401437321e-01
9.993995837757436718e-01
9.993341316335992985e-01
9.992638049263934397e-01
9.991884612460060211e-01
9.991079698247973262e-01
9.990222122403834559e-01
9.989310830701814137e-01
9.988344905016413033e-01
9.987323569033150772e-01
9.986246193608688815e-01
9.985112301809461188e-01
9.983921573645446745e-01
9.982673850503879232e-01
9.981369139277243008e-01
9.980007616171475693e-01
9.978589630174194980e-01
9.977115706159251918e-01
9.975586547602867116e-01
9.974003038887903072e-01
9.972366247176221998e-01
9.970677423834144459e-01
9.968938005402373514e-01
9.967149614109054312e-01
9.965314057932246339e-01
9.963433330225781592e-01
9.961509608929680626e-01
9.959545255392633356e-01
9.957542812839094148e-01
9.955505004516941314e-01
9.953434731563013393e-01
9.951335070622903123e-01
9.949209271257898335e-01
9.947060753165721803e-01
9.944893103232792519e-01
9.942710072423928125e-01
9.940515572501154029e-01
9.938313672546608135e-01
9.936108595245993769e-01
9.933904712869070508e-01
9.931706542862873688e-01
9.929518742952461174e-01
9.927346105623707784e-01
9.925193551843747297e-01
9.923066123857966492e-01
9.920968976888548951e-01
9.918907369549301301e-01
9.916886652785164014e-01
9.914912257143082552e-01
9.912989678183714570e-01
9.911124459851148316e-01
9.909322175629953211e-01
9.907588407335536917e-01
9.905928721404194670e-01
9.904348642573191919e-01
9.902853624867984372e-01
9.901449019842827326e-01
9.900140042052008038e-01
9.898931731761428932e-01
9.897828914943914702e-01
9.896836160636311996e-01
9.895957735771984121e-01
9.895197557638748531e-01
9.894559144149339680e-01
9.894045562149161865e-01
9.893659374023745512e-01
9.893402582905578280e-01
9.893276576815790424e-01
9.893282072109483849e-01
9.893419056622847485e-01
9.893686732944092510e-01
9.894083462246954230e-01
9.894606709133527689e-01
9.895252987931060229e-01
9.896017810873951603e-01
9.896895638576971299e-01
9.897879833168505836e-01
9.898962614403912230e-01
9.900135019019999927e-01
9.901386863523827797e-01
9.902706710534622259e-01
9.904081838719205333e-01
9.905498216281526380e-01
9.906940477888709351e-01
9.908391904841949982e-01
9.909834408233302305e-01
9.911248514770931717e-01
9.912613354907515717e-01
9.913906652870384528e-01
9.915104718168454845e-01
9.916182438140356270e-01
9.917113271110223893e-01
9.917869239732007847e-01
9.918420924129209837e-01
9.918737454473777193e-01
9.918786502694713070e-01
9.918534273062883377e-01
9.917945491462873964e-01
9.916983393234988231e-01
9.915609709550352591e-01
9.913784652369362904e-01
9.911466898128687975e-01
9.908613570404798399e-01
9.905180221913031380e-01
9.901120816320665430e-01
9.896387710480680777e-01
9.890931637829407652e-01
9.884701693835560299e-01
9.877645324538827376e-01
9.869708319371166549e-01
9.860834809610302676e-01
9.850967273968977977e-01
9.840046552970637128e-01
9.828011873897377626e-01
9.814800888213530694e-01
9.800349723462258300e-01
9.784593051697573207e-01
9.767464176544718990e-01
9.748895140973456996e-01
9.728816857817886854e-01
9.707159264980504965e-01
9.683851507116280066e-01
9.658822145404635240e-01
9.631999396785037026e-01
9.603311403757870401e-01
9.572686535540150254e-01
9.540053721019565725e-01
9.505342813575393679e-01
9.468484987435812350e-01
9.429413164823595705e-01
9.388062472711057316e-01
9.344370727565541879e-01
9.298278946023850189e-01
9.249731878992246692e-01
9.198678566233323695e-01
9.145072908076452567e-01
9.088874250480010186e-01
9.030047979286194293e-01
8.968566119148191351e-01
8.904407932280673510e-01
8.837560511893707282e-01
8.768019364923251846e-01
8.695788978474529030e-01
8.620883364253508763e-01
8.543326575182261795e-01
8.463153188380794223e-01
8.380408748755775461e-01
8.295150167568083877e-01
8.207446070558593876e-01
8.117377090495176972e-01
8.025036099362130582e-01
7.930528375842995636e-01
7.833971704243075651e-01
7.735496401552259815e-01
7.635245269951884683e-01
7.533373472710764851e-01
7.430048332082722640e-01
7.325449048497544302e-01
7.219766341015846356e-01
7.113202009682333404e-01
7.005968421049293404e-01
6.898287918741561331e-01
6.790392161487277534e-01
6.682521391539126832e-01
6.574923636854732578e-01
6.467853850792664172e-01
6.361572993413601163e-01
6.256347058760447499e-01
6.152446052733173687e-01
6.050142926382902075e-01
5.949712469635000112e-01
5.851430170622081706e-01
5.755571045974918754e-01
5.662408447589315497e-01
5.572212851566725744e-01
5.485250635219505178e-01
5.401782848238448898e-01
5.322063984339864273e-01
5.246340759936112264e-01
5.174850906600962919e-01
5.107821984319023123e-01
5.045470222706283092e-01
4.987999397553887215e-01
4.935599750167241062e-01
4.888446957034522367e-01
4.846701157352545364e-01
4.810506045851965506e-01
4.779988038192770627e-01
4.755255515937555355e-01
4.736398157753410887e-01
4.723486363042981306e-01
4.716570773664906513e-01
4.715681898779042758e-01
4.720829847150401770e-01
4.732004170477379645e-01
4.749173820485230735e-01
4.772287221656422718e-01
4.801272460567028721e-01
4.836037591874363661e-01
4.876471060065932228e-01
4.922442235143528189e-01
4.973802059487765215e-01
5.030383802234995594e-01
5.092003916607357183e-01
5.158462994773316268e-01
5.229546813986226672e-01
5.305027466957275006e-01
5.384664568671946316e-01
5.468206531161965422e-01
5.555391897103361121e-01
5.645950722534067712e-01
5.739605998478143345e-01
5.836075100838156171e-01
5.935071257581021609e-01
6.036305022005761245e-01
6.139485740752959053e-01
6.244323005204197585e-01
6.350528075032813025e-01
6.457815262909989418e-01
6.565903269746732329e-01
6.674516460362636128e-01
6.783386070114517663e-01
6.892251333786615364e-01
7.000860528930170634e-01
7.108971926832043930e-01
7.216354645374885024e-01
7.322789399207842997e-01
7.428069143857356504e-01
7.531999611651674087e-01
7.634399738587924755e-01
7.735101982515423247e-01
7.833952534220811614e-01
7.930811424159482925e-01
8.025552528663438823e-01
8.118063480451218616e-01
8.208245489155407970e-01
8.296013078354963488e-01
8.381293746243659859e-01
8.464027557575460881e-01
8.544166674899226210e-01
8.621674837328137109e-01
8.696526795186230174e-01
8.768707708840520754e-01
8.838212519870403128e-01
8.905045302456434664e-01
8.969218602500281801e-01
9.030752771530408118e-01
9.089675301918636041e-01
9.146020169346790185e-01
9.199827187835767361e-01
9.251141381997549651e-01
9.300012380508442256e-01
9.346493834143608792e-01
9.390642861071168968e-01
9.432519521490018155e-01
9.472186323118267914e-01
9.509707758506534825e-01
9.545149874667329115e-01
9.578579875082504635e-01
9.610065753776696473e-01
9.639675960826102896e-01
9.667479098407556481e-01
9.693543646279948467e-01
9.717937715425117862e-01
9.740728828453995014e-01
9.761983725301122128e-01
9.781768192681589147e-01
9.800146915763727762e-01
9.817183350513488671e-01
9.832939615187649141e-01
9.847476399488558352e-01
9.860852889939403232e-01
9.873126710092799962e-01
9.884353874244616867e-01
9.894588753387404401e-01
9.903884052202424071e-01
9.912290795955365219e-01
9.919858326227780632e-01
9.926634304484039939e-01
9.932664722541916236e-01
9.937993919083613070e-01
9.942664601412801728e-01
9.946717871731460825e-01
9.950193257277206715e-01
9.953128743726346039e-01
9.955560811328917348e-01
9.957524473298138279e-01
9.959053316026875713e-01
9.960179540746814109e-01
9.960934006281301212e-01
9.961346272569938654e-01
9.961444644662124093e-01
9.961256216888547677e-01
9.960806916925237786e-01
9.960121549465845714e-01
9.959223839216272411e-01
9.958136472923727611e-01
9.956881140151910836e-01
9.955478572517407754e-01
9.953948581111202731e-01
9.952310091844898121e-01
9.950581178484525502e-01
9.948779093166085774e-01
9.946920294225817250e-01
9.945020471223841030e-01
9.943094567090917657e-01
9.941156797383039478e-01
9.939220666685341099e-01
9.937298982263548242e-01
9.935403865115683963e-01
9.933546758627251894e-01
9.931738435077869243e-01
9.929989000284960010e-01
9.928307896699715140e-01
9.926703905291236474e-01
9.925185146566630756e-01
9.923759081077671018e-01
9.922432509759158137e-01
9.921211574430980340e-01
9.920101758776107559e-01
9.919107890081612089e-01
9.918234142000564857e-01
9.917484038560581139e-01
9.916860459611386291e-01
9.916365647869956890e-01
9.916001217688817926e-01
9.915768165641652976e-01
9.915666882991012177e-01
9.915697170076059885e-01
9.915858252633835690e-01
9.916148800045437861e-01
9.916566945478439976e-01
9.917110307878360675e-01
9.917776015744604878e-01
9.918560732609636998e-01
9.919460684123807548e-01
9.920471686632107433e-01
9.921589177113151470e-01
9.922808244334984096e-01
9.924123661067275615e-01
9.925529917175500705e-01
9.927021253410330814e-01
9.928591695695259123e-01
9.930235089707880602e-01
9.931945135545716674e-01
9.933715422266167216e-01
9.935539462092251028e-01
9.937410724081054969e-01
9.939322667060036531e-01
9.941268771647084890e-01
9.943242571182925316e-01
9.945237681418653830e-01
9.947247828816155879e-01
9.949266877334517201e-01
9.951288853590823935e-01
9.953307970298604923e-01
9.955318647901532092e-01
9.957315534333696094e-01
9.959293522850987124e-01
9.961247767890876181e-01
9.963173698930509747e-01
9.965067032325634067e-01
9.966923781125707205e-01
9.968740262873749813e-01
9.970513105413191246e-01
9.972239250738034189e-01
9.973915956937151606e-01
9.975540798298075940e-01
9.977111663650031215e-01
9.978626753039685493e-01
9.980084572845793200e-01
9.981483929449883608e-01
9.982823921588961369e-01
9.984103931522275710e-01
9.985323615147081444e-01
9.986482891197651091e-01
9.987581929657352031e-01
9.988621139505508006e-01
9.989601155909169083e-01
9.990522826955431368e-01
9.991387200003367663e-01
9.992195507716941094e-01
9.992949153822779929e-01
9.993649698620666877e-01
9.994298844261441106e-01
9.994898419797949574e-01
9.995450366010810717e-01
9.995956720012763030e-01
9.996419599643547871e-01
9.996841187681522189e-01
9.997223715917719078e-01
9.997569449161789468e-01
9.997880669275489574e-01
