9.997974673843278426e-01
9.997679892046308359e-01
9.997352943810010606e-01
9.996991782340123311e-01
9.996594384093994146e-01
9.996158761748437094e-01
9.995682976643360806e-01
9.995165150594799153e-01
9.994603477007114600e-01
9.993996231248537532e-01
9.993341780285018849e-01
9.992638591593285824e-01
9.991885241393865247e-01
9.991080422258429294e-01
9.990222950153019310e-01
9.989311770980052740e-01
9.988345966678334742e-01
9.987324760932602130e-01
9.986247524533653497e-01
9.985113780418097829e-01
9.983923208404265059e-01
9.982675649628960368e-01
9.981371110679296832e-01
9.980009767405345622e-01
9.978591968393284439e-01
9.977118238075164403e-01
9.975589279450387536e-01
9.974005976395297068e-01
9.972369395540666703e-01
9.970680787701972081e-01
9.968941588853714730e-01
9.967153420646338580e-01
9.965318090471961820e-01
9.963437591092856316e-01
9.961514099853797655e-01
9.959549977505794960e-01
9.957547766673764400e-01
9.955510190004142057e-01
9.953440148029781831e-01
9.951340716788602547e-01
9.949215145228939017e-01
9.947066852428362305e-01
9.944899424643752761e-01
9.942716612198683190e-01
9.940522326199844327e-01
9.938320635057610319e-01
9.936115760767295635e-01
9.933912074887644161e-01
9.931714094132335635e-01
9.929526475469347968e-01
9.927354010602735812e-01
9.925201619692461952e-01
9.923074344151174841e-01
9.920977338342962248e-01
9.918915859998762574e-01
9.916895259156850440e-01
9.914920965435021216e-01
9.912998473443940251e-01
9.911133326158770851e-01
9.909331096078420886e-01
9.907597364018321251e-01
9.905937695403130849e-01
9.904357613949706929e-01
9.902862572657460394e-01
9.901457922052376848e-01
9.900148875661974879e-01
9.898940472731015960e-01
9.897837538221383458e-01
9.896844640174308205e-01
9.895966044548633045e-01
9.895205667685234019e-01
9.894567026584811797e-01
9.894053187223837975e-01
9.893666711171155148e-01
9.893409600804886628e-01
9.893283243465141874e-01
9.893288354911192739e-01
9.893424922481165451e-01
9.893692148376073137e-01
9.894088393506705881e-01
9.894611122349822319e-01
9.895256849257928478e-01
9.896021086653453702e-01
9.896898295512936983e-01
9.897881838509502428e-01
9.898963936133259311e-01
9.900135626050137194e-01
9.901386725891883067e-01
9.902705799595603597e-01
9.904080127332847150e-01
9.905495678988569530e-01
9.906937091072166579e-01
9.908387646868859200e-01
9.909829259572544569e-01
9.911242458082903939e-01
9.912606375101841172e-01
9.913898737128391536e-01
9.915095855927893442e-01
9.916172621040693080e-01
9.917102492897859056e-01
9.917857496125916938e-01
9.918408212648688327e-01
9.918723774231246182e-01
9.918771854157746315e-01
9.918518657790844628e-01
9.917928911824586136e-01
9.916965852114846269e-01
9.915591210050976878e-01
9.913765197519468497e-01
9.911446490605080317e-01
9.908592212277457234e-01
9.905157914421957033e-01
9.901097559692720873e-01
9.896363503793889072e-01
9.890906478931268397e-01
9.884675579320846284e-01
9.877618249791138005e-01
9.869680278671213447e-01
9.860805796312629434e-01
9.850937280747525948e-01
9.840015572132362331e-01
9.827979897761996986e-01
9.814767909556481040e-01
9.800315736017100043e-01
9.784558050713341171e-01
9.767428159393145570e-01
9.748858107800565387e-01
9.728778812234090134e-01
9.707120214783104828e-01
9.683811465038054678e-01
9.658781129882023642e-01
9.631957432739223224e-01
9.603268523381879307e-01
9.572642779084737930e-01
9.540009137570386599e-01
9.505297461813463356e-01
9.468438936372847170e-01
9.429366494503269580e-01
9.388015274866671200e-01
9.344323106224139419e-01
9.298231018046304586e-01
9.249683774538568493e-01
9.198630429142206077e-01
9.145024896148085114e-01
9.088826535651429728e-01
9.030000747688837759e-01
8.968519571038076066e-01
8.904362281832519654e-01
8.837515986851552929e-01
8.767976206101443237e-01
8.695747439104590804e-01
8.620843709174106362e-01
8.543289079871294600e-01
8.463118137830600851e-01
8.380376436194355572e-01
8.295120893031210363e-01
8.207420139319592245e-01
8.117354811361047195e-01
8.025017782846446401e-01
7.930514332227689422e-01
7.833962241542821170e-01
7.735491823396525302e-01
7.635245873400989813e-01
7.533379546023366569e-01
7.430060152452990785e-01
7.325466879780906382e-01
7.219790431462567160e-01
7.113232589698323949e-01
7.006005701003299446e-01
6.898332086837433152e-01
6.790443381719200033e-01
6.682579801746540982e-01
6.574989346892350373e-01
6.467926940829161753e-01
6.361653512370817332e-01
6.256435022902748777e-01
6.152541444414503236e-01
6.050245692956958132e-01
5.949822522531774682e-01
5.851547384592284962e-01
5.755695258502222522e-01
5.662539458469140197e-01
5.572350422649807733e-01
5.485394490318251659e-01
5.401932673194785872e-01
5.322219427254264446e-01
5.246501431559393858e-01
5.175016380892480949e-01
5.107991799177724612e-01
5.045643880883736720e-01
4.988176367761488761e-01
4.935779468392369473e-01
4.888628828082964839e-01
4.846884556635931984e-01
4.810690321440154182e-01
4.780172513150615643e-01
4.755439490964309401e-01
4.736580914140049448e-01
4.723667165958923553e-01
4.716748875779760430e-01
4.715856544218600677e-01
4.721000275777944566e-01
4.732169622482826910e-01
4.749333541255138513e-01
4.772440466888185906e-01
4.801418501581158349e-01
4.836175721069415623e-01
4.876600596452391745e-01
4.922562529885836646e-01
4.973912501377888429e-01
5.030483823017113387e-01
5.092092996071149180e-01
5.158540665533499769e-01
5.229612665868170751e-01
5.305081150912867027e-01
5.384705800156288635e-01
5.468235092909423667e-01
5.555407641251621786e-01
5.645953572055615322e-01
5.739595947890884231e-01
5.836052216179574703e-01
5.935035675643343112e-01
6.036256948842579906e-01
6.139425449480389041e-01
6.244250833131601564e-01
6.350444420168911419e-01
6.457720579900048108e-01
6.565798065304709885e-01
6.674401288268986265e-01
6.783261525855424079e-01
6.892118048913973283e-01
7.000719165223291407e-01
7.108823170342348785e-01
7.216199200433462968e-01
7.322627982472933450e-01
7.427902478474902592e-01
7.531828421596857837e-01
7.634224743249633516e-01
7.734923891578727728e-01
7.833772042895270626e-01
7.930629208793291696e-01
8.025369242775538536e-01
8.117879751205532290e-01
8.208061914293480754e-01
8.295830223595709318e-01
8.381112143151610017e-01
8.463847701892249775e-01
8.543989025326728104e-01
8.621499814746169665e-01
8.696354782282804674e-01
8.768539050128459911e-01
8.838047522060695771e-01
8.904884235155993144e-01
8.969061699199812887e-01
9.030600230846820287e-01
9.089527289055822079e-01
9.145876817738627373e-01
9.199688600935780336e-01
9.251007635180744648e-01
9.299883523052381307e-01
9.346369891257687579e-01
9.390523835945273623e-01
9.432405397336202091e-01
9.472077065181760958e-01
9.509603316025154740e-01
9.545050182761241064e-01
9.578484856559151828e-01
9.609975320838617385e-01
9.639590016672129336e-01
9.667397538720643446e-01
9.693466360597420284e-01
9.717864588389563130e-01
9.740659740945213363e-01
9.761918555451523094e-01
9.781706816779147662e-01
9.800089209048050698e-01
9.817129187871684870e-01
9.832888871757561322e-01
9.847428951177482626e-01
9.860808613866667294e-01
9.873085484964611025e-01
9.884315580669355006e-01
9.894553274139058496e-01
9.903851272439323505e-01
9.912260603400564474e-01
9.919830611316667879e-01
9.926608960483882527e-01
9.932641645647185547e-01
9.937973008490134097e-01
9.942645759373025527e-01
9.946701003592498536e-01
9.950178271502739813e-01
9.953115551903133351e-01
9.955549328158295186e-01
9.957514616572795685e-01
9.959045006593093552e-01
9.960172702452456672e-01
9.960928565909932253e-01
9.961342159761661375e-01
9.961441791821968872e-01
9.961254559083473348e-01
9.960806391771083179e-01
9.960122097005777997e-01
9.959225401792507482e-01
9.958138995044403252e-01
9.956884568355141019e-01
9.955482855234546458e-01
9.953953668531330123e-01
9.952315935782476419e-01
9.950587732252016426e-01
9.948786311453180486e-01
9.946928132986707638e-01
9.945028887573741372e-01
9.943103519212838082e-01
9.941166244445565070e-01
9.939230568771972862e-01
9.937309300313955651e-01
9.935414560879027857e-01
9.933557794627595472e-01
9.931749774591506208e-01
9.930000607329388940e-01
9.928319736033802689e-01
9.926715942426022066e-01
9.925197347786032243e-01
9.923771413468237546e-01
9.922444941247835493e-01
9.921224073829710832e-01
9.920114295831922169e-01
9.919120435530742741e-01
9.918246667624979196e-01
9.917496517245278920e-01
9.916872865400750969e-01
9.916377956021475981e-01
9.916013404722571201e-01
9.915780209384095212e-01
9.915678762611782604e-01
9.915708866116773601e-01
9.915869747028125403e-01
9.916160076129778567e-01
9.916577987993647758e-01
9.917121102961927726e-01
9.917786550914339250e-01
9.918570996739310974e-01
9.919470667411727227e-01
9.920481380563643814e-01
9.921598574418372118e-01
9.922817338942537813e-01
9.924132448055649203e-01
9.925538392722700332e-01
9.927029414742910562e-01
9.928599541037473886e-01
9.930242618231593932e-01
9.931952347321512109e-01
9.933722318215968405e-01
9.935546043943591643e-01
9.937416994323039487e-01
9.939328628900913065e-01
9.941274428973281285e-01
9.943247928519364232e-01
9.945242743890128079e-01
9.947252602109537545e-01
9.949271367661604026e-01
9.951293067651645341e-01
9.953311915245031116e-01
9.955322331301083016e-01
9.957318964133473616e-01
9.959296707341681598e-01
9.961250715670820766e-01
9.963176418869781337e-01
9.965069533530204193e-01
9.966926072901632905e-01
9.968742354691428886e-01
9.970515006871649710e-01
9.972240971529260367e-01
9.973917506810443534e-01
9.975542187024392105e-01
9.977112900986326860e-01
9.978627848693257807e-01
9.980085536438642047e-01
9.981484770483168845e-01
9.982824649407642248e-01
9.984104555280107762e-01
9.985324143772168481e-01
9.986483333358815440e-01
9.987582293731657179e-01
9.988621433547296702e-01
9.989601387621040995e-01
9.990523003661597734e-01
9.991387328625839226e-01
9.992195594755012289e-01
9.992949205336226770e-01
9.993649720217043786e-01
9.994298841087788654e-01
9.994898396537146290e-01
9.995450326882695524e-01
9.995956668780046073e-01
9.996419539622412032e-01
9.996841121756691040e-01
9.997223646561645971e-01
9.997569378457544786e-01
9.997880598942785468e-01
