9.997974557830278108e-01
9.997679755887098896e-01
9.997352784938088321e-01
9.996991598020982250e-01
9.996594171437057641e-01
9.996158517722167902e-01
9.995682698093388829e-01
9.995164834264810283e-01
9.994603119562160964e-01
9.993995829300355016e-01
9.993341330418888946e-01
9.992638090395918882e-01
9.991884685481770001e-01
9.991079808306223553e-01
9.990222274921148893e-01
9.989311031341425728e-01
9.988345159643413629e-01
9.987323883672561964e-01
9.986246574401295151e-01
9.985112754966269932e-01
9.983922105401645819e-01
9.982674467073124891e-01
9.981369846807079949e-01
9.980008420700587912e-01
9.978590537592122445e-01
9.977116722169074858e-01
9.975587677687254295e-01
9.974004288278798258e-01
9.972367620828312962e-01
9.970678926402144482e-01
9.968939641222034354e-01
9.967151387181716338e-01
9.965315971912648285e-01
9.963435388412787974e-01
9.961511814259499387e-01
9.959547610434077436e-01
9.957545319790394034e-01
9.955507665203621182e-01
9.953437547436331245e-01
9.951338042758396396e-01
9.949212400353570906e-01
9.947064039539502689e-01
9.944896546818897676e-01
9.942713672767853339e-01
9.940519328753069095e-01
9.938317583453013526e-01
9.936112659139538783e-01
9.933908927656528443e-01
9.931710906011306239e-01
9.929523251473685308e-01
9.927350756057192749e-01
9.925198340238151617e-01
9.923071045751511443e-01
9.920974027288468333e-01
9.918912542910610641e-01
9.916891942989001230e-01
9.914917657474833224e-01
9.912995181311174964e-01
9.911130057802902682e-01
9.909327859774168523e-01
9.907594168359338260e-01
9.905934549293757829e-01
9.904354526594705277e-01
9.902859553549598903e-01
9.901454980957733465e-01
9.900146022602773765e-01
9.898937717965787808e-01
9.897834892222195924e-01
9.896842113600777813e-01
9.895963648218399911e-01
9.895203412540563015e-01
9.894564923654974864e-01
9.894051247582948960e-01
9.893664945891158524e-01
9.893408020903482480e-01
9.893281859848480631e-01
9.893287178311331864e-01
9.893423963388388032e-01
9.893691416966359231e-01
9.894087899564802946e-01
9.894610875188595278e-01
9.895256857634827652e-01
9.896021358685206382e-01
9.896898838589703873e-01
9.897882659209965572e-01
9.898965040142255756e-01
9.900137018080582552e-01
9.901388409612814634e-01
9.902707777568217073e-01
9.904082400956398802e-01
9.905498248457921262e-01
9.906939955348623705e-01
9.908390803665741986e-01
9.909832705356631521e-01
9.911246188092558418e-01
9.912610383382182144e-01
9.913903016583420769e-01
9.915100398388955183e-01
9.916177417350087175e-01
9.917107533005899977e-01
9.917862769199151662e-01
9.918413707186526374e-01
9.918729478187755522e-01
9.918777755065089075e-01
9.918524742880486800e-01
9.917935168142359981e-01
9.916972266625891930e-01
9.915597769730742916e-01
9.913771889427207551e-01
9.911453301936671290e-01
9.908599130394861731e-01
9.905164926857223939e-01
9.901104654125075788e-01
9.896370667999150328e-01
9.890913700703491962e-01
9.884682846366819042e-01
9.877625549598926247e-01
9.869687598354582869e-01
9.860813122433620403e-01
9.850944599119880740e-01
9.840022867608789747e-01
9.827987154008496207e-01
9.814775108817023197e-01
9.800322858872030363e-01
9.784565075834816827e-01
9.767435063300846654e-01
9.748864864620778725e-01
9.728785393465166909e-01
9.707126589070154132e-01
9.683817597959637480e-01
9.658786983751546096e-01
9.631962966423733841e-01
9.603273692140977813e-01
9.572647534432411343e-01
9.540013427162673532e-01
9.505301229365012983e-01
9.468442121605535888e-01
9.429369033130197142e-01
9.388017098614889200e-01
9.344324142899461672e-01
9.298231191643483440e-01
9.249683005399874647e-01
9.198628634167157481e-01
9.145021989056607570e-01
9.088822427302162277e-01
9.029995346453664196e-01
8.968512783233144603e-01
8.904354012205245583e-01
8.837506139122179860e-01
8.767964683556901395e-01
8.695734145241483803e-01
8.620828548386825219e-01
8.543271958180482795e-01
8.463098963646449313e-01
8.380355121108584715e-01
8.295097352631036758e-01
8.207394294016507885e-01
8.117326587226876278e-01
8.024987112448868087e-01
7.930481155457239639e-01
7.833926506423274372e-01
7.735453486870603745e-01
7.635204902083428946e-01
7.533335916913591612e-01
7.430013853599974905e-01
7.325417910893214923e-01
7.219738804457125347e-01
7.113178329182113790e-01
7.005948844682993171e-01
6.898272685852789854e-01
6.790381500897084699e-01
6.682515519773420953e-01
6.574922756404272262e-01
6.467858148419272091e-01
6.361582638515604904e-01
6.256362201809237966e-01
6.152466823791433725e-01
6.050169433713858957e-01
5.949744798410270263e-01
5.851468381734300506e-01
5.755615174959723968e-01
5.662458503659764109e-01
5.572268816762078192e-01
5.485312463669200778e-01
5.401850465541568891e-01
5.322137287060113575e-01
5.246419615212515319e-01
5.174935151875263983e-01
5.107911427181834885e-01
5.045564640865678463e-01
4.988098538932016490e-01
4.935703333132694937e-01
4.888554670780551614e-01
4.846812662433268581e-01
4.810620974891024471e-01
4.780105996780169564e-01
4.755376083731757131e-01
4.736520889805864165e-01
4.723610791361848582e-01
4.716696409033025450e-01
4.715808232838727410e-01
4.720956354763838902e-01
4.732130312366862324e-01
4.749299046151649328e-01
4.772410972568132959e-01
4.801394173604134341e-01
4.836156703006138091e-01
4.876587008231390019e-01
4.922554466298165732e-01
4.973910030772286106e-01
5.030486986215961798e-01
5.092101805534370307e-01
5.158555104793512980e-01
5.229632689254224420e-01
5.305106683577758275e-01
5.384736738412552182e-01
5.468271304876215488e-01
5.555448967807217198e-01
5.645999828084703465e-01
5.739646923809968992e-01
5.836107679718742780e-01
5.935095373857998124e-01
6.036320610324782399e-01
6.139492786736393537e-01
6.244321545089727143e-01
6.350518194780619963e-01
6.457797096796351610e-01
6.565876998470216996e-01
6.674482308696998434e-01
6.783344304149099280e-01
6.892202257800812415e-01
7.000804481953142311e-01
7.108909278942315835e-01
7.216285793796650694e-01
7.322714764261837317e-01
7.427989164824112533e-01
7.531914742603746937e-01
7.634310444245610006e-01
7.735008734177415413e-01
7.833855805817590001e-01
7.930711688472776855e-01
8.025450253750300300e-01
8.117959126306015794e-01
8.208139504637586015e-01
8.295905898404838386e-01
8.381185789402940678e-01
8.463919223823711535e-01
8.544058343812166445e-01
8.621566866558666442e-01
8.696419519264368958e-01
8.768601438284162608e-01
8.838107540594934974e-01
8.904941875467897727e-01
8.969116963853921431e-01
9.030653132534042227e-01
9.089577849558510003e-01
9.145925066912176105e-01
9.199734575717812834e-01
9.251051378637396017e-01
9.299925083469751108e-01
9.346409321285050753e-01
9.390561191795180340e-01
9.432440738045227979e-01
9.472110451934367958e-01
9.509634811541857191e-01
9.545079850751174710e-01
9.578512761236076534e-01
9.610001526498468394e-01
9.639614587329421447e-01
9.667420537800315294e-01
9.693487850678156326e-01
9.717884630994179096e-01
9.740678396373372294e-01
9.761935882649878105e-01
9.781722873243962058e-01
9.800104050755416019e-01
9.817142869230660596e-01
9.832901445581874178e-01
9.847440468671798675e-01
9.860819124623935172e-01
9.873095036971493155e-01
9.884324220317287635e-01
9.894561046239067625e-01
9.903858220239216692e-01
9.912266768603630318e-01
9.919836034101455757e-01
9.926613679524977085e-01
9.932645698137196888e-01
9.937976430163325547e-01
9.942648584531109668e-01
9.946703265133192140e-01
9.950180000951633907e-01
9.953116779449341367e-01
9.955550082694224479e-01
9.957514925738208955e-01
9.959044896823444626e-01
9.960172199031286366e-01
9.960927693024930196e-01
9.961340940563812030e-01
9.961440248487062332e-01
9.961252712875140469e-01
9.960804263104423573e-01
9.960119705510627197e-01
9.959222766375360747e-01
9.958136133948066737e-01
9.956881499215243236e-01
9.955479595132125104e-01
9.953950234040864764e-01
9.952312343014818596e-01
9.950583996891859684e-01
9.948782448790811639e-01
9.946924157943934919e-01
9.945024814724000572e-01
9.943099362795586593e-01
9.941162018375149234e-01
9.939226286641223984e-01
9.937304975392811102e-01
9.935410206108530318e-01
9.933553422609627814e-01
9.931745397574677225e-01
9.929996237191491826e-01
9.928315384261330312e-01
9.926711620091244193e-01
9.925193065522213143e-01
9.923767181443609031e-01
9.922440769139011518e-01
9.921219970795258636e-01
9.920110270486857118e-01
9.919116495922712939e-01
9.918242821212893690e-01
9.917492770881105590e-01
9.916869225315100289e-01
9.916374427813515746e-01
9.916009993354664154e-01
9.915776919181386040e-01
9.915675597266809804e-01
9.915705828699008517e-01
9.915866839998145332e-01
9.916157301357680920e-01
9.916575346781141276e-01
9.917118596067482361e-01
9.917784178580698606e-01
9.918568758722671186e-01
9.919468563011889506e-01
9.920479408654526710e-01
9.921596733478307284e-01
9.922815627083914070e-01
9.924130863053560736e-01
9.925536932042349214e-01
9.927028075565653698e-01
9.928598320285476619e-01
9.930241512591140296e-01
9.931951353265083826e-01
9.933721432023240316e-01
9.935545261721526744e-01
9.937416312025241227e-01
9.939328042346419201e-01
9.941273933864922530e-01
9.943247520461812039e-01
9.945242418407684859e-01
9.947252354663725926e-01
9.949271193668549618e-01
9.951292962499228567e-01
9.953311874309763718e-01
9.955322349964655926e-01
9.957319037798896266e-01
9.959296831448959386e-01
9.961250885712117364e-01
9.963176630404004808e-01
9.965069782196993575e-01
9.966926354434739732e-01
9.968742664931473652e-01
9.970515341778295459e-01
9.972241327192792326e-01
9.973917879462805836e-01
9.975542573049698269e-01
9.977113296930860686e-01
9.978628251274959116e-01
9.980085942556077283e-01
9.981485177223928806e-01
9.982825054056114755e-01
9.984104955324519803e-01
9.985324536910794579e-01
9.986483717505202362e-01
9.987582667018710669e-01
9.988621794330070358e-01
9.989601734478049666e-01
9.990523335394507765e-01
9.991387644257393452e-01
9.992195893525066541e-01
9.992949486695847927e-01
9.993649983820618310e-01
9.994299086783182684e-01
9.994898624353993899e-01
9.995450537018947257e-01
9.995956861586985376e-01
9.996419715588368282e-01
9.996841281489751152e-01
9.997223790771685437e-01
9.997569507937913436e-01
9.997880714552028758e-01
