9.997974620122712652e-01
9.997679831871452150e-01
9.997352876795775334e-01
9.996991708137602517e-01
9.996594302399748333e-01
9.996158672313646409e-01
9.995682879282608013e-01
9.995165045194255304e-01
9.994603363531908702e-01
9.993996109749087031e-01
9.993341650902177742e-01
9.992638454562132733e-01
9.991885097046049324e-01
9.991080271022998449e-01
9.990222792555725206e-01
9.989311607641153667e-01
9.988345798308969625e-01
9.987324588329841157e-01
9.986247348574385230e-01
9.985113602051906012e-01
9.983923028645506070e-01
9.982675469548245584e-01
9.981370931394589752e-01
9.980009590072894676e-01
9.978591794198592435e-01
9.977118068224185565e-01
9.975589115161132003e-01
9.974005818889976061e-01
9.972369246038510493e-01
9.970680647412816233e-01
9.968941458972409020e-01
9.967153302348014110e-01
9.965317984908174109e-01
9.963437499388568819e-01
9.961514023105172422e-01
9.959549916778718259e-01
9.957547723003031814e-01
9.955510164393196471e-01
9.953440141450899947e-01
9.951340730183410033e-01
9.949215179509141027e-01
9.947066908476553948e-01
9.944899503314209577e-01
9.942716714318001747e-01
9.940522452567338574e-01
9.938320786445379307e-01
9.936115937919862695e-01
9.933912278521126460e-01
9.931714324933080817e-01
9.929526734092014584e-01
9.927354297667787542e-01
9.925201935783085627e-01
9.923074689809617821e-01
9.920977714066313569e-01
9.918916266234198975e-01
9.916895696296383900e-01
9.914921433809770202e-01
9.912998973317961315e-01
9.911133857722481677e-01
9.909331659441642515e-01
9.907597959202945059e-01
9.905938322335438029e-01
9.904358272452331580e-01
9.902863262441001790e-01
9.901458642706628677e-01
9.900149626646784773e-01
9.898941253366718707e-01
9.897838347678814541e-01
9.896845477464364382e-01
9.895966908511374394e-01
9.895206556978550783e-01
9.894567939672673784e-01
9.894054122364200898e-01
9.893667666403613836e-01
9.893410573938232755e-01
9.893284232064987194e-01
9.893289356287910952e-01
9.893425933678419160e-01
9.893693166160244523e-01
9.894089414357581935e-01
9.894612142452917647e-01
9.895257864498832046e-01
9.896022092614600307e-01
9.896899287473170936e-01
9.897882811446792051e-01
9.898964884730858671e-01
9.900136544706424901e-01
9.901387608734036894e-01
9.902706640497156432e-01
9.904080919935074334e-01
9.905496416725516617e-01
9.906937767199006650e-01
9.908388254493106784e-01
9.909829791687539968e-01
9.911242907602817453e-01
9.912606734897329019e-01
9.913899000061932032e-01
9.915096014887725406e-01
9.916172668972222937e-01
9.917102422831390873e-01
9.917857301199559661e-01
9.918407886125368833e-01
9.918723309508852282e-01
9.918771244771587003e-01
9.918517897407799211e-01
9.917927994228559196e-01
9.916964771183395255e-01
9.915589959723271063e-01
9.913763771756025633e-01
9.911444883340013723e-01
9.908590417364243619e-01
9.905155925573978504e-01
9.901095370420051056e-01
9.896361107337946494e-01
9.890903868199089066e-01
9.884672746820778455e-01
9.877615187571758826e-01
9.869676978265242706e-01
9.860802248687496885e-01
9.850933476264122080e-01
9.840011500513322629e-01
9.827975548070700951e-01
9.814763270187695232e-01
9.800310794700033412e-01
9.784552794527631159e-01
9.767422574798138024e-01
9.748852180678053703e-01
9.728772527944541393e-01
9.707113558235304085e-01
9.683804420771963128e-01
9.658773682164626395e-01
9.631949565673088021e-01
9.603260221026090893e-01
9.572634025587895001e-01
9.539999917315288291e-01
9.505287759573097794e-01
9.468428737477215806e-01
9.429355785016514391e-01
9.388004041773854169e-01
9.344311337626843850e-01
9.298218703366074589e-01
9.249670904726962073e-01
9.198616996895997433e-01
9.145010896127906408e-01
9.088811964701859480e-01
9.029985605057735398e-01
8.968503858592674627e-01
8.904346004269669823e-01
8.837499151899281813e-01
8.767958824708965704e-01
8.695729525617816869e-01
8.620825281493742498e-01
8.543270159590689028e-01
8.463098750350627197e-01
8.380356610812798035e-01
8.295100663004369990e-01
8.207399541894064843e-01
8.117333887773956480e-01
8.024996578292715732e-01
7.930492895793312957e-01
7.833940626103422789e-01
7.735470085480934399e-01
7.635224073019868385e-01
7.533357746463410498e-01
7.430038420037556879e-01
7.325445283598366331e-01
7.219769043064037106e-01
7.113211482766882421e-01
7.005984950997070637e-01
6.898311770609354410e-01
6.790423577116545539e-01
6.682560587193550061e-01
6.574970800959503148e-01
6.467909141792825833e-01
6.361636537766990340e-01
6.256418949078643710e-01
6.152526346081599318e-01
6.050231642748904459e-01
5.949809590570251938e-01
5.851535638063591893e-01
5.755684761246767644e-01
5.662530270585677261e-01
5.572342600115558486e-01
5.485388084625669736e-01
5.401927731005061739e-01
5.322215990067354907e-01
5.246499535399979930e-01
5.175016056011030319e-01
5.107993069765792704e-01
5.045646764802851347e-01
4.988180876285212006e-01
4.935785605961597877e-01
4.888636592075392695e-01
4.846893937151272036e-01
4.810701301103722516e-01
4.780185066938933414e-01
4.755453586057359905e-01
4.736596509805863775e-01
4.723684213476865290e-01
4.716767318409759158e-01
4.715876317223830494e-01
4.721021306508621507e-01
4.732191830528647003e-01
4.749356838673193248e-01
4.772464758512360294e-01
4.801443685417680074e-01
4.836201688781649466e-01
4.876627233936068340e-01
4.922589717933759657e-01
4.973940116431023739e-01
5.030511737996578026e-01
5.092121081283318418e-01
5.158568789638309227e-01
5.229640696898729679e-01
5.305108957332732578e-01
5.384733251939276544e-01
5.468262062626079167e-01
5.555434005145528653e-01
5.645979211092801986e-01
5.739620748765760228e-01
5.836076072261531245e-01
5.935058487849207420e-01
6.036278626421598403e-01
6.139445910700123132e-01
6.244270005855059313e-01
6.350462242315531025e-01
6.457736999785280707e-01
6.565813041855390608e-01
6.674414791113920664e-01
6.783273535292964063e-01
6.892128555760295150e-01
7.000728170547324547e-01
7.108830685094704727e-01
7.216205244978495248e-01
7.322632586034170110e-01
7.427905678505083431e-01
7.531830263084542398e-01
7.634225277974779900e-01
7.734923177329793287e-01
7.833770142660333446e-01
7.930626189937441950e-01
8.025365176216219254e-01
8.117874710596924004e-01
8.208055975230148515e-01
8.295823462844810203e-01
8.381104637921974465e-01
8.463839529147414442e-01
8.543980261147992028e-01
8.621490533750472141e-01
8.696345057099097442e-01
8.768528950935077226e-01
8.838037116185122333e-01
8.904873586737391822e-01
8.969050868913700514e-01
9.030589275690372730e-01
9.089516262191530416e-01
9.145865768393304229e-01
9.199677574351380338e-01
9.250996672612956662e-01
9.299872661812603747e-01
9.346359164793729413e-01
9.390513273955982676e-01
9.432395025915127906e-01
9.472066906985010526e-01
9.509593390458634943e-01
9.545040506182708162e-01
9.578475442490651526e-01
9.609966180185173235e-01
9.639581157942893608e-01
9.667388968248994408e-01
9.693458082756936101e-01
9.717856605803159020e-01
9.740652054685167149e-01
9.761911165228521758e-01
9.781699721118933821e-01
9.800082405454642043e-01
9.817122672976579256e-01
9.832882641454684380e-01
9.847423000744021104e-01
9.860802938070221124e-01
9.873080078157371320e-01
9.884310436870216154e-01
9.894548387104760145e-01
9.903846635725792602e-01
9.912256210415688606e-01
9.919826455365738926e-01
9.926605034808870798e-01
9.932637943460953522e-01
9.937969523006546790e-01
9.942642483833793454e-01
9.946697931291421657e-01
9.950175395807870915e-01
9.953112866277219473e-01
9.955546826177711361e-01
9.957512291945056493e-01
9.959042853172942467e-01
9.960170714256411095e-01
9.960926737129146558e-01
9.961340484772914783e-01
9.961440265196582766e-01
9.961253175593978160e-01
9.960805146395477205e-01
9.960120984929289323e-01
9.959224418406791290e-01
9.958138135944211156e-01
9.956883829332523472e-01
9.955482232270742582e-01
9.953953157786549211e-01
9.952315533583804275e-01
9.950587435079752963e-01
9.948786115925903895e-01
9.946928035845399307e-01
9.945028885665289087e-01
9.943103609473242788e-01
9.941166423883138759e-01
9.939230834450800689e-01
9.937309649337869866e-01
9.935414990376312261e-01
9.933558301736609142e-01
9.931750356447398564e-01
9.930001261052060491e-01
9.928320458717255770e-01
9.926716731129219262e-01
9.925198199525409049e-01
9.923772325211958067e-01
9.922445909911911111e-01
9.921225096276050648e-01
9.920115368868381855e-01
9.919121555913192889e-01
9.918247832061364289e-01
9.917497722401611426e-01
9.916874107908899560e-01
9.916379232488581330e-01
9.916014711741846233e-01
9.915781543546721144e-01
9.915680120519589913e-01
9.915710244395353756e-01
9.915871142340012545e-01
9.916161485187360292e-01
9.916579407571474158e-01
9.917122529908127815e-01
9.917787982160922722e-01
9.918572429311178773e-01
9.919472098434277685e-01
9.920482807268952152e-01
9.921599994149963297e-01
9.922818749158834883e-01
9.924133846332241493e-01
9.925539776753585786e-01
9.927030782340905413e-01
9.928600890133990609e-01
9.930243946875968453e-01
9.931953653680064553e-01
9.933723600570942835e-01
9.935547300692100237e-01
9.937418223976096643e-01
9.939329830082613837e-01
9.941275600420151903e-01
9.943249069079872493e-01
9.945243852524326966e-01
9.947253677888800993e-01
9.949272409768392667e-01
9.951294075379231163e-01
9.953312887997139979e-01
9.955323268591371733e-01
9.957319865584802754e-01
9.959297572685132938e-01
9.961251544744444963e-01
9.963177211617038065e-01
9.965070289998084752e-01
9.966926793238480853e-01
9.968743039144445373e-01
9.970515655784104592e-01
9.972241585337404679e-01
9.973918086040154396e-01
9.975542732287534520e-01
9.977113412976859053e-01
9.978628328183053453e-01
9.980085984273049382e-01
9.981485187576271123e-01
9.982825036737236202e-01
9.984104913882353438e-01
9.985324474735927103e-01
9.986483637819651982e-01
9.987582572865513209e-01
9.988621688563841250e-01
9.989601619756718343e-01
9.990523214172412070e-01
9.991387518779923926e-01
9.992195765825048204e-01
9.992949358591783904e-01
9.993649856916957397e-01
9.994298962472646375e-01
9.994898503822020608e-01
9.995450421250227091e-01
9.995956751373984428e-01
9.996419611541738082e-01
9.996841184050401230e-01
9.997223700224306953e-01
9.997569424425652995e-01
9.997880638092013772e-01
