9.997974583317544850e-01
9.997679778970740561e-01
9.997352804263301973e-01
9.996991611994121563e-01
9.996594178212939719e-01
9.996158515194417671e-01
9.995682683888245101e-01
9.995164805738763203e-01
9.994603073803692839e-01
9.993995763135926635e-01
9.993341240423235794e-01
9.992637972906573962e-01
9.991884536617636758e-01
9.991079623989892466e-01
9.990222050904571383e-01
9.989310763234460211e-01
9.988344842944687496e-01
9.987323513802063291e-01
9.986246146734061302e-01
9.985112264866546905e-01
9.983921548256894374e-01
9.982673838327297267e-01
9.981369141992633143e-01
9.980007635468761684e-01
9.978589667741099012e-01
9.977115763669704984e-01
9.975586626706139937e-01
9.974003141198600764e-01
9.972366374265251299e-01
9.970677577220716792e-01
9.968938186547101621e-01
9.967149824408126912e-01
9.965314298712655283e-01
9.963433602741548212e-01
9.961509914358996909e-01
9.959545594835803595e-01
9.957543187317166034e-01
9.955505414970883260e-01
9.953435178853308196e-01
9.951335555529402521e-01
9.949209794479790814e-01
9.947061315321499286e-01
9.944893704860057193e-01
9.942710713978943904e-01
9.940516254358028325e-01
9.938314394996023982e-01
9.936109358493425692e-01
9.933905517032435295e-01
9.931707387969580525e-01
9.929519628935861153e-01
9.927347032318939446e-01
9.925194518983008196e-01
9.923067131065229640e-01
9.920970023673787441e-01
9.918908455302253291e-01
9.916887776768705809e-01
9.914913418486250851e-01
9.912990875874453378e-01
9.911125692728808279e-01
9.909323442377608870e-01
9.907589706472148539e-01
9.905930051276661263e-01
9.904350001348308785e-01
9.902855010524339585e-01
9.901450430162649363e-01
9.900141474612981218e-01
9.898933183928496637e-01
9.897830383861095926e-01
9.896837643218558966e-01
9.895959228697136512e-01
9.895199057339642001e-01
9.894560646806176418e-01
9.894047063682246401e-01
9.893660870086757875e-01
9.893404068879558810e-01
9.893278047804070496e-01
9.893283522933814522e-01
9.893420481821018075e-01
9.893688126769335511e-01
9.894084818669468540e-01
9.894608021844437662e-01
9.895254250349114766e-01
9.896019016155248593e-01
9.896896779627946117e-01
9.897880902662351543e-01
9.898963604800535832e-01
9.900135922589528015e-01
9.901387672373549442e-01
9.902707416639178195e-01
9.904082433953653730e-01
9.905498692456846666e-01
9.906940826789123467e-01
9.908392118263338322e-01
9.909834478021868343e-01
9.911248432861160529e-01
9.912613113358396122e-01
9.913906243898780168e-01
9.915104134178519546e-01
9.916181671747861248e-01
9.917112315160737657e-01
9.917868087311942915e-01
9.918419568568901390e-01
9.918735889341926404e-01
9.918784721783752145e-01
9.918532270365068015e-01
9.917943261137194266e-01
9.916980929565288871e-01
9.915607006895336140e-01
9.913781705105493280e-01
9.911463700587245240e-01
9.908610116804628110e-01
9.905176506290715999e-01
9.901116832460036266e-01
9.896383451843692169e-01
9.890927097490427311e-01
9.884696864421161910e-01
9.877640198175066111e-01
9.869702887640219302e-01
9.860829063518187221e-01
9.850961203925840959e-01
9.840040148784882090e-01
9.828005124784653379e-01
9.814793782821302770e-01
9.800342249910474202e-01
9.784585197635649045e-01
9.767455929224860833e-01
9.748886487340105989e-01
9.728807784612929499e-01
9.707149758863725664e-01
9.683841554800403095e-01
9.658811733804235633e-01
9.631988513178497691e-01
9.603300035961537251e-01
9.572674672093739456e-01
9.540041351381854939e-01
9.505329928329137035e-01
9.468471578500740060e-01
9.429399225676251550e-01
9.388047998610068445e-01
9.344355715780789939e-01
9.298263396067769637e-01
9.249715792851314067e-01
9.198661948597561810e-01
9.145055766564522681e-01
9.088856595857328635e-01
9.030029825673226984e-01
8.968547484215998455e-01
8.904388837430624593e-01
8.837540982418252700e-01
8.767999430144614026e-01
8.695768671858267185e-01
8.620862723494053803e-01
8.543305642257645882e-01
8.463132009574154679e-01
8.380387374641403708e-01
8.295128652960257476e-01
8.207424474421698424e-01
8.117355475814145294e-01
8.025014532972607473e-01
7.930506928221073837e-01
7.833950449254989401e-01
7.735475416164800944e-01
7.635224633904805769e-01
7.533353268152885862e-01
7.430028643173909320e-01
7.325429960979109589e-01
7.219747941752361342e-01
7.113184386178202923e-01
7.005951660943747772e-01
6.898272109286023301e-01
6.790377389009325526e-01
6.682507740897318804e-01
6.574911190888881318e-01
6.467842689773877218e-01
6.361563194498600637e-01
6.256338695454382037e-01
6.152439194364924813e-01
6.050137637596639806e-01
5.949708809901192996e-01
5.851428193770961128e-01
5.755570799754630151e-01
5.662409973250663864e-01
5.572216183475858786e-01
5.485255800499362344e-01
5.401789866439471455e-01
5.322072867140050789e-01
5.246351510870395085e-01
5.174863520819734664e-01
5.107836448375845384e-01
5.045486514374963871e-01
4.988017485675663165e-01
4.935619594529266907e-01
4.888468508281715863e-01
4.846724356935447897e-01
4.810530826014328687e-01
4.780014322003256488e-01
4.755283217370764870e-01
4.736427181826087240e-01
4.723516606011683994e-01
4.716602123291609994e-01
4.715714234671071203e-01
4.720863041180638486e-01
4.732038087289918149e-01
4.749208318090550884e-01
4.772322152118586569e-01
4.801307670783759862e-01
4.836072924448648891e-01
4.876506354265682797e-01
4.922477327943340919e-01
4.973836786684466826e-01
5.030417999626366488e-01
5.092037421220958482e-01
5.158495646130661916e-01
5.229578455385572866e-01
5.305057946757212317e-01
5.384693741556914048e-01
5.468234259370496897e-01
5.555418051599947393e-01
5.645975184105992417e-01
5.739628658739811540e-01
5.836095863126800065e-01
5.935090037729608969e-01
6.036321748981146040e-01
6.139500357149731968e-01
6.244335467587438515e-01
6.350538354125683238e-01
6.457823343624951029e-01
6.565909151061981586e-01
6.674520155047969361e-01
6.783387604313421138e-01
6.892250746463652877e-01
7.000857871194661186e-01
7.108967261150885841e-01
7.216348044688654095e-01
7.322780945965374766e-01
7.428058928984730969e-01
7.531987733471869895e-01
7.634386301707443145e-01
7.735087096693947784e-01
7.833936313239370230e-01
7.930793984701843824e-01
8.025533989224433729e-01
8.118043960284536675e-01
8.208225107272040244e-01
8.295991952582072448e-01
8.381271992352146150e-01
8.464005288482946421e-01
8.544143999953621726e-01
8.621651861675443396e-01
8.696503619224710269e-01
8.768684427762014622e-01
8.838189223288167584e-01
8.905022074117722175e-01
8.969195520080740502e-01
9.030729906506460569e-01
9.089652719513102719e-01
9.145997928542398681e-01
9.199805341450616458e-01
9.251119976816184476e-01
9.299991457461962430e-01
9.346473428532082739e-01
9.390623002821590903e-01
9.432500235443161962e-01
9.472167629337975292e-01
9.509689672605246002e-01
9.545132408142004143e-01
9.578563035655511815e-01
9.610049545736683019e-01
9.639660385364380302e-01
9.667464153946035976e-01
9.693529328787228172e-01
9.717924018717878365e-01
9.740715744481392990e-01
9.761971244410457826e-01
9.781756303864025393e-01
9.800135606879365469e-01
9.817172608495569053e-01
9.832929426226084679e-01
9.847466749193393154e-01
9.860843763485104274e-01
9.873118092344578267e-01
9.884345749868163056e-01
9.894581106943556303e-01
9.903876868228396191e-01
9.912284059034131012e-01
9.919852021047200763e-01
9.926628415887226442e-01
9.932659235570187040e-01
9.937988819013250374e-01
9.942659873786641178e-01
9.946713502386151928e-01
9.950189232366806191e-01
9.953125049742732600e-01
9.955557435119345433e-01
9.957521402080122819e-01
9.959050537400484515e-01
9.960177042704360106e-01
9.960931777214369065e-01
9.961344301273665769e-01
9.961442920336635032e-01
9.961254729137478670e-01
9.960805655751306942e-01
9.960120505263500013e-01
9.959223002761481425e-01
9.958135835361067167e-01
9.956880692979148684e-01
9.955478307567849905e-01
9.953948490534131333e-01
9.952310168084446129e-01
9.950581414257390067e-01
9.948779481438474459e-01
9.946920828190044528e-01
9.945021144274954761e-01
9.943095372803748555e-01
9.941157729489995543e-01
9.939221719055278959e-01
9.937300148881971218e-01
9.935405140066506657e-01
9.933548136076320034e-01
9.931739909258392451e-01
9.929990565484986265e-01
9.928309547251742417e-01
9.926705635564041508e-01
9.925186950959370424e-01
9.923760954016279667e-01
9.922434445695065275e-01
9.921213567842116499e-01
9.920103804170146145e-01
9.919109982001372838e-01
9.918236275031422355e-01
9.917486207339719639e-01
9.916862658838657696e-01
9.916367872320077659e-01
9.916003462224580733e-01
9.915770425227801166e-01
9.915669152708408429e-01
9.915699445135761625e-01
9.915860528390703088e-01
9.916151072010918055e-01
9.916569209332221080e-01
9.917112559478623579e-01
9.917778251136679657e-01
9.918562948032931814e-01
9.919462876016955644e-01
9.920473851636353313e-01
9.921591312074042879e-01
9.922810346302526341e-01
9.924125727294718091e-01
9.925531945116983223e-01
9.927023240717611774e-01
9.928593640213762006e-01
9.930236989472293052e-01
9.931946988775329777e-01
9.933717227360145952e-01
9.935541217624960231e-01
9.937412428797547381e-01
9.939324319871767344e-01
9.941270371627876079e-01
9.943244117565177564e-01
9.945239173589778270e-01
9.947249266315164595e-01
9.949268259848729201e-01
9.951290180952602205e-01
9.953309242482060171e-01
9.955319865019126579e-01
9.957316696632694253e-01
9.959294630709691898e-01
9.961248821814630006e-01
9.963174699547419078e-01
9.965067980382008583e-01
9.966924677481202588e-01
9.968741108496216308e-01
9.970513901373231347e-01
9.972239998203273892e-01
9.973916657166236321e-01
9.975541452634397732e-01
9.977112273515182927e-01
9.978627319926661743e-01
9.980085098311929359e-01
9.981484415109531660e-01
9.982824369105910423e-01
9.984104342601918258e-01
9.985323991528342047e-01
9.986483234644679685e-01
9.987582241951022954e-01
9.988621422434756925e-01
9.989601411262216679e-01
9.990523056510962618e-01
9.991387405521735543e-01
9.992195690931495733e-01
9.992949316431417595e-01
9.993649842277706474e-01
9.994298970569945872e-01
9.994898530302600559e-01
9.995450462191454166e-01
9.995956803278724934e-01
9.996419671328806711e-01
9.996841249040818722e-01
9.997223768123653098e-01
9.997569493302930210e-01
9.997880706355519731e-01
