9.997974680902940170e-01
9.997679894072052376e-01
9.997352939205950140e-01
9.996991769270794359e-01
9.996594360474995167e-01
9.996158725240328335e-01
9.995682924649174073e-01
9.995165080261440016e-01
9.994603385230834691e-01
9.993996114684537968e-01
9.993341635361157049e-01
9.992638414527712509e-01
9.991885028216337394e-01
9.991080168834934883e-01
9.990222652213258669e-01
9.989311424147266916e-01
9.988345566500897998e-01
9.987324302916783525e-01
9.986247004176934672e-01
9.985113193242439733e-01
9.983922549988747397e-01
9.982674915641274183e-01
9.981370296905606176e-01
9.980008869778135283e-01
9.978590983016873972e-01
9.977117161248656441e-01
9.975588107687913819e-01
9.974004706443496682e-01
9.972368024393440944e-01
9.970679312612601430e-01
9.968940007344528897e-01
9.967151730516154995e-01
9.965316289801585681e-01
9.963435678248950822e-01
9.961512073491464170e-01
9.959547836570219470e-01
9.957545510401288880e-01
9.955507817923094915e-01
9.953437659961406059e-01
9.951338112848376882e-01
9.949212425828544148e-01
9.947064018278527486e-01
9.944896476758150472e-01
9.942713551898995084e-01
9.940519155122071737e-01
9.938317355159663746e-01
9.936112374337819908e-01
9.933908584556032650e-01
9.931710502879808056e-01
9.929522786640967436e-01
9.927350227920184178e-01
9.925197747267400228e-01
9.923070386498993312e-01
9.920973300396712657e-01
9.918911747123084766e-01
9.916891077161704704e-01
9.914916720589038723e-01
9.912994172487239464e-01
9.911128976315097816e-01
9.909326705066463514e-01
9.907592940062098785e-01
9.905933247241337503e-01
9.904353150843908660e-01
9.902858104399042682e-01
9.901453458968109134e-01
9.900144428618082859e-01
9.898936053135567459e-01
9.897833158024813560e-01
9.896840311867828310e-01
9.895961781160228510e-01
9.895201482772912893e-01
9.894562934226703854e-01
9.894049202004682186e-01
9.893662848164700430e-01
9.893405875551679607e-01
9.893279671945155451e-01
9.893284953510800284e-01
9.893421707953947708e-01
9.893689137797058164e-01
9.894085604219707841e-01
9.894608571907695937e-01
9.895254555355694759e-01
9.896019067054473428e-01
9.896896567968489489e-01
9.897880420672394708e-01
9.898962845466336979e-01
9.900134879730816406e-01
9.901386340714106726e-01
9.902705791870858310e-01
9.904080512792128310e-01
9.905496472687363996e-01
9.906938307300692248e-01
9.908389299069916278e-01
9.909831360269346634e-01
9.911245018819261343e-01
9.912609406396918343e-01
9.913902248448089871e-01
9.915099855674597285e-01
9.916177116562744365e-01
9.917107490519658786e-01
9.917863001199007655e-01
9.918414229623595535e-01
9.918730306749169445e-01
9.918778905160583470e-01
9.918526229647333103e-01
9.917937006469748074e-01
9.916974471199324626e-01
9.915600355096380047e-01
9.913774870075441337e-01
9.911456692403537438e-01
9.908602945379284543e-01
9.905169181351470842e-01
9.901109363555318232e-01
9.896375848372566120e-01
9.890919368758082086e-01
9.884689019719874459e-01
9.877632246890049039e-01
9.869694839379199447e-01
9.860820928263104301e-01
9.850952992204657921e-01
9.840031871861163459e-01
9.827996794862325913e-01
9.814785413261861713e-01
9.800333855459771870e-01
9.784576794657395826e-01
9.767447535937946457e-01
9.748878124056944428e-01
9.728799473976024181e-01
9.707141526077762705e-01
9.683833427857211351e-01
9.658803743697959021e-01
9.631980694108331909e-01
9.603292425519307507e-01
9.572667311433527004e-01
9.540034285368769185e-01
9.505323205664157893e-01
9.468465251818474204e-01
9.429393351612281871e-01
9.388042637834536075e-01
9.344350932994786030e-01
9.298259259959218426e-01
9.249712376007132031e-01
9.198659327369156369e-01
9.145054020884048063e-01
9.088855809002558406e-01
9.030030083979474487e-01
8.968548876734164788e-01
8.904391455531154298e-01
8.837544919341520089e-01
8.768004780499090156e-01
8.695775531068564712e-01
8.620871187201724073e-01
8.543315805678410868e-01
8.463143966815853680e-01
8.380401217987679674e-01
8.295144472125500767e-01
8.207442355783352017e-01
8.117375501628822931e-01
8.025036780582912588e-01
7.930531469260222455e-01
7.833977348856547840e-01
7.735504732184963483e-01
7.635256416164628579e-01
7.533387557707855731e-01
7.430065471617948170e-01
7.325469349789972551e-01
7.219789901684853239e-01
7.113228916711198391e-01
7.005998749786388480e-01
6.898321731947720803e-01
6.790429508437391126e-01
6.682562307185178074e-01
6.574968141056806159e-01
6.467901947623293513e-01
6.361624670539989257e-01
6.256402286907851718e-01
6.152504785231773798e-01
6.050205098799417147e-01
5.949777999489301861e-01
5.851498957188476790e-01
5.755642970166978678e-01
5.662483371926896325e-01
5.572290620223816493e-01
5.485331074151686970e-01
5.401865765389304297e-01
5.322149169926548851e-01
5.246427986815371813e-01
5.174939930718036596e-01
5.107912545243438185e-01
5.045562044259797041e-01
4.988092188537356364e-01
4.935693205194071620e-01
4.888540757479608034e-01
4.846794972425624293e-01
4.810599533804558181e-01
4.780080847667090849e-01
4.755347287464479766e-01
4.736488525404635164e-01
4.723574956239944278e-01
4.716657219143637336e-01
4.715765822706492472e-01
4.720910877383391879e-01
4.732081938950946087e-01
4.749247965712323216e-01
4.772357391316333075e-01
4.801338314155516596e-01
4.836098803384382139e-01
4.876527320664373333e-01
4.922493255806765777e-01
4.973847573556720025e-01
5.030423567849782174e-01
5.092037718981361483e-01
5.158490648267910483e-01
5.229568163949356308e-01
5.305042391292449366e-01
5.384672979108021673e-01
5.468208374199089450e-01
5.555387154615891721e-01
5.645939412017193515e-01
5.739588172931309185e-01
5.836050848284718429e-01
5.935040700230094224e-01
6.036268315068258339e-01
6.139443070929789803e-01
6.244274588869960230e-01
6.350474156142928983e-01
6.457756110663480653e-01
6.565839176039953706e-01
6.674447737071862452e-01
6.783313046246892686e-01
6.892174352539803817e-01
7.000779944701049917e-01
7.108888102214038218e-01
7.216267948182173431e-01
7.322700199562515166e-01
7.427977811373080996e-01
7.531906512744297455e-01
7.634305233940114066e-01
7.735006424718633422e-01
7.833856265614110859e-01
7.930714774880707196e-01
8.025455814924218334e-01
8.117967003043475849e-01
8.208149532193131925e-01
8.295917908251483341e-01
8.381199610921247212e-01
8.463934685901054467e-01
8.544075276337268487e-01
8.621585101799159601e-01
8.696438893117710567e-01
8.768621791394906051e-01
8.838128719333864236e-01
8.904963732770956319e-01
8.969139359921141086e-01
9.030675935390806153e-01
9.089600935483317379e-01
9.145948320736794201e-01
9.199757891007065425e-01
9.251074657757082376e-01
9.299948237552110308e-01
9.346432270101846518e-01
9.390583863549031296e-01
9.432463069090005758e-01
9.472132386435585527e-01
9.509656301087850983e-01
9.545100853925585493e-01
9.578533243161772015e-01
9.610021458362434377e-01
9.639633945897582157e-01
9.667439304930448563e-01
9.693506012838287722e-01
9.717902178792949819e-01
9.740695324107974118e-01
9.761952187876181686e-01
9.781738556372535642e-01
9.800119114676132392e-01
9.817157318967711932e-01
9.832915287980086294e-01
9.847453712114332403e-01
9.860831778780726475e-01
9.873107112577117483e-01
9.884335728976425539e-01
9.894572000257315647e-01
9.903868632476713341e-01
9.912276652348799288e-01
9.919845402962121916e-01
9.926622547334186253e-01
9.932654078871225867e-01
9.937984337869604223e-01
9.942656033264094528e-01
9.946710268896536977e-01
9.950186573645388721e-01
9.953122934821234669e-01
9.955555834294441686e-01
9.957520286877351579e-01
9.959049880533648036e-01
9.960176818030642698e-01
9.960931959685533910e-01
9.961344866883847793e-01
9.961443846067363772e-01
9.961255992900669431e-01
9.960807236331046255e-01
9.960122382257473594e-01
9.959225156522945044e-01
9.958138246942197513e-01
9.956883344076603581e-01
9.955481180471290603e-01
9.953951568078335255e-01
9.952313433605579629e-01
9.950584851553853083e-01
9.948783074736654575e-01
9.946924562115153634e-01
9.945025003827066001e-01
9.943099343339029117e-01
9.941161796707059795e-01
9.939225868986519830e-01
9.937304367889666645e-01
9.935409414843467957e-01
9.933552453650791314e-01
9.931744257002876886e-01
9.929994931128652835e-01
9.928313918895985690e-01
9.926710001700770336e-01
9.925191300491489343e-01
9.923765276279837844e-01
9.922438730482429081e-01
9.921217805425528447e-01
9.920107985324972955e-01
9.919114098028327664e-01
9.918240317777063941e-01
9.917490169214556728e-01
9.916866532832253611e-01
9.916371652012612170e-01
9.916007141794479507e-01
9.915773999455135268e-01
9.915672616973930653e-01
9.915702795415589632e-01
9.915863761246798136e-01
9.916154184577662400e-01
9.916572199299482637e-01
9.917115425071800772e-01
9.917780991094289345e-01
9.918565561582307621e-01
9.919465362848647327e-01
9.920476211877763406e-01
9.921593546262815755e-01
9.922812455360098260e-01
9.924127712500382392e-01
9.925533808082719345e-01
9.927024983363853528e-01
9.928595264746179483e-01
9.930238498359613697e-01
9.931948384728156443e-01
9.933718513310683118e-01
9.935542396707548463e-01
9.937413504329875025e-01
9.939325295336649546e-01
9.941271250655477898e-01
9.943244903915610111e-01
9.945239871135982401e-01
9.947249879026056618e-01
9.949268791772578613e-01
9.951290636200652573e-01
9.953309625212416467e-01
9.955320179420938942e-01
9.957316946910679256e-01
9.959294821069035741e-01
9.961248956446304703e-01
9.963174782613949398e-01
9.965068016003704177e-01
9.966924669722859731e-01
9.968741061354301491e-01
9.970513818763513392e-01
9.972239883948904593e-01
9.973916514986247428e-01
9.975541286132602048e-01
9.977112086169470651e-01
9.978627115078688714e-01
9.980084879157218314e-01
9.981484184688032002e-01
9.982824130293069809e-01
9.984104098100364810e-01
9.985323743860275991e-01
9.986482986145108764e-01
9.987581994761994819e-01
9.988621178500736164e-01
9.989601172326768586e-01
9.990522824114901335e-01
9.991387181002879814e-01
9.992195475426133289e-01
9.992949110877582530e-01
9.993649647420305149e-01
9.994298786967733550e-01
9.994898358336956612e-01
9.995450302076860361e-01
9.995956655074790254e-01
9.996419534953646657e-01
9.996841124285532620e-01
9.997223654667645176e-01
9.997569390729756922e-01
9.997880614168954683e-01
