9.997974578253653322e-01
9.997679782991647501e-01
9.997352820053393430e-01
9.996991642631315456e-01
9.996594227183548398e-01
9.996158586402684731e-01
9.995682781659961380e-01
9.995164934818523417e-01
9.994603239345504209e-01
9.993995970687062913e-01
9.993341495901417737e-01
9.992638282570728281e-01
9.991884907032665408e-01
9.991080061986058469e-01
9.990222563532221711e-01
9.989311357714945050e-01
9.988345526618406245e-01
9.987324294074618747e-01
9.986247031021525666e-01
9.985113260540821045e-01
9.983922662592101815e-01
9.982675078448078887e-01
9.981370514825097517e-01
9.980009147694747229e-01
9.978591325756259733e-01
9.977117573545789542e-01
9.975588594157704936e-01
9.974005271554231555e-01
9.972368672443263637e-01
9.970680047709149507e-01
9.968940833387729406e-01
9.967152651184104650e-01
9.965317308539344276e-01
9.963436798260003613e-01
9.961513297731552363e-01
9.959549167743193543e-01
9.957546950956582821e-01
9.955509370054427265e-01
9.953439325606276977e-01
9.951339893687951577e-01
9.949214323287529638e-01
9.947066033524663009e-01
9.944898610700968478e-01
9.942715805187579692e-01
9.940521528141549323e-01
9.938319848026246905e-01
9.936114986892273793e-01
9.933911316355474863e-01
9.931713353187835436e-01
9.929525754416119732e-01
9.927353311802831204e-01
9.925200945565160193e-01
9.923073697170816665e-01
9.920976721035803525e-01
9.918915274938828741e-01
9.916894708960785065e-01
9.914920452755918712e-01
9.912998000964182710e-01
9.911132896581867913e-01
9.909330712119859275e-01
9.907597028395419558e-01
9.905937410823894007e-01
9.904357383100649281e-01
9.902862398190362958e-01
9.901457806569912146e-01
9.900148821702141611e-01
9.898940482750271386e-01
9.897837614576395771e-01
9.896844785102193454e-01
9.895966260145593330e-01
9.895205955883489279e-01
9.894567389127744139e-01
9.894053625639332994e-01
9.893667226743128040e-01
9.893410194543099667e-01
9.893283916073438711e-01
9.893289106754413753e-01
9.893425753551066126e-01
9.893693058256693984e-01
9.894089381339706835e-01
9.894612186800424425e-01
9.895257988482151212e-01
9.896022298267441730e-01
9.896899576565171275e-01
9.897883185456766153e-01
9.898965344821190060e-01
9.900137091699187097e-01
9.901388243089439545e-01
9.902707362294934645e-01
9.904081728859401856e-01
9.905497312054003523e-01
9.906938747796283362e-01
9.908389318809414092e-01
9.909830937762624803e-01
9.911244133075335361e-01
9.912608037019784435e-01
9.913900375721027558e-01
9.915097460629817006e-01
9.916174181033404755e-01
9.917103997171530239e-01
9.917858933539439592e-01
9.918409571985952189e-01
9.918725044251512912e-01
9.918773023638095543e-01
9.918519715558743455e-01
9.917929846778905656e-01
9.916966653233878493e-01
9.915591866386394004e-01
9.913765698175575070e-01
9.911446824703122882e-01
9.908592368905249081e-01
9.905157882569530781e-01
9.901097328175140211e-01
9.896363061162808394e-01
9.890905813377116607e-01
9.884674678567855199e-01
9.877617100987612364e-01
9.869678868277588224e-01
9.860804109989914634e-01
9.850935303248711250e-01
9.840013287199257386e-01
9.827977288029867697e-01
9.814764956468601254e-01
9.800312419751142645e-01
9.784554350121286159e-01
9.767424051956141717e-01
9.748853569599922331e-01
9.728773817939415647e-01
9.707114737658395498e-01
9.683805476966410586e-01
9.658774601409576555e-01
9.631950333138806775e-01
9.603260820736929659e-01
9.572634440393934518e-01
9.540000128873533658e-01
9.505287748339117382e-01
9.468428482708176608e-01
9.429355264786589697e-01
9.388003233002972792e-01
9.344310216123763446e-01
9.298217243886700567e-01
9.249669081048750297e-01
9.198614781909149052e-01
9.145008261943905481e-01
9.088808882779696452e-01
9.029982046347898583e-01
8.968499793698760936e-01
8.904341403627137330e-01
8.837493985970606980e-01
8.767953064194148327e-01
8.695723141678897150e-01
8.620818245991718198e-01
8.543262445332991950e-01
8.463090331347067341e-01
8.380347462537743874e-01
8.295090762662720163e-01
8.207388868688518802e-01
8.117322423170931778e-01
8.024984306284285163e-01
7.930479803152454821e-01
7.833926702629938621e-01
7.735455324235371855e-01
7.635208470542987902e-01
7.533341302978684428e-01
7.430021139634483962e-01
7.325427174394466556e-01
7.219750117343690654e-01
7.113191757095344014e-01
7.005964446308377003e-01
6.898290512267066799e-01
6.790401594946673391e-01
6.682537915489386027e-01
6.574947478458401662e-01
6.467885211625390429e-01
6.361612047379512358e-01
6.256393950129892634e-01
6.152500894315409141e-01
6.050205797844238065e-01
5.949783415970514300e-01
5.851509200787048393e-01
5.755658131679927125e-01
5.662503522261257416e-01
5.572315809476509063e-01
5.485361330776277189e-01
5.401901095449821444e-01
5.322189556437757485e-01
5.246473389168764268e-01
5.174990284193137224e-01
5.107967760604501528e-01
5.045622007439318768e-01
4.988156760409309110e-01
4.935762221441790665e-01
4.888614028565348990e-01
4.846872283671266324e-01
4.810680645595215577e-01
4.780165495791475205e-01
4.755435183607783500e-01
4.736579357810873914e-01
4.723668390561236441e-01
4.716752899493862339e-01
4.715863372935371611e-01
4.721009902585099338e-01
4.732182027218042597e-01
4.749348690141860230e-01
4.772458312269820535e-01
4.801438981768885172e-01
4.836198760317538259e-01
4.876626105073530448e-01
4.922590404515644336e-01
4.973942625396375883e-01
5.030516067130266222e-01
5.092127219052959841e-01
5.158576715124916223e-01
5.229650379825651063e-01
5.305120358195616337e-01
5.384746322237741190e-01
5.468276745195657096e-01
5.555450234586486458e-01
5.645996914290416502e-01
5.739639845494863835e-01
5.836096475866501265e-01
5.935080105989261057e-01
6.036301361870033411e-01
6.139469662185442766e-01
6.244294668931302805e-01
6.350487710248942097e-01
6.457763164444525472e-01
6.565839794592854828e-01
6.674442023626168119e-01
6.783301140449286004e-01
6.892156428389286660e-01
7.000756208172462802e-01
7.108858788611334134e-01
7.216233319265785706e-01
7.322660540497096804e-01
7.427933427542832145e-01
7.531857726483128790e-01
7.634252381222959016e-01
7.734949851858620162e-01
7.833796326007871347e-01
7.930651825841136260e-01
8.025390214636503039e-01
8.117899107676265213e-01
8.208079693192570359e-01
8.295846469841360316e-01
8.381126907828098105e-01
8.463861041318420098e-01
8.544001000138966573e-01
8.621510489007052636e-01
8.696364222625396767e-01
8.768547324944926391e-01
8.838054700742484782e-01
8.904890387391496409e-01
8.969066894334000173e-01
9.030604537306007318e-01
9.089530773839440414e-01
9.145879545978672365e-01
9.199690635523476434e-01
9.251009036458982537e-01
9.299884348571583192e-01
9.346370195591987562e-01
9.390523670565263936e-01
9.432404810533958628e-01
9.472076102043478496e-01
9.509602018446392524e-01
9.545048589499619540e-01
9.578483003319251399e-01
9.609973240383786752e-01
9.639587738958071972e-01
9.667395091045731803e-01
9.693463767764992634e-01
9.717861872877723295e-01
9.740656923080035501e-01
9.761915653579967822e-01
9.781703847438488753e-01
9.800086187129055659e-01
9.817126126773371153e-01
9.832885783531827295e-01
9.847425846662465343e-01
9.860805502808164258e-01
9.873082376125390525e-01
9.884312481926549321e-01
9.894550192570277236e-01
9.903848214398323080e-01
9.912257574583596131e-01
9.919827616820736660e-01
9.926606004858221644e-01
9.932638732939248483e-01
9.937970142287344544e-01
9.942642942841402043e-01
9.946698239513123152e-01
9.950175562306841082e-01
9.953112899706361150e-01
9.955546734794564756e-01
9.957512083627866328e-01
9.959042535437888644e-01
9.960170294275949576e-01
9.960926221751323917e-01
9.961339880541452141e-01
9.961439578371491521e-01
9.961252412172417747e-01
9.960804312132541805e-01
9.960120085358399322e-01
9.959223458859377542e-01
9.958137121568382266e-01
9.956882765110455225e-01
9.955481123034535251e-01
9.953952008232384019e-01
9.952314348284240220e-01
9.950586218494084090e-01
9.948784872408528157e-01
9.946926769652200129e-01
9.945027600958077363e-01
9.943102310322317061e-01
9.941165114268075698e-01
9.939229518259585783e-01
9.937308330364492681e-01
9.935413672316971700e-01
9.933556988184664149e-01
9.931749050887215269e-01
9.929999966851918991e-01
9.928319179121466442e-01
9.926715469249650647e-01
9.925196958332590524e-01
9.923771107525993784e-01
9.922444718393415020e-01
9.921223933417342433e-01
9.920114236985200229e-01
9.919120457137163838e-01
9.918246768333480734e-01
9.917496695466927470e-01
9.916873119312658025e-01
9.916378283573902275e-01
9.916013803649106340e-01
9.915780677214653949e-01
9.915679296688107991e-01
9.915709463610019592e-01
9.915870404958033735e-01
9.916160791384933670e-01
9.916578757352269013e-01
9.917121923112670601e-01
9.917787418476626815e-01
9.918571908282775018e-01
9.919471619474398150e-01
9.920482369668672806e-01
9.921599597089095779e-01
9.922818391715857445e-01
9.924133527493745888e-01
9.925539495423191250e-01
9.927030537347621975e-01
9.928600680240031728e-01
9.930243770784062951e-01
9.931953510040327782e-01
9.933723487987361489e-01
9.935547217728726288e-01
9.937418169162995918e-01
9.939329801921658047e-01
9.941275597390683005e-01
9.943249089644294880e-01
9.945243895133640821e-01
9.947253740988083459e-01
9.949272491802231277e-01
9.951294174797092884e-01
9.953313003258642544e-01
9.955323398171447291e-01
9.957320007978709420e-01
9.959297726413306462e-01
9.961251708357141688e-01
9.963177383698770262e-01
9.965070469171829481e-01
9.966926978169653450e-01
9.968743228544638679e-01
9.970515848414599480e-01
9.972241780012462975e-01
9.973918281630089755e-01
9.975542927721599007e-01
9.977113607245914340e-01
9.978628520342063268e-01
9.980086173443365460e-01
9.981485372947714874e-01
9.982825217569937237e-01
9.984105089508342745e-01
9.985324644560417129e-01
9.986483801321979215e-01
9.987582729599688847e-01
9.988621838158651123e-01
9.989601761915331002e-01
9.990523348671441761e-01
9.991387645467908474e-01
9.992195884620312940e-01
9.992949469479678326e-01
9.993649959946458994e-01
9.994299057752357163e-01
9.994898591515584130e-01
9.995450501571228052e-01
9.995956824580408684e-01
9.996419677930068470e-01
9.996841243949466937e-01
9.997223753988995210e-01
9.997569472430600790e-01
9.997880680725397262e-01
