9.997974677897826234e-01
9.997679890123664093e-01
9.997352934129413171e-01
9.996991762859851471e-01
9.996594352501687597e-01
9.996158715454989130e-01
9.995682912780748941e-01
9.995165066018156796e-01
9.994603368301220314e-01
9.993996094738772928e-01
9.993341612052759615e-01
9.992638387495521579e-01
9.991884997086769582e-01
9.991080133224464754e-01
9.990222611731089941e-01
9.989311378398134655e-01
9.988345515087959647e-01
9.987324245444541004e-01
9.986246940254137616e-01
9.985113122484919890e-01
9.983922472022146444e-01
9.982674830103619446e-01
9.981370203449706491e-01
9.980008768073764802e-01
9.978590872752735041e-01
9.977117042134102665e-01
9.975587979454432208e-01
9.974004568845957763e-01
9.972367877211117948e-01
9.970679155649985193e-01
9.968939840431945143e-01
9.967151553510221751e-01
9.965316102585537461e-01
9.963435480732845129e-01
9.961511865612321381e-01
9.959547618292109439e-01
9.957545281715405316e-01
9.955507578847838657e-01
9.953437410542504971e-01
9.951337853159059055e-01
9.949212155969798799e-01
9.947063738379443576e-01
9.944896186976363017e-01
9.942713252421231385e-01
9.940518846164811961e-01
9.938317036969890328e-01
9.936112047193876862e-01
9.933908248768559268e-01
9.931710158792748100e-01
9.929522434632631622e-01
9.927349868404350408e-01
9.925197380694438243e-01
9.923070013356981578e-01
9.920972921212545259e-01
9.918911362463537218e-01
9.916890687634452028e-01
9.914916326843603578e-01
9.912993775215860337e-01
9.911128576253492861e-01
9.909326302994507785e-01
9.907592536804361583e-01
9.905932843667507592e-01
9.904352747869079598e-01
9.902857702983838273e-01
9.901453060118659000e-01
9.900144033385811504e-01
9.898935662616794584e-01
9.897832773360130121e-01
9.896839934241234982e-01
9.895961411797998819e-01
9.895201122942156591e-01
9.894562585233575014e-01
9.894048865192219822e-01
9.893662524910232792e-01
9.893405567263767741e-01
9.893279380060031603e-01
9.893284679488258959e-01
9.893421453272674970e-01
9.893688903949365843e-01
9.894085392705670445e-01
9.894608384228702480e-01
9.895254393007425486e-01
9.896018931519356965e-01
9.896896460707694798e-01
9.897880343117453350e-01
9.898962799010477820e-01
9.900134865720170430e-01
9.901386360438908518e-01
9.902705846556815183e-01
9.904080603592140264e-01
9.905496600673784346e-01
9.906938473458334338e-01
9.908389504289998317e-01
9.909831605344575634e-01
9.911245304440230441e-01
9.912609733149997382e-01
9.913902616814921354e-01
9.915100266033322063e-01
9.916177569190991470e-01
9.917107985599337150e-01
9.917863538822843106e-01
9.918414809803317578e-01
9.918730929425213505e-01
9.918779570213087649e-01
9.918526936908177438e-01
9.917937755735338756e-01
9.916975262243769018e-01
9.915601187684701667e-01
9.913775743976416255e-01
9.911457607401774617e-01
9.908603901286138216e-01
9.905170178014420790e-01
9.901110400865433814e-01
9.896376926269772056e-01
9.890920487233914038e-01
9.884690178817527872e-01
9.877633446701536979e-01
9.869696080039510599e-01
9.860822209941317862e-01
9.850954315092006475e-01
9.840033236156109364e-01
9.827998200752757763e-01
9.814786860904556320e-01
9.800335344957306072e-01
9.784578326032726814e-01
9.767449109106900451e-01
9.748879738798862382e-01
9.728801129902840961e-01
9.707143222601802846e-01
9.683835164157981179e-01
9.658805518688233782e-01
9.631982506399839883e-01
9.603294273388329749e-01
9.572669192786735781e-01
9.540036197709639287e-01
9.505325146060324970e-01
9.468467216870406489e-01
9.429395337423690515e-01
9.388044639984921558e-01
9.344352946514595804e-01
9.298261279308067673e-01
9.249714395055569360e-01
9.198661339384452962e-01
9.145056018520496544e-01
9.088857784296734410e-01
9.030032028350926110e-01
8.968550780991901838e-01
8.904393309886319274e-01
8.837546713426536193e-01
8.768006503393523943e-01
8.695777171331859901e-01
8.620872732912902014e-01
8.543317244482727668e-01
8.463145285978332932e-01
8.380402404453349829e-01
8.295145512586075132e-01
8.207443236750004978e-01
8.117376209510646090e-01
8.025037301770541198e-01
7.930531790214061516e-01
7.833977456198950584e-01
7.735504612795678359e-01
7.635256057278746455e-01
7.533386947015457968e-01
7.430064597364673951e-01
7.325468200877590652e-01
7.219788467771005580e-01
7.113227188307479354e-01
7.005996718353872943e-01
6.898319389989148176e-01
6.790426849585209368e-01
6.682559326284758239e-01
6.574964834244142464e-01
6.467898312396629379e-01
6.361620705824878597e-01
6.256397993115303535e-01
6.152500164309111508e-01
6.050200154273748243e-01
5.949772736503411430e-01
5.851493382529172615e-01
5.755637092285905698e-01
5.662477200953913714e-01
5.572284167973019509e-01
5.485324354120180157e-01
5.401858792748849281e-01
5.322141961507977914e-01
5.246420561085781697e-01
5.174932307750578220e-01
5.107904746679321484e-01
5.045554093262178963e-01
4.988084109736425908e-01
4.935685024622783468e-01
4.888532502499191024e-01
4.846786671640020971e-01
4.810591216962996075e-01
4.780072545553853969e-01
4.755339031775156489e-01
4.736480348608257396e-01
4.723566891426466130e-01
4.716649299856772171e-01
4.715758082761893899e-01
4.720903350672833731e-01
4.732074659233340697e-01
4.749240966392946905e-01
4.772350705216079625e-01
4.801331973272275899e-01
4.836092838649275194e-01
4.876521761695662427e-01
4.922488130664786077e-01
4.973842908503274263e-01
5.030419387115596663e-01
5.092034044545337146e-01
5.158487499651766006e-01
5.229565558031210593e-01
5.305040342142560705e-01
5.384671497849784494e-01
5.468207468897690049e-01
5.555386830196916703e-01
5.645939670216677531e-01
5.739589012278318858e-01
5.836052264116967647e-01
5.935042684742432018e-01
6.036270857393379874e-01
6.139446157249953684e-01
6.244278202557869140e-01
6.350478277929649806e-01
6.457760718830662938e-01
6.565844246633473213e-01
6.674453244133508045e-01
6.783318962060720381e-01
6.892180647889516454e-01
7.000786589134773141e-01
7.108895064312890089e-01
7.216275195829047195e-01
7.322707700207717885e-01
7.427985532293588378e-01
7.531914421293750550e-01
7.634313297786801122e-01
7.735014612069204265e-01
7.833864545420944347e-01
7.930723117031319713e-01
8.025464190411374377e-01
8.117975384115104776e-01
8.208157892481406925e-01
8.295926222880838363e-01
8.381207856595380701e-01
8.463942840969278514e-01
8.544083320840819562e-01
8.621593017498331291e-01
8.696446663500890795e-01
8.768629401670759993e-01
8.838136156408021860e-01
8.904970985208741086e-01
8.969146417897881918e-01
9.030682790631351375e-01
9.089607581192391539e-01
9.145954751521798709e-01
9.199764102794926179e-01
9.251080647706668714e-01
9.299954003963644134e-01
9.346437812324708272e-01
9.390589181889177350e-01
9.432468164718157411e-01
9.472137261297197686e-01
9.509660957815749827e-01
9.545105295756048935e-01
9.578537473854660256e-01
9.610025482125906793e-01
9.639637767317745798e-01
9.667442928906218036e-01
9.693509444521595242e-01
9.717905423534345388e-01
9.740698387407568104e-01
9.761955075339782129e-01
9.781741273672772685e-01
9.800121667518304491e-01
9.817159713060027437e-01
9.832917529007952906e-01
9.847455805718324795e-01
9.860833730537844621e-01
9.873108927984972638e-01
9.884337413439978626e-01
9.894573559077834979e-01
9.903870070842643036e-01
9.912277975328260826e-01
9.919846615496812348e-01
9.926623654234471017e-01
9.932655084812276325e-01
9.937985247388440024e-01
9.942656850757445319e-01
9.946710998619464617e-01
9.950187219710612263e-01
9.953123501199142575e-01
9.955556324813771285e-01
9.957520705226522439e-01
9.959050230262747050e-01
9.960177102554038653e-01
9.960932182285107128e-01
9.961345030712800419e-01
9.961443954154576286e-01
9.961256048155542331e-01
9.960807241548770286e-01
9.960122340124655249e-01
9.959225069623497406e-01
9.958138117763422059e-01
9.956883175015363019e-01
9.955480973840177272e-01
9.953951326111757369e-01
9.952313158465669884e-01
9.950584545336128572e-01
9.948782739475345860e-01
9.946924199788155230e-01
9.945024616360449432e-01
9.943098932611078578e-01
9.941161364551804880e-01
9.939225417196732026e-01
9.937303898219324028e-01
9.935408929009668100e-01
9.933551953335126861e-01
9.931743743852275985e-01
9.929994406755702219e-01
9.928313384878765246e-01
9.926709459582206962e-01
9.925190751778298903e-01
9.923764722441059671e-01
9.922438172947630752e-01
9.921217245582721889e-01
9.920107424518306294e-01
9.919113537555624971e-01
9.918239758887281710e-01
9.917489613105240354e-01
9.916865980647052714e-01
9.916371104838956896e-01
9.916006600661463333e-01
9.915773465331676473e-01
9.915672090767275737e-01
9.915702277970179779e-01
9.915863253343554229e-01
9.916153686933680822e-01
9.916571712568149621e-01
9.917114949843325311e-01
9.917780527896610243e-01
9.918565110882354707e-01
9.919464925053900206e-01
9.920475787338074447e-01
9.921593135272434028e-01
9.922812058159841131e-01
9.924127329279920362e-01
9.925533438982908629e-01
9.927024628479084178e-01
9.928594924126721288e-01
9.930238172013906572e-01
9.931948072625045310e-01
9.933718215381589500e-01
9.935542112848551044e-01
9.937413234403726925e-01
9.939325039174717880e-01
9.941271008059618941e-01
9.943244674659990068e-01
9.945239654968845988e-01
9.947249675671467894e-01
9.949268600932124063e-01
9.951290457555126423e-01
9.953309458423492684e-01
9.955320024132827683e-01
9.957316802751776663e-01
9.959294687653567069e-01
9.961248833375957457e-01
9.963174669479505363e-01
9.965067912386659232e-01
9.966924575197041447e-01
9.968740975487474509e-01
9.970513741118980366e-01
9.972239814087103804e-01
9.973916452466342619e-01
9.975541230514068936e-01
9.977112037013675661e-01
9.978627071950471050e-01
9.980084841626460923e-01
9.981484152331226989e-01
9.982824102694870527e-01
9.984104074855114641e-01
9.985323724573508253e-01
9.986482970435006656e-01
9.987581982260789193e-01
9.988621168856025578e-01
9.989601165202758315e-01
9.990522819193514703e-01
9.991387177984740742e-01
9.992195474031402291e-01
9.992949110846606198e-01
9.993649648514092432e-01
9.994298788968215552e-01
9.994898361047050983e-01
9.995450305320310314e-01
9.995956658695794861e-01
9.996419538816282424e-01
9.996841128272984101e-01
9.997223658681246850e-01
9.997569394687889632e-01
9.997880618005803299e-01
