9.997974687783872660e-01
9.997679903242902011e-01
9.997352951126339260e-01
9.996991784454450913e-01
9.996594379490660875e-01
9.996158748711870823e-01
9.995682953254869663e-01
9.995165114732382783e-01
9.994603426348457331e-01
9.993996163277268918e-01
9.993341692300242718e-01
9.992638480722270122e-01
9.991885104607709511e-01
9.991080256390456604e-01
9.990222751919541899e-01
9.989311537003127128e-01
9.988345693510056744e-01
9.987324445080473234e-01
9.986247162486541207e-01
9.985113368672302592e-01
9.983922743489228591e-01
9.982675128132201259e-01
9.981370529270170433e-01
9.980009122857308457e-01
9.978591257604394471e-01
9.977117458086617319e-01
9.975588427462952490e-01
9.974005049783591925e-01
9.972368391865278348e-01
9.970679704719482839e-01
9.968940424524758148e-01
9.967152173141852201e-01
9.965316758177856782e-01
9.963436172613325814e-01
9.961512594013546273e-01
9.959548383351451983e-01
9.957546083474775322e-01
9.955508417253389197e-01
9.953438285444223821e-01
9.951338764310153628e-01
9.949213103025817961e-01
9.947064720897079715e-01
9.944897204411905500e-01
9.942714304128646985e-01
9.940519931393445585e-01
9.938318154861813802e-01
9.936113196780883561e-01
9.933909428968865640e-01
9.931711368407440954e-01
9.929523672341906693e-01
9.927351132763619912e-01
9.925198670130360723e-01
9.923071326163480643e-01
9.920974255546887166e-01
9.918912716342528357e-01
9.916892058930810716e-01
9.914917713282567213e-01
9.912995174372075669e-01
9.911129985548237098e-01
9.909327719693269421e-01
9.907593958014839775e-01
9.905934266338051186e-01
9.904354168787600221e-01
9.902859118777257441e-01
9.901454467252910341e-01
9.900145428166465811e-01
9.898937041190362107e-01
9.897834131716127803e-01
9.896841268215091914e-01
9.895962717074913151e-01
9.895202395062019374e-01
9.894563819597097520e-01
9.894050057068392023e-01
9.893663669445276199e-01
9.893406659491719157e-01
9.893280414915106569e-01
9.893285651819120341e-01
9.893422357858709937e-01
9.893689735519042294e-01
9.894086145957015077e-01
9.894609053851861624e-01
9.895254973709253221e-01
9.896019418049870620e-01
9.896896847888189130e-01
9.897880625869970306e-01
9.898962972388292147e-01
9.900134924938809311e-01
9.901386300907210058e-01
9.902705663907450662e-01
9.904080293710937344e-01
9.905496159727195105e-01
9.906937897918335345e-01
9.908388790955708902e-01
9.909830751359910428e-01
9.911244307306933399e-01
9.912608590735469960e-01
9.913901327354367465e-01
9.915098828125834540e-01
9.916175981789367988e-01
9.917106247993557888e-01
9.917861650617348923e-01
9.918412770888402896e-01
9.918728739943050154e-01
9.918777230519096877e-01
9.918524447528640486e-01
9.917935117322307370e-01
9.916972475528486042e-01
9.915598253430822906e-01
9.913772662934435820e-01
9.911454380266057074e-01
9.908600528655964190e-01
9.905166660360396058e-01
9.901106738502543081e-01
9.896373119338196522e-01
9.890916535688618616e-01
9.884686082427405207e-01
9.877629205058736650e-01
9.869691692579355413e-01
9.860817675972998186e-01
9.850949633840064834e-01
9.840028406812528772e-01
9.827993222539276319e-01
9.814781733144704035e-01
9.800330067157528857e-01
9.784572897971823835e-01
9.767443530932963247e-01
9.748874011132798723e-01
9.728795253947549737e-01
9.707137200255999687e-01
9.683828998133678922e-01
9.658799212630829745e-01
9.631976065009748567e-01
9.603287702543050752e-01
9.572662499662222269e-01
9.540029390899751327e-01
9.505318235693110962e-01
9.468460214719868207e-01
9.429388257015592911e-01
9.388037496695161854e-01
9.344345757658545359e-01
9.298254064219219073e-01
9.249707175151831162e-01
9.198654138220357934e-01
9.145048861823619202e-01
9.088850699986679160e-01
9.030025046539297273e-01
8.968543933961813375e-01
8.904386632050157457e-01
8.837540241260883889e-01
8.768000275350368300e-01
8.695771227725519470e-01
8.620867115782303580e-01
8.543311997429025029e-01
8.463140453978139632e-01
8.380398033648163159e-01
8.295141650048769577e-01
8.207439930229600833e-01
8.117373507156812051e-01
8.025035251839574002e-01
7.930530440758387645e-01
7.833976854742342733e-01
7.735504805996670230e-01
7.635257090584885997e-01
7.533388864311194588e-01
7.430067440615768515e-01
7.325472009775095827e-01
7.219793279377824113e-01
7.113233036710564505e-01
7.006003634325055351e-01
6.898327400657512376e-01
6.790435978123759986e-01
6.682569591613962690e-01
6.574976250754640539e-01
6.467910889693223586e-01
6.361634448493496130e-01
6.256412900514332076e-01
6.152516230386202434e-01
6.050217367408763369e-01
5.949791079377991787e-01
5.851512832022924826e-01
5.755657619399188185e-01
5.662498770756898558e-01
5.572306739580688006e-01
5.485347880692870159e-01
5.401883221518155587e-01
5.322167233827983512e-01
5.246446612509817475e-01
5.174959068134172835e-01
5.107932140310478264e-01
5.045582039020339860e-01
4.988112521282270784e-01
4.935713810621181752e-01
4.888561566877993592e-01
4.846815913887884131e-01
4.810620532469117583e-01
4.780101825992796316e-01
4.755368165539451963e-01
4.736509221291027583e-01
4.723595386355710080e-01
4.716677298681878350e-01
4.715785466091976241e-01
4.720929998765108770e-01
4.732100452728430495e-01
4.749265787092421531e-01
4.772374436896040795e-01
4.801354502525410073e-01
4.836114055746129070e-01
4.876541561454937890e-01
4.922506413321072749e-01
4.973859580560094917e-01
5.030434362170900231e-01
5.092047244076398638e-01
5.158498853746673607e-01
5.229575006054376640e-01
5.305047833322648065e-01
5.384676991779367983e-01
5.468210935935539085e-01
5.555388251765134289e-01
5.645939038986989011e-01
5.739586332243591382e-01
5.836047550546125118e-01
5.935035964019017563e-01
6.036262166740045121e-01
6.139435544343065931e-01
6.244265725038407044e-01
6.350464002818045905e-01
6.457744721854927761e-01
6.565826611480949371e-01
6.674434061637852800e-01
6.783298329336197030e-01
6.892158667425317686e-01
7.000763367862237185e-01
7.108870712658404978e-01
7.216249826765184228e-01
7.322681428314615770e-01
7.427958472841948989e-01
7.531886689359883480e-01
7.634285007409221668e-01
7.734985875455131499e-01
7.833835472209892403e-01
7.930693813621718657e-01
8.025434759354926895e-01
8.117945923582235990e-01
8.208128495800082192e-01
8.295896978149672751e-01
8.381178846370930247e-01
8.463914142026347509e-01
8.544055004003646703e-01
8.621565147539658192e-01
8.696419299105212497e-01
8.768602595457380966e-01
8.838109955009092467e-01
8.904945429396994294e-01
8.969121542758579091e-01
9.030658625772718384e-01
9.089584150988807565e-01
9.145932075384027859e-01
9.199742195461771965e-01
9.251059519552666810e-01
9.299933661317656419e-01
9.346418257794590900e-01
9.390570414688079737e-01
9.432450180988412036e-01
9.472120054428156966e-01
9.509644518752422560e-01
9.545089613295800746e-01
9.578522534929727605e-01
9.610011272069909349e-01
9.639624270114841575e-01
9.667430127421952069e-01
9.693497320714904442e-01
9.717893958650548614e-01
9.740687562152513523e-01
9.761944870035623723e-01
9.781731668396098645e-01
9.800112642221571191e-01
9.817151247677402548e-01
9.832909603546811095e-01
9.847448400337696084e-01
9.860826825615166547e-01
9.873102504172460714e-01
9.884331451711910743e-01
9.894568040769946560e-01
9.903864977684735393e-01
9.912273289470996396e-01
9.919842319533547226e-01
9.926619731218836451e-01
9.932651518272066493e-01
9.937982021336284610e-01
9.942653949698563309e-01
9.946708407556765774e-01
9.950184924147281729e-01
9.953121487138814061e-01
9.955554578758344375e-01
9.957519214171662858e-01
9.959048981691094315e-01
9.960176084426177745e-01
9.960931383028369668e-01
9.961344439207994172e-01
9.961443559720790653e-01
9.961255840533209671e-01
9.960807210881197360e-01
9.960122476938295666e-01
9.959225364807235970e-01
9.958138562547190764e-01
9.956883760948406215e-01
9.955481692769283519e-01
9.953952170159791057e-01
9.952314120010691267e-01
9.950585616991381999e-01
9.948783914070381540e-01
9.946925470351288823e-01
9.945025976102745968e-01
9.943100374912009487e-01
9.941162882946682489e-01
9.939227005366005896e-01
9.937305549979782437e-01
9.935410638307557996e-01
9.933553714241185606e-01
9.931745550558651603e-01
9.929996253574696619e-01
9.928315266243327164e-01
9.926711370048085792e-01
9.925192686027727307e-01
9.923766675287822858e-01
9.922440139343358112e-01
9.921219220624192259e-01
9.920109403455567021e-01
9.919115515800670524e-01
9.918241732023037605e-01
9.917491576894590377e-01
9.916867931041631889e-01
9.916373037987449290e-01
9.916008512917156015e-01
9.915775353259039804e-01
9.915673951147374598e-01
9.915704107804778067e-01
9.915865049857786051e-01
9.916155447577247317e-01
9.916573435015030302e-01
9.917116631990041675e-01
9.917782167859129361e-01
9.918566706991757131e-01
9.919466475850966525e-01
9.920477291566951461e-01
9.921594591873571511e-01
9.922813466262384585e-01
9.924128688193730730e-01
9.925534748190371070e-01
9.927025887626853562e-01
9.928596133017512093e-01
9.930239330598427117e-01
9.931949180994149584e-01
9.933719273758659929e-01
9.935543121582168791e-01
9.937414193960597553e-01
9.939325950132856802e-01
9.941271871101771129e-01
9.943245490567235167e-01
9.945240424614383290e-01
9.947250400014521210e-01
9.949269281011953181e-01
9.951291094485107402e-01
9.953310053385256984e-01
9.955320578370435713e-01
9.957317317565920201e-01
9.959295164395792765e-01
9.961249273442914776e-01
9.963175074307207835e-01
9.965068283444774577e-01
9.966924913983195022e-01
9.968741283521581620e-01
9.970514019937596339e-01
9.972240065237791828e-01
9.973916677502054906e-01
9.975541430987544533e-01
9.977112214471848262e-01
9.978627227928881238e-01
9.980084977643691735e-01
9.981484269883361682e-01
9.982824203249993644e-01
9.984104159847886351e-01
9.985323795399833058e-01
9.986483028446860866e-01
9.987582028761234909e-01
9.988621205094496691e-01
9.989601192370656246e-01
9.990522838420218266e-01
9.991387190334066748e-01
9.992195480498614613e-01
9.992949112356027674e-01
9.993649645917375146e-01
9.994298783043326084e-01
9.994898352497989524e-01
9.995450294777592504e-01
9.995956646717687466e-01
9.996419525890770652e-01
9.996841114820437246e-01
9.997223645057718988e-01
9.997569381188977644e-01
9.997880604870978960e-01
