9.997974570559540197e-01
9.997679773804049042e-01
9.997352809158618347e-01
9.996991629798539503e-01
9.996594212165463844e-01
9.996158568936444055e-01
9.995682761468427380e-01
9.995164911611801317e-01
9.994603212822742444e-01
9.993995940538495937e-01
9.993341461810604232e-01
9.992638244216952570e-01
9.991884864093454333e-01
9.991080014139768206e-01
9.990222510460634586e-01
9.989311299105843034e-01
9.988345462168058964e-01
9.987324223490156028e-01
9.986246954023153544e-01
9.985113176863849027e-01
9.983922571988752548e-01
9.982674980689079103e-01
9.981370409701019186e-01
9.980009035017123331e-01
9.978591205358450233e-01
9.977117445283634201e-01
9.975588457909966289e-01
9.974005127222856926e-01
9.972368519953480615e-01
9.970679887009442632e-01
9.968940664449705835e-01
9.967152474002293205e-01
9.965317123130957855e-01
9.963436604664681617e-01
9.961513096011133106e-01
9.959548957981512185e-01
9.957546733259344807e-01
9.955509144549153921e-01
9.953439092442347702e-01
9.951339653036750388e-01
9.949214075342699415e-01
9.947065778502468536e-01
9.944898348840771618e-01
9.942715536752401162e-01
9.940521253418732606e-01
9.938319567328187665e-01
9.936114700557207025e-01
9.933911024748304230e-01
9.931713056700978148e-01
9.929525453470352536e-01
9.927353006848116390e-01
9.925200637081424970e-01
9.923073385668677027e-01
9.920976407057211510e-01
9.918914959057626435e-01
9.916894391783150908e-01
9.914920134920706118e-01
9.912997683143116578e-01
9.911132579479615679e-01
9.909330396473956526e-01
9.907596714976043550e-01
9.905937100433475084e-01
9.904357076573324647e-01
9.902862096391247260e-01
9.901457510394183759e-01
9.900148532073923535e-01
9.898940200621300090e-01
9.897837340924438010e-01
9.896844520929212186e-01
9.895966006475603871e-01
9.895205713760101274e-01
9.894567159611342699e-01
9.894053409803861276e-01
9.893667025672453486e-01
9.893410009326915056e-01
9.893283747802694705e-01
9.893288956516246291e-01
9.893425622423231980e-01
9.893692947301504503e-01
9.894089291597499836e-01
9.894612119282600871e-01
9.895257944163841080e-01
9.896022278079872336e-01
9.896899581387839095e-01
9.897883216109525373e-01
9.898965402056392193e-01
9.900137176194012678e-01
9.901388355438598410e-01
9.902707503003885803e-01
9.904081898338286116e-01
9.905497510612456535e-01
9.906938975639293377e-01
9.908389576034393187e-01
9.909831224357826818e-01
9.911244448919733774e-01
9.912608381884490116e-01
9.913900749272296364e-01
9.915097862433646103e-01
9.916174610561656610e-01
9.917104453809503228e-01
9.917859416594729804e-01
9.918410080698394360e-01
9.918725577803968463e-01
9.918773581167783515e-01
9.918520296168805706e-01
9.917930449549841043e-01
9.916967277234488565e-01
9.915592510683889360e-01
9.913766361844452701e-01
9.911447506832518073e-01
9.908593068604428789e-01
9.905158598971285366e-01
9.901098060436863690e-01
9.896363808465102885e-01
9.890906574919838823e-01
9.884675453563573910e-01
9.877617888652493461e-01
9.869679667819806212e-01
9.860804920595717116e-01
9.850936124066320687e-01
9.840014117320831089e-01
9.827978126471763609e-01
9.814765802150209328e-01
9.800313271472574916e-01
9.784555206540204164e-01
9.767424911564006607e-01
9.748854430697962981e-01
9.728774678614572347e-01
9.707115595759517879e-01
9.683806330080970692e-01
9.658775446841149082e-01
9.631951167885577370e-01
9.603261641471481092e-01
9.572635243444576059e-01
9.540000910207461216e-01
9.505288503547673074e-01
9.468429206994535274e-01
9.429355952956175457e-01
9.388003879456943146e-01
9.344310814855912861e-01
9.298217788484115509e-01
9.249669564696556545e-01
9.198615197399681032e-01
9.145008601690584049e-01
9.088809138835861612e-01
9.029982210430831380e-01
8.968499857219012217e-01
8.904341357723264405e-01
8.837493821549319284e-01
8.767952771975778825e-01
8.695722712248072916e-01
8.620817669852984810e-01
8.543261712971071953e-01
8.463089433291408614e-01
8.380346389430866072e-01
8.295089505331871838e-01
8.207387418220066788e-01
8.117320770986875544e-01
8.024982444220228883e-01
7.930477723536354384e-01
7.833924398360894159e-01
7.735452788861775231e-01
7.635205698339232461e-01
7.533338289019728684e-01
7.430017879867545361e-01
7.325423665707140319e-01
7.219746357627786493e-01
7.113187745305857845e-01
7.005960182516970391e-01
6.898285997709583395e-01
6.790396832064240495e-01
6.682532907962694946e-01
6.574942231235011425e-01
6.467879730939799510e-01
6.361606340765963985e-01
6.256388026427935900e-01
6.152494763668409083e-01
6.050199471690909103e-01
5.949776907029880046e-01
5.851502523037090953e-01
5.755651300330300035e-01
5.662496553720375303e-01
5.572308721313374846e-01
5.485354141677301065e-01
5.401893825170824837e-01
5.322182225751185269e-01
5.246466019806146353e-01
5.174982898782534146e-01
5.107960382602649840e-01
5.045614661058027695e-01
4.988149470535467866e-01
4.935755013550428005e-01
4.888606928624961157e-01
4.846865318040683990e-01
4.810673840911425803e-01
4.780158878847765580e-01
4.755428781221869849e-01
4.736573196682813958e-01
4.723662497121300374e-01
4.716747299740806643e-01
4.715858092265882151e-01
4.721004965615677174e-01
4.732177457600930115e-01
4.749344510376918294e-01
4.772454543514761394e-01
4.801435643650469043e-01
4.836195870746690106e-01
4.876623680067309063e-01
4.922588458029414360e-01
4.973941169169239229e-01
5.030515110546862623e-01
5.092126769024589716e-01
5.158576775992573804e-01
5.229650953287305892e-01
5.305121443259606107e-01
5.384747915203682567e-01
5.468278839663746060e-01
5.555452821495547866e-01
5.645999981984510807e-01
5.739643379817669366e-01
5.836100460282195312e-01
5.935084521728171136e-01
6.036306188096851599e-01
6.139474876187362984e-01
6.244300246323322146e-01
6.350493625193083247e-01
6.457769389879746136e-01
6.565846302472233553e-01
6.674448785158003661e-01
6.783308126338734034e-01
6.892163609077344155e-01
7.000763554069191485e-01
7.108866270320564063e-01
7.216240907798705528e-01
7.322668207472460278e-01
7.427941145371911302e-01
7.531865468537738417e-01
7.634260121985366743e-01
7.734957567052420657e-01
7.833803992709276187e-01
7.930659422570462969e-01
8.025397721429901043e-01
8.117906506138099498e-01
8.208086966529055672e-01
8.295853602876328559e-01
8.381133887001939176e-01
8.463867854671446311e-01
8.544007637280548462e-01
8.621516941072007167e-01
8.696370482219174525e-01
8.768553386079150913e-01
8.838060558762462771e-01
8.904896038897256449e-01
8.969072337096390957e-01
9.030609770179327533e-01
9.089535796672008061e-01
9.145884359522573614e-01
9.199695241344735264e-01
9.251013436849166993e-01
9.299888546461820837e-01
9.346374194470177255e-01
9.390527474397191154e-01
9.432408423688856125e-01
9.472079529224470829e-01
9.509605264626140864e-01
9.545051659861377713e-01
9.578485903203406426e-01
9.609975975239911650e-01
9.639590314302372009e-01
9.667397512423736572e-01
9.693466040719231902e-01
9.717864002920103550e-01
9.740658915668558571e-01
9.761917514099416326e-01
9.781705581184657605e-01
9.800087799296134383e-01
9.817127622444034030e-01
9.832887167669643880e-01
9.847427124106237217e-01
9.860806678267836078e-01
9.873083454179215623e-01
9.884313467019245625e-01
9.894551089011925926e-01
9.903849026363849006e-01
9.912258306112674555e-01
9.919828271818045273e-01
9.926606587093970147e-01
9.932639246049972392e-01
9.937970589776956576e-01
9.942643328082528820e-01
9.946698565748746113e-01
9.950175832652299324e-01
9.953113117151736189e-01
9.955546902207480509e-01
9.957512203756735403e-01
9.959042610915596061e-01
9.960170327623979469e-01
9.960926215384290350e-01
9.961339836772011846e-01
9.961439499415569720e-01
9.961252300154678219e-01
9.960804169092040139e-01
9.960119913254316115e-01
9.959223259576756027e-01
9.958136896923772685e-01
9.956882516857388232e-01
9.955480852868743291e-01
9.953951717796694076e-01
9.952314039173079108e-01
9.950585892257554077e-01
9.948784530556002981e-01
9.946926413655422516e-01
9.945027232253743632e-01
9.943101930314149905e-01
9.941164724328374058e-01
9.939229119730279560e-01
9.937307924557716721e-01
9.935413260515172373e-01
9.933556571640277388e-01
9.931748630821941592e-01
9.929999544455617722e-01
9.928318755550730179e-01
9.926715045626069989e-01
9.925196535740784531e-01
9.923770687011428393e-01
9.922444300960093777e-01
9.921223520025412856e-01
9.920113828548543511e-01
9.919120054521051166e-01
9.918246372352348406e-01
9.917496306882361834e-01
9.916872738831633560e-01
9.916377911847356064e-01
9.916013441270874473e-01
9.915780324720832040e-01
9.915678954556835789e-01
9.915709132261719683e-01
9.915870084756073233e-01
9.916160482636715567e-01
9.916578460310691012e-01
9.917121637977923676e-01
9.917787145398273552e-01
9.918571647362040000e-01
9.919471370766630436e-01
9.920482133185895002e-01
9.921599372802608618e-01
9.922818179558832163e-01
9.924133327363778845e-01
9.925539307184783056e-01
9.927030360834554479e-01
9.928600515257643977e-01
9.930243617111413901e-01
9.931953367432242441e-01
9.933723356176383801e-01
9.935547096426977642e-01
9.937418058063959281e-01
9.939329700701901027e-01
9.941275505711532068e-01
9.943249007153474039e-01
9.945243821466882572e-01
9.947253675770723058e-01
9.949272434650779928e-01
9.951294125320795381e-01
9.953312961061020481e-01
9.955323362851820068e-01
9.957319979133697485e-01
9.959297703638291255e-01
9.961251691247707818e-01
9.963177371852099951e-01
9.965070462188062583e-01
9.966926975653201959e-01
9.968743230105454600e-01
9.970515853669408290e-01
9.972241788585949340e-01
9.973918293156048831e-01
9.975542941844042222e-01
9.977113623620151861e-01
9.978628538635739842e-01
9.980086193337471823e-01
9.981485394137549205e-01
9.982825239766035530e-01
9.984105112437348106e-01
9.985324667965899126e-01
9.986483824965174394e-01
9.987582753260153545e-01
9.988621861634822130e-01
9.989601785024957437e-01
9.990523371251884832e-01
9.991387667376296911e-01
9.992195905733525230e-01
9.992949489694157306e-01
9.993649979177835485e-01
9.994299075934899301e-01
9.994898608601447965e-01
9.995450517529543832e-01
9.995956839396188398e-01
9.996419691602975721e-01
9.996841256492458028e-01
9.997223765426850317e-01
9.997569482798396301e-01
9.997880690066928144e-01
