-0.71118
-0.71118
-0.71118
-0.71118
-0.71118
-0.71118
-0.71118
-0.71118
-0.71118
-0.71118
-0.71118
-0.71118
-0.71118
-0.71118
-0.71118
-0.71118
-0.71118
-0.71118
-0.71118
-0.71118
-0.71118
-0.71118
-0.71118
-0.71118
-0.6981
-0.6981
-0.62943
-0.55469
-0.45424
-0.33807
-0.18864
-0.03597
0.12739
0.32459
0.49425
0.67015
0.8634
1.0497
1.2393
1.4113
1.5627
1.6884
1.7859
1.8889
1.9445
1.9638
1.9919
2.002
1.9626
1.9123
1.808
1.7588
1.6592
1.5582
1.4256
1.2958
1.1802
1.0583
0.92239
0.80599
0.68984
0.57409
0.4613
0.3508
0.25334
0.1573
0.076495
0.00065546
-0.097629
-0.17993
-0.2665
-0.3639
-0.45141
-0.5379
-0.61362
-0.69296
-0.69296
-0.71118
-0.71118
-0.71118
-0.71118
-0.71118
-0.71118
-0.71118
-0.71118
-0.71118
-0.71118
-0.71118
-0.71118
-0.71118
-0.71118
-0.71118
-0.71118
-0.71118
-0.71118
-0.71118
-0.71118
-0.71118
-0.71118
-0.71118
