0.039369
0.039369
0.039369
0.039369
0.039369
0.039369
0.039369
0.039369
0.039369
0.039369
0.039369
0.039369
0.039369
0.039369
0.039369
0.039369
0.039369
0.039369
0.039369
0.039369
0.039369
0.039369
0.039369
0.039369
0.050854
0.050854
0.10482
0.15952
0.2262
0.29684
0.37913
0.45489
0.52712
0.60981
0.66792
0.72094
0.77426
0.81583
0.84921
0.86368
0.86233
0.84198
0.80179
0.75494
0.6839
0.59603
0.49864
0.3899
0.26734
0.13663
0.0021488
-0.13575
-0.27355
-0.4078
-0.53094
-0.64672
-0.7544
-0.84665
-0.9125
-0.97297
-1.0102
-1.0242
-1.0185
-0.98703
-0.94323
-0.88226
-0.81977
-0.74817
-0.63957
-0.54438
-0.44131
-0.32734
-0.22803
-0.13324
-0.054821
0.022782
0.022782
0.039369
0.039369
0.039369
0.039369
0.039369
0.039369
0.039369
0.039369
0.039369
0.039369
0.039369
0.039369
0.039369
0.039369
0.039369
0.039369
0.039369
0.039369
0.039369
0.039369
0.039369
0.039369
0.039369
