9.997973709818887000e-01
9.997678832902050505e-01
9.997351788571910980e-01
9.996990531598224372e-01
9.996593040223192839e-01
9.996157329118554591e-01
9.995681461812636615e-01
9.995163562481185204e-01
9.994601827032105756e-01
9.993994533448811168e-01
9.993340051387958889e-01
9.992636851053328106e-01
9.991883511387672501e-01
9.991078727637977552e-01
9.990221318356874436e-01
9.989310231904221515e-01
9.988344552509172969e-01
9.987323505945261415e-01
9.986246464860399907e-01
9.985112953791519530e-01
9.983922653880912268e-01
9.982675407299265169e-01
9.981371221369718105e-01
9.980010272378619929e-01
9.978592909052379500e-01
9.977119655676105481e-01
9.975591214828535280e-01
9.974008469709001456e-01
9.972372486035425698e-01
9.970684513497430901e-01
9.968945986755002320e-01
9.967158525980402972e-01
9.965323936948813355e-01
9.963444210690852731e-01
9.961521522727491140e-01
9.959558231914276138e-01
9.957556878926988597e-01
9.955520184424340169e-01
9.953451046924838286e-01
9.951352540434120764e-01
9.949227911855669237e-01
9.947080578211736634e-01
9.944914123692407681e-01
9.942732296539080750e-01
9.940539005754392976e-01
9.938338317614032746e-01
9.936134451937385093e-01
9.933931778053955997e-01
9.931734810381801504e-01
9.929548203513204330e-01
9.927376746682566866e-01
9.925225357472529097e-01
9.923099074597517832e-01
9.921003049590036982e-01
9.918942537204578080e-01
9.916922884347731948e-01
9.914949517341201668e-01
9.913027927327203725e-01
9.911163653633386916e-01
9.909362264926503405e-01
9.907629338000691899e-01
9.905970434066647679e-01
9.904391072431912857e-01
9.902896701489313225e-01
9.901492666959756939e-01
9.900184177366645466e-01
9.898976266751720043e-01
9.897873754675899916e-01
9.896881203583421938e-01
9.896002873643305886e-01
9.895242675218580697e-01
9.894604119150990362e-01
9.894090265086508129e-01
9.893703668104788518e-01
9.893446323952920229e-01
9.893319613219637709e-01
9.893324244819401425e-01
9.893460199184956894e-01
9.893726671590731270e-01
9.894122016045888701e-01
9.894643690203579478e-01
9.895288201730491062e-01
9.896051056567024551e-01
9.896926709482833928e-01
9.897908517294853326e-01
9.898988695065857879e-01
9.900158275542170205e-01
9.901407072021030098e-01
9.902723644763519184e-01
9.904095270990327382e-01
9.905507918417885138e-01
9.906946222214151332e-01
9.908393465179500259e-01
9.909831560891153579e-01
9.911241039491515137e-01
9.912601035753483281e-01
9.913889279020360323e-01
9.915082084595278067e-01
9.916154346145280574e-01
9.917079528688242940e-01
9.917829661746238035e-01
9.918375332275986000e-01
9.918685677024891012e-01
9.918728374008828341e-01
9.918469632864594931e-01
9.917874183894827000e-01
9.916905265695858951e-01
9.915524611338921712e-01
9.913692433162227813e-01
9.911367406326010432e-01
9.908506651384646480e-01
9.905065716240017970e-01
9.900998557958663460e-01
9.896257525062019944e-01
9.890793341034230801e-01
9.884555089934796701e-01
9.877490205152549274e-01
9.869544462491095516e-01
9.860661978930983507e-01
9.850785218566903145e-01
9.839855007364587403e-01
9.827810558516683059e-01
9.814589510294100538e-01
9.800127978383391669e-01
9.784360624765845449e-01
9.767220745224932665e-01
9.748640377560866543e-01
9.728550432540716830e-01
9.706880849517289800e-01
9.683560778508667477e-01
9.658518790343046945e-01
9.631683116241791520e-01
9.602981917939978906e-01
9.572343589131747654e-01
9.539697088681773351e-01
9.504972305669042720e-01
9.468100455929886472e-01
9.429014509349188389e-01
9.387649646717178831e-01
9.343943744529137341e-01
9.297837885661963675e-01
9.249276893419556833e-01
9.198209886003334557e-01
9.144590848039778619e-01
9.088379215388636689e-01
9.029540469068542130e-01
8.968046733776666724e-01
8.903877376151256851e-01
8.837019597636325274e-01
8.767469016562290385e-01
8.695230233861099833e-01
8.620317376694853762e-01
8.542754614199106200e-01
8.462576639530415834e-01
8.379829112466801178e-01
8.294569056942642238e-01
8.206865208107948506e-01
8.116798303786388891e-01
8.024461315565296626e-01
7.929959615180963706e-01
7.833411072358225091e-01
7.734946080817490799e-01
7.634707509765512601e-01
7.532850578827150478e-01
7.429542655042211674e-01
7.324962971230360997e-01
7.219302265704841126e-01
7.112762343978891177e-01
7.005555563744813030e-01
6.897904245003836365e-01
6.790040007776481090e-01
6.682203040321719190e-01
6.574641301235684132e-01
6.467609659186034365e-01
6.361368974369754348e-01
6.256185126063840141e-01
6.152327990878735386e-01
6.050070376531186955e-01
5.949686916136680548e-01
5.851452928191966940e-01
5.755643247583996924e-01
5.662531033131654734e-01
5.572386557346700187e-01
5.485475984294152507e-01
5.402060141641011892e-01
5.322393293203585563e-01
5.246721918533552298e-01
5.175283506313046455e-01
5.108305368550669634e-01
5.046003482771640458e-01
4.988581369563644952e-01
4.936229012963058160e-01
4.889121831230796023e-01
4.847419705562068248e-01
4.811266074189439745e-01
4.780787099166401433e-01
4.756090912853458974e-01
4.737266950768505014e-01
4.724385377008331055e-01
4.717496607901693340e-01
4.716630938922601324e-01
4.721798279183204716e-01
4.732987997049086237e-01
4.750168879586955661e-01
4.773289207677329227e-01
4.802276947715605759e-01
4.837040059894482935e-01
4.877466922121607151e-01
4.923426867687258346e-01
4.974770833867880881e-01
5.031332117739464316e-01
5.092927234587532048e-01
5.159356873442826341e-01
5.230406943450055524e-01
5.305849703995281219e-01
5.385444970781305685e-01
5.468941389354911031e-01
5.556077766961163844e-01
5.646584453034908524e-01
5.740184758145453481e-01
5.836596400796166817e-01
5.935532971154652282e-01
6.036705400560853363e-01
6.139823425538732948e-01
6.244597035030885479e-01
6.350737889691161486e-01
6.457960702314561319e-01
6.565984568858802550e-01
6.674534240019912579e-01
6.783341323961773472e-01
6.892145411562147217e-01
7.000695116417021691e-01
7.108749022828579900e-01
7.216076536076441172e-01
7.322458630419090841e-01
7.427688491473751764e-01
7.531572050857895384e-01
7.633928412222066306e-01
7.734590169040147511e-01
7.833403615727692060e-01
7.930228854810914552e-01
8.024939803948785144e-01
8.117424107601287631e-01
8.207582959022742264e-01
8.295330839027954539e-01
8.380595178620886543e-01
8.463315953084112886e-01
8.543445215498501888e-01
8.620946577896310137e-01
8.695794648348973421e-01
8.767974432258993644e-01
8.837480705970975903e-01
8.904317370550178801e-01
8.968496793210003482e-01
9.030039143416158653e-01
9.088971730169654872e-01
9.145328346388692520e-01
9.199148625686678349e-01
9.250477416195536096e-01
9.299364175425129941e-01
9.345862389494914435e-01
9.390029019435458535e-01
9.431923976646489072e-01
9.471609629023587384e-01
9.509150338735361530e-01
9.544612032152116621e-01
9.578061801999426805e-01
9.609567541437425975e-01
9.639197609449161597e-01
9.667020526657696955e-01
9.693104700479306945e-01
9.717518178355364356e-01
9.740328427684153967e-01
9.761602140990900400e-01
9.781405064824728601e-01
9.799801850849783058e-01
9.816855927599389409e-01
9.832629391382230466e-01
9.847182914863716885e-01
9.860575671890541294e-01
9.872865277178685117e-01
9.884107739542550286e-01
9.894357427403719374e-01
9.903667045380800671e-01
9.912087620826363077e-01
9.919668499242417781e-01
9.926457347572485990e-01
9.932500164435448253e-01
9.937841296434316574e-01
9.942523459741215985e-01
9.946587766227761307e-01
9.950073753476854632e-01
9.953019418076599623e-01
9.955461251658378474e-01
9.957434279197830973e-01
9.958972099148206691e-01
9.960106925019364121e-01
9.960869628051635116e-01
9.961289780661591875e-01
9.961395700356525662e-01
9.961214493826802130e-01
9.960772100931363227e-01
9.960093338293092291e-01
9.959201942219423342e-01
9.958120610661734817e-01
9.956871043926672771e-01
9.955473983855903652e-01
9.953949251199424308e-01
9.952315780923046695e-01
9.950591655213663067e-01
9.948794133976875953e-01
9.946939682660084214e-01
9.945043997279480186e-01
9.943122026580250017e-01
9.941187991313946704e-01
9.939255400673698837e-01
9.937337065984421791e-01
9.935445111799716678e-01
9.933590984607597596e-01
9.931785459391967441e-01
9.930038644334492348e-01
9.928359983971150049e-01
9.926758261138551864e-01
9.925241598057003012e-01
9.923817456900180245e-01
9.922492640195791358e-01
9.921273291388422733e-01
9.920164895875988043e-01
9.919172282805932550e-01
9.918299627888069736e-01
9.917550457448843781e-01
9.916927653918299335e-01
9.916433462907396912e-01
9.916069502000360858e-01
9.915836771355522883e-01
9.915735666179026353e-01
9.915765991109155575e-01
9.915926976524964687e-01
9.916217296771150380e-01
9.916635090271374020e-01
9.917177981484026628e-01
9.917843104637339424e-01
9.918627129164221401e-01
9.919526286740987242e-01
9.920536399817978523e-01
9.921652911514007300e-01
9.922870916730680557e-01
9.924185194327356241e-01
9.925590240183224111e-01
9.927080300960304804e-01
9.928649408370571194e-01
9.930291413742562412e-01
9.932000022677929252e-01
9.933768829586917537e-01
9.935591351893621193e-01
9.937461063707043740e-01
9.939371428762175942e-01
9.941315932446068704e-01
9.943288112736663464e-01
9.945281589896428631e-01
9.947290094777988534e-01
9.949307495614415631e-01
9.951327823182303245e-01
9.953345294240769636e-01
9.955354333163983771e-01
9.957349591698649860e-01
9.959325966791168216e-01
9.961278616441980871e-01
9.963202973557291342e-01
9.965094757780912360e-01
9.966949985301842840e-01
9.968764976646338205e-01
9.970536362476871695e-01
9.972261087434458604e-01
9.973936412075214974e-01
9.975559912966578402e-01
9.977129481022954938e-01
9.978643318174308385e-01
9.980099932473853741e-01
9.981498131762078785e-01
9.982837016013107467e-01
9.984115968495578253e-01
9.985334645883104931e-01
9.986492967448756808e-01
9.987591103473628662e-01
9.988629462991464036e-01
9.989608680979745747e-01
9.990529605093199095e-01
9.991393282019029876e-01
9.992200943515540112e-01
9.992953992178186251e-01
9.993653986961086311e-01
9.994302628468710870e-01
9.994901744023361179e-01
9.995453272510068654e-01
9.995959249002427383e-01
9.996421789180992556e-01
9.996843073569983140e-01
9.997225331637541457e-01
9.997570825828387964e-01
9.997881835623984026e-01
