9.997973978419159025e-01
9.997679105938858113e-01
9.997352060046899025e-01
9.996990794168383321e-01
9.996593285107768789e-01
9.996157546022298446e-01
9.995681638868473273e-01
9.995163686214934007e-01
9.994601882351393796e-01
9.993994503657679385e-01
9.993339918227982510e-01
9.992636594771326930e-01
9.991883110829321568e-01
9.991078160365928218e-01
9.990220560791267523e-01
9.989309259482886949e-01
9.988343339864304005e-01
9.987322027092939702e-01
9.986244693399098926e-01
9.985110863105609580e-01
9.983920217345161330e-01
9.982672598480534232e-01
9.981368014222279372e-01
9.980006641429907122e-01
9.978588829576453545e-01
9.977115103852606248e-01
9.975586167885499567e-01
9.974002906048444750e-01
9.972366385341224770e-01
9.970677856825542751e-01
9.968938756606602336e-01
9.967150706358975931e-01
9.965315513402623893e-01
9.963435170342553882e-01
9.961511854292879331e-01
9.959547925712370908e-01
9.957545926883720755e-01
9.955508580072147673e-01
9.953438785400431366e-01
9.951339618476554572e-01
9.949214327806722435e-01
9.947066332020357837e-01
9.944899216924746321e-01
9.942716732395338042e-01
9.940522789093410028e-01
9.938321454986251968e-01
9.936116951626446925e-01
9.933913650126955375e-01
9.931716066747889871e-01
9.929528857989994295e-01
9.927356815069581231e-01
9.925204857630737232e-01
9.923078026533898033e-01
9.920981475546012396e-01
9.918920461747132711e-01
9.916900334462039890e-01
9.914926522523619390e-01
9.913004519677586224e-01
9.911139867945747417e-01
9.909338138777170624e-01
9.907604911833203243e-01
9.905945751272727806e-01
9.904366179427949168e-01
9.902871647787805376e-01
9.901467505235197475e-01
9.900158963515274246e-01
9.898951059944497421e-01
9.897848617403892657e-01
9.896856201694610444e-01
9.895978076369521537e-01
9.895218155191031206e-01
9.894579952402420275e-01
9.894066531037710721e-01
9.893680449532796795e-01
9.893423706937838347e-01
9.893297687066807677e-01
9.893303101953343504e-01
9.893439935011483222e-01
9.893707384323650045e-01
9.894103806494962683e-01
9.894626661520866673e-01
9.895272459112813834e-01
9.896036706913201586e-01
9.896913861005401936e-01
9.897897279087268796e-01
9.898979176627634713e-01
9.900150586266001085e-01
9.901401320647610360e-01
9.902719938811517242e-01
9.904093716170669914e-01
9.905508618043122882e-01
9.906949276615166777e-01
9.908398971143081990e-01
9.909839611132900128e-01
9.911251722179179602e-01
9.912614434096004290e-01
9.913905470937531828e-01
9.915101142482158902e-01
9.916176336744001452e-01
9.917104513077880101e-01
9.917857695458821565e-01
9.918406465543612160e-01
9.918719955159299717e-01
9.918765837910880068e-01
9.918510319656853591e-01
9.917918127666187633e-01
9.916952498342889166e-01
9.915575163484593446e-01
9.913746335129132170e-01
9.911424689138085276e-01
9.908567347769104972e-01
9.905129861599666352e-01
9.901066191284106921e-01
9.896328689753538521e-01
9.890868085604263005e-01
9.884633468563970293e-01
9.877572278074967516e-01
9.869630296187966723e-01
9.860751646115566427e-01
9.850878797947897336e-01
9.839952583179469858e-01
9.827912219830756690e-01
9.814695350065215651e-01
9.800238092296098547e-01
9.784475109842201146e-01
9.767339698222171629e-01
9.748763893168586048e-01
9.728678601392207748e-01
9.707013756031145357e-01
9.683698498577865132e-01
9.658661388889501209e-01
9.631830644654916229e-01
9.603134411418254857e-01
9.572501063946809996e-01
9.539859539385137088e-01
9.505139702262460633e-01
9.468272741021459549e-01
9.429191595318865415e-01
9.387831412917047036e-01
9.344130034546027641e-01
9.298028504672142258e-01
9.249471605667641816e-01
9.198408412439867954e-01
9.144792864153896694e-01
9.088584349273945984e-01
9.029748299761358732e-01
8.968256789906137172e-01
8.904089134940423866e-01
8.837232484291781542e-01
8.767682404087862036e-01
8.695443443327699473e-01
8.620529677994646089e-01
8.542965227307264264e-01
8.462784736292262577e-01
8.380033818922170141e-01
8.294769456192877533e-01
8.207060343724408291e-01
8.116987183752579771e-01
8.024642916738139453e-01
7.930132888250103207e-01
7.833574947275980804e-01
7.735099472666011611e-01
7.634849325021968447e-01
7.532979721982564492e-01
7.429658035524711046e-01
7.325063510579364889e-01
7.219386904939093519e-01
7.112830051098226747e-01
7.005605341303435818e-01
6.897935137691524332e-01
6.790051109943728846e-01
6.682193503385536193e-01
6.574610340904296635e-01
6.467556562443677048e-01
6.361293106166476807e-01
6.256085935660133934e-01
6.152205017800598252e-01
6.049923256097663460e-01
5.949515384529153739e-01
5.851256827041541042e-01
5.755422528060769594e-01
5.662285759526333173e-01
5.572116910141144963e-01
5.485182262722168023e-01
5.401742765744078634e-01
5.322052805387670338e-01
5.246358984632505384e-01
5.174898916161345674e-01
5.107900036063354188e-01
5.045578445522244104e-01
4.988137787842217286e-01
4.935768168286425173e-01
4.888645124266369768e-01
4.846928653415953914e-01
4.810762306999509796e-01
4.780272355932825290e-01
4.755567036433245853e-01
4.736735881958050731e-01
4.723849147639364032e-01
4.716957332881747122e-01
4.716090807161854581e-01
4.721259543365027289e-01
4.732452962222143400e-01
4.749639890581341950e-01
4.772768635375889135e-01
4.801767174243046776e-01
4.836543462820067640e-01
4.876985857805296032e-01
4.922963653932218575e-01
4.974327732073570152e-01
5.030911314777382071e-01
5.092530824644920795e-01
5.158986840097558035e-01
5.230065142251162369e-01
5.305537845827972276e-01
5.385164606292274225e-01
5.468693894703435809e-01
5.555864331143953727e-01
5.646406067008389318e-01
5.740042205939177578e-01
5.836490252775915488e-01
5.935463579554668412e-01
6.036672897362851398e-01
6.139827722732119630e-01
6.244637827244817752e-01
6.350814659146486463e-01
6.458072726002828112e-01
6.566130927817952490e-01
6.674713830542224891e-01
6.783552870540325852e-01
6.892387481357881152e-01
7.000966135009338842e-01
7.109047290999241930e-01
7.216400247368620624e-01
7.322805889211030372e-01
7.428057331309267930e-01
7.531960452783362792e-01
7.634334322891314084e-01
7.735011518364164340e-01
7.833838333864621140e-01
7.930674888313021809e-01
8.025395130906131103e-01
8.117886751646268273e-01
8.208051002084845171e-01
8.295802432753451860e-01
8.381068554397365089e-01
8.463789430634103272e-01
8.543917210029894349e-01
8.621415605819016115e-01
8.696259331587564700e-01
8.768433501209218495e-01
8.837933001164184343e-01
8.904761843103496943e-01
8.968932504151678753e-01
9.030465261984610414e-01
9.089387531191646108e-01
9.145733206846619057e-01
9.199542020587354596e-01
9.250858913853307053e-01
9.299733432270628208e-01
9.346219144517696753e-01
9.390373088364177834e-01
9.432255245964434875e-01
9.471928049910584013e-01
9.509455921019367430e-01
9.544904838345573683e-01
9.578341941486705480e-01
9.609835164870753621e-01
9.639452903401302120e-01
9.667263708570658087e-01
9.693336013939425344e-01
9.717737888716534433e-01
9.740536818052756285e-01
9.761799508578268281e-01
9.781591717665878427e-01
9.799978104880709973e-01
9.817022104079611289e-01
9.832785814644435796e-01
9.847329910368542993e-01
9.860713564561582878e-01
9.872994389990882302e-01
9.884228392336131819e-01
9.894469935895803259e-01
9.903771720347553931e-01
9.912184767430092247e-01
9.919758416480174423e-01
9.926540327825310595e-01
9.932576493100361281e-01
9.937911251624244047e-01
9.942587312041126779e-01
9.946645778498288681e-01
9.950126180699375711e-01
9.953066507236107974e-01
9.955503241662454483e-01
9.957471400831466868e-01
9.959004575065281140e-01
9.960134969772092006e-01
9.960893448159436891e-01
9.961309574720593751e-01
9.961411659190304579e-01
9.961226800678234516e-01
9.960780931694442897e-01
9.960098861782575863e-01
9.959204320475117944e-01
9.958119999283255863e-01
9.956867592433660263e-01
9.955467836067968257e-01
9.953940545629618164e-01
9.952304651178358608e-01
9.950578230395991097e-01
9.948778539078081407e-01
9.946922038945078537e-01
9.945024422651818075e-01
9.943100635925329334e-01
9.941164896815657404e-01
9.939230712101093657e-01
9.937310890945768582e-01
9.935417555961989500e-01
9.933562151880139801e-01
9.931755452073622870e-01
9.930007563224028111e-01
9.928327928441195160e-01
9.926725329173683443e-01
9.925207886256954826e-01
9.923783060449480331e-01
9.922457652801539574e-01
9.921237805188302117e-01
9.920129001319076822e-01
9.919136068509404325e-01
9.918263180473381180e-01
9.917513861361582084e-01
9.916890991236344544e-01
9.916396813142508426e-01
9.916032941898573760e-01
9.915800374701919662e-01
9.915699503612356303e-01
9.915730129951525473e-01
9.915891480631318089e-01
9.916182226402547872e-01
9.916600501995189720e-01
9.917143928103174799e-01
9.917809635149529290e-01
9.918594288751116927e-01
9.919494116786096161e-01
9.920504937951116764e-01
9.921622191679406733e-01
9.922840969275189549e-01
9.924156046104825046e-01
9.925561914671009456e-01
9.927052818383904631e-01
9.928622785832696973e-01
9.930265665353339433e-01
9.931975159683532617e-01
9.933744860494521101e-01
9.935568282591217271e-01
9.937438897577298702e-01
9.939350166790082985e-01
9.941295573320619861e-01
9.943268652947184760e-01
9.945263023824464366e-01
9.947272414785802708e-01
9.949290692131246283e-01
9.951311884789471041e-01
9.953330207756647674e-01
9.955340083729680156e-01
9.957336162865113582e-01
9.959313340608177967e-01
9.961266773549372067e-01
9.963191893278552369e-01
9.965084418219189999e-01
9.966940363438273609e-01
9.968756048440582385e-01
9.970528102969682394e-01
9.972253470852120438e-01
9.973929411935725797e-01
9.975553502187453070e-01
9.977123632030582279e-01
9.978638003014801416e-01
9.980095122925370932e-01
9.981493799448524218e-01
9.982833132519116637e-01
9.984112505482584110e-01
9.985331575206166654e-01
9.986490261273702762e-01
9.987588734393869627e-01
9.988627404143671784e-01
9.989606906157386668e-01
9.990528088856747146e-01
9.991391999801517709e-01
9.992199871721992865e-01
9.992953108277401464e-01
9.993653269568213426e-01
9.994302057417112639e-01
9.994901300424380297e-01
9.995452938799473941e-01
9.995959008972580273e-01
9.996421627998047788e-01
9.996842977775820538e-01
9.997225289136437709e-01
9.997570825858892452e-01
9.997881868716775866e-01
