9.997974622163512404e-01
9.997679820414268059e-01
9.997352848006727521e-01
9.996991657631596473e-01
9.996594225220727381e-01
9.996158562922378144e-01
9.995682731552778533e-01
9.995164852417468548e-01
9.994603118431953925e-01
9.993995804505609870e-01
9.993341277183592775e-01
9.992638003567420046e-01
9.991884559554784495e-01
9.991079637452784379e-01
9.990222053025965554e-01
9.989310752041989927e-01
9.988344816374065127e-01
9.987323469711651969e-01
9.986246082920505751e-01
9.985112179081157002e-01
9.983921438222437272e-01
9.982673701754889439e-01
9.981368976598405940e-01
9.980007438990032842e-01
9.978589437951769225e-01
9.977115498394687476e-01
9.975586323834622071e-01
9.974002798696025573e-01
9.972365990183921225e-01
9.970677149708986331e-01
9.968937713857161098e-01
9.967149304902421791e-01
9.965313730869029829e-01
9.963432985157221200e-01
9.961509245753509267e-01
9.959544874053104513e-01
9.957542413327012953e-01
9.955504586869732275e-01
9.953434295864883596e-01
9.951334617005131999e-01
9.949208799899281752e-01
9.947060264293203780e-01
9.944892597122283462e-01
9.942709549401328450e-01
9.940515032943579854e-01
9.938313116883799037e-01
9.936108023961905955e-01
9.933904126503612098e-01
9.931705942013766553e-01
9.929518128277202704e-01
9.927345477841590382e-01
9.925192911737908963e-01
9.923065472277429189e-01
9.920968314750232553e-01
9.918906697839948716e-01
9.916885972563186380e-01
9.914911569540270087e-01
9.912988984406805315e-01
9.911123761183224801e-01
9.909321473431660365e-01
9.907587703046093486e-01
9.905928016542192571e-01
9.904347938737155799e-01
9.902852923736691348e-01
9.901448323175342514e-01
9.900139351687429201e-01
9.898931049618295841e-01
9.897828243019251016e-01
9.896835501004240809e-01
9.895957090581870563e-01
9.895196929112787254e-01
9.894558534579538378e-01
9.894044973893605377e-01
9.893658809502090534e-01
9.893402044593669897e-01
9.893276067239332727e-01
9.893281593836686927e-01
9.893418612255997502e-01
9.893686325109994906e-01
9.894083093586245603e-01
9.894606382288855251e-01
9.895252705534182125e-01
9.896017575531834698e-01
9.896895452857012998e-01
9.897879699583029822e-01
9.898962535394154605e-01
9.900134996939823351e-01
9.901386900623450060e-01
9.902706808944677919e-01
9.904082000435482369e-01
9.905498443150763110e-01
9.906940771595811324e-01
9.908392266899022083e-01
9.909834839970861342e-01
9.911249017331645872e-01
9.912613929242773958e-01
9.913907299739934675e-01
9.915105438143304584e-01
9.916183231609023707e-01
9.917114138288340985e-01
9.917870180675185665e-01
9.918421938748958055e-01
9.918738542556169158e-01
9.918787663921388997e-01
9.918535507033879872e-01
9.917946797720684771e-01
9.916984771289213407e-01
9.915611158902205569e-01
9.913786172535319352e-01
9.911468488662513732e-01
9.908615230917250383e-01
9.905181952088515374e-01
9.901122615930240123e-01
9.896389579390844071e-01
9.890933576006191164e-01
9.884703701343569016e-01
9.877647401534966898e-01
9.869710466092896928e-01
9.860837026358381108e-01
9.850969561084734760e-01
9.840048910807948079e-01
9.828014302789556123e-01
9.814803388435436871e-01
9.800352295188002882e-01
9.784595694954202338e-01
9.767466891162334131e-01
9.748897926532225089e-01
9.728819713592412599e-01
9.707162189882074799e-01
9.683854499633453017e-01
9.658825203542708016e-01
9.632002518004894043e-01
9.603314584914768304e-01
9.572689772822996490e-01
9.540057009891310669e-01
9.505346148715145826e-01
9.468488362683400439e-01
9.429416573127290535e-01
9.388065906079232636e-01
9.344374177023119232e-01
9.298282401574359257e-01
9.249735329586413757e-01
9.198681999745054183e-01
9.145076311287085868e-01
9.088877609071714936e-01
9.030051277845281277e-01
8.968569341179057908e-01
8.904411060231028907e-01
8.837563527191586443e-01
8.768022248026197119e-01
8.695791708931206454e-01
8.620885920777857647e-01
8.543328935740113206e-01
8.463155330288774092e-01
8.380410648792092632e-01
8.295151802094717919e-01
8.207447415654172129e-01
8.117378122097749227e-01
8.025036793420894377e-01
7.930528708477851962e-01
7.833971651910861533e-01
7.735495941218353266e-01
7.635244379265758718e-01
7.533372130184066151e-01
7.430046517268340533e-01
7.325446742168109093e-01
7.219763525340100463e-01
7.113198668397817670e-01
7.005964539629800925e-01
6.898283484557923284e-01
6.790387163960114325e-01
6.682515822282225626e-01
6.574917489808088655e-01
6.467847122344041466e-01
6.361565682507965835e-01
6.256339166996663925e-01
6.152437584447473240e-01
6.050133888719066988e-01
5.949702872601058123e-01
5.851420027133740209e-01
5.755560371885963811e-01
5.662397261709153362e-01
5.572201175665545403e-01
5.485238494021251743e-01
5.401770269401842128e-01
5.322050998427519941e-01
5.246327400371648686e-01
5.174837209613714073e-01
5.107807988875738836e-01
5.045455970428904813e-01
4.987984932622272494e-01
4.935585119205351257e-01
4.888432208978579219e-01
4.846686343299311250e-01
4.810491218885449838e-01
4.779973253187628224e-01
4.755240829337652464e-01
4.736383627324267653e-01
4.723472047597333523e-01
4.716556732761051363e-01
4.715668192392287184e-01
4.720816535318680396e-01
4.731991312922891879e-01
4.749161476214701638e-01
4.772275448543459309e-01
4.801261314920847179e-01
4.836027127999856789e-01
4.876461329820680479e-01
4.922433287497882670e-01
4.973793940094610733e-01
5.030376553015828422e-01
5.091997575361539852e-01
5.158457594817111858e-01
5.229542383827969765e-01
5.305024030014582337e-01
5.384662143036110793e-01
5.468205129414061005e-01
5.555391526185540219e-01
5.645951383678677882e-01
5.739607687196198738e-01
5.836077806967547854e-01
5.935074965393973834e-01
6.036309710373779502e-01
6.139491383366686428e-01
6.244329570844583399e-01
6.350535527889260567e-01
6.457823562940361306e-01
6.565912373073605757e-01
6.674526319699689569e-01
6.783396635216668580e-01
6.892262551917313074e-01
7.000872345339307357e-01
7.108984285237882617e-01
7.216367488443795608e-01
7.322802669025796352e-01
7.428082782387636085e-01
7.532013561173659388e-01
7.634413942112451279e-01
7.735116384172695536e-01
7.833967079617587537e-01
7.930826060702793612e-01
8.025567205848813668e-01
8.118078150114027558e-01
8.208260105684499486e-01
8.296027598868461750e-01
8.381308130727239680e-01
8.464041768984006398e-01
8.544180679223201125e-01
8.621688603626419534e-01
8.696540295587493752e-01
8.768720918515544582e-01
8.838225416977913973e-01
8.905057868065242577e-01
8.969230820490590173e-01
9.030764628477238043e-01
9.089686786960284870e-01
9.146031274041213077e-01
9.199837906007700683e-01
9.251151709579028548e-01
9.300022315375268134e-01
9.346503375950104830e-01
9.390652011085376394e-01
9.432528282431267286e-01
9.472194698998852580e-01
9.509715754478956784e-01
9.545157496878371450e-01
9.578587130535149985e-01
9.610072650200671696e-01
9.639682506557621933e-01
9.667485302278605586e-01
9.693549517517284775e-01
9.717943263558939115e-01
9.740734063236097251e-01
9.761988656632208938e-01
9.781772830547272868e-01
9.800151270178684149e-01
9.817187431473120007e-01
9.832943432626598534e-01
9.847479963245377999e-01
9.860856209726670540e-01
9.873129795472013193e-01
9.884356734605229677e-01
9.894591397929399790e-01
9.903886489921920333e-01
9.912293035632780969e-01
9.919860376418183634e-01
9.926636173509369998e-01
9.932666418484833448e-01
9.937995449782798252e-01
9.942665974459589107e-01
9.946719094467717515e-01
9.950194336794413452e-01
9.953129686865874737e-01
9.955561624683481048e-01
9.957525163214417940e-01
9.959053888609314953e-01
9.960180001862568577e-01
9.960934361566292639e-01
9.961346527435962495e-01
9.961444804304937506e-01
9.961256286296814588e-01
9.960806900890226689e-01
9.960121452591725877e-01
9.959223665930859726e-01
9.958136227489503556e-01
9.956880826677156904e-01
9.955478194967276595e-01
9.953948143318575026e-01
9.952309597520858642e-01
9.950580631228332917e-01
9.948778496474515176e-01
9.946919651501766602e-01
9.945019785784122712e-01
9.943093842173168495e-01
9.941156036151705955e-01
9.939219872236702003e-01
9.937298157629764761e-01
9.935403013267862793e-01
9.933545882477543554e-01
9.931737537480594957e-01
9.929988084036830420e-01
9.928306964539139745e-01
9.926702959896811507e-01
9.925184190554842134e-01
9.923758116999904511e-01
9.922431540098110014e-01
9.921210601596563983e-01
9.920100785100988139e-01
9.919106917816502555e-01
9.918233173309400907e-01
9.917483075515759472e-01
9.916859504189177166e-01
9.916364701946244198e-01
9.916000283035307783e-01
9.915767243922637419e-01
9.915665975760807882e-01
9.915696278777171857e-01
9.915857378595899219e-01
9.916147944484944299e-01
9.916566109499238557e-01
9.917109492472901966e-01
9.917775221795858132e-01
9.918559960893610361e-01
9.919459935312582299e-01
9.920470961297290780e-01
9.921588475729643530e-01
9.922807567284966934e-01
9.924123008644344379e-01
9.925529289588842508e-01
9.927020650788896949e-01
9.928591118091876222e-01
9.930234537103262982e-01
9.931944607852349893e-01
9.933714919332062854e-01
9.935538983704561566e-01
9.937410269969551013e-01
9.939322236900478558e-01
9.941268365064476198e-01
9.943242187754691708e-01
9.945237320677754456e-01
9.947247490254134128e-01
9.949266560404523840e-01
9.951288557710605831e-01
9.953307694853475995e-01
9.955318392247325399e-01
9.957315297799707032e-01
9.959293304742898867e-01
9.961247567493668464e-01
9.963173515511354328e-01
9.965066865136774643e-01
9.966923629407308249e-01
9.968740125856742074e-01
9.970512982322090600e-01
9.972239140793749401e-01
9.973915859359782088e-01
9.975540712309699520e-01
9.977111588477486359e-01
9.978626687917350191e-01
9.980084517018360524e-01
9.981483882175119504e-01
9.982823882140445804e-01
9.984103899192108278e-01
9.985323589248535914e-01
9.986482871067750011e-01
9.987581914659332538e-01
9.988621129031152179e-01
9.989601149380954448e-01
9.990522823828467125e-01
9.991387199767076677e-01
9.992195509896451000e-01
9.992949157979986730e-01
9.993649704354948815e-01
9.994298851209986179e-01
9.994898427635700022e-01
9.995450374450003395e-01
9.995956728802080082e-01
9.996419608566893267e-01
9.996841196556442988e-01
9.997223724593514715e-01
9.997569457517344604e-01
9.997880677216887113e-01
