9.997974380724392596e-01
9.997679550968325835e-01
9.997352549086747642e-01
9.996991327979176667e-01
9.996593863835089300e-01
9.996158169109421454e-01
9.995682304973282362e-01
9.995164393133286751e-01
9.994602626949063984e-01
9.993995281812870779e-01
9.993340724786191620e-01
9.992637423514042494e-01
9.991883954457716488e-01
9.991079010500319990e-01
9.990221407986683566e-01
9.989310093260683754e-01
9.988344148759318308e-01
9.987322798715280170e-01
9.986245414509293816e-01
9.985111519701499461e-01
9.983920794758689432e-01
9.982673081482348332e-01
9.981368387131960285e-01
9.980006888229596695e-01
9.978588934025636181e-01
9.977115049601947838e-01
9.975585938587736567e-01
9.974002485464592560e-01
9.972365757440554423e-01
9.970677005878118004e-01
9.968937667267426805e-01
9.967149363743148527e-01
9.965313903151178376e-01
9.963433278678976990e-01
9.961509668070579471e-01
9.959545432453604796e-01
9.957543114810725182e-01
9.955505438131383444e-01
9.953435303281000790e-01
9.951335786623958235e-01
9.949210137433167622e-01
9.947061775112860937e-01
9.944894286252267124e-01
9.942711421516119419e-01
9.940517092363636564e-01
9.938315367571010084e-01
9.936110469513899091e-01
9.933906770146438969e-01
9.931708786592552407e-01
9.929521176244403557e-01
9.927348731242601199e-01
9.925196372193813010e-01
9.923069140964774215e-01
9.920972192377753851e-01
9.918910784622270160e-01
9.916890268191521640e-01
9.914916073150241704e-01
9.912993694543503764e-01
9.911128675763651863e-01
9.909326589704737787e-01
9.907593017550389014e-01
9.905933525061544342e-01
9.904353636254366045e-01
9.902858804385418212e-01
9.901454380190369831e-01
9.900145577353440807e-01
9.898937435217294301e-01
9.897834778776791742e-01
9.896842176034633676e-01
9.895963892832578823e-01
9.895203845308261359e-01
9.894565550164808876e-01
9.894052072978054557e-01
9.893665974803890206e-01
9.893409257385517019e-01
9.893283307296236728e-01
9.893288839386699118e-01
9.893425839934915089e-01
9.893693509921214213e-01
9.894090208867050151e-01
9.894613399684544230e-01
9.895259594981473672e-01
9.896024305253039444e-01
9.896901989366394536e-01
9.897886007706714340e-01
9.898968578304744304e-01
9.900140736206652914e-01
9.901392296279113436e-01
9.902711819568058571e-01
9.904086583251088260e-01
9.905502554143652549e-01
9.906944365640873995e-01
9.908395297902783394e-01
9.909837261023420885e-01
9.911250780865771270e-01
9.912614987196641803e-01
9.913907603719526174e-01
9.915104939580043908e-01
9.916181881907945028e-01
9.917111888961889221e-01
9.917866983457704899e-01
9.918417745687039266e-01
9.918733306070336431e-01
9.918781336835041929e-01
9.918528042566105984e-01
9.917938149440355122e-01
9.916974893028761562e-01
9.915600004630638065e-01
9.913773696191217066e-01
9.911454643949101362e-01
9.908599971062919121e-01
9.905165229577509445e-01
9.901104382209446886e-01
9.896369784559747584e-01
9.890912168498029455e-01
9.884680627606488024e-01
9.877622605722529148e-01
9.869683889773607222e-01
9.860808608253951446e-01
9.850939236846629754e-01
9.840016612841314680e-01
9.827979960133046422e-01
9.814766926704594496e-01
9.800313636588944277e-01
9.784554758373269490e-01
9.767423592336268445e-01
9.748852178302281901e-01
9.728771426244691156e-01
9.707111271575248335e-01
9.683800856914079880e-01
9.658768741947326708e-01
9.631943142747284581e-01
9.603252201655979592e-01
9.572624288521058844e-01
9.539988333726916458e-01
9.505274193089034984e-01
9.468413044280575841e-01
9.429337814042654253e-01
9.387983634998618987e-01
9.344288330453012215e-01
9.298192925112880314e-01
9.249642179227298699e-01
9.198585143205464387e-01
9.144975729349104077e-01
9.088773296926332401e-01
9.029943246426616055e-01
8.968457618475548232e-01
8.904295692559281994e-01
8.837444580417750384e-01
8.767899808718975230e-01
8.695665885430120534e-01
8.620756844160082366e-01
8.543196760669222733e-01
8.463020235729005192e-01
8.380272838572373484e-01
8.295011505307552380e-01
8.207304886875765870e-01
8.117233641417155310e-01
8.024890666267729955e-01
7.930381265240098454e-01
7.833823247336333395e-01
7.735346953595734210e-01
7.635095209383466752e-01
7.533223200067608039e-01
7.429898268699350883e-01
7.325299634990662945e-01
7.219618035562340719e-01
7.113055286099296826e-01
7.005823766687118148e-01
6.898145832203415040e-01
6.790253150190164178e-01
6.682385969133597392e-01
6.574792320521949396e-01
6.467727158438734136e-01
6.361451440782239786e-01
6.256231156485688727e-01
6.152336303354128955e-01
6.050039821342736435e-01
5.949616486285582706e-01
5.851341769255323788e-01
5.755490666900415775e-01
5.662336508276537561e-01
5.572149743868384242e-01
5.485196722690597326e-01
5.401738463563703352e-01
5.322029426880148240e-01
5.246316293402544240e-01
5.174836756863814280e-01
5.107818337357135086e-01
5.045477222701959530e-01
4.988017145137904063e-01
4.935628300818825087e-01
4.888486319642322275e-01
4.846751292943896061e-01
4.810566866500262106e-01
4.780059406115174658e-01
4.755337242798455266e-01
4.736490004192096537e-01
4.723588038447377180e-01
4.716681936215915139e-01
4.715802155792514494e-01
4.720958755745395807e-01
4.732141238599897326e-01
4.749318508316129339e-01
4.772438943430147296e-01
4.801430586824501079e-01
4.836201452168381598e-01
4.876639946130996162e-01
4.922615404534391725e-01
4.973978739681901295e-01
5.030563195184474257e-01
5.092185203714905128e-01
5.158645342256658051e-01
5.229729378584035970e-01
5.305209401919781520e-01
5.384845029969846930e-01
5.468384683838987126e-01
5.555566921691303950e-01
5.646121821444030076e-01
5.739772402278874308e-01
5.836236074331527801e-01
5.935226105586114409e-01
6.036453094766389693e-01
6.139626438889094207e-01
6.244455784135150012e-01
6.350652448809060990e-01
6.457930807401028872e-01
6.566009625143827133e-01
6.674613332967652690e-01
6.783473233398704672e-01
6.892328628715969074e-01
7.000927863566488440e-01
7.109029275230868139e-01
7.216402045812567723e-01
7.322826951780172511e-01
7.428097007501061055e-01
7.532018000647660028e-01
7.634408918611153005e-01
7.735102266300911689e-01
7.833944276918268779e-01
7.930795018450624845e-01
8.025528399716107542e-01
8.118032080783295079e-01
8.208207293478873012e-01
8.295968578467128873e-01
8.381243446027888400e-01
8.463971968168557680e-01
8.544106310076642341e-01
8.621610209151833182e-01
8.696458409953204960e-01
8.768636063363166588e-01
8.838138098112859886e-01
8.904968572544234018e-01
8.969140014113923254e-01
9.030672753687118970e-01
9.089594261140577780e-01
9.145938488208504857e-01
9.199745223878659228e-01
9.251059466994804303e-01
9.299930820060045011e-01
9.346412907577965612e-01
9.390562821627329582e-01
9.432440596752630357e-01
9.472108715676180735e-01
9.509631646805226657e-01
9.545075414025238070e-01
9.578507198841714754e-01
9.609994974559205039e-01
9.639607171868115332e-01
9.667412374945805187e-01
9.693479046965827184e-01
9.717875283744528137e-01
9.740668594132981806e-01
9.761925705679805887e-01
9.781712394041325309e-01
9.800093334594931482e-01
9.817131974714053966e-01
9.832890425184339644e-01
9.847429369276107236e-01
9.860807988034264726e-01
9.873083900400582147e-01
9.884313116842066149e-01
9.894550005221440792e-01
9.903847267710110813e-01
9.912255927609777695e-01
9.919825325015573236e-01
9.926603120321056961e-01
9.932635304633433693e-01
9.937966216235853967e-01
9.942638562302129612e-01
9.946693445137267942e-01
9.950170392283953502e-01
9.953107389899561452e-01
9.955540918869199007e-01
9.957505993176468673e-01
9.959036200103789094e-01
9.960163741877270382e-01
9.960919478406465855e-01
9.961332970796553665e-01
9.961432525329713128e-01
9.961245237624385407e-01
9.960797036686830364e-01
9.960112728570558183e-01
9.959216039357783323e-01
9.958129657175064375e-01
9.956875272955002520e-01
9.955473619659315210e-01
9.953944509687432385e-01
9.952306870210465561e-01
9.950578776193715891e-01
9.948777480902084580e-01
9.946919443721601306e-01
9.945020355175874238e-01
9.943095159067339983e-01
9.941158071728073420e-01
9.939222598421673105e-01
9.937301546994408152e-01
9.935407038928257828e-01
9.933550517998980256e-01
9.931742756787023119e-01
9.929993861326772420e-01
9.928313274209169537e-01
9.926709776473490177e-01
9.925191488635882742e-01
9.923765871205173505e-01
9.922439725030931523e-01
9.921219191815671135e-01
9.920109755103307947e-01
9.919116242030832087e-01
9.918242826100892584e-01
9.917493031200949050e-01
9.916869737061140277e-01
9.916375186309261958e-01
9.916010993248239869e-01
9.915778154450007875e-01
9.915677061230421252e-01
9.915707514042916282e-01
9.915868738804251015e-01
9.916159405143616379e-01
9.916577646546361757e-01
9.917121082345137228e-01
9.917786841493957395e-01
9.918571588044032827e-01
9.919471548224001456e-01
9.920482539011054035e-01
9.921599998063519443e-01
9.922819014869792564e-01
9.924134362953480615e-01
9.925540532960617224e-01
9.927031766442455663e-01
9.928602090137047531e-01
9.930245350545223726e-01
9.931955248591937124e-01
9.933725374162637456e-01
9.935549240306300600e-01
9.937420316901999229e-01
9.939332063594060740e-01
9.941277961811572084e-01
9.943251545700709793e-01
9.945246431812485577e-01
9.947256347403541366e-01
9.949275157222957633e-01
9.951296888673338836e-01
9.953315755249362295e-01
9.955326178171294282e-01
9.957322806144798255e-01
9.959300533191500771e-01
9.961254514507648095e-01
9.963180180320775348e-01
9.965073247726932149e-01
9.966929730503893969e-01
9.968745946908932343e-01
9.970518525483477168e-01
9.972244408901014268e-01
9.973920855909098604e-01
9.975545441430863081e-01
9.977116054905801334e-01
9.978630896963329722e-01
9.980088474535304677e-01
9.981487594524649509e-01
9.982827356156074305e-01
9.984107142140951074e-01
9.985326608791248448e-01
9.986485675216821845e-01
9.987584511735860815e-01
9.988623527620249520e-01
9.989603358285982226e-01
9.990524852024306179e-01
9.991389056352689702e-01
9.992197204047044146e-01
9.992950698899105699e-01
9.993651101226891376e-01
9.994300113152956300e-01
9.994899563656143293e-01
9.995451393398604445e-01
9.995957639331893851e-01
9.996420419094091958e-01
9.996841915224133901e-01
9.997224359239050839e-01
9.997570015643519881e-01
9.997881165967320571e-01
