9.997976354623671069e-01
9.997681827404295563e-01
9.997355161614140950e-01
9.996994311867941629e-01
9.996597255890278255e-01
9.996162007459095111e-01
9.995686628827159526e-01
9.995169242515672403e-01
9.994608042410332294e-01
9.994001304124378038e-01
9.993347394623910418e-01
9.992644781136508225e-01
9.991892039383936108e-01
9.991087861193201913e-01
9.990231061547265590e-01
9.989320585137998476e-01
9.988355512480144860e-01
9.987335065637332754e-01
9.986258613600617062e-01
9.985125677347987949e-01
9.983935934600794981e-01
9.982689224281169338e-01
9.981385550664122475e-01
9.980025087209529744e-01
9.978608180053243348e-01
9.977135351133037400e-01
9.975607300924184129e-01
9.974024910760811435e-01
9.972389244722695834e-01
9.970701551072275182e-01
9.968963263233184824e-01
9.967176000308920480e-01
9.965341567148015001e-01
9.963461953969853235e-01
9.961539335572542342e-01
9.959576070150629734e-01
9.957574697755599002e-01
9.955537938435495837e-01
9.953468690091421545e-01
9.951370026087730247e-01
9.949245192649269764e-01
9.947097606072767828e-01
9.944930849770475811e-01
9.942748671152392692e-01
9.940554978339047887e-01
9.938353836680090536e-01
9.936149465035386541e-01
9.933946231755220735e-01
9.931748650275399326e-01
9.929561374222090064e-01
9.927389191900876098e-01
9.925237020025576840e-01
9.923109896525620366e-01
9.921012972256875173e-01
9.918951501430507411e-01
9.916930830568175814e-01
9.914956385790112403e-01
9.913033658245499202e-01
9.911168187502272797e-01
9.909365542725716569e-01
9.907631301491865994e-01
9.905971026102268207e-01
9.904390237290630061e-01
9.902894385238707464e-01
9.901488817847966528e-01
9.900178746244557848e-01
9.898969207527613667e-01
9.897865024804489709e-01
9.896870764591176872e-01
9.895990691691544106e-01
9.895228721705333630e-01
9.894588371351729084e-01
9.894072706832715003e-01
9.893684290497944955e-01
9.893425126109762768e-01
9.893296603042684989e-01
9.893299439784647431e-01
9.893433627136528630e-01
9.893698371530161850e-01
9.894092038901649566e-01
9.894612099564737973e-01
9.895255074526869699e-01
9.896016483677221309e-01
9.896890796250944478e-01
9.897871383936824863e-01
9.898950476947181443e-01
9.900119123310131553e-01
9.901367151576988546e-01
9.902683137063743590e-01
9.904054371667723178e-01
9.905466837221460485e-01
9.906905182268236354e-01
9.908352702070438722e-01
9.909791321595226021e-01
9.911201581164137409e-01
9.912562624405941714e-01
9.913852188116286657e-01
9.915046593604475156e-01
9.916120739097056269e-01
9.917048092769874534e-01
9.917800685994297982e-01
9.918349106408814730e-01
9.918662490463318049e-01
9.918708515129324166e-01
9.918453388524273162e-01
9.917861839261333801e-01
9.916897104407201846e-01
9.915520916009147312e-01
9.913693486238734920e-01
9.911373491293655746e-01
9.908518054301026501e-01
9.905082727575896806e-01
9.901021474707716319e-01
9.896286653075457851e-01
9.890828997528563482e-01
9.884597606115337332e-01
9.877539928891414522e-01
9.869601760996340456e-01
9.860727241343298921e-01
9.850858858421640551e-01
9.839937464859783711e-01
9.827902302531783540e-01
9.814691040109085884e-01
9.800239825053544962e-01
9.784483352113195753e-01
9.767354950413162928e-01
9.748786691225850287e-01
9.728709518453692029e-01
9.707053403761789490e-01
9.683747528155665085e-01
9.658720491611320069e-01
9.631900552132397486e-01
9.603215895335093233e-01
9.572594935349223455e-01
9.539966647477947648e-01
9.505260932683765596e-01
9.468409013569887289e-01
9.429343861108997471e-01
9.388000650941024094e-01
9.344317247622835332e-01
9.298234714770746701e-01
9.249697848596053484e-01
9.198655731899365584e-01
9.145062305166008487e-01
9.088876950997100135e-01
9.030065087724241657e-01
8.968598767695430407e-01
8.904457275391374216e-01
8.837627720240834872e-01
8.768105618756725228e-01
8.695895460417804035e-01
8.621011251579443480e-01
8.543477031617109363e-01
8.463327355492564763e-01
8.380607736989947876e-01
8.295375046999742263e-01
8.207697861435337972e-01
8.117656753649586943e-01
8.025344526576166926e-01
7.930866380249128600e-01
7.834340010848607205e-01
7.735895637973584371e-01
7.635675957444705286e-01
7.533836017580335387e-01
7.430543017554909202e-01
7.325976027127045764e-01
7.220325627702125493e-01
7.113793475356926521e-01
7.006591787090081791e-01
6.898942752160688308e-01
6.791077870929655980e-01
6.683237224118379061e-01
6.575668675843182598e-01
6.468627014172011469e-01
6.362373033283558188e-01
6.257172561594575022e-01
6.153295440464304766e-01
6.051014458296019027e-01
5.950604245042749874e-01
5.852340132298343711e-01
5.756496984324303012e-01
5.663348005535644436e-01
5.573163530151254985e-01
5.486209799909043117e-01
5.402747735954620545e-01
5.323031711232668606e-01
5.247308329936567484e-01
5.175815220798509753e-01
5.108779851218263612e-01
5.046418369423597561e-01
4.988934482016781358e-01
4.936518374376739349e-01
4.889345681443706404e-01
4.847576516400897706e-01
4.811354564676891821e-01
4.780806250515051703e-01
4.756039983088514722e-01
4.737145488777980695e-01
4.724193235776160682e-01
4.717233956640349835e-01
4.716298273789303330e-01
4.721396432240093644e-01
4.732518143114760045e-01
4.749632540626254062e-01
4.772688254389052531e-01
4.801613598004675909e-01
4.836316873955623930e-01
4.876686793915123719e-01
4.922593012652722866e-01
4.973886772796166644e-01
5.030401656805774113e-01
5.091954441634355399e-01
5.158346050690010287e-01
5.229362596895534843e-01
5.304776509852173749e-01
5.384347739371717623e-01
5.467825026945879463e-01
5.554947236081386741e-01
5.645444731850451925e-01
5.739040799498065226e-01
5.835453091517862623e-01
5.934395092267409355e-01
6.035577588950743477e-01
6.138710137660976507e-01
6.243502513156826694e-01
6.349666131152680304e-01
6.456915432136740574e-01
6.564969216101033123e-01
6.673551918070002031e-01
6.782394814950063466e-01
6.891237154984926061e-01
6.999827201982053992e-01
7.107923187463029979e-01
7.215294164969473512e-01
7.321720761909695785e-01
7.426995825539768337e-01
7.530924960915401645e-01
7.633326959905856191e-01
7.734034121606024881e-01
7.832892465695928674e-01
7.929761841456987037e-01
8.024515936242492264e-01
8.117042188197459707e-01
8.207241608916031606e-01
8.295028522499399148e-01
8.380330228124716063e-01
8.463086593748521125e-01
8.543249588943306883e-01
8.620782765102461553e-01
8.695660691349201832e-01
8.767868354454491087e-01
8.837400530915285879e-01
8.904261139077551679e-01
8.968462578820890485e-01
9.030025065866416067e-01
9.088975967242139964e-01
9.145349143855635576e-01
9.199184305498249170e-01
9.250526382954120663e-01
9.299424921225791785e-01
9.345933497230282105e-01
9.390109164677886699e-01
9.432011928231714970e-01
9.471704248468503229e-01
9.509250578628022366e-01
9.544716933654819879e-01
9.578170491605940695e-01
9.609679227123323342e-01
9.639311576349873789e-01
9.667136132402742721e-01
9.693221370303087836e-01
9.717635400095439024e-01
9.740445746767025792e-01
9.761719155493477906e-01
9.781521420686875024e-01
9.799917237300164174e-01
9.816970072843436146e-01
9.832742058587713441e-01
9.847293898466651374e-01
9.860684794232096317e-01
9.872972385472834622e-01
9.884212703164633185e-01
9.894460135482044949e-01
9.903767404667149776e-01
9.912185553816696970e-01
9.919763942516403032e-01
9.926550250319404745e-01
9.932590487134638213e-01
9.937929009660193547e-01
9.942608543066000504e-01
9.946670207198904379e-01
9.950153546650640779e-01
9.953096564094122689e-01
9.955535756354840782e-01
9.957506152740598360e-01
9.959041355203152035e-01
9.960173579948472522e-01
9.960933700147610592e-01
9.961351289427190503e-01
9.961454665837498057e-01
9.961270936007745602e-01
9.960826039203434235e-01
9.960144791001588338e-01
9.959250926297736894e-01
9.958167141356324414e-01
9.956915134615550445e-01
9.955515645960891780e-01
9.953988494190237901e-01
9.952352612409139931e-01
9.950626081117972532e-01
9.948826158784045415e-01
9.946969309730592235e-01
9.945071229220291409e-01
9.943146865662152445e-01
9.941210439925596276e-01
9.939275461802471456e-01
9.937354743714448269e-01
9.935460411817820248e-01
9.933603914708225568e-01
9.931796029972548290e-01
9.930046868872934862e-01
9.928365879477394351e-01
9.926761848572275282e-01
9.925242902703731440e-01
9.923816508698301009e-01
9.922489474007342158e-01
9.921267947207121907e-01
9.920157418966820684e-01
9.919162723771800527e-01
9.918288042660490245e-01
9.917536907201467411e-01
9.916912204904080319e-01
9.916416186222357654e-01
9.916050473279161004e-01
9.915816070406094918e-01
9.915713376565430393e-01
9.915742199693310388e-01
9.915901772978961137e-01
9.916190773072351972e-01
9.916607340192460374e-01
9.917149100089520664e-01
9.917813187796996610e-01
9.918596273092114002e-01
9.919494587567189159e-01
9.920503953197687963e-01
9.921619812276801786e-01
9.922837258570501584e-01
9.924151069531996772e-01
9.925555739400484523e-01
9.927045512996773846e-01
9.928614420018231357e-01
9.930256309627940592e-01
9.931964885128587994e-01
9.933733738510345246e-01
9.935556384664215868e-01
9.937426295057668613e-01
9.939336930677684645e-01
9.941281774057143528e-01
9.943254360213236165e-01
9.945248306340783717e-01
9.947257340118312863e-01
9.949275326500125471e-01
9.951296292882809702e-01
9.953314452549515412e-01
9.955324226309619773e-01
9.957320262265100252e-01
9.959297453648088272e-01
9.961250954686874381e-01
9.963176194470168001e-01
9.965068888792099067e-01
9.966925049973232031e-01
9.968740994666134281e-01
9.970513349667721181e-01
9.972239055774769767e-01
9.973915369733451497e-01
9.975539864348400565e-01
9.977110426831182766e-01
9.978625255481893275e-01
9.980082854810222726e-01
9.981482029213403218e-01
9.982821875337236639e-01
9.984101773252465062e-01
9.985321376581612896e-01
9.986480601710655547e-01
9.987579616215441769e-01
9.988618826624560132e-01
9.989598865628682711e-01
9.990520578831874055e-01
9.991385011123622428e-01
9.992193392732664492e-01
9.992947125006026443e-01
9.993647765940674166e-01
9.994297015481952151e-01
9.994896700593922656e-01
9.995448760102843000e-01
9.995955229317066149e-01
9.996418224434882038e-01
9.996839926766134532e-01
9.997222566813088740e-01
9.997568408279807750e-01
9.997879732105682260e-01
