9.997974501369174538e-01
9.997679685388617399e-01
9.997352697949172251e-01
9.996991491834958943e-01
9.996594043094890747e-01
9.996158364018141729e-01
9.995682515585413430e-01
9.995164619289410579e-01
9.994602868254073291e-01
9.993995537616522373e-01
9.993340994166497460e-01
9.992637705263992531e-01
9.991884247075746295e-01
9.991079312184814043e-01
9.990221716634746230e-01
9.989310406471263448e-01
9.988344463840672649e-01
9.987323112696664396e-01
9.986245724156619374e-01
9.985111821536647447e-01
9.983921085082039237e-01
9.982673356398034104e-01
9.981368642575314531e-01
9.980007119996184839e-01
9.978589137801300302e-01
9.977115220993253430e-01
9.975586073152267197e-01
9.974002578740539526e-01
9.972365804975149572e-01
9.970677003254482251e-01
9.968937610129497973e-01
9.967149247818434254e-01
9.965313724271159801e-01
9.963433032797065492e-01
9.961509351277615387e-01
9.959545040990961384e-01
9.957542645081141064e-01
9.955504886707717827e-01
9.953434666913143491e-01
9.951335062244170970e-01
9.949209322160160740e-01
9.947060866254935352e-01
9.944893281309842292e-01
9.942710318183978213e-01
9.940515888533213440e-01
9.938314061333015648e-01
9.936109059161557511e-01
9.933905254179582478e-01
9.931707163722784948e-01
9.929519445401513433e-01
9.927346891582335964e-01
9.925194423107142061e-01
9.923067082088667945e-01
9.920970023607526000e-01
9.918908506125461155e-01
9.916887880423297386e-01
9.914913576870244549e-01
9.912991090834083474e-01
9.911125966049399993e-01
9.909323775773214438e-01
9.907590101573973129e-01
9.905930509620286539e-01
9.904350524359769592e-01
9.902855599505053785e-01
9.901451086273240776e-01
9.900142198856013431e-01
9.898933977130115469e-01
9.897831246651594972e-01
9.896838576011850463e-01
9.895960231669116425e-01
9.895200130405429340e-01
9.894561789596199031e-01
9.894048275517176583e-01
9.893662149951267804e-01
9.893405415394952440e-01
9.893279459199821879e-01
9.893284997018131355e-01
9.893422015950578130e-01
9.893689717818431317e-01
9.894086462998852305e-01
9.894609715270248351e-01
9.895255988112349188e-01
9.896020792892319395e-01
9.896898589342929542e-01
9.897882738701608840e-01
9.898965459830414426e-01
9.900137788577880738e-01
9.901389540575806780e-01
9.902709277589670789e-01
9.904084277462842367e-01
9.905500507614997119e-01
9.906942601976863605e-01
9.908393841169383931e-01
9.909836135668013135e-01
9.911250011634430424e-01
9.912614599050035835e-01
9.913907621749515897e-01
9.915105388929263963e-01
9.916182787694803880e-01
9.917113276213486150e-01
9.917868877053199750e-01
9.918420170313906326e-01
9.918736286195788399e-01
9.918784896694652353e-01
9.918532206171293275e-01
9.917942940605971591e-01
9.916980335421509141e-01
9.915606121838427267e-01
9.913780511812964047e-01
9.911462181703785124e-01
9.908608254916011493e-01
9.905174283882263175e-01
9.901114231859845516e-01
9.896380455151385647e-01
9.890923686492696376e-01
9.884693020495830540e-01
9.877635902185912808e-01
9.869698119825154325e-01
9.860823803373709451e-01
9.850955430090939657e-01
9.840033838927704224e-01
9.827998255495279389e-01
9.814786329513963681e-01
9.800334186738406395e-01
9.784576497421564323e-01
9.767446563409765137e-01
9.748876425952888169e-01
9.728796996262772945e-01
9.707138210757062513e-01
9.683829212783759965e-01
9.658798562433965618e-01
9.631974475818100290e-01
9.603285094906937047e-01
9.572658788726702284e-01
9.540024486351468269e-01
9.505312041761141417e-01
9.468452630234339695e-01
9.429379175527936585e-01
9.388026806663850587e-01
9.344333342704160827e-01
9.298239803452523766e-01
9.249690943578250391e-01
9.198635807223807248e-01
9.145028299732022026e-01
9.088827772720621256e-01
9.029999618344337620e-01
8.968515868223766452e-01
8.904355792191355201e-01
8.837506491714059997e-01
8.767963482605329872e-01
8.695731261442329885e-01
8.620823849963299423e-01
8.543265311640627635e-01
8.463090234612227203e-01
8.380344175211706936e-01
8.295084056469539391e-01
8.207378516165027005e-01
8.117308199292602167e-01
8.024965990164364404e-01
7.930457179800536327e-01
7.833899564755150147e-01
7.735423474078455541e-01
7.635171721720829252e-01
7.533299482324488094e-01
7.429974089016391225e-01
7.325374752495410480e-01
7.219692201385479180e-01
7.113128244490268814e-01
7.005895256222420819e-01
6.898215587079614686e-01
6.790320901592866720e-01
6.682451446672660333e-01
6.574855253722495796e-01
6.467787278276981855e-01
6.361508481254722902e-01
6.256284856200227118e-01
6.152386407130786550e-01
6.050086081813205174e-01
5.949658665479702346e-01
5.851379640163950624e-01
5.755524015004525040e-01
5.662365133033231412e-01
5.572173460145304347e-01
5.485215362141409035e-01
5.401751875938010095e-01
5.322037481262411607e-01
5.246318879375277966e-01
5.174833785591130830e-01
5.107809742585220913e-01
5.045462961673308211e-01
4.987997199416179805e-01
4.935602677020998197e-01
4.888455050073958752e-01
4.846714436132856241e-01
4.810524507622714330e-01
4.780011657306634243e-01
4.755284243341157957e-01
4.736431920568511256e-01
4.723525064248303984e-01
4.716614291890514066e-01
4.715730088226846028e-01
4.720882537655503031e-01
4.732061167725913897e-01
4.749234906404485868e-01
4.772352154992638429e-01
4.801340977665189413e-01
4.836109407672321003e-01
4.876545869312494119e-01
4.922519713846821299e-01
4.973881866596050472e-01
5.030465581547438614e-01
5.092087298907244097e-01
5.158547600170859670e-01
5.229632254452716289e-01
5.305113349027017478e-01
5.384750496283470245e-01
5.468292108605473656e-01
5.555476732037554211e-01
5.646034429032427138e-01
5.739688200062643686e-01
5.836155433457237418e-01
5.935149372488580655e-01
6.036380588498868605e-01
6.139558448728004159e-01
6.244392567494130297e-01
6.350594229491862697e-01
6.457877774216990163e-01
6.565961930903088106e-01
6.674571093866761284e-01
6.783436528800489418e-01
6.892297501320658881e-01
7.000902319964795728e-01
7.109009286823357865e-01
7.216387550074224722e-01
7.322817853843914815e-01
7.428093182029686936e-01
7.532019293960108275e-01
7.634415151026291424e-01
7.735113234660029313e-01
7.833959757246380384e-01
7.930814768716334395e-01
8.025552162650247956e-01
8.118059586717496501e-01
8.208238263167177973e-01
8.296002725855774473e-01
8.381280480941283306e-01
8.464011598882521525e-01
8.544148245753363513e-01
8.621654162114612552e-01
8.696504097782815634e-01
8.768683210801402339e-01
8.838186438762647423e-01
8.905017850359349119e-01
8.969189984674863503e-01
9.030723185263068720e-01
9.089644935540464044e-01
9.145989201426962811e-01
9.199795786545258425e-01
9.251109704637066056e-01
9.299980573192598854e-01
9.346462031631721512e-01
9.390611186733691662e-01
9.432488087398560594e-01
9.472155230246442903e-01
9.509677097028297332e-01
9.545119724339306000e-01
9.578550305696788003e-01
9.610036825670799088e-01
9.639647725437209269e-01
9.667451598858783912e-01
9.693516917987068382e-01
9.717911786713072653e-01
9.740703721173478158e-01
9.761959455436561850e-01
9.781744770942953915e-01
9.800124348155729859e-01
9.817161638876886753e-01
9.832918757708509760e-01
9.847456391172459966e-01
9.860833723048614274e-01
9.873108374545485066e-01
9.884336357976033494e-01
9.894572042673865919e-01
9.903868131949530307e-01
9.912275649952532186e-01
9.919843937371597420e-01
9.926620654973243862e-01
9.932651794046987170e-01
9.937981692894017893e-01
9.942653058564880908e-01
9.946706993119756035e-01
9.950183023751824063e-01
9.953119136178620874e-01
9.955551810767314658e-01
9.957516060915967415e-01
9.959045473263014037e-01
9.960172249340325523e-01
9.960927248320478045e-01
9.961340030536064427e-01
9.961438901468008256e-01
9.961250955911735705e-01
9.960802122035674611e-01
9.960117205047733790e-01
9.959219930183860203e-01
9.958132984730792003e-01
9.956878058794795816e-01
9.955475884531574948e-01
9.953946273561384839e-01
9.952308152309065070e-01
9.950579595032025271e-01
9.948777854330445036e-01
9.946919388972794707e-01
9.945019888915415107e-01
9.943094297445980168e-01
9.941156830435591285e-01
9.939220992741009120e-01
9.937299591855250913e-01
9.935404748959226762e-01
9.933547907577612301e-01
9.931739840086857285e-01
9.929990652360910497e-01
9.928309786869755627e-01
9.926706024566662734e-01
9.925187485911833862e-01
9.923761631383002380e-01
9.922435261818086660e-01
9.921214518921815939e-01
9.920104886248546361e-01
9.919111190948274315e-01
9.918237606533639728e-01
9.917487656893638759e-01
9.916864221746302110e-01
9.916369543688813293e-01
9.916005236970555359e-01
9.915772298083088687e-01
9.915671118231799142e-01
9.915701497726978619e-01
9.915862662307779463e-01
9.916153281390343022e-01
9.916571488211378682e-01
9.917114901819984452e-01
9.917780650853151858e-01
9.918565399013762329e-01
9.919465372153559724e-01
9.920476386847503214e-01
9.921593880329909743e-01
9.922812941647118912e-01
9.924128343866411850e-01
9.925534577166893468e-01
9.927025882625717390e-01
9.928596286502773260e-01
9.930239634819350014e-01
9.931949628021722321e-01
9.933719855519289599e-01
9.935543829888902057e-01
9.937415020542307298e-01
9.939326886661807858e-01
9.941272909219961429e-01
9.943246621911875360e-01
9.945241640842773512e-01
9.947251692828545933e-01
9.949270642182296287e-01
9.951292515875254097e-01
9.953311526975229251e-01
9.955322096280200261e-01
9.957318872078348981e-01
9.959296747979020648e-01
9.961250878771951145e-01
9.963176694284652246e-01
9.965069911220506560e-01
9.966926542972931458e-01
9.968742907424230637e-01
9.970515632751348889e-01
9.972241661274945379e-01
9.973918251402565938e-01
9.975542977731323147e-01
9.977113729389824881e-01
9.978628706712863172e-01
9.980086416355006262e-01
9.981485664960272342e-01
9.982825551513847540e-01
9.984105458507893660e-01
9.985325042056381051e-01
9.986484221093188118e-01
9.987583165783311401e-01
9.988622285268883294e-01
9.989602214860152651e-01
9.990523802767076189e-01
9.991388096450598555e-01
9.992196328655019721e-01
9.992949903165353476e-01
9.993650380317551374e-01
9.994299462276310386e-01
9.994898978086143027e-01
9.995450868497476327e-01
9.995957170571574402e-01
9.996420002076245037e-01
9.996841545698530451e-01
9.997224033120084563e-01
9.997569729024672336e-01
9.997880915133429136e-01
