9.997974847486866823e-01
9.997680161984765501e-01
9.997353332455729547e-01
9.996992315023415232e-01
9.996595089142111812e-01
9.996159670523715457e-01
9.995684123536850985e-01
9.995166572972864483e-01
9.994605215109667595e-01
9.993998328038872225e-01
9.993344281252528605e-01
9.992641544511604579e-01
9.991888696038226936e-01
9.991084430087083801e-01
9.990227563958468116e-01
9.989317044516573540e-01
9.988351954272743916e-01
9.987331517085442645e-01
9.986255103518005827e-01
9.985122235882959441e-01
9.983932592989024357e-01
9.982686014594842616e-01
9.981382505562863550e-01
9.980022239698247422e-01
9.978605563251454758e-01
9.977132998059620173e-01
9.975605244300768115e-01
9.974023182836265766e-01
9.972387877120352240e-01
9.970700574660765758e-01
9.968962708020994157e-01
9.967175895362035964e-01
9.965341940529435227e-01
9.963462832699117033e-01
9.961540745602962543e-01
9.959578036361542708e-01
9.957577243956627910e-01
9.955541087379636833e-01
9.953472463493679978e-01
9.951374444646028383e-01
9.949250276064444121e-01
9.947103373064671850e-01
9.944937318087444522e-01
9.942755857571670131e-01
9.940562898656147839e-01
9.938362505685478521e-01
9.936158896477299551e-01
9.933956438287867563e-01
9.931759643392223946e-01
9.929573164174120281e-01
9.927401787600544925e-01
9.925250428936659430e-01
9.923124124540142477e-01
9.921028023559970155e-01
9.918967378354268671e-01
9.916947533435548356e-01
9.914973912749760476e-01
9.913052005098500485e-01
9.911187347521263069e-01
9.909385506466933391e-01
9.907652056600286805e-01
9.905992557109817298e-01
9.904412525407222390e-01
9.902917408135722965e-01
9.901512549433676424e-01
9.900203156431026663e-01
9.898994261988722787e-01
9.897890684725051402e-01
9.896896986407496266e-01
9.896017426824476049e-01
9.895255916287599707e-01
9.894615965952255898e-01
9.894100636181787367e-01
9.893712483218097820e-01
9.893453504458535885e-01
9.893325082674447879e-01
9.893327929539742494e-01
9.893462028866820690e-01
9.893726579970664181e-01
9.894119941598200629e-01
9.894639576867628739e-01
9.895281999659855110e-01
9.896042722890460164e-01
9.896916209065048653e-01
9.897895823483434663e-01
9.898973790409236750e-01
9.900141152462359484e-01
9.901387733424144022e-01
9.902702104570789698e-01
9.904071554572607683e-01
9.905482062917453367e-01
9.906918276739125062e-01
9.908363490858289602e-01
9.909799630777194057e-01
9.911207238311987577e-01
9.912565459499774745e-01
9.913852034382636402e-01
9.915043288248513997e-01
9.916114123899354427e-01
9.917038014520023204e-01
9.917786996736758232e-01
9.918331663480589588e-01
9.918641156308394269e-01
9.918683156881077378e-01
9.918423877354048956e-01
9.917828049498851328e-01
9.916858912446123719e-01
9.915478199018606942e-01
9.913646120708725640e-01
9.911321351448454386e-01
9.908461010420154258e-01
9.905020644266181451e-01
9.900954209172752041e-01
9.896214053430015811e-01
9.890750901205327406e-01
9.884513838409774156e-01
9.877450301687751288e-01
9.869506071713740614e-01
9.860625272136552821e-01
9.850750375665402458e-01
9.839822218939658915e-01
9.827780027959932552e-01
9.814561455976424931e-01
9.800102635825538311e-01
9.784338248771697888e-01
9.767201611942917250e-01
9.748624786441184575e-01
9.728538708158636084e-01
9.706873343235206120e-01
9.683557869951913144e-01
9.658520888666292104e-01
9.631690661164252765e-01
9.602995380528418501e-01
9.572363472310477794e-01
9.539723927448593432e-01
9.505006666995386988e-01
9.468142938322607893e-01
9.429065742050674048e-01
9.387710288519973689e-01
9.344014482181401959e-01
9.297919431840987459e-01
9.249369984252490129e-01
9.198315278117402682e-01
9.144709315128538574e-01
9.088511544286371757e-01
9.029687455331522061e-01
8.968209176777590663e-01
8.904056073701467344e-01
8.837215340159113586e-01
8.767682580849481822e-01
8.695462376453755304e-01
8.620568826937231588e-01
8.543026067022537751e-01
8.462868748030432098e-01
8.380142480342551714e-01
8.294904230872131023e-01
8.207222670136052889e-01
8.117178463804863853e-01
8.024864503965088991e-01
7.930386075757193121e-01
7.833860955547209404e-01
7.735419437343179494e-01
7.635204284769692151e-01
7.533370606553889681e-01
7.430085654142072338e-01
7.325528540744027373e-01
7.219889881779018026e-01
7.113371357359467018e-01
7.006185198083547672e-01
6.898553596005267963e-01
6.790708043201323374e-01
6.682888600852151528e-01
6.575343102196531397e-01
6.468326293104620373e-01
6.362098914345963863e-01
6.256926729911773677e-01
6.153079505991911891e-01
6.050829945415807654e-01
5.950452582551857272e-01
5.852222643832718507e-01
5.756414879242679472e-01
5.663302370276097619e-01
5.573155320059399731e-01
5.486239831525614452e-01
5.402816679742066253e-01
5.323140084715278775e-01
5.247456491228590370e-01
5.176003362498784455e-01
5.109007994659255925e-01
5.046686359276916223e-01
4.989241981275918114e-01
4.936864859760407009e-01
4.889730439288176855e-01
4.847998639136803511e-01
4.811812948012307301e-01
4.781299591471858124e-01
4.756566779060522610e-01
4.737704037795725798e-01
4.724781638173065623e-01
4.717850118316987418e-01
4.716939911265476404e-01
4.722061079668175010e-01
4.733203161401969838e-01
4.750335128778486737e-01
4.773405463145731220e-01
4.802342345783743305e-01
4.837053965072006800e-01
4.877428938976970940e-01
4.923336850979005419e-01
4.974628896639879949e-01
5.031138637110423861e-01
5.092682855000425501e-01
5.159062507184364321e-01
5.230063768301709271e-01
5.305459157934790948e-01
5.385008743714641000e-01
5.468461411921530235e-01
5.555556196517845713e-01
5.646023656983577554e-01
5.739587294826453689e-01
5.835964998218572397e-01
5.934870503878064696e-01
6.036014865077795610e-01
6.139107914532480059e-01
6.243859710899521964e-01
6.349981957735639782e-01
6.457189383985643127e-01
6.565201075446660539e-01
6.673741747150676584e-01
6.782542947238752173e-01
6.891344183657232003e-01
6.999893965880175095e-01
7.107950754842546903e-01
7.215283815340353124e-01
7.321673966300055181e-01
7.426914225520845347e-01
7.530810346729071014e-01
7.633181248032478994e-01
7.733859332100927464e-01
7.832690699607853801e-01
7.929535258622462113e-01
8.024266733726521661e-01
8.116772579624506045e-01
8.206953804906060856e-01
8.294724712393116706e-01
8.380012563150300853e-01
8.462757171749977214e-01
8.542910440758683110e-01
8.620435842649019076e-01
8.695307857442839961e-01
8.767511374362705334e-01
8.837041065617020630e-01
8.903900740179956363e-01
8.968102685062186996e-01
9.029667001116326031e-01
9.088620939896393525e-01
9.144998247509187328e-01
9.198838520772852911e-01
9.250186580349696319e-01
9.299091864861536161e-01
9.345607849340369366e-01
9.389791490727767975e-01
9.431702702524178417e-01
9.471403860113598583e-01
9.508959337757377783e-01
9.544435077768705922e-01
9.577898191950308115e-01
9.609416595003850148e-01
9.639058669300651916e-01
9.666892960138305790e-01
9.692987900393976730e-01
9.717411563319147128e-01
9.740231442097782022e-01
9.761514254705694338e-01
9.781325772558007170e-01
9.799730671408943827e-01
9.816792402968771425e-01
9.832573085721758588e-01
9.847133413462544338e-01
9.860532580112393308e-01
9.872828219428825269e-01
9.884076358279297869e-01
9.894331382210600490e-01
9.903646012108939800e-01
9.912071290810738899e-01
9.919656578590505536e-01
9.926449556519474360e-01
9.932496236757009100e-01
9.937840978905626566e-01
9.942526511629758978e-01
9.946593958807179447e-01
9.950082869549761178e-01
9.953031251495598752e-01
9.955475606836484692e-01
9.957450970601784412e-01
9.958990950770743034e-01
9.960127769829134614e-01
9.960892307421977954e-01
9.961314143781719865e-01
9.961421603630676858e-01
9.961241800268534341e-01
9.960800679561323534e-01
9.960123063549282119e-01
9.959232693389190594e-01
9.958152271344468121e-01
9.956903501535521173e-01
9.955507129165820368e-01
9.953982977947564148e-01
9.952349985466066862e-01
9.950626236244923817e-01
9.948828992304957763e-01
9.946974721048582602e-01
9.945079120346671520e-01
9.943157140756111456e-01
9.941223004851112988e-01
9.939290223708249217e-01
9.937371610641968500e-01
9.935479292341985458e-01
9.933624717614556454e-01
9.931818663974500971e-01
9.930071242372568996e-01
9.928391900372324219e-01
9.926789424111516214e-01
9.925271939394640919e-01
9.923846912266252041e-01
9.922521149409040397e-01
9.921300798697521017e-01
9.920191350218469095e-01
9.919197638044144893e-01
9.918323843015249830e-01
9.917573496758789187e-01
9.916949487132800112e-01
9.916454065256554706e-01
9.916088854252242957e-01
9.915854859793131748e-01
9.915752482524271549e-01
9.915781532395314679e-01
9.915941244920875031e-01
9.916230299361972200e-01
9.916646838802123387e-01
9.917188492073130135e-01
9.917852397468054360e-01
9.918635228162011597e-01
9.919533219244713873e-01
9.920542196252175593e-01
9.921657605068601171e-01
9.922874543053313845e-01
9.924187791232201850e-01
9.925591847378766319e-01
9.927080959797237592e-01
9.928649161609786056e-01
9.930290305342114321e-01
9.931998097597145581e-01
9.933766133605228532e-01
9.935587931441440812e-01
9.937456965705981915e-01
9.939366700472038740e-01
9.941310621316424845e-01
9.943282266261220803e-01
9.945275255468970510e-01
9.947283319549130587e-01
9.949300326348978762e-01
9.951320306117511505e-01
9.953337474945842533e-01
9.955346256401955696e-01
9.957341301291394720e-01
9.959317505488632927e-01
9.961270025796633565e-01
9.963194293804619184e-01
9.965086027726671736e-01
9.966941242216543762e-01
9.968756256167224938e-01
9.970527698517491766e-01
9.972252512101721367e-01
9.973927955593733241e-01
9.975551603610041118e-01
9.977121345052266665e-01
9.978635379782326842e-01
9.980092213736684315e-01
9.981490652597055924e-01
9.982829794143848190e-01
9.984109019424698417e-01
9.985327982873452024e-01
9.986486601514220629e-01
9.987585043380765581e-01
9.988623715273271531e-01
9.989603249962978326e-01
9.990524492940519030e-01
9.991388488787175115e-01
9.992196467230393120e-01
9.992949828927309985e-01
9.993650131003841697e-01
9.994299072363593828e-01
9.994898478771646610e-01
9.995450287714301441e-01
9.995956533037769765e-01
9.996419329376914353e-01
9.996840856399386022e-01
9.997223342910035448e-01
9.997569050884244080e-01
9.997880259525183666e-01
