9.997974662514444999e-01
9.997679950521022318e-01
9.997353091981688866e-01
9.996992042975154646e-01
9.996594782937040513e-01
9.996159327588746146e-01
9.995683741337919592e-01
9.995166149045158210e-01
9.994604747087907359e-01
9.993997813686954501e-01
9.993343718491868310e-01
9.992640931447566155e-01
9.991888030984042990e-01
9.991083711584799465e-01
9.990226790796502554e-01
9.989316215743624383e-01
9.988351069207865862e-01
9.987330575324249171e-01
9.986254104935065046e-01
9.985121180630567306e-01
9.983931481492617221e-01
9.982684847545421070e-01
9.981381283906852753e-01
9.980020964625255786e-01
9.978604236180455000e-01
9.977131620624060115e-01
9.975603818333124151e-01
9.974021710352534154e-01
9.972386360304933417e-01
9.970699015852159119e-01
9.968961109698646350e-01
9.967174260134654684e-01
9.965340271124983884e-01
9.963461131956659056e-01
9.961539016466446350e-01
9.959576281875552883e-01
9.957575467264067060e-01
9.955539291721233752e-01
9.953470652209185365e-01
9.951372621176884925e-01
9.949248443957703358e-01
9.947101535977874720e-01
9.944935479794175803e-01
9.942754021967481481e-01
9.940561069764517477e-01
9.938360687663515547e-01
9.936157093620874292e-01
9.933954655035911463e-01
9.931757884329917019e-01
9.929571434034772937e-01
9.927400091265971005e-01
9.925248771435890571e-01
9.923122511046376104e-01
9.921026459385657859e-01
9.918965868944298325e-01
9.916946084358482238e-01
9.914972529687123837e-01
9.913050693832106131e-01
9.911186113918586393e-01
9.909384356464517873e-01
9.907650996185171088e-01
9.905991592298952764e-01
9.904411662224801294e-01
9.902916652588348301e-01
9.901511907483228070e-01
9.900202633965069499e-01
9.898993864788273589e-01
9.897890418429463599e-01
9.896896856476259385e-01
9.896017438495666729e-01
9.895256074532791102e-01
9.894616275427705610e-01
9.894101101175799551e-01
9.893713107594561684e-01
9.893454291596754935e-01
9.893326035405519692e-01
9.893329050079936460e-01
9.893463318748569879e-01
9.893728039971990684e-01
9.894121571671582460e-01
9.894641376069516214e-01
9.895283966082187854e-01
9.896044853595701296e-01
9.896918500026357091e-01
9.897898269531645310e-01
9.898976385188341665e-01
9.900143888395163128e-01
9.901390601689622484e-01
9.902705095094564980e-01
9.904074656031679469e-01
9.905485262760068688e-01
9.906921561220264350e-01
9.908366845090872399e-01
9.909803038798591368e-01
9.911210683164946023e-01
9.912568923326293691e-01
9.913855498528811871e-01
9.915046733377809174e-01
9.916117530111296929e-01
9.917041361470861904e-01
9.917790263758310410e-01
9.918334829693261634e-01
9.918644200724283655e-01
9.918686058493116908e-01
9.918426615207356356e-01
9.917830602740838053e-01
9.916861260352403118e-01
9.915480320992409169e-01
9.913647996252269445e-01
9.911322960105553026e-01
9.908462331690205405e-01
9.905021657490574727e-01
9.900954893395571554e-01
9.896214387235700016e-01
9.890750862536639154e-01
9.884513404370017797e-01
9.877449448331585558e-01
9.869504773831252464e-01
9.860623503035387261e-01
9.850748106955737882e-01
9.839819420326710864e-01
9.827776667048404580e-01
9.814557498091009968e-01
9.800098043851184215e-01
9.784332983016931218e-01
9.767195630029074094e-01
9.748618043220020901e-01
9.728531155660390395e-01
9.706864930648895218e-01
9.683548543639416417e-01
9.658510592211608792e-01
9.631679335459231162e-01
9.602982963896237179e-01
9.572349900668167821e-01
9.539709134509933852e-01
9.504990584515519148e-01
9.468125496385700890e-01
9.429046869401893627e-01
9.387689912942794868e-01
9.343992530921033657e-01
9.297895832074198896e-01
9.249344663603596972e-01
9.198288165219444812e-01
9.144680340227864246e-01
9.088480639887985824e-01
9.029654556881565597e-01
8.968174223378374554e-01
8.904019008853540917e-01
8.837176112523962290e-01
8.767641145025659721e-01
8.695418693758572015e-01
8.620522866185589272e-01
8.542977805294120763e-01
8.462818171416220947e-01
8.380089584661548630e-01
8.294849022349251033e-01
8.207165166032358572e-01
8.117118692991620588e-01
8.024802507433581589e-01
7.930321907056824271e-01
7.833794681144979899e-01
7.735351136898492852e-01
7.635134051319159010e-01
7.533298546601782109e-01
7.430011887653062974e-01
7.325453201035923012e-01
7.219813115314311913e-01
7.113293323435786464e-01
7.006106068424275968e-01
6.898473554252924078e-01
6.790627284317514167e-01
6.682807330429174630e-01
6.575261535686820480e-01
6.468244654975269237e-01
6.362017437166438416e-01
6.256845653383535932e-01
6.152999075929086459e-01
6.050750412686093371e-01
5.950374201986684541e-01
5.852145673115038971e-01
5.756339577779872041e-01
5.663228998064300246e-01
5.573084136544013134e-01
5.486171094461149700e-01
5.402750644052563000e-01
5.323077001354881155e-01
5.247396606040097833e-01
5.175946915066513832e-01
5.108955217151585071e-01
5.046637475273177964e-01
4.989197204572389799e-01
4.936824393150621715e-01
4.889694473314416534e-01
4.847967350811306364e-01
4.811786499509634885e-01
4.781278128797167293e-01
4.756550430702006782e-01
4.737692913373658943e-01
4.724775827101902470e-01
4.717849688501002392e-01
4.716944907852064217e-01
4.722071523885992272e-01
4.733219049513539556e-01
4.750356431178252015e-01
4.773432123634988589e-01
4.802374281052926852e-01
4.837091064419167807e-01
4.877471064287738356e-01
4.923383836989444484e-01
4.974680551498217307e-01
5.031194743247664469e-01
5.092743170313320800e-01
5.159126766526966890e-01
5.230131685274892472e-01
5.305530426955828993e-01
5.385083042342488913e-01
5.468538403407169346e-01
5.555635532543885535e-01
5.646104980552898445e-01
5.739670243256274063e-01
5.836049206194257044e-01
5.934955606519882743e-01
6.036100500974015404e-01
6.139193728693455032e-01
6.243945357589710810e-01
6.350067103143728353e-01
6.457273708696964487e-01
6.565284276686778053e-01
6.673823540774213026e-01
6.782623069442959007e-01
6.891422392405575081e-01
6.999970042026801842e-01
7.108024502954165547e-01
7.215355064217388037e-01
7.321742569203885109e-01
7.426980060118539839e-01
7.530873314771054927e-01
7.633241274782112118e-01
7.733916365537819582e-01
7.832744709429139141e-01
7.929586235067889177e-01
8.024314686254442330e-01
8.116817535466320788e-01
8.206995807526807907e-01
8.294763819885415668e-01
8.380048846587968558e-01
8.462790713526400221e-01
8.542941332933372545e-01
8.620464185323921669e-01
8.695333757187816426e-01
8.767534942707305712e-01
8.837062417623273713e-01
8.903919993108396769e-01
8.968119957140883169e-01
9.029682410420178940e-01
9.088634603341670948e-01
9.145010279965978262e-01
9.198849034296020521e-01
9.250195683527085988e-01
9.299099662276374412e-01
9.345614441143383910e-01
9.389796972313230183e-01
9.431707164303012592e-01
9.471407387375840869e-01
9.508962010615608085e-01
9.544436971173618778e-01
9.577899375769282075e-01
9.609417134153280804e-01
9.639058623922851510e-01
9.666892385813957711e-01
9.692986848381490717e-01
9.717410080812719508e-01
9.740229572496551524e-01
9.761512037887105642e-01
9.781323245149264878e-01
9.799727867051323260e-01
9.816789352570464144e-01
9.832569817695890890e-01
9.847129953947931780e-01
9.860528953175544675e-01
9.872824447246548729e-01
9.884072461302058077e-01
9.894327379307453763e-01
9.903641920695411827e-01
9.912067126961466856e-01
9.919652357138715182e-01
9.926445291145533645e-01
9.932491940068294278e-01
9.937836662509859087e-01
9.942522186203758272e-01
9.946589634162712468e-01
9.950078554697823208e-01
9.953026954710124663e-01
9.955471335718096837e-01
9.957446732141833623e-01
9.958986751415581651e-01
9.960123615544239639e-01
9.960888203755341452e-01
9.961310095925722807e-01
9.961417616481564874e-01
9.961237878482549490e-01
9.960796827606566151e-01
9.960119285752432328e-01
9.959228993976345645e-01
9.958148654475468264e-01
9.956899971331352184e-01
9.955503689728831818e-01
9.953979633374467895e-01
9.952346739853835667e-01
9.950623093689897614e-01
9.948825956895609446e-01
9.946971796852480674e-01
9.945076311392291313e-01
9.943154451010172146e-01
9.941220438192140962e-01
9.939287783897065021e-01
9.937369301289782353e-01
9.935477116876739734e-01
9.933622679246152387e-01
9.931816765659500224e-01
9.930069486778966281e-01
9.928390289844997163e-01
9.926787960638944197e-01
9.925270624577534617e-01
9.923845747288743135e-01
9.922520135013084275e-01
9.921299935161195238e-01
9.920190637338777151e-01
9.919197075124907004e-01
9.918323428860570390e-01
9.917573229672430601e-01
9.916949364923668409e-01
9.916454085250294703e-01
9.916089013308747591e-01
9.915855154329566989e-01
9.915752908543034039e-01
9.915782085516157141e-01
9.915941920416322386e-01
9.916231092195052499e-01
9.916647743665415460e-01
9.917189503428126551e-01
9.917853509583935967e-01
9.918636435153009856e-01
9.919534515105411510e-01
9.920543574890243743e-01
9.921659060334658831e-01
9.922876068767789715e-01
9.924189381209206351e-01
9.925593495447166958e-01
9.927082659819213006e-01
9.928650907497219569e-01
9.930292091071241112e-01
9.931999917221865370e-01
9.933767981269480130e-01
9.935589801390987130e-01
9.937458852299889678e-01
9.939368598194068261e-01
9.941312524786468652e-01
9.943284170246836640e-01
9.945277154897010918e-01
9.947285209517392479e-01
9.949302202137760842e-01
9.951322163200942983e-01
9.953339309002827706e-01
9.955348063326568964e-01
9.957343077202591708e-01
9.959319246739153364e-01
9.961271728980987117e-01
9.963195955766099843e-01
9.965087645563353025e-01
9.966942813286248093e-01
9.968757778091479338e-01
9.970529169184496610e-01
9.972253929668364325e-01
9.973929318486699502e-01
9.975552910526032102e-01
9.977122594957363866e-01
9.978636571910483033e-01
9.980093347587322139e-01
9.981491727931735003e-01
9.982830810981906389e-01
9.984109978037802868e-01
9.985328883778936682e-01
9.986487445467100432e-01
9.987585831364321765e-01
9.988624448488115926e-01
9.989603929814510064e-01
9.990525121024748101e-01
9.991389066874901692e-01
9.992196997249803703e-01
9.992950312945095837e-01
9.993650571204999444e-01
9.994299471030126947e-01
9.994898838260447560e-01
9.995450610434537531e-01
9.995956821428109151e-01
9.996419585882999614e-01
9.996841083451919463e-01
9.997223542903886928e-01
9.997569226158929956e-01
9.997880412347062151e-01
