9.997974227738823938e-01
9.997679381089186190e-01
9.997352361637044105e-01
9.996991122453715573e-01
9.996593639933407660e-01
9.996157926768367563e-01
9.995682044398456201e-01
9.995164114828564150e-01
9.994602331743397405e-01
9.993994970883648410e-01
9.993340399678446451e-01
9.992637086154945170e-01
9.991883607165856773e-01
9.991078655989440449e-01
9.990221049363656736e-01
9.989309734017678410e-01
9.988343792760261408e-01
9.987322450176859823e-01
9.986245077976892981e-01
9.985111200020582167e-01
9.983920497042253483e-01
9.982672811075143926e-01
9.981368149572255044e-01
9.980006689209262039e-01
9.978588779349366611e-01
9.977114945146386971e-01
9.975585890261259303e-01
9.974002499168398428e-01
9.972365839031680501e-01
9.970677161134857691e-01
9.968937901857559680e-01
9.967149683195244414e-01
9.965314312829165466e-01
9.963433783760035078e-01
9.961510273526299475e-01
9.959546143034303523e-01
9.957543935032674431e-01
9.955506372266679227e-01
9.953436355349705167e-01
9.951336960388131869e-01
9.949211436392361163e-01
9.947063202500630030e-01
9.944895845033261406e-01
9.942713114383319173e-01
9.940518921735315150e-01
9.938317335587055767e-01
9.936112578031133236e-01
9.933909020732656359e-01
9.931711180519011695e-01
9.929523714476599094e-01
9.927351414429150811e-01
9.925199200653389564e-01
9.923072114671025457e-01
9.920975310942236058e-01
9.918914047275414481e-01
9.916893673761730810e-01
9.914919620041205972e-01
9.912997380709858142e-01
9.911132498685114589e-01
9.909330546358852132e-01
9.907597104384020525e-01
9.905937737961257872e-01
9.904357970515802467e-01
9.902863254681806282e-01
9.901458940540271980e-01
9.900150241087852798e-01
9.898942194946207529e-01
9.897839626355332543e-01
9.896847102528937290e-01
9.895968888485534576e-01
9.895208899505351097e-01
9.894570651400279582e-01
9.894057208821736005e-01
9.893671131869035129e-01
9.893414421298138972e-01
9.893288462666476324e-01
9.893293969782883668e-01
9.893430927861024404e-01
9.893698536798586352e-01
9.894095155021196408e-01
9.894618244338020396e-01
9.895264316253767900e-01
9.896028880168399322e-01
9.896906393870517071e-01
9.897890216693056020e-01
9.898972565651131816e-01
9.900144474822628604e-01
9.901395758164228678e-01
9.902714975881050652e-01
9.904089404389528895e-01
9.905505009833317498e-01
9.906946425033691384e-01
9.908396929681845267e-01
9.909838433513132872e-01
9.911251462144863300e-01
9.912615145211416401e-01
9.913907206394426685e-01
9.915103954922398488e-01
9.916180278103590151e-01
9.917109634458322054e-01
9.917864047031456076e-01
9.918414096492124132e-01
9.918728913664921487e-01
9.918776171183888435e-01
9.918522074016860035e-01
9.917931348672406333e-01
9.916967230974153003e-01
9.915591452367299441e-01
9.913764224809703540e-01
9.911444224394906355e-01
9.908588573957348711e-01
9.905152825020961949e-01
9.901090939571735028e-01
9.896355272262815639e-01
9.890896553796959534e-01
9.884663876375147096e-01
9.877604682250422652e-01
9.869664756580626142e-01
9.860788225929596473e-01
9.850917563920031927e-01
9.839993605687994416e-01
9.827955572923784411e-01
9.814741111401159568e-01
9.800286342990695010e-01
9.784525934217863652e-01
9.767393183456917205e-01
9.748820128843167510e-01
9.728737678935422961e-01
9.707075768064471477e-01
9.683763538161683782e-01
9.658729548674105381e-01
9.631902015940329020e-01
9.603209083127628443e-01
9.572579121518784984e-01
9.539941063591150794e-01
9.505224767955547938e-01
9.468361415823687288e-01
9.429283938255166309e-01
9.387927473003933043e-01
9.344229849344485306e-01
9.298132098814904101e-01
9.249578989372082560e-01
9.198519580018832409e-01
9.144907792537978475e-01
9.088702996559886449e-01
9.029870603802376827e-01
8.968382666961071115e-01
8.904218478399438252e-01
8.837365163497121756e-01
8.767818263268509771e-01
8.695582300666957476e-01
8.620671324849400463e-01
8.543109427597144201e-01
8.462931226075908198e-01
8.380182306176572338e-01
8.294919620810050631e-01
8.207211837737735660e-01
8.117139631802975375e-01
8.024795916787678118e-01
7.930286012548172225e-01
7.833727743580285452e-01
7.735251465717892794e-01
7.635000018272632971e-01
7.533128599563946315e-01
7.429804564455865235e-01
7.325207143196514892e-01
7.219527081534786728e-01
7.112966202752668554e-01
7.005736892888602130e-01
6.898061511026754022e-01
6.790171727079580277e-01
6.682307789991280833e-01
6.574717729733255966e-01
6.467656496849899517e-01
6.361385043645820803e-01
6.256169351389129218e-01
6.152279408146764661e-01
6.049988142076168085e-01
5.949570315181903490e-01
5.851301382716793675e-01
5.755456323573175936e-01
5.662308447179882354e-01
5.572128182599711543e-01
5.485181855714971189e-01
5.401730460595497441e-01
5.322028431363114986e-01
5.246322421093523314e-01
5.174850094524447996e-01
5.107838941557473200e-01
5.045505118739526118e-01
4.988052326076088949e-01
4.935670726649034057e-01
4.888535916575286189e-01
4.846807952836962308e-01
4.810630446429119411e-01
4.780129728100290798e-01
4.755414093698582256e-01
4.736573135779044152e-01
4.723677167677908795e-01
4.716776745718133101e-01
4.715902294584748411e-01
4.721063840205887985e-01
4.732250853704855764e-01
4.749432209162177676e-01
4.772556257054645368e-01
4.801551014333719225e-01
4.836324471178965467e-01
4.876765013524850811e-01
4.922741959520837707e-01
4.974106207154364023e-01
5.030690989351649378e-01
5.092312731979186102e-01
5.158772009305314654e-01
5.229854590651776824e-01
5.305332571175127576e-01
5.384965578972329414e-01
5.468502050009920179e-01
5.555680561737691425e-01
5.646231215673604975e-01
5.739877058744013993e-01
5.836335532741041554e-01
5.935319940926643278e-01
6.036540920579434033e-01
6.139707910154996728e-01
6.244530599722047937e-01
6.350720353452308231e-01
6.457991593186875878e-01
6.566063132479835751e-01
6.674659451031381696e-01
6.783511900065140043e-01
6.892359829973085938e-01
7.000951632436627214e-01
7.109045690223410041e-01
7.216411228940456946e-01
7.322829066178925261e-01
7.428092254694034224e-01
7.532006617505428991e-01
7.634391174055890072e-01
7.735078457808467478e-01
7.833914726871580303e-01
7.930760070397797623e-01
8.025488414585495445e-01
8.117987433105735562e-01
8.208158367664650790e-01
8.295915765181629542e-01
8.381187138706077677e-01
8.463912559703895555e-01
8.544044189715398474e-01
8.621545759618752802e-01
8.696392004829496258e-01
8.768568064732680245e-01
8.838068854487424186e-01
8.904898417074238459e-01
8.969069263085749366e-01
9.030601705304734939e-01
9.089523194584724353e-01
9.145867662963368394e-01
9.199674879312902398e-01
9.250989822181160394e-01
9.299862073815541308e-01
9.346345238705131564e-01
9.390496389335517557e-01
9.432375541237768557e-01
9.472045158836885914e-01
9.509569693073222085e-01
9.545015151288379629e-01
9.578448699438593117e-01
9.609938296325248874e-01
9.639552359214339505e-01
9.667359459952694634e-01
9.693428050476432523e-01
9.717826216442496667e-01
9.740621457593032773e-01
9.761880493379917478e-01
9.781669092327778259e-01
9.800051923593126046e-01
9.817092429179790081e-01
9.832852715291960921e-01
9.847393461341478194e-01
9.860773845172047247e-01
9.873051483116579430e-01
9.884282383562568164e-01
9.894520912762486686e-01
9.903819771690363094e-01
9.912229982811279205e-01
9.919800885697074300e-01
9.926580140488759918e-01
9.932613738274066462e-01
9.937946017516803288e-01
9.942619685743123714e-01
9.946675845757695367e-01
9.950154025729436302e-01
9.953092212550901374e-01
9.955526887936254621e-01
9.957493066779007362e-01
9.959024337340838251e-01
9.960152902886049153e-01
9.960909624411588004e-01
9.961324064149861268e-01
9.961424529540893191e-01
9.961238117382349433e-01
9.960790757871760270e-01
9.960107258256535312e-01
9.959211345805949467e-01
9.958125709817379212e-01
9.956872042368815068e-01
9.955471077533106783e-01
9.953942628778281732e-01
9.952305624293958930e-01
9.950578140007172445e-01
9.948777430082120787e-01
9.946919954737160063e-01
9.945021405257921110e-01
9.943096726136476660e-01
9.941160134321309627e-01
9.939225135619593754e-01
9.937304538349879257e-01
9.935410464397779196e-01
9.933554357877640850e-01
9.931746991647946166e-01
9.929998471965807427e-01
9.928318241595455174e-01
9.926715081706419808e-01
9.925197112908892283e-01
9.923771795776665794e-01
9.922445931202557023e-01
9.921225660918092659e-01
9.920116468489483808e-01
9.919123181076758833e-01
9.918249972213637466e-01
9.917500365833689102e-01
9.916877241734819437e-01
9.916382842640324435e-01
9.916018782981796953e-01
9.915786059497643246e-01
9.915685063711742186e-01
9.915715596329847115e-01
9.915876883567001920e-01
9.916167595397219481e-01
9.916585865696656565e-01
9.917129314233152915e-01
9.917795070437687155e-01
9.918579798876764331e-01
9.919479726328473967e-01
9.920490670348935947e-01
9.921608069199874258e-01
9.922827012992415652e-01
9.924142275887171127e-01
9.925548349176654961e-01
9.927039475063662577e-01
9.928609680938981219e-01
9.930252813954079105e-01
9.931962575679824656e-01
9.933732556640858524e-01
9.935556270517250654e-01
9.937427187810227158e-01
9.939338768776968536e-01
9.941284495450098957e-01
9.943257902570258322e-01
9.945252607274247536e-01
9.947262337396256537e-01
9.949280958255070084e-01
9.951302497815442960e-01
9.953321170126746553e-01
9.955331396956417223e-01
9.957327827549429244e-01
9.959305356458331149e-01
9.961259139401148488e-01
9.963184607117098190e-01
9.965077477202710643e-01
9.966933763923790934e-01
9.968749786011856795e-01
9.970522172467389810e-01
9.972247866406297456e-01
9.973924127000478590e-01
9.975548529577895618e-01
9.977118963961947307e-01
9.978633631143661864e-01
9.980091038392887581e-01
9.981489992925649535e-01
9.982829594253659344e-01
9.984109225348030137e-01
9.985328542752146541e-01
9.986487465777946770e-01
9.987586164915480680e-01
9.988625049577488646e-01
9.989604755289172022e-01
9.990526130418865280e-01
9.991390222528728771e-01
9.992198264406915165e-01
9.992951659825155541e-01
9.993651969049699435e-01
9.994300894120362599e-01
9.994900263903383486e-01
9.995452018919889214e-01
9.995958195953748016e-01
9.996420912450783014e-01
9.996842350735479776e-01
9.997224742090876637e-01
9.997570350770976777e-01
9.997881458041257829e-01
