9.997973945119968953e-01
9.997679120085378734e-01
9.997352135929401529e-01
9.996990948188727577e-01
9.996593535856145296e-01
9.996157914323647864e-01
9.995682147795260653e-01
9.995164361063830771e-01
9.994602750582317618e-01
9.993995594794737869e-01
9.993341263722901324e-01
9.992638227831055486e-01
9.991885066210557387e-01
9.991080474140222600e-01
9.990223270085197838e-01
9.989312402198463614e-01
9.988346954385196597e-01
9.987326151982404143e-01
9.986249367095539897e-01
9.985116123621530226e-01
9.983926101974968104e-01
9.982679143522101839e-01
9.981375254716572387e-01
9.980014610922187668e-01
9.978597559901759562e-01
9.977124624947346643e-01
9.975596507626098841e-01
9.974014090117160336e-01
9.972378437118407657e-01
9.970690797306956954e-01
9.968952604343720436e-01
9.967165477419694941e-01
9.965331221349406077e-01
9.963451826224719587e-01
9.961529466649597930e-01
9.959566500582841542e-01
9.957565467821071215e-01
9.955529088157739626e-01
9.953460259255486609e-01
9.951362054268334534e-01
9.949237719246862843e-01
9.947090670353399000e-01
9.944924490905356906e-01
9.942742928253225365e-01
9.940549890485392837e-01
9.938349442935460187e-01
9.936145804449084684e-01
9.933943343347464427e-01
9.931746573003730205e-01
9.929560146927576270e-01
9.927388853233098942e-01
9.925237608345832685e-01
9.923111449788180050e-01
9.921015527868431993e-01
9.918955096088234447e-01
9.916935500076936583e-01
9.914962164859432159e-01
9.913040580266921920e-01
9.911176284307563478e-01
9.909374844326238607e-01
9.907641835799182450e-01
9.905982818629747166e-01
9.904403310835526719e-01
9.902908759543864736e-01
9.901504509242046170e-01
9.900195767259500901e-01
9.898987566491957990e-01
9.897884725411255635e-01
9.896891805439298473e-01
9.896013065800336461e-01
9.895252416002213725e-01
9.894613366134429322e-01
9.894098975208491797e-01
9.893711797803752539e-01
9.893453829319071025e-01
9.893326450166379793e-01
9.893330369275350478e-01
9.893465567307452302e-01
9.893731240001312210e-01
9.894125742087649389e-01
9.894646532219638635e-01
9.895290119362042391e-01
9.896052011068614540e-01
9.896926664051610700e-01
9.897907437409636522e-01
9.898986548830999155e-01
9.900155034030324597e-01
9.901402709608239094e-01
9.902718139449336876e-01
9.904088604695304721e-01
9.905500077250415369e-01
9.906937196698648584e-01
9.908383250438103085e-01
9.909820156771608213e-01
9.911228450634732567e-01
9.912587271595330041e-01
9.913874353723696187e-01
9.915066016909946933e-01
9.916137159195748119e-01
9.917061249690767299e-01
9.917810321659804584e-01
9.918354965393653133e-01
9.918664320514568589e-01
9.918706067414782002e-01
9.918446417582984509e-01
9.917850102638289256e-01
9.916880361963382740e-01
9.915498928908037524e-01
9.913666015620714589e-01
9.911340296659938431e-01
9.908478891638583530e-01
9.905037347263714320e-01
9.900969619252454335e-01
9.896228054730792367e-01
9.890763375856999051e-01
9.884524665554004219e-01
9.877459356384197253e-01
9.869513223753797471e-01
9.860630384789280667e-01
9.850753304381604236e-01
9.839822810040695922e-01
9.827778117337696573e-01
9.814556867830074305e-01
9.800095181459245186e-01
9.784327725475878701e-01
9.767187801979381190e-01
9.748607456150524264e-01
9.728517607206080831e-01
9.706848204009265180e-01
9.683528407128536575e-01
9.658486798950030039e-01
9.631651623217062363e-01
9.602951055096353716e-01
9.572313502558407183e-01
9.539667939513292172e-01
9.504944270767663461e-01
9.468073728469424966e-01
9.428989299288311754e-01
9.387626181149025806e-01
9.343922267893572942e-01
9.297818659806199593e-01
9.249260197492605862e-01
9.198196016169816192e-01
9.144580116999165842e-01
9.088371951687052031e-01
9.029537016191817589e-01
8.968047449015517092e-01
8.903882629232032775e-01
8.837029769113897704e-01
8.767484495975054193e-01
8.695251417651674863e-01
8.620344665903925119e-01
8.542788411943541549e-01
8.462617348280521146e-01
8.379877131141062474e-01
8.294624777841453911e-01
8.206929013710781984e-01
8.116870563439294584e-01
8.024542382087800352e-01
7.930049821423127421e-01
7.833510727739961821e-01
7.735055467883196201e-01
7.634826880787530801e-01
7.532980152491841608e-01
7.429682613252006629e-01
7.325113456054572758e-01
7.219463376510841801e-01
7.112934134773649664e-01
7.005738040754712070e-01
6.898097364518125385e-01
6.790243674276615904e-01
6.682417104915374662e-01
6.574865560410052545e-01
6.467843853890964390e-01
6.361612789436414950e-01
6.256438189960021878e-01
6.152589875797096486e-01
6.050340598802306236e-01
5.949964936954663663e-01
5.851738154636938471e-01
5.755935033923169630e-01
5.662828682379132950e-01
5.572689323061865707e-01
5.485783072599366150e-01
5.402370713441735361e-01
5.322706466597761921e-01
5.247036771401887290e-01
5.175599079087709331e-01
5.108620667166731133e-01
5.046317481812220285e-01
4.988893015616762128e-01
4.936537228214291639e-01
4.889425517320864500e-01
4.847717747741843164e-01
4.811557345806315444e-01
4.781070466514527606e-01
4.756365240416560169e-01
4.737531106877077569e-01
4.724638239923263372e-01
4.717737072323845426e-01
4.716857922913083589e-01
4.722010731462344957e-01
4.733184904624081479e-01
4.750349275639700330e-01
4.773452179625778946e-01
4.802421645344822076e-01
4.837165703438517372e-01
4.877572810164948480e-01
4.923512384745490911e-01
4.974835457502275737e-01
5.031375425059354534e-01
5.092948907998093855e-01
5.159356705504217766e-01
5.230384840726349793e-01
5.305805689788275492e-01
5.385379186664238649e-01
5.468854095443920205e-01
5.555969340887301211e-01
5.646455387605402443e-01
5.740035657709685601e-01
5.836427976357773106e-01
5.935346034296085094e-01
6.036500856269819693e-01
6.139602264046385427e-01
6.244360322789108686e-01
6.350486759630481481e-01
6.457696343534553574e-01
6.565708215909756840e-01
6.674247161937424400e-01
6.783044813215244329e-01
6.891840773074321413e-01
7.000383656804327615e-01
7.108432040002387042e-01
7.215755309332967382e-01
7.322134411131713261e-01
7.427362494485932887e-01
7.531245446658457743e-01
7.633602319967480732e-01
7.734265650471412457e-01
7.833081670012418396e-01
7.929910414324832235e-01
8.024625730995542661e-01
8.117115192054861206e-01
8.207279916863723379e-01
8.295034311733311405e-01
8.380305733356624431e-01
8.463034083641673977e-01
8.543171343908911863e-01
8.620681056650689733e-01
8.695537763150422705e-01
8.767726405228692954e-01
8.837241699230661274e-01
8.904087490103882452e-01
8.968276093049858400e-01
9.029827629780142750e-01
9.088769365883153650e-01
9.145135055226588650e-01
9.198964296698113330e-01
9.250301907939454393e-01
9.299197320070953232e-01
9.345703996749094022e-01
9.389878880261176564e-01
9.431781866750104104e-01
9.471475312087637155e-01
9.509023569383868724e-01
9.544492558639541269e-01
9.577949368619833592e-01
9.609461890655222049e-01
9.639098483757140290e-01
9.666927670171980846e-01
9.693017860284179887e-01
9.717437105613888626e-01
9.740252878532773551e-01
9.761531877238112109e-01
9.781339854475084028e-01
9.799741468475240413e-01
9.816800154580137550e-01
9.832578016038706625e-01
9.847135732500615912e-01
9.860532484772237538e-01
9.872825894453665097e-01
9.884071977132368181e-01
9.894325107869594849e-01
9.903637997778528268e-01
9.912061680557634480e-01
9.919645507908259052e-01
9.926437152832181532e-01
9.932482619872322616e-01
9.937826261428001073e-01
9.942510799344669303e-01
9.946577351046340665e-01
9.950065459546112434e-01
9.953013126735265059e-01
9.955456849413096831e-01
9.957431657576589767e-01
9.958971154540032789e-01
9.960107558498643154e-01
9.960871745186294923e-01
9.961293291305340913e-01
9.961400518426237749e-01
9.961220537067015934e-01
9.960779290668585473e-01
9.960101599183218690e-01
9.959211201992035356e-01
9.958130799865263505e-01
9.956882095678554201e-01
9.955485833601693813e-01
9.953961836484653825e-01
9.952329041181147140e-01
9.950605531572837004e-01
9.948808569088188891e-01
9.946954620548454917e-01
9.945059383218629590e-01
9.943137806992073946e-01
9.941204113692277966e-01
9.939271813531933564e-01
9.937353718826148485e-01
9.935461955111197785e-01
9.933607969870742460e-01
9.931802539116305617e-01
9.930055772106559653e-01
9.928377114519588709e-01
9.926775350413176158e-01
9.925258603319934148e-01
9.923834336827014324e-01
9.922509354984581087e-01
9.921289802874030395e-01
9.920181167647124099e-01
9.919188280321989959e-01
9.918315318592685337e-01
9.917565810876984855e-01
9.916942641793714541e-01
9.916448059227356282e-01
9.916083683104897073e-01
9.915850515978782420e-01
9.915748955480877536e-01
9.915778808685857815e-01
9.915939308398414864e-01
9.916229131356987248e-01
9.916646418326959811e-01
9.917188796038016729e-01
9.917853400903137162e-01
9.918636904440052415e-01
9.919535540299632137e-01
9.920545132789303500e-01
9.921661126763409166e-01
9.922878618736313827e-01
9.924192389058721364e-01
9.925596934983208497e-01
9.927086504432303116e-01
9.928655130271780704e-01
9.930296664884015190e-01
9.932004814831395523e-01
9.933773175398376010e-01
9.935595264802712379e-01
9.937464557871686921e-01
9.939374518987427187e-01
9.941318634116249608e-01
9.943290441749859099e-01
9.945283562600543137e-01
9.947291727907711101e-01
9.949308806228621682e-01
9.951328828601608834e-01
9.953346011985112485e-01
9.955354780890283140e-01
9.957349787138702890e-01
9.959325927690025893e-01
9.961278360497123341e-01
9.963202518358900139e-01
9.965094120753550389e-01
9.966949183647793031e-01
9.968764027290791807e-01
9.970535282015096090e-01
9.972259892080996835e-01
9.973935117615101431e-01
9.975558534708525160e-01
9.977128033754409930e-01
9.978641816118303254e-01
9.980098389247593627e-01
9.981496560337238533e-01
9.982835428677920842e-01
9.984114376818870040e-01
9.985333060680543493e-01
9.986491398751708992e-01
9.987589560501114461e-01
9.988627954125812725e-01
9.989607213746626302e-01
9.990528186146757639e-01
9.991391917132860234e-01
9.992199637580222449e-01
9.992952749206019947e-01
9.993652810098549999e-01
9.994301520017019325e-01
9.994900705467301139e-01
9.995452304555065837e-01
9.995958351619570470e-01
9.996420961659472360e-01
9.996842314576195321e-01
9.997224639279838065e-01
9.997570197726306507e-01
9.997881268980600700e-01
