9.997976332547292566e-01
9.997681796936386256e-01
9.997355121056226146e-01
9.996994259331868360e-01
9.996597189297676822e-01
9.996161924543812693e-01
9.995686527140775768e-01
9.995169119436140281e-01
9.994607895153673205e-01
9.994001129759297886e-01
9.993347190089117982e-01
9.992644543260422729e-01
9.991891764906437601e-01
9.991087546789005902e-01
9.990230703850473404e-01
9.989320180767357060e-01
9.988355058064544156e-01
9.987334557841074378e-01
9.986258049148031279e-01
9.985125053046987054e-01
9.983935247365033350e-01
9.982688471150511500e-01
9.981384728823198271e-01
9.980024194004226690e-01
9.978607213005035170e-01
9.977134307951143199e-01
9.975606179515591476e-01
9.974023709238261093e-01
9.972387961410784651e-01
9.970700184511875896e-01
9.968961812184399252e-01
9.967174463752835889e-01
9.965339944287526786e-01
9.963460244229844776e-01
9.961537538599691821e-01
9.959574185813119263e-01
9.957572726142985831e-01
9.955535879858965487e-01
9.953466545084631578e-01
9.951367795408405659e-01
9.949242877281679887e-01
9.947095207231169134e-01
9.944928368903569460e-01
9.942746109948800148e-01
9.940552338733759097e-01
9.938351120861839139e-01
9.936146675454824440e-01
9.933943371133779898e-01
9.931745721614694267e-01
9.929558380813695573e-01
9.927386137336311478e-01
9.925233908206337885e-01
9.923106731673080327e-01
9.921009758921908173e-01
9.918948244502683309e-01
9.916927535284401074e-01
9.914953057742594833e-01
9.913030303388949971e-01
9.911164812160241366e-01
9.909362153596010803e-01
9.907627905650961964e-01
9.905967631008668617e-01
9.904386850787082475e-01
9.902891015553201282e-01
9.901485473593406583e-01
9.900175436416959185e-01
9.898965941502654298e-01
9.897861812332187093e-01
9.896867615788420558e-01
9.895987617032155903e-01
9.895225732007298935e-01
9.894585477761176362e-01
9.894069920804215990e-01
9.893681623770682609e-01
9.893422590679136208e-01
9.893294211126919535e-01
9.893297203786073357e-01
9.893431559597243297e-01
9.893696485081908687e-01
9.894090346209879483e-01
9.894610613266974219e-01
9.895253807165682591e-01
9.896015447628311312e-01
9.896890003647027534e-01
9.897870846588253668e-01
9.898950206260432871e-01
9.900119130205495832e-01
9.901367446407006723e-01
9.902683729534083046e-01
9.904055270762329721e-01
9.905468051133904384e-01
9.906906718341217388e-01
9.908354566745370962e-01
9.909793520373738618e-01
9.911204118583152312e-01
9.912565504027747165e-01
9.913855412534694489e-01
9.915050164467763549e-01
9.916124657147945554e-01
9.917052357902277349e-01
9.917805297326071079e-01
9.918354062369155733e-01
9.918667788892970849e-01
9.918714153391205990e-01
9.918459363621715541e-01
9.917868147960741121e-01
9.916903743361660251e-01
9.915527881879315775e-01
9.913700775807307020e-01
9.911381101569702867e-01
9.908525982610713045e-01
9.905090971636302255e-01
9.901030032680879778e-01
9.896295523600167066e-01
9.890838179727927670e-01
9.884607099578699430e-01
9.877549733629702455e-01
9.869611877370508823e-01
9.860737669966014307e-01
9.850869600032862161e-01
9.839948520177287383e-01
9.827913672078065765e-01
9.814702724016365343e-01
9.800251822848803362e-01
9.784495662485380718e-01
9.767367570964765600e-01
9.748799618211156925e-01
9.728722746506038854e-01
9.707066925612175545e-01
9.683761334345117877e-01
9.658734570199452030e-01
9.631914888404654596e-01
9.603230471511342570e-01
9.572609730296467445e-01
9.539981636430132639e-01
9.505276086971923277e-01
9.468424300366051760e-01
9.429359243187633854e-01
9.388016086461915544e-01
9.344332689939589542e-01
9.298250112269237366e-01
9.249713144567155432e-01
9.198670864450367857e-01
9.145077207174925338e-01
9.088891550113903373e-01
9.030079306422682528e-01
8.968612523378706181e-01
8.904470480554345091e-01
8.837640282690880644e-01
8.768117441894694997e-01
8.695906443579735079e-01
8.621021290439012663e-01
8.543486018647982183e-01
8.463335180489047760e-01
8.380614287643567417e-01
8.295380209528646631e-01
8.207701521262712463e-01
8.117658796126553389e-01
8.025344837744033955e-01
7.930864847635312742e-01
7.834336524289916559e-01
7.735890090460199042e-01
7.635668245977741408e-01
7.533826044035584202e-01
7.430530689545140621e-01
7.325961258855135938e-01
7.220308340797308988e-01
7.113773599686586957e-01
7.006569261539770110e-01
6.898917525375445337e-01
6.791049902010308781e-01
6.683206483267122300e-01
6.575635144953584366e-01
6.468590687359413449e-01
6.362333917352992474e-01
6.257130676444051520e-01
6.153250819422588780e-01
6.050967148394827966e-01
5.950554307224183992e-01
5.852287641558961973e-01
5.756442029797870230e-01
5.663290690516658010e-01
5.573103972061432820e-01
5.486148130208423623e-01
5.402684099998469325e-01
5.322966268074256213e-01
5.247241252074840157e-01
5.175746693868208403e-01
5.108710073618663028e-01
5.046347551880492333e-01
4.988862847070905104e-01
4.936446155790770174e-01
4.889273123518907971e-01
4.847503873194201063e-01
4.811282099108987742e-01
4.780734233360945939e-01
4.755968691842972218e-01
4.737075206390246596e-01
4.724124249250759577e-01
4.717166555503770065e-01
4.716232748425867038e-01
4.721333072104108020e-01
4.732457234830291792e-01
4.749574365989733815e-01
4.772633088294391257e-01
4.801561706314023681e-01
4.836268511342635135e-01
4.876642201710257307e-01
4.922552416722406621e-01
4.973850381489037797e-01
5.030369658999708227e-01
5.091927004917721211e-01
5.158323319709292587e-01
5.229344691899362463e-01
5.304763525458824347e-01
5.384339743583548277e-01
5.467822060429885500e-01
5.554949311730211781e-01
5.645451834633223864e-01
5.739052886605029435e-01
5.835470092797484520e-01
5.934416910949377177e-01
6.035604102643283841e-01
6.138741199606199128e-01
6.243537953723805600e-01
6.349705759543999850e-01
6.456959038281603336e-01
6.565016572705293374e-01
6.673602782792003030e-01
6.782448932670122055e-01
6.891294260135816252e-01
6.999887020908315272e-01
7.107985440777701003e-01
7.215358569878249639e-01
7.321787034474476208e-01
7.427063682855765681e-01
7.530994123178668120e-01
7.633397152350894777e-01
7.734105076296237113e-01
7.832963923152802543e-01
7.929833552117129258e-01
8.024587661734747801e-01
8.117113702435547751e-01
8.207312699005012702e-01
8.295098989457106997e-01
8.380399887421917660e-01
8.463155275673850397e-01
8.543317138801096444e-01
8.620849043253422384e-01
8.695725573105332895e-01
8.767931729840835464e-01
8.837462304311983763e-01
8.904321228756318929e-01
8.968520916390273490e-01
9.030081595640319092e-01
9.089030645545913556e-01
9.145401938283644894e-01
9.199235194136266003e-01
9.250575353579176818e-01
9.299471970495267747e-01
9.345978629871058985e-01
9.390152392685340299e-01
9.432053270087255026e-01
9.471743728383215100e-01
9.509288225818816054e-01
9.544752781658358831e-01
9.578204577634475969e-01
9.609711591465437408e-01
9.639342261818111268e-01
9.667165183829077302e-01
9.693248834082267562e-01
9.717661323775400595e-01
9.740470178684836888e-01
9.761742144454644832e-01
9.781543015685320031e-01
9.799937487275826031e-01
9.816989026474147728e-01
9.832759764111895784e-01
9.847310403533328094e-01
9.860700145774818903e-01
9.872986629604284525e-01
9.884225885088918639e-01
9.894472299422015782e-01
9.903778593804418717e-01
9.912195810242389049e-01
9.919773307191078748e-01
9.926558763040903566e-01
9.932598186512954230e-01
9.937935933098764885e-01
9.942614726749018361e-01
9.946675686084472945e-01
9.950158354469688105e-01
9.953100733355096930e-01
9.955539318354200695e-01
9.957509137579128033e-01
9.959043791808036561e-01
9.960175496101012493e-01
9.960935122516328954e-01
9.961352243605970935e-01
9.961455176388289701e-01
9.961271026507225734e-01
9.960825732292964974e-01
9.960144108439670241e-01
9.959249889014171186e-01
9.958165769507202336e-01
9.956913447638242598e-01
9.955513662628209248e-01
9.953986232662982436e-01
9.952350090286345985e-01
9.950623315484221632e-01
9.948823166253313310e-01
9.946966106486203607e-01
9.945067831050626861e-01
9.943143287991860202e-01
9.941206697842125406e-01
9.939271570077818918e-01
9.937350716822067609e-01
9.935456263944705269e-01
9.933599659762214484e-01
9.931791681584956066e-01
9.930042440396679160e-01
9.928361383980816024e-01
9.926757298828950971e-01
9.925238311178615769e-01
9.923811887530635811e-01
9.922484834990843439e-01
9.921263301768021847e-01
9.920152778140421956e-01
9.919158098178254557e-01
9.918283442480529954e-01
9.917532342152858282e-01
9.916907684219503638e-01
9.916411718629432048e-01
9.916046066983192908e-01
9.915811733076071999e-01
9.915709115323647627e-01
9.915738021108867484e-01
9.915897683065245660e-01
9.916186777288473753e-01
9.916603443448466226e-01
9.917145306755114076e-01
9.917809501713388265e-01
9.918592697586546825e-01
9.919491125469671600e-01
9.920500606859425918e-01
9.921616583589832894e-01
9.922834148988101122e-01
9.924148080089424395e-01
9.925552870735742106e-01
9.927042765371113520e-01
9.928611793336186153e-01
9.930253803456779993e-01
9.931962498717104015e-01
9.933731470806967945e-01
9.935554234334484924e-01
9.937424260501113160e-01
9.939335010044195728e-01
9.941279965262921348e-01
9.943252660956399813e-01
9.945246714116707798e-01
9.947255852234776485e-01
9.949273940092306923e-01
9.951295004928157883e-01
9.953313259882522468e-01
9.955323125636499348e-01
9.957319250178351400e-01
9.959296526640954994e-01
9.961250109167666400e-01
9.963175426776451626e-01
9.965068195204732637e-01
9.966924426730260356e-01
9.968740437976545410e-01
9.970512855725087720e-01
9.972238620770779161e-01
9.973914989871371928e-01
9.975539535856481344e-01
9.977110145976029187e-01
9.978625018581798178e-01
9.980082658248459193e-01
9.981481869451441780e-01
9.982821748927825922e-01
9.984101676852509266e-01
9.985321306964711763e-01
9.986480555779195800e-01
9.987579591012063496e-01
9.988618819342818256e-01
9.989598873622721475e-01
9.990520599624896914e-01
9.991385042414985262e-01
9.992193432403380093e-01
9.992947171122545935e-01
9.993647816756801028e-01
9.994297069438802250e-01
9.994896756317892539e-01
9.995448816401590886e-01
9.995955285173567795e-01
9.996418278999685825e-01
9.996839979347975635e-01
9.997222616868072231e-01
9.997568455399427068e-01
9.997879776003936181e-01
