9.997975039882769366e-01
9.997680382026172818e-01
9.997353582801140615e-01
9.996992598387826057e-01
9.996595408271148342e-01
9.996160028165798073e-01
9.995684522413952333e-01
9.995167015750477946e-01
9.994605704366623655e-01
9.993998866237665535e-01
9.993344870710805239e-01
9.992642187375422314e-01
9.991889394257643664e-01
9.991085185394541490e-01
9.990228377850370878e-01
9.989317918238331817e-01
9.988352888807454644e-01
9.987332513146253143e-01
9.986256161544115884e-01
9.985123356039097287e-01
9.983933775168134517e-01
9.982687258423668109e-01
9.981383810410007218e-01
9.980023604684280514e-01
9.978606987260587591e-01
9.977134479752450824e-01
9.975606782127632854e-01
9.974024775050704950e-01
9.972389521792277556e-01
9.970702269688929142e-01
9.968964451144405325e-01
9.967177684170063223e-01
9.965343772470345307e-01
9.963464705086911843e-01
9.961542655622401821e-01
9.959579981071332577e-01
9.957579220290799782e-01
9.955543092147197681e-01
9.953474493376681664e-01
9.951376496196240318e-01
9.949252345698851308e-01
9.947105457060053668e-01
9.944939412574329562e-01
9.942757958527954631e-01
9.940565001900675268e-01
9.938364606871897822e-01
9.936160991088475170e-01
9.933958521631123251e-01
9.931761710595659043e-01
9.929575210184221623e-01
9.927403807181274242e-01
9.925252416670172773e-01
9.923126074829250465e-01
9.921029930632440097e-01
9.918969236269020717e-01
9.916949336090787881e-01
9.914975653893075558e-01
9.913053678338932251e-01
9.911188946343375550e-01
9.909387024246897324e-01
9.907653486624015127e-01
9.905993892593205619e-01
9.904413759518586602e-01
9.902918534020538344e-01
9.901513560241781420e-01
9.900204045346465698e-01
9.898995022262462307e-01
9.897891309710787899e-01
9.896897469600848263e-01
9.896017761905772092e-01
9.895256097168531051e-01
9.894615986826547083e-01
9.894100491580006818e-01
9.893712168066605139e-01
9.893453014142448154e-01
9.893324413104330750e-01
9.893327077221574228e-01
9.893460990974578539e-01
9.893725354420681573e-01
9.894118527124248219e-01
9.894637973095480321e-01
9.895280207179926180e-01
9.896040743326970368e-01
9.896914045140041694e-01
9.897893479073923695e-01
9.898971270595727789e-01
9.900138463567054181e-01
9.901384883037209761e-01
9.902699101563250395e-01
9.904068409094665126e-01
9.905478786381318734e-01
9.906914881785829907e-01
9.908359991308371972e-01
9.909796041565623881e-01
9.911203575408242816e-01
9.912561739814507167e-01
9.913848275662933140e-01
9.915039508964295090e-01
9.916110343123959447e-01
9.917034251808444223e-01
9.917783272005331607e-01
9.918327996892190024e-01
9.918637568167240071e-01
9.918679667541220324e-01
9.918420507145387921e-01
9.917824818674157994e-01
9.916855841152050210e-01
9.915475307293004636e-01
9.913643428505873878e-01
9.911318878692971790e-01
9.908458777089521607e-01
9.905018670500941314e-01
9.900952515412633215e-01
9.896212660573460163e-01
9.890749830789227204e-01
9.884513112805686230e-01
9.877449944310416896e-01
9.869506107237467907e-01
9.860625726714880024e-01
9.850751277149429885e-01
9.839823597090585627e-01
9.827781914651532169e-01
9.814563885383487118e-01
9.800105644594673260e-01
9.784341876171267494e-01
9.767205899989238604e-01
9.748629779998528866e-01
9.728544455010833536e-01
9.706879894126931863e-01
9.683565278597930925e-01
9.658529211727016062e-01
9.631699958186057398e-01
9.603005713847109215e-01
9.572374906916282233e-01
9.539736530811016024e-01
9.505020508846186988e-01
9.468158090395240034e-01
9.429082277774581966e-01
9.387728282668348356e-01
9.344034010471354845e-01
9.297940570485531131e-01
9.249392809464321852e-01
9.198339865565204887e-01
9.144735739347337189e-01
9.088539878044398224e-01
9.029717768956988522e-01
8.968241537449733736e-01
8.904090544711185107e-01
8.837251980145364172e-01
8.767721443018443583e-01
8.695503507788405750e-01
8.620612267405529661e-01
8.543071848792830325e-01
8.462916894702947612e-01
8.380193006205935990e-01
8.294957140193974787e-01
8.207277956496221716e-01
8.117236109480097106e-01
8.024924479373022335e-01
7.930448338967400757e-01
7.833925451866305956e-01
7.735486098980337566e-01
7.635273030588107801e-01
7.533441341912916478e-01
7.430158270833728817e-01
7.325602917026612371e-01
7.219965882509373767e-01
7.113448834224286310e-01
7.006263989928916969e-01
6.898633529262299113e-01
6.790788932404551170e-01
6.682970249246107386e-01
6.575425302424786622e-01
6.468408827974525543e-01
6.362181557661585884e-01
6.257009247366720484e-01
6.153161656113609324e-01
6.050911480552449984e-01
5.950533249893873444e-01
5.852302186460831557e-01
5.756493037195870022e-01
5.663378881633885920e-01
5.573229922034413919e-01
5.486312261564090242e-01
5.402886676631695195e-01
5.323207389701660741e-01
5.247520849143125776e-01
5.176064522902195097e-01
5.109065713005989107e-01
5.046740398106122072e-01
4.989292111434584509e-01
4.936910861663432737e-01
4.889772104218798043e-01
4.848035770588433602e-01
4.811845363070118564e-01
4.781327122229167559e-01
4.756589274060909478e-01
4.737721363488017756e-01
4.724793680362022741e-01
4.717856783588469938e-01
4.716941128361273883e-01
4.722056800782471475e-01
4.733193363369158080e-01
4.750319814120511630e-01
4.773384660946961011e-01
4.802316112361845191e-01
4.837022384415615717e-01
4.877392122923784878e-01
4.923294939112230484e-01
4.974582055886103138e-01
5.031087061027890162e-01
5.092626762753307279e-01
5.159002142205414421e-01
5.229999396652713628e-01
5.305391066381315301e-01
5.384937237537907873e-01
5.468386812496413008e-01
5.555478838691216836e-01
5.645943886291535652e-01
5.739505464592471462e-01
5.835881466576675614e-01
5.934785630766399311e-01
6.035929009248044430e-01
6.139021430619320263e-01
6.243772946592575090e-01
6.349895251093047310e-01
6.457103060925071247e-01
6.565115447444889174e-01
6.673657109178210423e-01
6.782459575950733344e-01
6.891262335856513932e-01
6.999813877262992534e-01
7.107872639031955764e-01
7.215207863207493411e-01
7.321600345568406443e-01
7.426843080644300876e-01
7.530741799030652439e-01
7.633115396087095661e-01
7.733796252342631794e-01
7.832630447139691254e-01
7.929477868205255797e-01
8.024212220921602690e-01
8.116720942064715727e-01
8.206905023669130994e-01
8.294678753451767417e-01
8.379969378874031483e-01
8.462716702434615046e-01
8.542872616161121258e-01
8.620400583506242498e-01
8.695275076956230365e-01
8.767480979630710713e-01
8.837012959001476764e-01
8.903874820593622452e-01
8.968078849167364641e-01
9.029645144426721171e-01
9.088600957776592493e-01
9.144980036068233176e-01
9.198821977650376569e-01
9.250171605394923446e-01
9.299078360707069280e-01
9.345595721874160322e-01
9.389780649467939222e-01
9.431693060902416326e-01
9.471395335673734595e-01
9.508951852276463779e-01
9.544428557308414218e-01
9.577892566846820666e-01
9.609411799804605803e-01
9.639054642656347260e-01
9.666889644658418490e-01
9.692985242473839413e-01
9.717409512946192374e-01
9.740229952644084976e-01
9.761513282713308870e-01
9.781325277522860961e-01
9.799730615568279513e-01
9.816792751096258263e-01
9.832573804933526507e-01
9.847134473036481817e-01
9.860533951322242308e-01
9.872829875393737131e-01
9.884078273828840189e-01
9.894333533764525512e-01
9.903648377570556383e-01
9.912073849472304854e-01
9.919659311048822925e-01
9.926452444599732639e-01
9.932499263442914339e-01
9.937844128273961575e-01
9.942529768787692346e-01
9.946597309830939038e-01
9.950086301423544111e-01
9.953034752049971789e-01
9.955479164685852034e-01
9.957454575080822989e-01
9.958994591870029556e-01
9.960131438130422898e-01
9.960895994033822642e-01
9.961317840276272539e-01
9.961425301982598235e-01
9.961245492796985124e-01
9.960804358875982034e-01
9.960126722501263519e-01
9.959236325027640557e-01
9.958155868879426942e-01
9.956907058307512548e-01
9.955510638622410147e-01
9.953986433626973440e-01
9.952353380987708498e-01
9.950629565306619018e-01
9.948832248686420021e-01
9.946977898620659175e-01
9.945082213085773004e-01
9.943160142763198817e-01
9.941225910374597019e-01
9.939293027170161832e-01
9.937374306666781898e-01
9.935481875787461892e-01
9.933627183604033517e-01
9.931821007930030643e-01
9.930073460048316480e-01
9.928393987887624839e-01
9.926791377982963072e-01
9.925273756566539429e-01
9.923848590138765191e-01
9.922522685863324199e-01
9.921302192117157359e-01
9.920192599506535425e-01
9.919198742635326749e-01
9.918324802882503288e-01
9.917574312414187965e-01
9.916950159622383021e-01
9.916454596149170131e-01
9.916089245622577986e-01
9.915855114199331188e-01
9.915752602980729691e-01
9.915781522341376997e-01
9.915941108186319131e-01
9.916230040130215029e-01
9.916646461572111715e-01
9.917188001620867999e-01
9.917851798808640096e-01
9.918634526512947192e-01
9.919532419991098360e-01
9.920541304914247682e-01
9.921656627271898676e-01
9.922873484501586461e-01
9.924186657683018442e-01
9.925590644621663516e-01
9.927079693634137669e-01
9.928647837837337731e-01
9.930288929735603398e-01
9.931996675895584659e-01
9.933764671497281595e-01
9.935586434551872959e-01
9.937455439582385530e-01
9.939365150571668472e-01
9.941309052993027029e-01
9.943280684751830689e-01
9.945273665880693947e-01
9.947281726845997873e-01
9.949298735338963917e-01
9.951318721439880166e-01
9.953335901058947277e-01
9.955344697571638646e-01
9.957339761580115134e-01
9.959315988745435222e-01
9.961268535648029054e-01
9.963192833646444813e-01
9.965084600716936913e-01
9.966939851269274175e-01
9.968754903947284474e-01
9.970526387436349225e-01
9.972251244314114249e-01
9.973926732995211930e-01
9.975550427835350176e-01
9.977120217474567676e-01
9.978634301513262805e-01
9.980091185627324446e-01
9.981489675239795245e-01
9.982828867875320755e-01
9.984108144329827406e-01
9.985327158790749946e-01
9.986485828042455104e-01
9.987584319887112816e-01
9.988623040903067407e-01
9.989602623651133717e-01
9.990523913424660396e-01
9.991387954622489298e-01
9.992195976806149682e-01
9.992949380484937860e-01
9.993649722656404721e-01
9.994298702116434230e-01
9.994898144543933327e-01
9.995449987361156863e-01
9.995956264372610756e-01
9.996419090193643386e-01
9.996840644494024986e-01
9.997223156101424646e-01
9.997568887033444485e-01
9.997880116553236052e-01
