9.997977844823495719e-01
9.997683452488396183e-01
9.997356922947278068e-01
9.996996209225869068e-01
9.996599287326762839e-01
9.996164169197221394e-01
9.995688915177964873e-01
9.995171645826304019e-01
9.994610553042935219e-01
9.994003910465977247e-01
9.993350083126554262e-01
9.992647536386033424e-01
9.991894844194896264e-01
9.991090696726802056e-01
9.990233907448631268e-01
9.989323419688708183e-01
9.988358312761788094e-01
9.987337807701802683e-01
9.986261272642955600e-01
9.985128227877859697e-01
9.983938350608988488e-01
9.982691479397950429e-01
9.981387618306687415e-01
9.980026940716317796e-01
9.978609792803292411e-01
9.977136696649043790e-01
9.975608352958316161e-01
9.974025643362732785e-01
9.972389632289601069e-01
9.970701568381062918e-01
9.968962885455230349e-01
9.967175203008200590e-01
9.965340326263683046e-01
9.963460245784673264e-01
9.961537136668930925e-01
9.959573357356434897e-01
9.957571448082066512e-01
9.955534129010227273e-01
9.953464298089436113e-01
9.951365028664013179e-01
9.949239566876348917e-01
9.947091328886997763e-01
9.944923897930660894e-01
9.942741021214287489e-01
9.940546606648991146e-01
9.938344719390707072e-01
9.936139578145770646e-01
9.933935551177469625e-01
9.931737151928757834e-01
9.929549034155269460e-01
9.927375986442459332e-01
9.925222925961798559e-01
9.923094891304213849e-01
9.920997034215193189e-01
9.918934610045717637e-01
9.916912966727061685e-01
9.914937532075753790e-01
9.913013799238048485e-01
9.911147310090907547e-01
9.909343636428812330e-01
9.907608358782313829e-01
9.905947042734691843e-01
9.904365212626932147e-01
9.902868322567934811e-01
9.901461724695843625e-01
9.900150634667228555e-01
9.898940094383149590e-01
9.897834931994630159e-01
9.896839719264575175e-01
9.895958726398641492e-01
9.895195874493863952e-01
9.894554685790993842e-01
9.894038231954135343e-01
9.893649080639154159e-01
9.893389240649789196e-01
9.893260106016518174e-01
9.893262399366880011e-01
9.893396114985794076e-01
9.893660461988676991e-01
9.894053808047426068e-01
9.894573624117757316e-01
9.895216430614720560e-01
9.895977745470220244e-01
9.896852034481451454e-01
9.897832664322230301e-01
9.898911858540607733e-01
9.900080656807157542e-01
9.901328877610477974e-01
9.902645084521879415e-01
9.904016556072584576e-01
9.905429259206650627e-01
9.906867826194156734e-01
9.908315534814647885e-01
9.909754291552981265e-01
9.911164617490583195e-01
9.912525636526640094e-01
9.913815065526957460e-01
9.915009205974069095e-01
9.916082936680873372e-01
9.917009707131606566e-01
9.917761531027851074e-01
9.918308979642902479e-01
9.918621174624385750e-01
9.918665779931645776e-01
9.918408992650323830e-01
9.917815532490972252e-01
9.916848629851057195e-01
9.915470012399815181e-01
9.913639890233211238e-01
9.911316939741634524e-01
9.908458286436303553e-01
9.905019487091889507e-01
9.900954511682910075e-01
9.896215725720042267e-01
9.890753873729479784e-01
9.884518064763021528e-01
9.877455760977453814e-01
9.869512770476820407e-01
9.860633245767540522e-01
9.850759689330190749e-01
9.839832967958783705e-01
9.827792337653258326e-01
9.814575480968138477e-01
9.800118558814198133e-01
9.784356278774741789e-01
9.767221982028538863e-01
9.748647750963090886e-01
9.728564539511055376e-01
9.706902328146946868e-01
9.683590305339634385e-01
9.658557077068667951e-01
9.631730905780780949e-01
9.603039979889416156e-01
9.572412714608534712e-01
9.539778084566487015e-01
9.505065988271187427e-01
9.468207644099325693e-01
9.429136017065056219e-01
9.387786275192709917e-01
9.344096273878658154e-01
9.298007066184382774e-01
9.249463436561106144e-01
9.198414455070549334e-01
9.144814048741660706e-01
9.088621586294192145e-01
9.029802472072196995e-01
8.968328744669182839e-01
8.904179675397330129e-01
8.837342361462076079e-01
8.767812308456062187e-01
8.695593996589334740e-01
8.620701424931427326e-01
8.543158627861329180e-01
8.463000157908122656e-01
8.380271529222794724e-01
8.295029616053263277e-01
8.207343000802191924e-01
8.117292266530778955e-01
8.024970229130132804e-01
7.930482104811640287e-01
7.833945609063561744e-01
7.735490983775424878e-01
7.635260949835502853e-01
7.533410583148525408e-01
7.430107112688427717e-01
7.325529639881337429e-01
7.219868779293108219e-01
7.113326221260590776e-01
7.006114217743716344e-01
6.898454993275666691e-01
6.790580083441863923e-01
6.682729603819229647e-01
6.575151452751155645e-01
6.468100451721053856e-01
6.361837427419707591e-01
6.256628239884720610e-01
6.152742761330576293e-01
6.050453810494476059e-01
5.950036047505546932e-01
5.851764834453221376e-01
5.755915066994150564e-01
5.662759982503232647e-01
5.572569950450620979e-01
5.485611250875491729e-01
5.402144847030891928e-01
5.322425158490206032e-01
5.246698841230119648e-01
5.175203581430127819e-01
5.108166909945932588e-01
5.045805044611502144e-01
4.988321767690874209e-01
4.935907345922507794e-01
4.888737500664519509e-01
4.846972435646555999e-01
4.810755929753555149e-01
4.780214502100836871e-01
4.755456656403028726e-01
4.736572211288978540e-01
4.723631722771289843e-01
4.716686004545176392e-01
4.715765751172690257e-01
4.720881268512576723e-01
4.732022314992446743e-01
4.749158056499400704e-01
4.772237136798861412e-01
4.801187864491057722e-01
4.835918516591306560e-01
4.876317757885165749e-01
4.922255174272043288e-01
4.973581917380265338e-01
5.030131456820372549e-01
5.091720435548638957e-01
5.158149622945271684e-01
5.229204959377633521e-01
5.304658685222545245e-01
5.384270546570102400e-01
5.467789069128947688e-01
5.554952891207534105e-01
5.645492146063484373e-01
5.739129883403460974e-01
5.835583519385965090e-01
5.934566304140413973e-01
6.035788795575649512e-01
6.138960328120188770e-01
6.243790465022922564e-01
6.349990422954376879e-01
6.457274457890365138e-01
6.565361201635577793e-01
6.673974938854708716e-01
6.782846815121055251e-01
6.891715967261462517e-01
7.000330568163410927e-01
7.108448779202884982e-01
7.215839604535896346e-01
7.322283642654461300e-01
7.427573731820242831e-01
7.531515487234995421e-01
7.633927729064251544e-01
7.734642801677633628e-01
7.833506785683361784e-01
7.930379605495521123e-01
8.025135036260544474e-01
8.117660614967074917e-01
8.207857461455027037e-01
8.295640015813625645e-01
8.380935699303604380e-01
8.463684506450139811e-01
8.543838536325759625e-01
8.621361471276773880e-01
8.696228011444548933e-01
8.768423273399758022e-01
8.837942161051413059e-01
8.904788716723078812e-01
8.968975459918444582e-01
9.030522720840933326e-01
9.089457975202329676e-01
9.145815186268839714e-01
9.199634159465563954e-01
9.250959914207598223e-01
9.299842076962967496e-01
9.346334298893309578e-01
9.390493700775437436e-01
9.432380347291712264e-01
9.472056752198952934e-01
9.509587415351786754e-01
9.545038392072582312e-01
9.578476894929851548e-01
9.609970927612262459e-01
9.639588950266200218e-01
9.667399575399859835e-01
9.693471293243650644e-01
9.717872225291412924e-01
9.740669904625572917e-01
9.761931081546623146e-01
9.781721552978367429e-01
9.800106014099777552e-01
9.817147930657192934e-01
9.832909430432008602e-01
9.847451212374948026e-01
9.860832471964497969e-01
9.873110841401299131e-01
9.884342343309612255e-01
9.894581356679734707e-01
9.903880593850069580e-01
9.912291087393859668e-01
9.919862185842668323e-01
9.926641557246602687e-01
9.932675199639664498e-01
9.938007457547377577e-01
9.942681043742607194e-01
9.946737065523760801e-01
9.950215054856391683e-01
9.953153001783799914e-01
9.955587390573126250e-01
9.957553238119621897e-01
9.959084134181805936e-01
9.960212283063256677e-01
9.960968546391921752e-01
9.961382486674875691e-01
9.961482411325405240e-01
9.961295416871022157e-01
9.960847433056445599e-01
9.960163266556582018e-01
9.959266644012843006e-01
9.958180254104006535e-01
9.956925788362378515e-01
9.955523980449363375e-01
9.953994643613314208e-01
9.952356706068260506e-01
9.950628244055449434e-01
9.948826512380972709e-01
9.946967972261725466e-01
9.945068316357768001e-01
9.943142490920470200e-01
9.941204715040944384e-01
9.939268497040386618e-01
9.937346648100845448e-01
9.935451293289754293e-01
9.933593880182276514e-01
9.931785185330511689e-01
9.930035318866428096e-01
9.928353727555120356e-01
9.926749196635813455e-01
9.925229850799884845e-01
9.923803154657994119e-01
9.922475913042838602e-01
9.921254271480701714e-01
9.920143717145029072e-01
9.919149080579811040e-01
9.918274538451001821e-01
9.917523617551873283e-01
9.916899200254396529e-01
9.916403531564698115e-01
9.916038227907391089e-01
9.915804287731917466e-01
9.915702104004568973e-01
9.915731478622863415e-01
9.915891638764504634e-01
9.916181255161132801e-01
9.916598462267057768e-01
9.917140880274835091e-01
9.917805638912353672e-01
9.918589402939606003e-01
9.919488399247247123e-01
9.920498445443075575e-01
9.921614979796806733e-01
9.922833092397973509e-01
9.924147557366894690e-01
9.925552865944785585e-01
9.927043260276775527e-01
9.928612767691405994e-01
9.930255235272615888e-01
9.931964364515587507e-01
9.933733745856542230e-01
9.935556892868505630e-01
9.937427275920304170e-01
9.939338355104169187e-01
9.941283612248001944e-01
9.943256581840993480e-01
9.945250880715390540e-01
9.947260236342163608e-01
9.949278513613625252e-01
9.951299740001309235e-01
9.953318128992293401e-01
9.955328101721483414e-01
9.957324306731095698e-01
9.959301637801812879e-01
9.961255249812844825e-01
9.963180572600792706e-01
9.965073322799793409e-01
9.966929513658320250e-01
9.968745462841193117e-01
9.970517798239022511e-01
9.972243461821447275e-01
9.973919711584916525e-01
9.975544121660345764e-01
9.977114580660302323e-01
9.978629288359120997e-01
9.980086750811949514e-01
9.981485774029733582e-01
9.982825456335936432e-01
9.984105179536858499e-01
9.985324599040321658e-01
9.986483633056811859e-01
9.987582451012808615e-01
9.988621461297962911e-01
9.989601298456259881e-01
9.990522809916909663e-01
9.991387042344179736e-01
9.992195227667807211e-01
9.992948768838154638e-01
9.993649225334324537e-01
9.994298298440297268e-01
9.994897816295122972e-01
9.995449718719272569e-01
9.995956041821195681e-01
9.996418902396282391e-01
9.996840482144504492e-01
9.997223011752459643e-01
9.997568754909132993e-01
9.997879992350778844e-01
