9.997988141664673201e-01
9.997695343919027477e-01
9.997370593039131004e-01
9.997011853523667391e-01
9.996617112282679685e-01
9.996184391440536832e-01
9.995711760624059750e-01
9.995197348632581802e-01
9.994639354422508726e-01
9.994036057372871484e-01
9.993385826828725671e-01
9.992687130944529761e-01
9.991938544869064520e-01
9.991138758326373326e-01
9.990286582653979952e-01
9.989380957360441959e-01
9.988420956260233297e-01
9.987405793235879514e-01
9.986334827666578651e-01
9.985207569550237361e-01
9.984023684333334092e-01
9.982782997451038476e-01
9.981485498569581116e-01
9.980131345514424712e-01
9.978720867861761157e-01
9.977254570167388703e-01
9.975733134806056279e-01
9.974157424395742044e-01
9.972528483784772746e-01
9.970847541584806351e-01
9.969116011239148589e-01
9.967335491623164900e-01
9.965507767181309706e-01
9.963634807613075406e-01
9.961718767127550889e-01
9.959761983292879650e-01
9.957766975512294394e-01
9.955736443162248595e-01
9.953673263430096174e-01
9.951580488888450704e-01
9.949461344840605515e-01
9.947319226465916042e-01
9.945157695785871166e-01
9.942980478460549110e-01
9.940791460411518843e-01
9.938594684251120803e-01
9.936394345479857559e-01
9.934194788393806430e-01
9.932000501623050592e-01
9.929816113200877759e-01
9.927646385042608879e-01
9.925496206693186219e-01
9.923370588184891039e-01
9.921274651831574198e-01
9.919213622774248895e-01
9.917192818085404094e-01
9.915217634236510591e-01
9.913293532735072411e-01
9.911426023744454028e-01
9.909620647511417912e-01
9.907882953442668228e-01
9.906218476692181252e-01
9.904632712145355899e-01
9.903131085713245962e-01
9.901718922879970686e-01
9.900401414478041673e-01
9.899183579699557534e-01
9.898070226385433656e-01
9.897065908669874235e-01
9.896174882093045078e-01
9.895401056331092349e-01
9.894747945729294170e-01
9.894218617860960352e-01
9.893815640371318443e-01
9.893541026401618810e-01
9.893396178923123951e-01
9.893381834342567238e-01
9.893498005768792680e-01
9.893743926353104623e-01
9.894117993131994471e-01
9.894617711808635363e-01
9.895239642907840416e-01
9.895979349726680141e-01
9.896831348479357970e-01
9.897789060999857558e-01
9.898844770319945585e-01
9.899989579384236293e-01
9.901213373099784221e-01
9.902504783847103642e-01
9.903851160504950624e-01
9.905238540965248806e-01
9.906651628039840896e-01
9.908073768589821251e-01
9.909486935643501138e-01
9.910871713212459078e-01
9.912207283468371655e-01
9.913471415907503248e-01
9.914640458105620224e-01
9.915689327653897100e-01
9.916591504866144602e-01
9.917319025858879478e-01
9.917842475627912657e-01
9.918130980777419836e-01
9.918152201599286233e-01
9.917872323251060163e-01
9.917256045839658585e-01
9.916266573284695518e-01
9.914865600909732457e-01
9.913013301792106269e-01
9.910668311992373303e-01
9.907787714883490304e-01
9.904327024907869648e-01
9.900240171207976836e-01
9.895479481703323144e-01
9.889995668323282585e-01
9.883737814250579401e-01
9.876653364182893524e-01
9.868688118777890761e-01
9.859786234606729982e-01
9.849890231099062143e-01
9.838941006113720578e-01
9.826877861908520639e-01
9.813638543403856440e-01
9.799159290732156746e-01
9.783374908132946857e-01
9.766218851285691782e-01
9.747623335165460645e-01
9.727519464455798293e-01
9.705837388457098092e-01
9.682506482285944127e-01
9.657455555971877770e-01
9.630613092824565902e-01
9.601907518169179312e-01
9.571267499234838994e-01
9.538622276634700636e-01
9.503902027501724969e-01
9.467038259946497503e-01
9.427964238088026860e-01
9.386615436480321151e-01
9.342930022321678241e-01
9.296849363394978916e-01
9.248318559250212623e-01
9.197286992709806652e-01
9.143708898357512105e-01
9.087543944267313378e-01
9.028757822845153713e-01
8.967322846298163563e-01
8.903218541919328821e-01
8.836432242085636712e-01
8.766959663620867982e-01
8.694805470976393336e-01
8.619983817540403104e-01
8.542518859303952494e-01
8.462445235095905627e-01
8.379808507652994898e-01
8.294665559918902309e-01
8.207084941169815462e-01
8.117147157843510596e-01
8.024944904303528137e-01
7.930583229196164208e-01
7.834179633550201194e-01
7.735864097320475086e-01
7.635779031677029094e-01
7.534079154980573012e-01
7.430931291050215659e-01
7.326514089007452046e-01
7.221017664657569668e-01
7.114643164033163103e-01
7.007602250361322227e-01
6.900116516316283644e-01
6.792416823973611573e-01
6.684742575384545749e-01
6.577340917136687004e-01
6.470465882658894552e-01
6.364377476366996911e-01
6.259340704037053005e-01
6.155624554041838614e-01
6.053500934301980774e-01
5.953243569995325668e-01
5.855126867245727951e-01
5.759424748184411857e-01
5.666409462950320330e-01
5.576350384376449476e-01
5.489512791299402394e-01
5.406156646630599916e-01
5.326535376536610800e-01
5.250894657288869283e-01
5.179471216551827517e-01
5.112491656074233948e-01
5.050171302920327676e-01
4.992713096514405091e-01
4.940306518862103147e-01
4.893126575343552664e-01
4.851332833437426162e-01
4.815068526622269252e-01
4.784459730506351871e-01
4.759614617956086091e-01
4.740622799624041317e-01
4.727554755822792609e-01
4.720461365154259292e-01
4.719373534691033711e-01
4.724301935825843124e-01
4.735236849165329609e-01
4.752148121056364305e-01
4.774985233506408022e-01
4.803677488405140306e-01
4.838134306081641745e-01
4.878245637349956088e-01
4.923882487312619682e-01
4.974897548314622941e-01
5.031125938574942946e-01
5.092386042174287253e-01
5.158480445250908097e-01
5.229196962455525677e-01
5.304309746946347381e-01
5.383580476470135601e-01
5.466759607382210007e-01
5.553587687812479023e-01
5.643796720594702609e-01
5.737111566050734357e-01
5.833251374270014278e-01
5.931931036157519488e-01
6.032862642251712870e-01
6.135756938147478579e-01
6.240324765308071786e-01
6.346278476122960699e-01
6.453333312271229971e-01
6.561208735788148783e-01
6.669629702706054708e-01
6.778327869748752565e-01
6.887042725296104173e-01
6.995522636693799479e-01
7.103525806951012100e-01
7.210821134931086895e-01
7.317188974280255387e-01
7.422421787537172300e-01
7.526324693100890917e-01
7.628715903984809588e-01
7.729427058526592287e-01
7.828303444437484382e-01
7.925204118737303460e-01
8.020001927214434057e-01
8.112583428055196721e-01
8.202848725189052503e-01
8.290711217681880907e-01
8.376097272169565899e-01
8.458945825850925360e-01
8.539207927948931909e-01
8.616846227801282510e-01
8.691834417857636774e-01
8.764156639846442109e-01
8.833806862236257551e-01
8.900788236865309067e-01
8.965112442259811631e-01
9.026799020720424060e-01
9.085874715741182328e-01
9.142372815752135562e-01
9.196332509561107038e-01
9.247798258227164503e-01
9.296819187443463584e-01
9.343448503854052678e-01
9.387742938090779532e-01
9.429762216703796440e-01
9.469568564581596348e-01
9.507226238921826500e-01
9.542801095327696492e-01
9.576360186170568278e-01
9.607971390979238580e-01
9.637703078290729142e-01
9.665623798125113630e-01
9.691802004025558137e-01
9.716305803431041221e-01
9.739202735018966939e-01
9.760559571563530712e-01
9.780442146798249414e-01
9.798915204742576490e-01
9.816042269948127563e-01
9.831885537135151010e-01
9.846505778720409108e-01
9.859962268779848271e-01
9.872312722040452737e-01
9.883613246552878095e-01
9.893918308758150593e-01
9.903280709726408615e-01
9.911751571412535933e-01
9.919380331842017062e-01
9.926214748209933880e-01
9.932300906946611718e-01
9.937683239874446350e-01
9.942404545651609693e-01
9.946506015768876718e-01
9.950027264434818663e-01
9.953006361751118858e-01
9.955479869642371860e-01
9.957482880062303865e-01
9.959049055049555843e-01
9.960210668250085719e-01
9.960998647558999552e-01
9.961442618562117435e-01
9.961570948476721199e-01
9.961410790302712703e-01
9.960988126900759410e-01
9.960327814714710071e-01
9.959453626853531638e-01
9.958388295245390598e-01
9.957153551575478323e-01
9.955770166721781278e-01
9.954257988411080449e-01
9.952635976832219233e-01
9.950922237966184358e-01
9.949134054422863471e-01
9.947287913612344878e-01
9.945399533123473468e-01
9.943483883232714371e-01
9.941555206520705790e-01
9.939627034630198477e-01
9.937712202255457594e-01
9.935822858507669109e-01
9.933970475851501281e-01
9.932165856853211183e-01
9.930419139019042163e-01
9.928739798033257014e-01
9.927136649727256179e-01
9.925617851124580726e-01
9.924190900911336044e-01
9.922862639678016183e-01
9.921639250267634269e-01
9.920526258547364140e-01
9.919528534897690264e-01
9.918650296685528334e-01
9.917895111957201193e-01
9.917265904554688483e-01
9.916764960825417141e-01
9.916393938062885161e-01
9.916153874783524280e-01
9.916045202914869350e-01
9.916067761941761427e-01
9.916220815031014935e-01
9.916503067130726379e-01
9.916912685017972295e-01
9.917447319247773008e-01
9.918104127936474557e-01
9.918879802293965042e-01
9.919770593800999459e-01
9.920772342910435526e-01
9.921880509134262116e-01
9.923090202362210288e-01
9.924396215242792252e-01
9.925793056444138784e-01
9.927274984600599206e-01
9.928836042742006374e-01
9.930470092996427356e-01
9.932170851354108487e-01
9.933931922280628823e-01
9.935746832970745457e-01
9.937609067040975575e-01
9.939512097468237162e-01
9.941449418593428788e-01
9.943414577022050560e-01
9.945401201268442293e-01
9.947403030005171898e-01
9.949413938794330337e-01
9.951427965192355396e-01
9.953439332134457196e-01
9.955442469518447357e-01
9.957432033921003178e-01
9.959402926391934807e-01
9.961350308284363519e-01
9.963269615090825093e-01
9.965156568267572457e-01
9.967007185041913964e-01
9.968817786210468768e-01
9.970585001949777704e-01
9.972305775674861206e-01
9.973977365995786437e-01
9.975597346837058454e-01
9.977163605799131973e-01
9.978674340855322455e-01
9.980128055490217198e-01
9.981523552396883714e-01
9.982859925859121075e-01
9.984136552951211607e-01
9.985353083690520215e-01
9.986509430277664690e-01
9.987605755554468390e-01
9.988642460801674394e-01
9.989620172986679592e-01
9.990539731556847824e-01
9.991402174857129115e-01
9.992208726232834071e-01
9.992960779860646792e-01
9.993659886334722575e-01
9.994307738021405152e-01
9.994906154186878888e-01
9.995457065898166737e-01
9.995962500699814290e-01
9.996424567076909184e-01
9.996845438729363709e-01
9.997227338702122656e-01
9.997572523439869352e-01
9.997883266861241625e-01
