9.997989978590223759e-01
9.997697326788841377e-01
9.997372716827910288e-01
9.997014109996602560e-01
9.996619489718734375e-01
9.996186874394049626e-01
9.995714329731788528e-01
9.995199980472261325e-01
9.994642021427663225e-01
9.994038727807178502e-01
9.993388464821634232e-01
9.992689696588262782e-01
9.991940994375528851e-01
9.991141044241064195e-01
9.990288654122624346e-01
9.989382760443005216e-01
9.988422434286012841e-01
9.987406887192764593e-01
9.986335476617107521e-01
9.985207711066945713e-01
9.984023254945861847e-01
9.982781933097701899e-01
9.981483735046401407e-01
9.980128818915058320e-01
9.978717515002233363e-01
9.977250328990029393e-01
9.975727944757550869e-01
9.974151226774674583e-01
9.972521222054526735e-01
9.970839161648186177e-01
9.969106461671564112e-01
9.967324723861830105e-01
9.965495735668559174e-01
9.963621469892710580e-01
9.961704083894098449e-01
9.959745918394756758e-01
9.957749495911211168e-01
9.955717518852589265e-01
9.953652867323603548e-01
9.951558596671093992e-01
9.949437934810053674e-01
9.947294279359422120e-01
9.945131194609482250e-01
9.942952408331333647e-01
9.940761808424796175e-01
9.938563439384474618e-01
9.936361498544932225e-01
9.934160332045512964e-01
9.931964430433917190e-01
9.929778423805903920e-01
9.927607076357244376e-01
9.925455280204085184e-01
9.923328048310109395e-01
9.921230506343955424e-01
9.919167883279164100e-01
9.917145500541858505e-01
9.915168759509052077e-01
9.913243127163045010e-01
9.911374119714910780e-01
9.909567284022505751e-01
9.907828176645357976e-01
9.906162340399803368e-01
9.904575278302290009e-01
9.903072424816141694e-01
9.901659114346818003e-01
9.900340546962105304e-01
9.899121751346403597e-01
9.898007545031900500e-01
9.897002491983821759e-01
9.896110857651925219e-01
9.895336561635995620e-01
9.894683128149145412e-01
9.894153634499158745e-01
9.893750657844634366e-01
9.893476220518692132e-01
9.893331734247874376e-01
9.893317943626406263e-01
9.893434869235002704e-01
9.893681750817346909e-01
9.894056990944708474e-01
9.894558099608310453e-01
9.895181640178567495e-01
9.895923177159160478e-01
9.896777226141314499e-01
9.897737206329401127e-01
9.898795395963596588e-01
9.899942890909542159e-01
9.901169566620584561e-01
9.902464043606903354e-01
9.903813656470357163e-01
9.905204426486562408e-01
9.906621037639392613e-01
9.908046815940345642e-01
9.909463711798448537e-01
9.910852285147725427e-01
9.912191692990375280e-01
9.913459678975975464e-01
9.914632564611026710e-01
9.915685241679345063e-01
9.916591165452159906e-01
9.917322348276965682e-01
9.917849353155643310e-01
9.918141286954418323e-01
9.918165792930218050e-01
9.917889042309107062e-01
9.917275724712381058e-01
9.916289037294002684e-01
9.914890672529375060e-01
9.913040804679867923e-01
9.910698075050393685e-01
9.907819576258867222e-01
9.904360835847101363e-01
9.900275799682790590e-01
9.895516815731811855e-01
9.890034618918842613e-01
9.883778317941387392e-01
9.876695385056261101e-01
9.868731650016067114e-01
9.859831299493158063e-01
9.849936883486006822e-01
9.838989330353132834e-01
9.826927972257469834e-01
9.813690582923456640e-01
9.799213429704504152e-01
9.783431342023992672e-01
9.766277798283424794e-01
9.747685033322361914e-01
9.727584168462839465e-01
9.705905366073845908e-01
9.682578010448363859e-01
9.657530916596624992e-01
9.630692568326505443e-01
9.601991386708066401e-01
9.571356029707766000e-01
9.538715723433434102e-01
9.504000625058268703e-01
9.467142217096161660e-01
9.428073732286553765e-01
9.386730607919879787e-01
9.343050967999221301e-01
9.296976131195021642e-01
9.248451142111925316e-01
9.197425322954867477e-01
9.143852842259947433e-01
9.087693296949204136e-01
9.028912303582299348e-01
8.967482094317578145e-01
8.903382112765687584e-01
8.836599604626885762e-01
8.767130197754251508e-01
8.694978466085686586e-01
8.620158471743615269e-01
8.542694279518545653e-01
8.462620437936286821e-01
8.379982421162995854e-01
8.294837026130581492e-01
8.207252719469422253e-01
8.117309929116085510e-01
8.025101275819510604e-01
7.930731740196420576e-01
7.834318761480287829e-01
7.735992264660553897e-01
7.635894613310588719e-01
7.534180486043104974e-01
7.431016675198197641e-01
7.326581807048482275e-01
7.221065983484492579e-01
7.114670345808558061e-01
7.007606561904128339e-01
6.900096238649509051e-01
6.792370262001377057e-01
6.684668067677850267e-01
6.577236845820106925e-01
6.470330683404803551e-01
6.364209648518674989e-01
6.259138820897123257e-01
6.155387273376206059e-01
6.053227009121117108e-01
5.952931859682846216e-01
5.854776349107406741e-01
5.759034529488076259e-01
5.665978793516988077e-01
5.575878669765074180e-01
5.488999606601050463e-01
5.405601750852658816e-01
5.325938727514263338e-01
5.250256427010819849e-01
5.178791806730888014e-01
5.111771713734054590e-01
5.049411735708826399e-01
4.991915087395947248e-01
4.939471539786886023e-01
4.892256399447405535e-01
4.850429545291505828e-01
4.814134530032366799e-01
4.783497753358743054e-01
4.758627713622025635e-01
4.739614344469680329e-01
4.726528442425610432e-01
4.719421190899633078e-01
4.718323785512755775e-01
4.723247164958666033e-01
4.734181850893565136e-01
4.751097899565845939e-01
4.773944967073844303e-01
4.802652489284234827e-01
4.837129976565407441e-01
4.877267422598356994e-01
4.922935825630994078e-01
4.973987819647400777e-01
5.030258412038448590e-01
5.091565823490429299e-01
5.157712424958790232e-01
5.228485765770884974e-01
5.303659686109432059e-01
5.382995506373189354e-01
5.466243285199617885e-01
5.553143137272814611e-01
5.643426601437439016e-01
5.736818049104240869e-01
5.833036122474977159e-01
5.931795191744688722e-01
6.032806820167401218e-01
6.135781225708100139e-01
6.240428727957956223e-01
6.346461169070468644e-01
6.453593297688184904e-01
6.561544105178023223e-01
6.670038103978527255e-01
6.778806538482122779e-01
6.887588519625242878e-01
6.996132075229535285e-01
7.104195109116793194e-01
7.211546263093933096e-01
7.317965677054663054e-01
7.423245643652245374e-01
7.527191155241390597e-01
7.629620342045361214e-01
7.730364801754112669e-01
7.829269821978832589e-01
7.926194498156482471e-01
8.021011750595234968e-01
8.113608245360189875e-01
8.203884224602973063e-01
8.291753252726165035e-01
8.377141885433627699e-01
8.459989269243977095e-01
8.540246679432837995e-01
8.617877004618990089e-01
8.692854186322575005e-01
8.765162621804943877e-01
8.834796538357237994e-01
8.901759346948251439e-01
8.966062982783606916e-01
9.027727239881183641e-01
9.086779106246987148e-01
9.143252105656594075e-01
9.197185651425837660e-01
9.248624416906018331e-01
9.297617726778839575e-01
9.344218972568328896e-01
9.388485055144191183e-01
9.430475856374420651e-01
9.470253741504112144e-01
9.507883093299768218e-01
9.543429878509771536e-01
9.576961246755767432e-01
9.608545161588541994e-01
9.638250063115917365e-01
9.666144561338014807e-01
9.692297159104792392e-01
9.716776003438313269e-01
9.739648663833945230e-01
9.760981936065626918e-01
9.780841669965631979e-01
9.799292619623759526e-01
9.816398314449609197e-01
9.832220949559923318e-01
9.846821293986571799e-01
9.860258615245950375e-01
9.872590618864165446e-01
9.883873401511967804e-01
9.894161416466862313e-01
9.903507450186072036e-01
9.911962608841846656e-01
9.919576313739679740e-01
9.926396304609800270e-01
9.932468649832701946e-01
9.937837762730098445e-01
9.942546423123209687e-01
9.946635803430037281e-01
9.950145498641465025e-01
9.953113559581602265e-01
9.955576528919580781e-01
9.957569479456750416e-01
9.959126054263731653e-01
9.960278508285020926e-01
9.961057751064109622e-01
9.961493390269046122e-01
9.961613775717224062e-01
9.961446043609594181e-01
9.961016160689630805e-01
9.960348968042934681e-01
9.959468224251136759e-01
9.958396647611083008e-01
9.957155957129187884e-01
9.955766912003441993e-01
9.954249349313670781e-01
9.952622219655496982e-01
9.950903620476078126e-01
9.949110826900220417e-01
9.947260319873767465e-01
9.945367811496262922e-01
9.943448267465735402e-01
9.941515926613154752e-01
9.939584317561011018e-01
9.937666272597428518e-01
9.935773938912265679e-01
9.933918787392957972e-01
9.932111619223633614e-01
9.930362570570001601e-01
9.928681115663555712e-01
9.927076068621094596e-01
9.925555584349097238e-01
9.924127158887208200e-01
9.922797629541316722e-01
9.921573175145201873e-01
9.920459316771286229e-01
9.919460919187018666e-01
9.918582193324737561e-01
9.917826700001156626e-01
9.917197355088841482e-01
9.916696436307678164e-01
9.916325591770153158e-01
9.916085850381359812e-01
9.915977634163509746e-01
9.916000772545809916e-01
9.916154518634057169e-01
9.916437567450141488e-01
9.916848076109616716e-01
9.917383685885311495e-01
9.918041546086225901e-01
9.918818339663272310e-01
9.919710310436608003e-01
9.920713291823008984e-01
9.921822736926089181e-01
9.923033749837134598e-01
9.924341117980274296e-01
9.925739345322920348e-01
9.927222686261396589e-01
9.928785179982789755e-01
9.930420685097817168e-01
9.932122914336143360e-01
9.933885469095330434e-01
9.935701873637445836e-01
9.937565608733234246e-01
9.939470144562310150e-01
9.941408972688647872e-01
9.943375636943320162e-01
9.945363763060299789e-01
9.947367086925766877e-01
9.949379481316253937e-01
9.951394981015734276e-01
9.953407806216106879e-01
9.955412384119414204e-01
9.957403368673420907e-01
9.959375658384985730e-01
9.961324412168209852e-01
9.963245063196702889e-01
9.965133330741834383e-01
9.966985229991620621e-01
9.968797079858126020e-01
9.970565508795032894e-01
9.972287458661224235e-01
9.973960186680846940e-01
9.975581265565039990e-01
9.977148581875033839e-01
9.978660332720208359e-01
9.980115020897467604e-01
9.981511448589376334e-01
9.982848709747329519e-01
9.984126181292104496e-01
9.985343513266978777e-01
9.986500618077789326e-01
9.987597658949823876e-01
9.988635037723117005e-01
9.989613382096014238e-01
9.990533532412236850e-01
9.991396528069909078e-01
9.992203593613254720e-01
9.992956124550026464e-01
9.993655672921679667e-01
9.994303932640080657e-01
9.994902724595524646e-01
9.995453981536981392e-01
9.995959732727556224e-01
9.996422088386457405e-01
9.996843223943066015e-01
9.997225364148398796e-01
9.997570767113045376e-01
9.997881708367049036e-01
