9.997988940120330348e-01
9.997696214543566606e-01
9.997371536041687046e-01
9.997012868047683298e-01
9.996618196294874137e-01
9.996185541631882332e-01
9.995712972325480061e-01
9.995198615747763471e-01
9.994640669379781794e-01
9.994037411097617118e-01
9.993387208737237737e-01
9.992688528959704497e-01
9.991939945457696259e-01
9.991140146557354607e-01
9.990287942276158129e-01
9.989382270898491401e-01
9.988422205126529230e-01
9.987406957856094225e-01
9.986335887616512030e-01
9.985208503701323846e-01
9.984024471004189216e-01
9.982783614562491525e-01
9.981485923800689219e-01
9.980131556457113584e-01
9.978720842171884264e-01
9.977254285710147608e-01
9.975732569793912541e-01
9.974156557517089849e-01
9.972527294321796854e-01
9.970846009519119812e-01
9.969114117343929049e-01
9.967333217540679247e-01
9.965505095484925580e-01
9.963631721853057899e-01
9.961715251860246978e-01
9.959758024093225970e-01
9.957762558969993627e-01
9.955731556862438270e-01
9.953667895919861008e-01
9.951574629631094737e-01
9.949454984160182036e-01
9.947312355485076196e-01
9.945150306360588388e-01
9.942972563115681783e-01
9.940783012281463327e-01
9.938585697029889143e-01
9.936384813384853132e-01
9.934184706147258792e-01
9.931989864454574546e-01
9.929804916873932186e-01
9.927634625906748278e-01
9.925483881763010885e-01
9.923357695245540455e-01
9.921261189569511307e-01
9.919199590931057076e-01
9.917178217631396064e-01
9.915202467560195743e-01
9.913277803843989489e-01
9.911409738472569675e-01
9.909603813728268262e-01
9.907865581259587273e-01
9.906200578661418232e-01
9.904614303448420198e-01
9.903112184335557400e-01
9.901699549769586994e-01
9.900381593686955473e-01
9.899163338506612453e-01
9.898049595400328915e-01
9.897044921917919069e-01
9.896153577080244457e-01
9.895379474088810134e-01
9.894726130837204758e-01
9.894196618446178260e-01
9.893793508080745980e-01
9.893518816343570554e-01
9.893373949573364134e-01
9.893359647409161184e-01
9.893475926009626109e-01
9.893722021339752537e-01
9.894096332953825623e-01
9.894596368711746637e-01
9.895218690864560074e-01
9.895958863933054239e-01
9.896811404780133659e-01
9.897769735242957223e-01
9.898826137645234668e-01
9.899971713454338573e-01
9.901196345283721501e-01
9.902488662370503292e-01
9.903836009583241173e-01
9.905224419938656322e-01
9.906638590530852939e-01
9.908061861705076412e-01
9.909476199242688299e-01
9.910862179266684002e-01
9.912198975529591394e-01
9.913464348709011276e-01
9.914634637311192655e-01
9.915684749770209416e-01
9.916588157329425668e-01
9.917316887302684014e-01
9.917841516334366947e-01
9.918131163309613640e-01
9.918153481607626665e-01
9.917874650441660389e-01
9.917259365088295642e-01
9.916270825875665995e-01
9.914870725875344348e-01
9.913019237325462196e-01
9.910674996903967582e-01
9.907795090070696808e-01
9.904335034806019955e-01
9.900248765192193323e-01
9.895488615411727196e-01
9.890005304874488479e-01
9.883747925331435313e-01
9.876663930986130380e-01
9.868699132773429694e-01
9.859797698134785682e-01
9.849902157777529199e-01
9.838953421056564341e-01
9.826890801755686633e-01
9.813652056166480842e-01
9.799173435459473946e-01
9.783389754409106409e-01
9.766234478565809507e-01
9.747639831960553947e-01
9.727536927376015941e-01
9.705855921121905316e-01
9.682526194108859174e-01
9.657476560826255829e-01
9.630635507595867173e-01
9.601931461198460749e-01
9.571293088657939485e-01
9.538649628621947985e-01
9.503931254403951145e-01
9.467069468354840645e-01
9.427997526817227802e-01
9.386650894487990060e-01
9.342967726579120002e-01
9.296889376728398879e-01
9.248360928174328421e-01
9.197331745278796156e-01
9.143756042060676714e-01
9.087593463998615562e-01
9.028809678976770225e-01
8.967376972888380093e-01
8.903274845084270250e-01
8.836490598562720677e-01
8.767019919549410290e-01
8.694867440917638524e-01
8.620047283755583045e-01
8.542583571304892542e-01
8.462510909478456744e-01
8.379874828219221472e-01
8.294732178089803121e-01
8.207151476686330716e-01
8.117213199749999664e-01
8.025010012204591980e-01
7.930646934774892021e-01
7.834241442333537142e-01
7.735923490675412628e-01
7.635835469019823796e-01
7.534132076180006798e-01
7.430980119005228257e-01
7.326558232379152269e-01
7.221056520735802398e-01
7.114676121718503943e-01
7.007628693244649654e-01
6.900135825839962544e-01
6.792428382660999908e-01
6.684745770127885622e-01
6.577335142537525936e-01
6.470450544419875660e-01
6.364351994739141372e-01
6.259304517332138218e-01
6.155577122224926701e-01
6.053441742684302351e-01
5.953172133051940484e-01
5.855042732585336029e-01
5.759327500699886748e-01
5.666298729177430271e-01
5.576225837084509696e-01
5.489374154330874944e-01
5.406003699996826395e-01
5.326367961763769365e-01
5.250712682992345615e-01
5.179274664198347811e-01
5.112280585870664362e-01
5.049945859745756938e-01
4.992473515790043503e-01
4.940053132231729816e-01
4.892859816017607333e-01
4.851053241037044383e-01
4.814776751347044081e-01
4.784156536442322194e-01
4.759300885339073917e-01
4.740299525878836073e-01
4.727223055211214886e-01
4.720122466884453249e-01
4.719028779366702953e-01
4.723952770146458979e-01
4.734884818826133879e-01
4.751794861838667394e-01
4.774632460593211114e-01
4.803326984002623812e-01
4.837787905472410444e-01
4.877905213546943619e-01
4.923549934522064575e-01
4.974574764451310527e-01
5.030814807101069430e-01
5.092088413554949344e-01
5.158198118332650850e-01
5.228931666080256502e-01
5.304063122110203032e-01
5.383354059326967977e-01
5.466554813373567523e-01
5.553405797182128234e-01
5.643638865515987479e-01
5.736978719561057760e-01
5.833144341169083091e-01
5.931850445986500686e-01
6.032808944429495224e-01
6.135730399299702542e-01
6.240325468784948537e-01
6.346306323664123727e-01
6.453388027740944999e-01
6.561289870872398788e-01
6.669736644434977046e-01
6.778459849683918792e-01
6.887198830202277966e-01
6.995701820499244938e-01
7.103726903789129299e-01
7.211042873048848501e-01
7.317429990595623046e-01
7.422680642628052272e-01
7.526599886412016494e-01
7.629005889045837874e-01
7.729730257984608333e-01
7.828618264719342523e-01
7.925528964171868473e-01
8.020335213461184942e-01
8.112923594703639329e-01
8.203194247412544104e-01
8.291060616849502685e-01
8.376449125340200696e-01
8.459298774094272666e-01
8.539560683458702339e-01
8.617197579785617068e-01
8.692183237210855395e-01
8.764501882624035067e-01
8.834147571971521229e-01
8.901123545780753599e-01
8.965441571439549673e-01
9.027121279320730052e-01
9.086189499325512120e-01
9.142679603843839597e-01
9.196630862512027438e-01
9.248087813503220733e-01
9.297099655429323928e-01
9.343719663278169385e-01
9.388004631169521996e-01
9.430014344099341139e-01
9.469811080262788838e-01
9.507459145010553891e-01
9.543024437005631633e-01
9.576574046712719168e-01
9.608175886971610513e-01
9.637898355080012358e-01
9.665810025538690287e-01
9.691979372390630010e-01
9.716474519912404739e-01
9.739363020286251338e-01
9.760711656790623802e-01
9.780586270990413444e-01
9.799051612380474952e-01
9.816171208932791270e-01
9.832007257013825052e-01
9.846620529170236891e-01
9.860070298324506988e-01
9.872414276973995317e-01
9.883708570045163233e-01
9.894007640117108426e-01
9.903364283793951728e-01
9.911829618072990344e-01
9.919453075624313776e-01
9.926282407967393917e-01
9.932363695600786579e-01
9.937741364212028250e-01
9.942458206165841750e-01
9.946555406539029365e-01
9.950072573039215884e-01
9.953047769210735529e-01
9.955517550393312431e-01
9.957517001956410763e-01
9.959079779383096520e-01
9.960238149820859199e-01
9.961023034752434224e-01
9.961464053466920765e-01
9.961589567030516568e-01
9.961426722467808803e-01
9.961001496869830163e-01
9.960338741145694508e-01
9.959462223132549141e-01
9.958394669775879615e-01
9.957157808091169349e-01
9.955772404620490956e-01
9.954258303105679717e-01
9.952634460114511139e-01
9.950918978378848756e-01
9.949129137634078468e-01
9.947281422787236371e-01
9.945391549286172195e-01
9.943474485612546765e-01
9.941544472875957217e-01
9.939615041542919638e-01
9.937699025391090180e-01
9.935808572833690899e-01
9.933955155810033633e-01
9.932149576483414455e-01
9.930401972026300372e-01
9.928721817803488614e-01
9.927117929286209952e-01
9.925598463043633357e-01
9.924170917163004368e-01
9.922842131446115710e-01
9.921618287718640961e-01
9.920504910570991930e-01
9.919506868825900270e-01
9.918628378000073909e-01
9.917873003996320325e-01
9.917243668229596132e-01
9.916742654356870412e-01
9.916371616747250428e-01
9.916131590796487538e-01
9.916023005159312342e-01
9.916045695944395444e-01
9.916198922890236966e-01
9.916481387515990731e-01
9.916891253218823588e-01
9.917426167268678094e-01
9.918083284631887819e-01
9.918859293536654853e-01
9.919750442675724367e-01
9.920752569924516928e-01
9.921861132436536890e-01
9.923071237962226565e-01
9.924377677222846472e-01
9.925774957157831313e-01
9.927257334852858106e-01
9.928818851947002200e-01
9.930453369311224021e-01
9.932154601787361869e-01
9.933916152776923747e-01
9.935731548472289676e-01
9.937594271529224255e-01
9.939497793988691932e-01
9.941435609267170737e-01
9.943401263047733085e-01
9.945388382918338710e-01
9.947390706618605138e-01
9.949402108771395747e-01
9.951416625990325837e-01
9.953428480268701195e-01
9.955432100569141518e-01
9.957422142546367150e-01
9.959393506348248604e-01
9.961341352452623976e-01
9.963261115509578492e-01
9.965148516171243864e-01
9.966999570903815053e-01
9.968810599789619253e-01
9.970578232340688851e-01
9.972299411359518695e-01
9.973971394897184206e-01
9.975591756373778374e-01
9.977158382940626291e-01
9.978669472177702504e-01
9.980123527232489522e-01
9.981519350517660261e-01
9.982856036093918917e-01
9.984132960870444329e-01
9.985349774758291996e-01
9.986506389911382620e-01
9.987602969185189750e-01
9.988639913934985737e-01
9.989617851263733472e-01
9.990537620815034270e-01
9.991400261189725684e-01
9.992206996046841816e-01
9.992959219931936143e-01
9.993658483859579889e-01
9.994306480663553982e-01
9.994905030119143330e-01
9.995456063838008554e-01
9.995961609938165404e-01
9.996423777499875429e-01
9.996844740832611098e-01
9.997226723597950615e-01
9.997571982857205164e-01
9.997882793138987978e-01
