9.997976514705888551e-01
9.997682070664772880e-01
9.997355514079516725e-01
9.996994805158548880e-01
9.996597927956205609e-01
9.996162903330482186e-01
9.995687801363883906e-01
9.995170753139877018e-01
9.994609961803896381e-01
9.994003712872584488e-01
9.993350383786266944e-01
9.992648452725938490e-01
9.991896506736491768e-01
9.991093249211921989e-01
9.990237506805935697e-01
9.989328235833144776e-01
9.988364528222675176e-01
9.987345617078613458e-01
9.986270881891393669e-01
9.985139853432278834e-01
9.983952218350539143e-01
9.982707823480965192e-01
9.981406679858606523e-01
9.980048966428839430e-01
9.978635033434407609e-01
9.977165405457022462e-01
9.975640784089655488e-01
9.974062050216423447e-01
9.972430265879884681e-01
9.970746675720202346e-01
9.969012707976572241e-01
9.967229975048267354e-01
9.965400273619987592e-01
9.963525584363691623e-01
9.961608071236113249e-01
9.959650080397446370e-01
9.957654138781639741e-01
9.955622952352209953e-01
9.953559404078802242e-01
9.951466551668920468e-01
9.949347625085732671e-01
9.947206023876777881e-01
9.945045314329417074e-01
9.942869226457223819e-01
9.940681650807209335e-01
9.938486635061255514e-01
9.936288380386614216e-01
9.934091237470507041e-01
9.931899702153280662e-01
9.929718410553853847e-01
9.927552133561315939e-01
9.925405770547985895e-01
9.923284342143060544e-01
9.921192981892670293e-01
9.919136926622511563e-01
9.917121505313608587e-01
9.915152126300675883e-01
9.913234262606032132e-01
9.911373435230242945e-01
9.909575194233307682e-01
9.907845097457061989e-01
9.906188686760036832e-01
9.904611461659794669e-01
9.903118850304155618e-01
9.901716177721326950e-01
9.900408631329142839e-01
9.899201223715144993e-01
9.898098752731898653e-01
9.897105758985453861e-01
9.896226480829403149e-01
9.895464807012326336e-01
9.894824227162700714e-01
9.894307780332255442e-01
9.893918001856049083e-01
9.893656868824557415e-01
9.893525744498951058e-01
9.893525322034323333e-01
9.893655567905439430e-01
9.893915665454060537e-01
9.894303958994272730e-01
9.894817898920862387e-01
9.895453988264196754e-01
9.896207731122037554e-01
9.897073583373643402e-01
9.898044906044157765e-01
9.899113921638210689e-01
9.900271673701874775e-01
9.901507989803459697e-01
9.902811448048113308e-01
9.904169347161667636e-01
9.905567680098185113e-01
9.906991111046435927e-01
9.908422955635591833e-01
9.909845164072658141e-01
9.911238306885502558e-01
9.912581562897873066e-01
9.913852709027507482e-01
9.915028111476387185e-01
9.916082717873384578e-01
9.916990049934087947e-01
9.917722196219759256e-01
9.918249804606538156e-01
9.918542074116140084e-01
9.918566745809448415e-01
9.918290092503595501e-01
9.917676907140461351e-01
9.916690489709485412e-01
9.915292632709600262e-01
9.913443605224014910e-01
9.911102135777352107e-01
9.908225394247576201e-01
9.904768973215489769e-01
9.900686869252697253e-01
9.895931464774896380e-01
9.890453511221034555e-01
9.884202114459681443e-01
9.877124723470557255e-01
9.869167123499673622e-01
9.860273435038177103e-01
9.850386120124072775e-01
9.839445997608299299e-01
9.827392269157048110e-01
9.814162557875344417e-01
9.799692961527119994e-01
9.783918122388702843e-01
9.766771315800768516e-01
9.748184559473747068e-01
9.728088745550074190e-01
9.706413797331009397e-01
9.683088852434922345e-01
9.658042473968109221e-01
9.631202891059682525e-01
9.602498269841391876e-01
9.571857015644706923e-01
9.539208106845360469e-01
9.504481460414295757e-01
9.467608328838599263e-01
9.428521727661500762e-01
9.387156892461966384e-01
9.343451763656748232e-01
9.297347497065915345e-01
9.248788997741702600e-01
9.197725474124870404e-01
9.144111009167634752e-01
9.087905144652704825e-01
9.029073474549396128e-01
8.967588242885824457e-01
8.903428941286601894e-01
8.836582901034264470e-01
8.767045874266149452e-01
8.694822598722500295e-01
8.619927340322327547e-01
8.542384407766426824e-01
8.462228633356952967e-01
8.379505814284105014e-01
8.294273108765872760e-01
8.206599381638086665e-01
8.116565494279224247e-01
8.024264534116115621e-01
7.929801979389047295e-01
7.833295795352417379e-01
7.734876458642472308e-01
7.634686907147274493e-01
7.532882413355015405e-01
7.429630379822567132e-01
7.325110056083868892e-01
7.219512176993483354e-01
7.113038523161744342e-01
7.005901404771650576e-01
6.898323070663616718e-01
6.790535045123717861e-01
6.682777395307848423e-01
6.575297932675149282e-01
6.468351352188677073e-01
6.362198313371920655e-01
6.257104467591448893e-01
6.153339436176212818e-01
6.051175744190839811e-01
5.950887714864157019e-01
5.852750329844434996e-01
5.757038060618884234e-01
5.664023676604990065e-01
5.573977035601055396e-01
5.487163862477053566e-01
5.403844522195377920e-01
5.324272793472573095e-01
5.248694649623100172e-01
5.177347053357318485e-01
5.110456772528804148e-01
5.048239224029058558e-01
4.990897353199142961e-01
4.938620556253585647e-01
4.891583653280635602e-01
4.849945919381672965e-01
4.813850181431780229e-01
4.783421987774857387e-01
4.758768857903986627e-01
4.739979618819057938e-01
4.727123834298138094e-01
4.720251332770025732e-01
4.719391838838278286e-01
4.724554712789577060e-01
4.735728801631705620e-01
4.752882404359267676e-01
4.775963353251653221e-01
4.804899212079251081e-01
4.839597591143552924e-01
4.879946578116439726e-01
4.925815282683966290e-01
4.977054492051874446e-01
5.033497433440551339e-01
5.094960638796571795e-01
5.161244906080753037e-01
5.232136350666660718e-01
5.307407539603262725e-01
5.386818700766754509e-01
5.470118998255015796e-01
5.557047864769043555e-01
5.647336381185943388e-01
5.740708693063918400e-01
5.836883453438972413e-01
5.935575280983285129e-01
6.036496222404421630e-01
6.139357207880515865e-01
6.243869488356222908e-01
6.349746043673902829e-01
6.456702950788364426e-01
6.564460701714252000e-01
6.672745461382837417e-01
6.781290256236874869e-01
6.889836085162923673e-01
6.998132945241495317e-01
7.105940765775213830e-01
7.213030245119829154e-01
7.319183585975712614e-01
7.424195125980139753e-01
7.527871861653174790e-01
7.630033864971432767e-01
7.730514593053563477e-01
7.829161092617595852e-01
7.925834101993870506e-01
8.020408054529004627e-01
8.112770988179671683e-01
8.202824366954963864e-01
8.290482820610985959e-01
8.375673809621335675e-01
8.458337222936175293e-01
8.538424916396780695e-01
8.615900199891819433e-01
8.690737281428053684e-01
8.762920676247211160e-01
8.832444588960072229e-01
8.899312276398340105e-01
8.963535398516639940e-01
9.025133364224393606e-01
9.084132678505172365e-01
9.140566296604580865e-01
9.194472990452358108e-01
9.245896731845704153e-01
9.294886096273277110e-01
9.341493690616871071e-01
9.385775607342577986e-01
9.427790907196270664e-01
9.467601131858301988e-01
9.505269847496772284e-01
9.540862219692484159e-01
9.574444619795452471e-01
9.606084262413709940e-01
9.635848873430545858e-01
9.663806387694194866e-01
9.690024675322106429e-01
9.714571295406229101e-01
9.737513275791983558e-01
9.758916917526825330e-01
9.778847622529354133e-01
9.797369743011683507e-01
9.814546451191220600e-01
9.830439627848526207e-01
9.845109768321371746e-01
9.858615904567891164e-01
9.871015541980976415e-01
9.882364609689489043e-01
9.892717423137863397e-01
9.902126657793164366e-01
9.910643332887120183e-01
9.918316804159802436e-01
9.925194764631456446e-01
9.931323252489604458e-01
9.936746665239875043e-01
9.941507779330926997e-01
9.945647774525985252e-01
9.949206262355040353e-01
9.952221318041964970e-01
9.954729515358363701e-01
9.956765963909670614e-01
9.958364348407694466e-01
9.959556969526189851e-01
9.960374785971494171e-01
9.960847457428148033e-01
9.961003388059880281e-01
9.960869770259871414e-01
9.960472628351787483e-01
9.959836861946278486e-01
9.958986288658214781e-01
9.957943685889933949e-01
9.956730831387311520e-01
9.955368542280570443e-01
9.953876712331962695e-01
9.952274347129409504e-01
9.950579596989356235e-01
9.948809787364109036e-01
9.946981446588173403e-01
9.945110330844072477e-01
9.943211446279274224e-01
9.941299068260712746e-01
9.939386757809981487e-01
9.937487375318616589e-01
9.935613091696970933e-01
9.933775397160120590e-01
9.931985107898407827e-01
9.930252370917190818e-01
9.928586667359217133e-01
9.926996814643056499e-01
9.925490967762045091e-01
9.924076620090335199e-01
9.922760604036374721e-01
9.921549091870348613e-01
9.920447597031697429e-01
9.919460976197211899e-01
9.918593432360524043e-01
9.917848519141592156e-01
9.917229146511290505e-01
9.916737588082652488e-01
9.916375490087754319e-01
9.916143882128524156e-01
9.916043189761339915e-01
9.916073248949667240e-01
9.916233322395907601e-01
9.916522117743258313e-01
9.916937807619969902e-01
9.917478051481730672e-01
9.918140019192348555e-01
9.918920416267851259e-01
9.919815510694366401e-01
9.920821161215177542e-01
9.921932846967238540e-01
9.923145698332216380e-01
9.924454528852068025e-01
9.925853868044726136e-01
9.927337994942208033e-01
9.928900972161887051e-01
9.930536680312412878e-01
9.932238852529307049e-01
9.934001108931840296e-01
9.935816990792797343e-01
9.937679994215941059e-01
9.939583603122369437e-01
9.941521321356173724e-01
9.943486703731305720e-01
9.945473385854957105e-01
9.947475112577428558e-01
9.949485764933869714e-01
9.951499385459050551e-01
9.953510201772030053e-01
9.955512648342971227e-01
9.957501386369376206e-01
9.959471321703524671e-01
9.961417620787019755e-01
9.963335724562230045e-01
9.965221360344120871e-01
9.967070551649722665e-01
9.968879625996405203e-01
9.970645220694209776e-01
9.972364286671864253e-01
9.974034090390525575e-01
9.975652213913699384e-01
9.977216553215839667e-01
9.978725314825441783e-01
9.980177010910608049e-01
9.981570452925584425e-01
9.982904743945041348e-01
9.984179269818542757e-01
9.985393689280068763e-01
9.986547923146528172e-01
9.987642142734508566e-01
9.988676757616251622e-01
9.989652402824240607e-01
9.990569925599265266e-01
9.991430371760386953e-01
9.992234971757654183e-01
9.992985126451089384e-01
9.993682392643653545e-01
9.994328468382918107e-01
9.994925178037302738e-01
9.995474457149020608e-01
9.995978337067951136e-01
9.996438929378956839e-01
9.996858410149345175e-01
9.997239004042663968e-01
9.997582968368617928e-01
9.997892577164942951e-01
