9.997976121876583910e-01
9.997681596616949662e-01
9.997354945070783261e-01
9.996994125778769780e-01
9.996597121048692580e-01
9.996161949930887358e-01
9.995686680660186285e-01
9.995169442456647291e-01
9.994608436613606761e-01
9.994001946836281736e-01
9.993348348825255023e-01
9.992646119125463411e-01
9.991893843281577370e-01
9.991090223354726074e-01
9.990234084863114372e-01
9.989324383210923530e-01
9.988360209666533596e-01
9.987340796943826593e-01
9.986265524430109064e-01
9.985133923092355257e-01
9.983945680081122154e-01
9.982700643039638111e-01
9.981398824115000901e-01
9.980040403659805603e-01
9.978625733606143466e-01
9.977155340490084789e-01
9.975629928103274535e-01
9.974050379749231920e-01
9.972417760084812954e-01
9.970733316532008894e-01
9.968998480251149985e-01
9.967214866673517193e-01
9.965384275598659913e-01
9.963508690869107287e-01
9.961590279642154044e-01
9.959631391284579083e-01
9.957634555921064390e-01
9.955602482670468101e-01
9.953538057605398892e-01
9.951444341469669608e-01
9.949324567184711920e-01
9.947182137169889860e-01
9.945020620492707186e-01
9.942843749853225166e-01
9.940655418392726483e-01
9.938459676300069878e-01
9.936260727170694862e-01
9.934062924053288501e-01
9.931870765098474996e-01
9.929688888703078753e-01
9.927522068023434398e-01
9.925375204712562072e-01
9.923253321719618381e-01
9.921161554976576369e-01
9.919105143787272372e-01
9.917089419728196686e-01
9.915119793869258125e-01
9.913201742126176441e-01
9.911340788564445559e-01
9.909542486487523671e-01
9.907812397159001527e-01
9.906156066029258023e-01
9.904578996361239618e-01
9.903086620176732024e-01
9.901684266473470553e-01
9.900377126693939989e-01
9.899170217458677090e-01
9.898068340609690319e-01
9.897076040643474348e-01
9.896197559647629260e-01
9.895436789890534879e-01
9.894797224249672896e-01
9.894281904700940045e-01
9.893893369128308191e-01
9.893633596749894510e-01
9.893503952492030962e-01
9.893505130676151227e-01
9.893637098412817465e-01
9.893899039121439865e-01
9.894289296611418205e-01
9.894805320169031138e-01
9.895443611092861191e-01
9.896199671107677176e-01
9.897067953061930989e-01
9.898041814277037664e-01
9.899113472867977492e-01
9.900273967295436517e-01
9.901513119341475155e-01
9.902819500625638094e-01
9.904180402699109820e-01
9.905581810673792509e-01
9.907008380263881975e-01
9.908443418042494066e-01
9.909868864647680686e-01
9.911265280613129613e-01
9.912611834450539838e-01
9.913886292574728420e-01
9.915065010639433352e-01
9.916122925842143498e-01
9.917033549759793898e-01
9.917768961293476071e-01
9.918299799328663680e-01
9.918595254756903401e-01
9.918623061554602272e-01
9.918349486673424531e-01
9.917739318564110507e-01
9.916755854230593359e-01
9.915360884793629204e-01
9.913514679632680071e-01
9.911175969271289743e-01
9.908301927275158238e-01
9.904848151543517165e-01
9.900768645493744913e-01
9.896015799766353371e-01
9.890540375212523161e-01
9.884291488068331910e-01
9.877216598367730693e-01
9.869261502797909147e-01
9.860370333353282168e-01
9.850485563294296698e-01
9.839548022060058408e-01
9.827496920914652323e-01
9.814269891220203101e-01
9.799803037319796406e-01
9.784031006074656034e-01
9.766887075127367313e-01
9.748303261951987153e-01
9.728210455699140002e-01
9.706538573747249821e-01
9.683216744728911918e-01
9.658173519614146052e-01
9.631337112201540096e-01
9.602635670096326681e-01
9.571997576945058261e-01
9.539351786353611473e-01
9.504628187543664453e-01
9.467758002407262730e-01
9.428674213204859544e-01
9.387312019724091128e-01
9.343609324279620321e-01
9.297507242493410207e-01
9.248950637354484972e-01
9.197888673622576228e-01
9.144275389215638095e-01
9.088070279812372476e-01
9.029238892512615466e-01
8.967753424036668530e-01
8.903593318614562158e-01
8.836745860424786159e-01
8.767206755194357770e-01
8.694980695375245094e-01
8.620081903171618043e-01
8.542534645613961697e-01
8.462373715864817125e-01
8.379644875000910043e-01
8.294405248650869034e-01
8.206723673078301085e-01
8.116680985586898212e-01
8.024370254485775344e-01
7.929896944286018989e-01
7.833379012297556621e-01
7.734946933351791731e-01
7.634743649980074709e-01
7.532924446020283771e-01
7.429656742290804416e-01
7.325119813650157186e-01
7.219504427437406502e-01
7.113012403950669249e-01
7.005856100255474228e-01
6.898257819211616182e-01
6.790449146156825044e-01
6.682670216182962086e-01
6.575168915381404133e-01
6.468200019818838298e-01
6.362024276335446205e-01
6.256907429539013688e-01
6.153119199608336753e-01
6.050932215726341212e-01
5.950620910146718900e-01
5.852460378068009561e-01
5.756725208654819292e-01
5.663688292715451933e-01
5.573619612724294292e-01
5.486785021070532675e-01
5.403445012621950205e-01
5.323853497913031418e-01
5.248256583495054528e-01
5.176891366215539136e-01
5.109984748415343780e-01
5.047752281233629512e-01
4.990397043380228048e-01
4.938108562860233919e-01
4.891061789203470234e-01
4.849416123750091012e-01
4.813314515464079957e-01
4.782882629578908418e-01
4.758228096120247219e-01
4.739439844995342321e-01
4.726587533888030324e-01
4.719721074654845694e-01
4.718870263286971678e-01
4.724044517792024278e-01
4.735232727568877698e-01
4.752403217008452918e-01
4.775503825165757776e-01
4.804462102425111070e-01
4.839185624134021424e-01
4.879562420222700592e-01
4.925461518867120247e-01
4.976733601302585352e-01
5.033211763962437413e-01
5.094712383208716000e-01
5.161036077047076454e-01
5.231968757381850743e-01
5.307282765575859207e-01
5.386738083338660221e-01
5.470083610282396869e-01
5.557058498862833540e-01
5.647393536871018194e-01
5.740812567165861635e-01
5.837033933947437525e-01
5.935771944573484671e-01
6.036738335724958215e-01
6.139643732639330498e-01
6.244199090159179288e-01
6.350117104494655829e-01
6.457113584876243984e-01
6.564908774680715542e-01
6.673228612148450756e-01
6.781805921471140142e-01
6.890381525809597951e-01
6.998705274692953449e-01
7.106536979241100394e-01
7.213647249727643818e-01
7.319818231143566667e-01
7.424844233614003031e-01
7.528532255741559043e-01
7.630702400178503986e-01
7.731188181945922722e-01
7.829836731199232291e-01
7.926508893266673850e-01
8.021079229841786562e-01
8.113435926175383006e-01
8.203480609973134996e-01
8.291128088449006839e-01
8.376306010603684626e-01
8.458954462283927445e-01
8.539025501930717077e-01
8.616482645140172147e-01
8.691300306244414964e-01
8.763463205074911722e-01
8.832965746906256133e-01
8.899811383303772860e-01
8.964011961225989422e-01
9.025587067276176212e-01
9.084563373470755376e-01
9.140973990311631603e-01
9.194857832330058933e-01
9.246259000626958491e-01
9.295226186283387371e-01
9.341812097868856801e-01
9.386072915646965775e-01
9.428067774477965068e-01
9.467858276855732891e-01
9.505508036999067434e-01
9.541082256449727739e-01
9.574647331215301316e-01
9.606270490135575546e-01
9.636019463846317024e-01
9.663962183462802003e-01
9.690166507904273141e-01
9.714699978625991328e-01
9.737629600413216790e-01
9.759021646816370410e-01
9.778941488763581713e-01
9.797453444870589667e-01
9.814620651973604559e-01
9.830504954433403331e-01
9.845166810794678813e-01
9.858665216429614020e-01
9.871057640846115921e-01
9.882399978396610996e-01
9.892746511181227387e-01
9.902149882998468877e-01
9.910661083256423476e-01
9.918329439818036608e-01
9.925202619814769145e-01
9.931326637524287015e-01
9.936745868469576415e-01
9.941503068958823519e-01
9.945639400347350279e-01
9.949194457363942368e-01
9.952206299903368913e-01
9.954711487743529430e-01
9.956745117698346803e-01
9.958340862765023838e-01
9.959531012865575628e-01
9.960346516816813711e-01
9.960817025189863116e-01
9.960970933739782263e-01
9.960835427098596595e-01
9.960436522432060125e-01
9.959799112763125795e-01
9.958947009665432004e-01
9.957902985029916110e-01
9.956688811609211154e-01
9.955325302049604641e-01
9.953832346130754294e-01
9.952228945950485350e-01
9.950533248816437748e-01
9.948762577638556870e-01
9.946933458656017635e-01
9.945061646378325904e-01
9.943162145671778918e-01
9.941249230977582396e-01
9.939336462704716491e-01
9.937436700897219755e-01
9.935562116329843541e-01
9.933724199236192431e-01
9.931933765917754231e-01
9.930200963519454360e-01
9.928535273286281937e-01
9.926945512635759750e-01
9.925439836392145887e-01
9.924025737530473013e-01
9.922710047772336228e-01
9.921498938361558162e-01
9.920397921327421820e-01
9.919411851517436762e-01
9.918544929651836872e-01
9.917800706619531725e-01
9.917182089201537210e-01
9.916691347373985943e-01
9.916330123309919919e-01
9.916099442167918276e-01
9.915999724726739517e-01
9.916030801899077263e-01
9.916191931133985227e-01
9.916481814696689323e-01
9.916898619795734282e-01
9.917440000510450160e-01
9.918103121455928983e-01
9.918884683107640488e-01
9.919780948693068812e-01
9.920787772543033789e-01
9.921900629780628922e-01
9.923114647210918848e-01
9.924424635260176153e-01
9.925825120799606216e-01
9.927310380676021007e-01
9.928874475761049201e-01
9.930511285321909076e-01
9.932214541510868688e-01
9.933977863767623484e-01
9.935794792929052432e-01
9.937658824844242123e-01
9.939563443298982115e-01
9.941502152062935416e-01
9.943468505883890085e-01
9.945456140266368816e-01
9.947458799886024217e-01
9.949470365506034586e-01
9.951484879276891737e-01
9.953496568316089199e-01
9.955499866479147197e-01
9.957489434247951410e-01
9.959460176676667720e-01
9.961407259349437382e-01
9.963326122317837097e-01
9.965212491999951849e-01
9.967062391036732860e-01
9.968872146115520527e-01
9.970638393784975184e-01
9.972358084300291248e-01
9.974028483552346280e-01
9.975647173149106983e-01
9.977212048731881611e-01
9.978721316622579662e-01
9.980173488910407675e-01
9.981567377097025906e-01
9.982902084427568434e-01
9.984176997040504764e-01
9.985391774071773474e-01
9.986546336847536010e-01
9.987640857295163599e-01
9.988675745693679220e-01
9.989651637873134815e-01
9.990569381957822293e-01
9.991430024731636772e-01
9.992234797686261327e-01
9.992985102795481911e-01
9.993682498043078288e-01
9.994328682718732759e-01
9.994925482487603263e-01
9.995474834235466011e-01
9.995978770693554338e-01
9.996439404855524957e-01
9.996858914213326841e-01
9.997239524858280157e-01
9.997583495517415875e-01
9.997893101621210254e-01
