9.997975531768629187e-01
9.997680882713734229e-01
9.997354085134930735e-01
9.996993094445570938e-01
9.996595889566248783e-01
9.996160485912108928e-01
9.995684947853450408e-01
9.995167400542224190e-01
9.994606041033144983e-01
9.993999148662504606e-01
9.993345094678746099e-01
9.992642351144759294e-01
9.991889499152025733e-01
9.991085236400443215e-01
9.990228384205160905e-01
9.989317893993348019e-01
9.988352853350430660e-01
9.987332491667944012e-01
9.986256185434938537e-01
9.985123463203117167e-01
9.983934010243649126e-01
9.982687672901895404e-01
9.981384462645984668e-01
9.980024559796754069e-01
9.978608316920534183e-01
9.977136261862625810e-01
9.975609100398206142e-01
9.974027718478541971e-01
9.972393184053574000e-01
9.970706748456784618e-01
9.968969847344396618e-01
9.967184101187922529e-01
9.965351315326536064e-01
9.963473479593089044e-01
9.961552767534633812e-01
9.959591535254403993e-01
9.957592319907090372e-01
9.955557837882510475e-01
9.953490982714026103e-01
9.951394822747058333e-01
9.949272598599497863e-01
9.947127720439619125e-01
9.944963765098089326e-01
9.942784473018954072e-01
9.940593745040205986e-01
9.938395638977914892e-01
9.936194365969376330e-01
9.933994286510781091e-01
9.931799906104152864e-01
9.929615870407413336e-01
9.927446959761173639e-01
9.925298082946997225e-01
9.923174270015223675e-01
9.921080664006656225e-01
9.919022511382269425e-01
9.917005150968981608e-01
9.915034001228019145e-01
9.913114545655528076e-01
9.911252316133066786e-01
9.909452874058222172e-01
9.907721789102528209e-01
9.906064615464741374e-01
9.904486865511807903e-01
9.902993980726949586e-01
9.901591299913643507e-01
9.900284024635426228e-01
9.899077181903946920e-01
9.897975584161228246e-01
9.896983786636551761e-01
9.896106042193583141e-01
9.895346253819263804e-01
9.894707924942547361e-01
9.894194107808053085e-01
9.893807350166770043e-01
9.893549640582559590e-01
9.893422352688451271e-01
9.893426188759559814e-01
9.893561122998453250e-01
9.893826344952463270e-01
9.894220203499066724e-01
9.894740151843580689e-01
9.895382693971412902e-01
9.896143332984108643e-01
9.897016521723509541e-01
9.897995616051550316e-01
9.899072831104885895e-01
9.900239200784797244e-01
9.901484540675186130e-01
9.902797414507227280e-01
9.904165104210713721e-01
9.905573583512183866e-01
9.907007494961280747e-01
9.908450130192292260e-01
9.909883413159900067e-01
9.911287886029030991e-01
9.912642697350229071e-01
9.913925592115239160e-01
9.915112903263588739e-01
9.916179544199962281e-01
9.917099001884291942e-01
9.917843330071047792e-01
9.918383142300849498e-01
9.918687604285164605e-01
9.918724425372803521e-01
9.918459848844213278e-01
9.917858640845526041e-01
9.916884077848284740e-01
9.915497932602407305e-01
9.913660458639073081e-01
9.911330373476837652e-01
9.908464840788638872e-01
9.905019451899683691e-01
9.900948207106730070e-01
9.896203497438120777e-01
9.890736087610750848e-01
9.884495101084370683e-01
9.877428008263716697e-01
9.869480619053023762e-01
9.860597081122505214e-01
9.850719885398705467e-01
9.839789880435829694e-01
9.827746297457973235e-01
9.814526787977310152e-01
9.800067475984753917e-01
9.784303026771972167e-01
9.767166734471668388e-01
9.748590630392159895e-01
9.728505614169191684e-01
9.706841609660041836e-01
9.683527747361513338e-01
9.658492574944395059e-01
9.631664297264114216e-01
9.602971046933176380e-01
9.572341186229184062e-01
9.539703640767042137e-01
9.504988264990282820e-01
9.468126239139097455e-01
9.429050496937062542e-01
9.387696182809516232e-01
9.344001137009216862e-01
9.297906406584007799e-01
9.249356779681549012e-01
9.198301340252378333e-01
9.144694039789384998e-01
9.088494282334251828e-01
9.029667518594458597e-01
8.968185844653701055e-01
8.904028600429462204e-01
8.837182962740254277e-01
8.767644527597424631e-01
8.695417876138896718e-01
8.620517118480556240e-01
8.542966409680925466e-01
8.462800432001589268e-01
8.380064837703492531e-01
8.294816646751435041e-01
8.207124594007220164e-01
8.117069420776792388e-01
8.024744105936345573e-01
7.930254032293819755e-01
7.833717084339544279e-01
7.735263674095687048e-01
7.635036692379261192e-01
7.533191383436316224e-01
7.429895141573328310e-01
7.325327229092388759e-01
7.219678415515669023e-01
7.113150538748733709e-01
7.005955989469094813e-01
6.898317120625003795e-01
6.790465584481271133e-01
6.682641600147758432e-01
6.575093154968589815e-01
6.468075143535824134e-01
6.361848448422813274e-01
6.256678967014701609e-01
6.152836589053882754e-01
6.050594129725270776e-01
5.950226223290216998e-01
5.852008182447699935e-01
5.756214828767458602e-01
5.663119299708980758e-01
5.572991837919369917e-01
5.486098568695421118e-01
5.402700271702116641e-01
5.323051153258687718e-01
5.247397625730716442e-01
5.175977100794013630e-01
5.109016803555127550e-01
5.046732614711721965e-01
4.989327948103150501e-01
4.936992671122927279e-01
4.889902075529862779e-01
4.848215906190609381e-01
4.812077455204358811e-01
4.781612728692183900e-01
4.756929693273929116e-01
4.738117608902069344e-01
4.725246454274648622e-01
4.718366450511107812e-01
4.717507688151394429e-01
4.722679861837005832e-01
4.733872116262597407e-01
4.751053006158801884e-01
4.774170572192036888e-01
4.803152533757452103e-01
4.837906598707668593e-01
4.878320889113937353e-01
4.924264481207485389e-01
4.975588056706792273e-01
5.032124661808718979e-01
5.093690569216303698e-01
5.160086237699081924e-01
5.231097362839620679e-01
5.306496011818916392e-01
5.386041834338305412e-01
5.469483341074183880e-01
5.556559240419816081e-01
5.646999823694330845e-01
5.740528388500087953e-01
5.836862689495151413e-01
5.935716405526292316e-01
6.036800611849494347e-01
6.139825246057224462e-01
6.244500556343606235e-01
6.350538520875881332e-01
6.457654227308684547e-01
6.565567201878337311e-01
6.674002678048385206e-01
6.782692795341281888e-01
6.891377719778100097e-01
6.999806678250175551e-01
7.107738900149893624e-01
7.214944460678749394e-01
7.321205021410884806e-01
7.426314464900725110e-01
7.530079421363136127e-01
7.632319686702120354e-01
7.732868532397819683e-01
7.831572908960051649e-01
7.928293545799498521e-01
8.022904951435991805e-01
8.115295318940243252e-01
8.205366342376199107e-01
8.293032950763796762e-01
8.378222966707189467e-01
8.460876697325219187e-01
8.540946465475580673e-01
8.618396089481733524e-01
8.693200319654776909e-01
8.765344239856375230e-01
8.834822642181767716e-01
8.901639382563636405e-01
8.965806724720702947e-01
9.027344679412687700e-01
9.086280345430719496e-01
9.142647258164785518e-01
9.196484750963126453e-01
9.247837333848115682e-01
9.296754093494035143e-01
9.343288117718113739e-01
9.387495947099876448e-01
9.429437055736120676e-01
9.469173362569019980e-01
9.506768774200129446e-01
9.542288759628820838e-01
9.575799956933377377e-01
9.607369811548240879e-01
9.637066245481660243e-01
9.664957356562766666e-01
9.691111146603247350e-01
9.715595277202255797e-01
9.738476851809947377e-01
9.759822222589601415e-01
9.779696820575760619e-01
9.798165007610828425e-01
9.815289948549917876e-01
9.831133502248882161e-01
9.845756129888912911e-01
9.859216819239398077e-01
9.871573023515622936e-01
9.882880613547223581e-01
9.893193842035103991e-01
9.902565318737835964e-01
9.911045995492433480e-01
9.918685160038750448e-01
9.925530437681158169e-01
9.931627799885859309e-01
9.937021578976861225e-01
9.941754488158138781e-01
9.945867646153474517e-01
9.949400605817987353e-01
9.952391386135776008e-01
9.954876507075139935e-01
9.956891026825407387e-01
9.958468580986342689e-01
9.959641423321436982e-01
9.960440467719413604e-01
9.960895331033675637e-01
9.961034376487339914e-01
9.960884757342610696e-01
9.960472460538619677e-01
9.959822350003106894e-01
9.958958209342260171e-01
9.957902783611781716e-01
9.956677819872848945e-01
9.955304106241096296e-01
9.953801509146726900e-01
9.952189008540642812e-01
9.950484730805927436e-01
9.948705979166159175e-01
9.946869261421869002e-01
9.944990314892736549e-01
9.943084128494946716e-01
9.941164961938447897e-01
9.939246362086078257e-01
9.937341176573436519e-01
9.935461564843043325e-01
9.933619006796854389e-01
9.931824309315927524e-01
9.930087610933598929e-01
9.928418384977897304e-01
9.926825441519488979e-01
9.925316928472963651e-01
9.923900332201847085e-01
9.922582477971865211e-01
9.921369530583463714e-01
9.920266995494416706e-01
9.919279720717787407e-01
9.918411899750785299e-01
9.917667075757661266e-01
9.917048147195872687e-01
9.916557375040671030e-01
9.916196391729986681e-01
9.915966211919823303e-01
9.915867245110988604e-01
9.915899310181076620e-01
9.916061651831374890e-01
9.916352958936578421e-01
9.916771384765528108e-01
9.917314569023318871e-01
9.917979661648423928e-01
9.918763348282686465e-01
9.919661877316614529e-01
9.920671088397265969e-01
9.921786442271046669e-01
9.923003051819027087e-01
9.924315714128251198e-01
9.925718943429325813e-01
9.927207004718833216e-01
9.928773947875277894e-01
9.930413642069876312e-01
9.932119810268853488e-01
9.933886063622253682e-01
9.935705935535782407e-01
9.937572915226606796e-01
9.939480480571311061e-01
9.941422130063830576e-01
9.943391413712698856e-01
9.945381962719965774e-01
9.947387517797996459e-01
9.949401955994736646e-01
9.951419315912500840e-01
9.953433821219589417e-01
9.955439902368058425e-01
9.957432216444542794e-01
9.959405665094345217e-01
9.961355410472155780e-01
9.963276889185826990e-01
9.965165824212952606e-01
9.967018234783509012e-01
9.968830444235842192e-01
9.970599085867695166e-01
9.972321106818753389e-01
9.973993770036274631e-01
9.975614654390417835e-01
9.977181653020570362e-01
9.978692970007980723e-01
9.980147115482695952e-01
9.981542899283771808e-01
9.982879423300384802e-01
9.984156072627289324e-01
9.985372505670682131e-01
9.986528643339498412e-01
9.987624657452449650e-01
9.988660958482645791e-01
9.989638182749837059e-01
9.990557179155554746e-01
9.991418995539725900e-01
9.992224864719539967e-01
9.992976190253824997e-01
9.993674531960223817e-01
9.994321591199369914e-01
9.994919195931395439e-01
9.995469285546368932e-01
9.995973895472483051e-01
9.996435141574203653e-01
9.996855204366996706e-01
9.997236313094944871e-01
9.997580729741385452e-01
9.997890733069005886e-01
