9.997974833933996885e-01
9.997680065021761209e-01
9.997353129621258105e-01
9.996991980841744008e-01
9.996594595066816691e-01
9.996158984931656777e-01
9.995683211776429378e-01
9.995165397469177870e-01
9.994603735527629595e-01
9.993996501503723540e-01
9.993342062625480970e-01
9.992638886716733726e-01
9.991885550435174457e-01
9.991080746882773367e-01
9.990223292649893505e-01
9.989312134355839978e-01
9.988346354744964684e-01
9.987325178389832026e-01
9.986247977042568280e-01
9.985114274663565714e-01
9.983923752144291397e-01
9.982676251729177830e-01
9.981371781131156418e-01
9.980010517326965980e-01
9.978592810012331116e-01
9.977119184693558074e-01
9.975590345391079916e-01
9.974007176931773966e-01
9.972370746810234055e-01
9.970682306604242706e-01
9.968943292936024436e-01
9.967155327978082235e-01
9.965320219510038768e-01
9.963439960540536600e-01
9.961516728515411589e-01
9.959552884139631912e-01
9.957550969845540001e-01
9.955513707943259849e-01
9.953443998490489886e-01
9.951344916917923555e-01
9.949219711443044734e-01
9.947071800298818989e-01
9.944904768794776695e-01
9.942722366216302232e-01
9.940528502553566126e-01
9.938327245034952462e-01
9.936122814421247673e-01
9.933919580996912746e-01
9.931722060173968636e-01
9.929534907603136951e-01
9.927362913666566424e-01
9.925210997207615238e-01
9.923084198336399320e-01
9.920987670135982261e-01
9.918926669083731884e-01
9.916906543996183432e-01
9.914932723303874207e-01
9.913010700465628711e-01
9.911146017339321768e-01
9.909344245338530532e-01
9.907610964221014171e-01
9.905951738375587956e-01
9.904372090497882697e-01
9.902877472572363393e-01
9.901473234107183163e-01
9.900164587599478150e-01
9.898956571241286362e-01
9.897854008909906520e-01
9.896861467521245181e-01
9.895983211860243101e-01
9.895223157038814943e-01
9.894584818768819012e-01
9.894071261675049245e-01
9.893685045910921572e-01
9.893428172376571572e-01
9.893302026874857269e-01
9.893307323573875545e-01
9.893444048173943850e-01
9.893711401200689926e-01
9.894107741862642191e-01
9.894630532919599375e-01
9.895276287005948523e-01
9.896040514839711255e-01
9.896917675722890495e-01
9.897901130701545203e-01
9.898983098705363970e-01
9.900154615927507784e-01
9.901405498637735336e-01
9.902724309547541459e-01
9.904098327767608678e-01
9.905513522318182273e-01
9.906954529074724070e-01
9.908404630957139414e-01
9.909845741103514571e-01
9.911258388710724176e-01
9.912621707176320074e-01
9.913913424139833008e-01
9.915109852998054141e-01
9.916185885457995397e-01
9.917114984693305990e-01
9.917869178684162179e-01
9.918419053346743119e-01
9.918733745095207333e-01
9.918780932526043426e-01
9.918526826970667232e-01
9.917936161726746969e-01
9.916972179851182290e-01
9.915596620477804546e-01
9.913769703710455516e-01
9.911450114237373432e-01
9.908594983915899324e-01
9.905159873687824357e-01
9.901098755305486332e-01
9.896363993477103049e-01
9.890906329176545331e-01
9.884674865007189171e-01
9.877617053660187052e-01
9.869678690662437859e-01
9.860803912765839785e-01
9.850935203483256464e-01
9.840013407423562342e-01
9.827977755213003208e-01
9.814765900907272966e-01
9.800313973892419428e-01
9.784556647337276925e-01
9.767427225290213899e-01
9.748857750504241748e-01
9.728779135023128966e-01
9.707121315464901645e-01
9.683813434796776365e-01
9.658784052207444182e-01
9.631961382450101583e-01
9.603273565755495733e-01
9.572648969101958949e-01
9.540016519283380791e-01
9.505306067841097217e-01
9.468448787526894117e-01
9.429377599546920896e-01
9.388027630405476609e-01
9.344336696728453573e-01
9.298245816003551933e-01
9.249699740733138276e-01
9.198647513060528302e-01
9.145043036506271816e-01
9.088845661042858071e-01
9.030020777348999328e-01
8.968540415723896819e-01
8.904383844813138493e-01
8.837538165007070567e-01
8.767998891125519112e-01
8.695770518805787663e-01
8.620867068869735306e-01
8.543312603866024535e-01
8.463141710970474296e-01
8.380399945485024205e-01
8.295144229307296335e-01
8.207443198950205021e-01
8.117377497974571643e-01
8.025040009056066959e-01
7.930536021337658559e-01
7.833983329214264657e-01
7.735512259250856282e-01
7.635265622538605079e-01
7.533398590435363973e-01
7.430078492304227344e-01
7.325484534543740267e-01
7.219807440882073379e-01
7.113249014571705331e-01
7.006021623758458272e-01
6.898347611898298926e-01
6.790458635648268793e-01
6.682594933158054751e-01
6.575004526132843807e-01
6.467942359425133958e-01
6.361669382246579740e-01
6.256451575374397667e-01
6.152558928968807628e-01
6.050264375826421848e-01
5.949842685079197446e-01
5.851569321519833888e-01
5.755719275900906817e-01
5.662565871725181443e-01
5.572379554224051734e-01
5.485426667413748625e-01
5.401968225326116979e-01
5.322258683729681472e-01
5.246544718883980885e-01
5.175064020097037698e-01
5.108044103074260711e-01
5.045701151244685878e-01
4.988238892415918224e-01
4.935847518229216080e-01
4.888702653948771015e-01
4.846964386113108425e-01
4.810776355491594991e-01
4.780264922618167045e-01
4.755538412911795021e-01
4.736686448037163988e-01
4.723779369709457665e-01
4.716867761607385079e-01
4.715982074434317273e-01
4.721132358466456624e-01
4.732308107158665900e-01
4.749478214554151423e-01
4.772591048374285050e-01
4.801574639762231644e-01
4.836336989728687863e-01
4.876766491411919091e-01
4.922732466326315004e-01
4.974085811843270699e-01
5.030659756232613855e-01
5.092270716699265343e-01
5.158719254983916702e-01
5.229791124264266955e-01
5.305258400299743826e-01
5.384880689013213928e-01
5.468406402004251099e-01
5.555574090845821766e-01
5.646113830437999859e-01
5.739748641185942191e-01
5.836195939344048789e-01
5.935169004533107362e-01
6.036378453202211336e-01
6.139533706680808667e-01
6.244344442457852029e-01
6.350522017441553313e-01
6.457780852199639376e-01
6.565839765560765873e-01
6.674423249472276609e-01
6.783262674655854418e-01
6.892097418375159323e-01
7.000675906519489011e-01
7.108756563202451861e-01
7.216108662160356513e-01
7.322513075393544124e-01
7.427762915705915514e-01
7.531664071042849518e-01
7.634035629782958132e-01
7.734710197383326546e-01
7.833534105988894103e-01
7.930367519773444673e-01
8.025084439863449104e-01
8.117572613688776029e-01
8.207733354491346667e-01
8.295481277491487671e-01
8.380743959852595681e-01
8.463461532091089978e-01
8.543586208947034910e-01
8.621081767960860898e-01
8.695922984095683095e-01
8.768095028708254857e-01
8.837592841012407163e-01
8.904420479907146913e-01
8.968590463669529056e-01
9.030123104553595681e-01
9.089045844806199481e-01
9.145392600023533047e-01
9.199203115144873877e-01
9.250522337727761224e-01
9.299399812486606187e-01
9.345889100418689477e-01
9.390047225200067738e-01
9.431934148920512184e-01
9.471612278650136663e-01
9.509146004798688656e-01
9.544601271746731008e-01
9.578045180799906744e-01
9.609545625144860770e-01
9.639170956168332527e-01
9.666989680238033955e-01
9.693070184832632830e-01
9.717480492744764442e-01
9.740288042961204873e-01
9.761559496743124065e-01
9.781360567381698345e-01
9.799755872084875419e-01
9.816808804454898452e-01
9.832581426038414785e-01
9.847134375467446743e-01
9.860526793756477781e-01
9.872816264375332551e-01
9.884058766776993021e-01
9.894308642122203734e-01
9.903618570007471922e-01
9.912039555068991037e-01
9.919620922401888308e-01
9.926410320801520859e-01
9.932453732901478372e-01
9.937795491351099075e-01
9.942478300243412503e-01
9.946543261072013919e-01
9.950029902561504658e-01
9.952976213779979320e-01
9.955418680002282583e-01
9.957392320848228451e-01
9.958930730269465181e-01
9.960066118001101865e-01
9.960829352128934833e-01
9.961250002449721919e-01
9.961356384320709800e-01
9.961175602706028309e-01
9.960733596133025669e-01
9.960055180272490150e-01
9.959164090855120444e-01
9.958083025634532071e-01
9.956833685106838416e-01
9.955436811700287825e-01
9.953912227157452053e-01
9.952278867848288746e-01
9.950554817775885130e-01
9.948757339068162731e-01
9.946902899787803953e-01
9.945007198938509152e-01
9.943085188596956225e-01
9.941151093154871887e-01
9.939218425712579297e-01
9.937300001722140230e-01
9.935407950032831836e-01
9.933553721542212056e-01
9.931748095700828616e-01
9.930001185156327459e-01
9.928322438852223986e-01
9.926720643917447129e-01
9.925203926694466938e-01
9.923779753256753988e-01
9.922454929760725628e-01
9.921235602964199041e-01
9.920127261223523618e-01
9.919134736256395302e-01
9.918262205927963482e-01
9.917513198285802245e-01
9.916890597035700194e-01
9.916396648616434550e-01
9.916032970998570617e-01
9.915800564300855102e-01
9.915699823288358639e-01
9.915730551789598834e-01
9.915891979045404758e-01
9.916182777980224738e-01
9.916601085366486545e-01
9.917144523834185987e-01
9.917810225660569357e-01
9.918594858258211744e-01
9.919494651263570661e-01
9.920505425112137177e-01
9.921622620970450557e-01
9.922841331879754811e-01
9.924156334951196312e-01
9.925562124438680467e-01
9.927052945503288539e-01
9.928622828473095963e-01
9.930265623394747276e-01
9.931975034668660829e-01
9.933744655558498504e-01
9.935568002367574092e-01
9.937438548080085310e-01
9.939349755273214626e-01
9.941295108116698920e-01
9.943268143289056837e-01
9.945262479653620424e-01
9.947271846552299124e-01
9.949290110590159886e-01
9.951311300798971748e-01
9.953329632082573708e-01
9.955339526861104460e-01
9.957335634844749483e-01
9.959312850880767121e-01
9.961266330830319538e-01
9.963191505444248808e-01
9.965084092219582690e-01
9.966940105231497649e-01
9.968755862948771584e-01
9.970527994054555476e-01
9.972253441308546185e-01
9.973929463501233217e-01
9.975553635565569399e-01
9.977123846925921580e-01
9.978638298177987531e-01
9.980095496206090600e-01
9.981494247855304813e-01
9.982833652284697212e-01
9.984113092134044853e-01
9.985332223639215021e-01
9.986490965830697730e-01
9.987589488945282090e-01
9.988628202172705750e-01
9.989607740847455952e-01
9.990528953181373462e-01
9.991392886616053959e-01
9.992200773856367846e-01
9.992954018628853463e-01
9.993654181192747066e-01
9.994302963618237889e-01
9.994902194837507192e-01
9.995453815470287662e-01
9.995959862427667986e-01
9.996422453306170741e-01
9.996843770598331513e-01
9.997226045765648106e-01
9.997571543243457537e-01
9.997882544473583044e-01
