9.997974620738149243e-01
9.997679818865983226e-01
9.997352846352725031e-01
9.996991655898773699e-01
9.996594223447686778e-01
9.996158561161608835e-01
9.995682729872999994e-01
9.995164850906101961e-01
9.994603117197695674e-01
9.993995803681062773e-01
9.993341276927919514e-01
9.992638004068958857e-01
9.991884561033590462e-01
9.991079640163023079e-01
9.990222057258113519e-01
9.989310758124779754e-01
9.988344824676119726e-01
9.987323480642752438e-01
9.986246096932450689e-01
9.985112196668156637e-01
9.983921459921025754e-01
9.982673728143309777e-01
9.981369008295457590e-01
9.980007476653379728e-01
9.978589482275701528e-01
9.977115550107354958e-01
9.975586383694767800e-01
9.974002867489245583e-01
9.972366068718500065e-01
9.970677238811359588e-01
9.968937814367054839e-01
9.967149417667743316e-01
9.965313856740568577e-01
9.963433124983226419e-01
9.961509400374221057e-01
9.959545044295300409e-01
9.957542599998622235e-01
9.955504790754604594e-01
9.953434517717738572e-01
9.951334857546756396e-01
9.949209059812001987e-01
9.947060544216684841e-01
9.944892897649662000e-01
9.942709871075724459e-01
9.940515376254971391e-01
9.938313482266294407e-01
9.936108411791395589e-01
9.933904537095802345e-01
9.931706375622585403e-01
9.929518585093550787e-01
9.927345957992425030e-01
9.925193415285625820e-01
9.923065999219514710e-01
9.920968865019129668e-01
9.918907271303116779e-01
9.916886569023282139e-01
9.914912188735401921e-01
9.912989626010806354e-01
9.911124424805874966e-01
9.909322158618802945e-01
9.907588409279578512e-01
9.905928743239590384e-01
9.904348685251194162e-01
9.902853689354358391e-01
9.901449107116644388e-01
9.900140153103766938e-01
9.898931867590463618e-01
9.897829076555074712e-01
9.896836349035891267e-01
9.895957951962907062e-01
9.895197802614993376e-01
9.894559418889654623e-01
9.894045867610062883e-01
9.893659711131850276e-01
9.893402952549312790e-01
9.893276979836522766e-01
9.893282509292146143e-01
9.893419528686121511e-01
9.893687240530243399e-01
9.894084005911412127e-01
9.894607289334338418e-01
9.895253605018343723e-01
9.896018465079529092e-01
9.896896330004355535e-01
9.897880561783458653e-01
9.898963380025831427e-01
9.900135821314407503e-01
9.901387701996254842e-01
9.902707584526239115e-01
9.904082747404516773e-01
9.905499158668521487e-01
9.906941452821784733e-01
9.908392911007962711e-01
9.909835444171046781e-01
9.911249578884292477e-01
9.912614445482474945e-01
9.913907768095961970e-01
9.915105856161581244e-01
9.916183596974523784e-01
9.917114448847639263e-01
9.917870434458841977e-01
9.918422133993368695e-01
9.918738677724506791e-01
9.918787737723205877e-01
9.918535518442954668e-01
9.917946745990674495e-01
9.916984655966681883e-01
9.915610979836636529e-01
9.913785929885728931e-01
9.911468182900365909e-01
9.908614862825403380e-01
9.905181522756026924e-01
9.901122126742931684e-01
9.896389032017606224e-01
9.890932972381129007e-01
9.884703043644166298e-01
9.877646692156535346e-01
9.869709707619691574e-01
9.860836221531827928e-01
9.850968712769303526e-01
9.840048021955255519e-01
9.828013376401351087e-01
9.814802427526155837e-01
9.800351302747586368e-01
9.784594673911912732e-01
9.767465844352257731e-01
9.748896856661167787e-01
9.728818623210828687e-01
9.707161081358631760e-01
9.683853375133778529e-01
9.658824065012773241e-01
9.632001367159431782e-01
9.603313423231019108e-01
9.572688601539977027e-01
9.540055830014726457e-01
9.505344961027960560e-01
9.468487167761957535e-01
9.429415371362857012e-01
9.388064697704685546e-01
9.344372962144460448e-01
9.298281180206677821e-01
9.249734101693850574e-01
9.198680765284286132e-01
9.145075070253829708e-01
9.088876361549707017e-01
9.030050024057176827e-01
8.968568081538728087e-01
8.904409795396660554e-01
8.837562258119050496e-01
8.768020976022129487e-01
8.695790435705237353e-01
8.620884648493443159e-01
8.543327667063402853e-01
8.463154068434949329e-01
8.380409397568616692e-01
8.295150565940896392e-01
8.207446199676456944e-01
8.117376932100205389e-01
8.025035635930214406e-01
7.930527590762406209e-01
7.833970581993194848e-01
7.735494927880628424e-01
7.635243432047719159e-01
7.533371259373097262e-01
7.430045733881321945e-01
7.325446057924845933e-01
7.219762952628181463e-01
7.113198220228919011e-01
7.005964229587513525e-01
6.898283326737313370e-01
6.790387172899325918e-01
6.682516012886623447e-01
6.574917877267332234e-01
6.467847722042814329e-01
6.361566509930959290e-01
6.256340237628482681e-01
6.152438913668278886e-01
6.050135491696579937e-01
5.949704764179697403e-01
5.851422221721528372e-01
5.755562883339764291e-01
5.662400103218854230e-01
5.572204359637555893e-01
5.485242031961723441e-01
5.401774171799835766e-01
5.322055274638353151e-01
5.246332058500481343e-01
5.174842256399424523e-01
5.107813429575110975e-01
5.045461808701048323e-01
4.987991170413350606e-01
4.935591756633537219e-01
4.888439244219442426e-01
4.846693772471774020e-01
4.810499035938751167e-01
4.779981449789793002e-01
4.755249394766247750e-01
4.736392548360526256e-01
4.723481308424853919e-01
4.716566314870692667e-01
4.715678074495150973e-01
4.720826693269309926e-01
4.732001719655115624e-01
4.749172101692825665e-01
4.772286259731638447e-01
4.801272275773702525e-01
4.836038199477326049e-01
4.876472469930285270e-01
4.922444451367313789e-01
4.973805080077369212e-01
5.030387618832448116e-01
5.092008514278334452e-01
5.158468351864029522e-01
5.229552902056384678e-01
5.305034250795195305e-01
5.384672006396329369e-01
5.468214574413378104e-01
5.555400491326583090e-01
5.645959807350569015e-01
5.739615508146147516e-01
5.836084964795698049e-01
5.935081401065653850e-01
6.036315366742780464e-01
6.139496205702515974e-01
6.244333507356312207e-01
6.350538530238183377e-01
6.457825586733814127e-01
6.565913378332075556e-01
6.674526271289904500e-01
6.783395503243565550e-01
6.892260312068485550e-01
7.000868979176189111e-01
7.108979780428907880e-01
7.216361838935605455e-01
7.322795875149674671e-01
7.428074850899470949e-01
7.532004505226812530e-01
7.634403781164015301e-01
7.735105143824746454e-01
7.833954791396029460e-01
7.930812761777373820e-01
8.025552938698728989e-01
8.118062962144240169e-01
8.208244048798649661e-01
8.296010729004570372e-01
8.381290507362932907e-01
8.464023454618134767e-01
8.544161738840867493e-01
8.621669104154431329e-01
8.696520305347081869e-01
8.768700506679023565e-01
8.838204653035579561e-01
8.905036821308415229e-01
8.969209559516241326e-01
9.030743220719062991e-01
9.089665298250551029e-01
9.146009768207042923e-01
9.199816444504844704e-01
9.251130351165510746e-01
9.300001115826629361e-01
9.346482387817334203e-01
9.390631283495990411e-01
9.432507860933377897e-01
9.472174625447529195e-01
9.509696066963625460e-01
9.545138229689547060e-01
9.578568314168336428e-01
9.610054311394931048e-01
9.639664668365984790e-01
9.667467984167247286e-01
9.693532735490201224e-01
9.717927030304760461e-01
9.740718388293593266e-01
9.761973546571033333e-01
9.781758289160589204e-01
9.800137298684356013e-01
9.817174028720367929e-01
9.832930595305160448e-01
9.847467686094472095e-01
9.860844485741288024e-01
9.873118616104356038e-01
9.884346089959377135e-01
9.894581276947599369e-01
9.903876880561175433e-01
9.912283925030705989e-01
9.919851751047373822e-01
9.926628019319790885e-01
9.932658721033993388e-01
9.937988194353676308e-01
9.942659146166492601e-01
9.946712678350414505e-01
9.950188317901038637e-01
9.953124050325197203e-01
9.955556355767226639e-01
9.957520247390408974e-01
9.959049311586190001e-01
9.960175749626888342e-01
9.960930420412819064e-01
9.961342883991863850e-01
9.961441445548642193e-01
9.961253199572193129e-01
9.960804073916698087e-01
9.960118873470856782e-01
9.959221323149929361e-01
9.958134109922476274e-01
9.956878923583418750e-01
9.955476495988455632e-01
9.953946638473706310e-01
9.952308277200123676e-01
9.950579486185555655e-01
9.948777517818563343e-01
9.946918830687015989e-01
9.945019114600071042e-01
9.943093312733332079e-01
9.941155640881872424e-01
9.939219603862649022e-01
9.937298009164517998e-01
9.935402977998611940e-01
9.933545953952286345e-01
9.931737709494636857e-01
9.929988350619227688e-01
9.928307319939220221e-01
9.926703398570877468e-01
9.925184707153200669e-01
9.923758706354337544e-01
9.922432197209929416e-01
9.921211321625379442e-01
9.920101563354311036e-01
9.919107749740304625e-01
9.918234054479748707e-01
9.917484001631599044e-01
9.916860471066354377e-01
9.916365705512816264e-01
9.916001319328163754e-01
9.915768309085435384e-01
9.915667066043194477e-01
9.915697390535236355e-01
9.915858508293758922e-01
9.916149088697360225e-01
9.916567264915108204e-01
9.917110655899464833e-01
9.917776390163434153e-01
9.918561131260661412e-01
9.919461104870892498e-01
9.920472127377050198e-01
9.921589635804224372e-01
9.922808718975197895e-01
9.924124149722078903e-01
9.925530417979685494e-01
9.927021764573932261e-01
9.928592215508301733e-01
9.930235616543867661e-01
9.931945667863800731e-01
9.933715958612010510e-01
9.935540001097620255e-01
9.937411264462232552e-01
9.939323207615196054e-01
9.941269311252768359e-01
9.943243108789824314e-01
9.945238216046877744e-01
9.947248359550184826e-01
9.949267403318048375e-01
9.951289374021677903e-01
9.953308484423863955e-01
9.955319155013051535e-01
9.957316033764092023e-01
9.959294013970191317e-01
9.961248250103298396e-01
9.963174171672841695e-01
9.965067495065272896e-01
9.966924233359785168e-01
9.968740704128709051e-01
9.970513535244855952e-01
9.972239668732090223e-01
9.973916362709980277e-01
9.975541191497842020e-01
9.977112043957964138e-01
9.978627120171488230e-01
9.980084926553103308e-01
9.981484269521744279e-01
9.982824247853240296e-01
9.984104243847007343e-01
9.985323913441681576e-01
9.986483175413973790e-01
9.987582199790567827e-01
9.988621395594758923e-01
9.989601398037979418e-01
9.990523055251846474e-01
9.991387414639782971e-01
9.992195708909590302e-01
9.992949341830864585e-01
9.993649873745095169e-01
9.994299006843142541e-01
9.994898570215773326e-01
9.995450504678986547e-01
9.995956847377933663e-01
9.996419716181390580e-01
9.996841293892994029e-01
9.997223812324959047e-01
9.997569536303742010e-01
9.997880747703320470e-01
