9.997974732926171448e-01
9.997679948327383714e-01
9.997352995245015750e-01
9.996991826587738883e-01
9.996594418522629644e-01
9.996158783451457586e-01
9.995682982463197641e-01
9.995165137156172275e-01
9.994603440759293189e-01
9.993996168516280365e-01
9.993341687327549350e-01
9.992638464670333676e-01
9.991885076837579982e-01
9.991080216549705906e-01
9.990222700000603862e-01
9.989311473400647179e-01
9.988345619075832404e-01
9.987324361174574339e-01
9.986247071023244271e-01
9.985113272159571451e-01
9.983922645060621104e-01
9.982675031570232838e-01
9.981370439020382790e-01
9.980009044032508436e-01
9.978591195978770978e-01
9.977117420079676391e-01
9.975588420113469246e-01
9.974005080713992388e-01
9.972368469237102850e-01
9.970679837180753680e-01
9.968940621150262915e-01
9.967152443367464087e-01
9.965317111730140898e-01
9.963436619435723784e-01
9.961513144190468072e-01
9.959549047031602820e-01
9.957546870794995453e-01
9.955509338264236785e-01
9.953439350038401079e-01
9.951339982154807640e-01
9.949214483499573269e-01
9.947066273032549866e-01
9.944898936844249748e-01
9.942716225050611811e-01
9.940522048517158593e-01
9.938320475387458774e-01
9.936115727372248907e-01
9.933912175735607475e-01
9.931714336893795458e-01
9.929526867521474287e-01
9.927354559039720527e-01
9.925202331341379525e-01
9.923075225592539184e-01
9.920978395935083904e-01
9.918917099904932533e-01
9.916896687374342489e-01
9.914922587824843703e-01
9.913000295760263647e-01
9.911135354076974213e-01
9.909333335220684713e-01
9.907599819975778654e-01
9.905940373753631123e-01
9.904360520270356627e-01
9.902865712531212505e-01
9.901461301068068543e-01
9.900152499407395279e-01
9.898944346778696390e-01
9.897841668107018043e-01
9.896849031367831451e-01
9.895970702418148690e-01
9.895210597454127122e-01
9.894572233282461493e-01
9.894058675630454935e-01
9.893672485757317725e-01
9.893415665666396297e-01
9.893289602253815263e-01
9.893295010762263031e-01
9.893431877937931551e-01
9.893699405312500472e-01
9.894095953048697156e-01
9.894618984795988670e-01
9.895265014000803605e-01
9.896029552102280080e-01
9.896907059019385278e-01
9.897890896297985019e-01
9.898973283237832987e-01
9.900145256260363125e-01
9.901396631710419616e-01
9.902715972210666129e-01
9.904090556609067564e-01
9.905506353480016957e-01
9.906947998061511607e-01
9.908398772436673996e-01
9.909840588700605801e-01
9.911253974795010135e-01
9.912618062645107697e-01
9.913910578197155932e-01
9.915107832931358001e-01
9.916184716414128131e-01
9.917114689455792664e-01
9.917869777454095814e-01
9.918420563529932732e-01
9.918736181098603000e-01
9.918784305566692439e-01
9.918531144900745167e-01
9.917941428878315202e-01
9.916978396904411186e-01
9.915603784356282757e-01
9.913777807507058171e-01
9.911459147173768969e-01
9.908604931338319544e-01
9.905170717101093869e-01
9.901110472446595923e-01
9.896376558428728876e-01
9.890919712520049867e-01
9.884689034013639519e-01
9.877631972516930370e-01
9.869694320731824400e-01
9.860820212871714840e-01
9.850952130219986502e-01
9.840030915481597917e-01
9.827995797714350612e-01
9.814784429743752536e-01
9.800332940059296449e-01
9.784576001254711164e-01
9.767446917105060411e-01
9.748877730365004268e-01
9.728799353321330168e-01
9.707141723036796233e-01
9.683833983080165630e-01
9.658804693349318793e-01
9.631982069361942900e-01
9.603294252114271679e-01
9.572669609296075022e-01
9.540037068304112466e-01
9.505326481121275650e-01
9.468469020729765040e-01
9.429397608309173506e-01
9.388047370039352968e-01
9.344356121888641731e-01
9.298264880325126658e-01
9.249718396447259572e-01
9.198665710594773337e-01
9.145060724076610192e-01
9.088862784244091664e-01
9.030037278750335794e-01
8.968556234475961730e-01
8.904398916272382447e-01
8.837552420383091301e-01
8.768012257156463374e-01
8.695782917466603479e-01
8.620878417117727732e-01
8.543322813427937090e-01
8.463150688175121727e-01
8.380407591145355717e-01
8.295150438655718439e-01
8.207447861630879915e-01
8.117380498096362640e-01
8.025041225309712534e-01
7.930535327180540106e-01
7.833980593125949854e-01
7.735507345062193618e-01
7.635258389836676596e-01
7.533388895046057021e-01
7.430066186853410137e-01
7.325469469097225517e-01
7.219789463663668361e-01
7.113227972757658613e-01
7.005997364345605272e-01
6.898319982642252546e-01
6.790427486066981100e-01
6.682560115595300720e-01
6.574965896875251126e-01
6.467899779865856624e-01
6.361622720088069283e-01
6.256400705862419365e-01
6.152503736149559366e-01
6.050204753818568815e-01
5.949778539352610363e-01
5.851500570173000515e-01
5.755645850929264062e-01
5.662487720272897374e-01
5.572296639812193142e-01
5.485338971138289388e-01
5.401875747019548868e-01
5.322161443080695165e-01
5.246442756509933636e-01
5.174957398564559163e-01
5.107932907863710348e-01
5.045585491654531740e-01
4.988118902403444466e-01
4.935723357184081950e-01
4.888574507396112878e-01
4.846832466342636536e-01
4.810640902108991313e-01
4.780126203014370967e-01
4.755396722645204299e-01
4.736542111122548082e-01
4.723632738806232689e-01
4.716719218098218702e-01
4.715832028383374341e-01
4.720981248444551248e-01
4.732156399920646184e-01
4.749326404551671432e-01
4.772439657085445486e-01
4.801424214817673342e-01
4.836188103812677497e-01
4.876619740916160461e-01
4.922588469734329175e-01
4.973945207824043147e-01
5.030523201423990898e-01
5.092138883164526453e-01
5.158592827328976060e-01
5.229670796407908107e-01
5.305144871895601799e-01
5.384774661529319051e-01
5.468308574473774719e-01
5.555485155311388201e-01
5.646034467120775169e-01
5.739679513419819745e-01
5.836137688323979056e-01
5.935122243935169184e-01
6.036343763740246171e-01
6.139511630671066200e-01
6.244335478468012735e-01
6.350526615103736505e-01
6.457799407268811631e-01
6.565872615299452875e-01
6.674470668440326548e-01
6.783324870979672294e-01
6.892174530564866286e-01
7.000768000894608267e-01
7.108863631977493380e-01
7.216230622231127878e-01
7.322649767853490754e-01
7.427914106109738679e-01
7.531829450422031780e-01
7.634214816405422432e-01
7.734902739237248248e-01
7.833739483958974681e-01
7.930585151467239857e-01
8.025313684035599859e-01
8.117812775202425390e-01
8.207983689748954426e-01
8.295741000261518394e-01
8.381012247414403316e-01
8.463737531617612220e-01
8.543869044043760352e-01
8.621370545279717357e-01
8.696216799944068709e-01
8.768392975576216886e-01
8.837894013944865845e-01
8.904723982652924530e-01
8.968895414544607592e-01
9.030428641962451319e-01
9.089351132371945585e-01
9.145696831284970685e-01
9.199505517786107367e-01
9.250822177313815509e-01
9.299696395686226635e-01
9.346181777703120863e-01
9.390335393014095366e-01
9.432217251329120256e-01
9.471889808470872474e-01
9.509417504236031826e-01
9.544866332550413501e-01
9.578303443974161002e-01
9.609796780239907577e-01
9.639414740189073960e-01
9.667225876207796720e-01
9.693298620051984393e-01
9.717701036786822177e-01
9.740500605445550075e-01
9.761764024930452699e-01
9.781557043630642045e-01
9.799944311211216119e-01
9.816989251031560393e-01
9.832753951672345005e-01
9.847299076086828418e-01
9.860683786938670981e-01
9.872965686742676272e-01
9.884200771484150660e-01
9.894443396455157025e-01
9.903746253110670139e-01
9.912160355813641743e-01
9.919735037404856515e-01
9.926517952601056072e-01
9.932555088292879253e-01
9.937890779882588843e-01
9.942567732869991293e-01
9.946627048962790596e-01
9.950108256054178701e-01
9.953049341474604628e-01
9.955486787985253772e-01
9.957455612036635317e-01
9.958989403865420309e-01
9.960120369045459832e-01
9.960879371143883665e-01
9.961295975160029403e-01
9.961398491443870240e-01
9.961214019802233643e-01
9.960768493506607646e-01
9.960086722917299573e-01
9.959192438437157735e-01
9.958108332505997140e-01
9.956856100346561655e-01
9.955456479176278961e-01
9.953929285607971966e-01
9.952293450978461076e-01
9.950567054367405184e-01
9.948767353100036459e-01
9.946910810566448324e-01
9.945013121235776188e-01
9.943089232794843912e-01
9.941153365395816177e-01
9.939219028054301353e-01
9.937299032296058598e-01
9.935405503205048117e-01
9.933549888076063095e-01
9.931742962919951623e-01
9.929994837107143368e-01
9.928314956464683316e-01
9.926712105162832644e-01
9.925194406739011876e-01
9.923769324609784670e-01
9.922443662416032817e-01
9.921223564533345751e-01
9.920114517059840376e-01
9.919121349568441603e-01
9.918248237881380769e-01
9.917498708092568060e-01
9.916875642029998605e-01
9.916381284316531097e-01
9.916017251154354284e-01
9.915784540926948498e-01
9.915683546683028426e-01
9.915714070539991543e-01
9.915875340019969508e-01
9.916166026309523041e-01
9.916584264413886851e-01
9.917127675158253775e-01
9.917793388971213320e-01
9.918578071368845395e-01
9.919477950041730718e-01
9.920488843431042314e-01
9.921606190664025160e-01
9.922825082703533583e-01
9.924140294551390129e-01
9.925546318331422979e-01
9.927037397065781033e-01
9.928607558947970535e-01
9.930250651908529846e-01
9.931960378264766964e-01
9.933730329244675472e-01
9.935554019177241791e-01
9.937424919146560232e-01
9.939336489915384654e-01
9.941282213934377054e-01
9.943255626265972147e-01
9.945250344265815778e-01
9.947260095879634223e-01
9.949278746428635856e-01
9.951300323771706813e-01
9.953319041747441531e-01
9.955329321813349841e-01
9.957325812813169197e-01
9.959303408816457814e-01
9.961257264987322113e-01
9.963182811451812837e-01
9.965075765146111930e-01
9.966932139640520827e-01
9.968748252947572386e-01
9.970520733336238894e-01
9.972246523188484923e-01
9.973922880948858927e-01
9.975547381232505728e-01
9.977117913171378305e-01
9.978632677092260650e-01
9.980090179632865599e-01
9.981489227413326004e-01
9.982828919389226119e-01
9.984108638018361903e-01
9.985328039376303311e-01
9.986487042355126631e-01
9.987585817075244066e-01
9.988624772632074267e-01
9.989604544287742360e-01
9.990525980203431855e-01
9.991390127791422993e-01
9.992198219748174015e-01
9.992951659812259191e-01
9.993652008274964693e-01
9.994300967258200608e-01
9.994900365765322370e-01
9.995452144506612457e-01
9.995958340503191542e-01
9.996421071481326193e-01
9.996842520083374373e-01
9.997224917941148759e-01
9.997570529681215623e-01
9.997881636957870466e-01
