9.997975149294929809e-01
9.997680431188195049e-01
9.997353553511455493e-01
9.996992470159767885e-01
9.996595158375989332e-01
9.996159631732322026e-01
9.995683952587427479e-01
9.995166243912214643e-01
9.994604700413447507e-01
9.993997598918719083e-01
9.993343308017154092e-01
9.992640296976106340e-01
9.991887143974101937e-01
9.991082543703897478e-01
9.990225314406877555e-01
9.989314404401453684e-01
9.988348898164625123e-01
9.987328022018286955e-01
9.986251149461586873e-01
9.985117806178744893e-01
9.983927674739417890e-01
9.982680598996964694e-01
9.981376588179613485e-01
9.980015820661130022e-01
9.978598647391597742e-01
9.977125594965341460e-01
9.975597368302044909e-01
9.974014852918314800e-01
9.972379116770343499e-01
9.970691411653238578e-01
9.968953174148934560e-01
9.967166026121686562e-01
9.965331774767740569e-01
9.963452412233290145e-01
9.961530114821915971e-01
9.959567241818940708e-01
9.957566333965064409e-01
9.955530111614950828e-01
9.953461472617736172e-01
9.951363489955405983e-01
9.949239409171500848e-01
9.947092645616305573e-01
9.944926781525732506e-01
9.942745562939345749e-01
9.940552896448654474e-01
9.938352845750183517e-01
9.936149627959299790e-01
9.933947609620775721e-01
9.931751302331334186e-01
9.929565357868496145e-01
9.927394562699779490e-01
9.925243831727413868e-01
9.923118201106985170e-01
9.921022819964637751e-01
9.918962940827098507e-01
9.916943908572655175e-01
9.914971147709426003e-01
9.913050147790291033e-01
9.911186446781563575e-01
9.909385612214891559e-01
9.907653219968605152e-01
9.905994830545414853e-01
9.904415962737450618e-01
9.902922064596642038e-01
9.901518481657718418e-01
9.900210422392266008e-01
9.899002920904866887e-01
9.897900796916025978e-01
9.896908613111289332e-01
9.896030629971427350e-01
9.895270758234808728e-01
9.894632509179989155e-01
9.894118942953896712e-01
9.893732615208393755e-01
9.893475522344908901e-01
9.893349045702339861e-01
9.893353895056392622e-01
9.893490051827659171e-01
9.893756712419334853e-01
9.894152232122108703e-01
9.894674070031630464e-01
9.895318735421857470e-01
9.896081736004223028e-01
9.896957528477514643e-01
9.897939471736254546e-01
9.899019783056911548e-01
9.900189497522369209e-01
9.901438430877479435e-01
9.902755145934273306e-01
9.904126922567105806e-01
9.905539731258240499e-01
9.906978210076154978e-01
9.908425644894626183e-01
9.909863952593183090e-01
9.911273666920774605e-01
9.912633926656292394e-01
9.913922465663185246e-01
9.915115604411562922e-01
9.916188242530262764e-01
9.917113851953212045e-01
9.917864470238755281e-01
9.918410693666659395e-01
9.918721669754534398e-01
9.918765088882528502e-01
9.918507174771571400e-01
9.917912673625370878e-01
9.916944841819359535e-01
9.915565432100409415e-01
9.913734678349329643e-01
9.911411279053921053e-01
9.908552379744056671e-01
9.905113554752008609e-01
9.901048788781476873e-01
9.896310458897450424e-01
9.890849317686047915e-01
9.884614478477929955e-01
9.877553403679644184e-01
9.869611897412032819e-01
9.860734103810834261e-01
9.850862512498115287e-01
9.839937972879558847e-01
9.827899719056921723e-01
9.814685407261459771e-01
9.800231167807049726e-01
9.784471673625576571e-01
9.767340227476405401e-01
9.748768869912231017e-01
9.728688510031410219e-01
9.707029080949947097e-01
9.683719721783317080e-01
9.658688987739673104e-01
9.631865089693103510e-01
9.603176164331217457e-01
9.572550575658986816e-01
9.539917248294813579e-01
9.505206032620080459e-01
9.468348101445033249e-01
9.429276377436968115e-01
9.387925990126463338e-01
9.344234760868902478e-01
9.298143713696562784e-01
9.249597609556031719e-01
9.198545500991198720e-01
9.144941303908570296e-01
9.088744382653812792e-01
9.029920144241657676e-01
8.968440637220663758e-01
8.904285150325720322e-01
8.837440805780291120e-01
8.767903141863362393e-01
8.695676679158846900e-01
8.620775464763875684e-01
8.543223588652452127e-01
8.463055666377617969e-01
8.380317282352665043e-01
8.295065388083466829e-01
8.207368649931405802e-01
8.117307741270261001e-01
8.024975574258889077e-01
7.930477466881944437e-01
7.833931241406849599e-01
7.735467250960271768e-01
7.635228331531305201e-01
7.533369677350835181e-01
7.430058638264342985e-01
7.325474438395825905e-01
7.219807816079401031e-01
7.113260585699576755e-01
7.006045122718521645e-01
6.898383773768050897e-01
6.790508194236767325e-01
6.682658616282638464e-01
6.575083050644723315e-01
6.468036426014662776e-01
6.361779670060825342e-01
6.256578736481470671e-01
6.152703582704138752e-01
6.050427103056732481e-01
5.950024022419778680e-01
5.851769755540234819e-01
5.755939237353369098e-01
5.662805729828859214e-01
5.572639611036762641e-01
5.485707152321415148e-01
5.402269289678249820e-01
5.322580395647704687e-01
5.246887058267204473e-01
5.175426873849611198e-01
5.108427260574645024e-01
5.046104300078028126e-01
4.988661614388649745e-01
4.936289285684598571e-01
4.889162826402241313e-01
4.847442207226996258e-01
4.811270950410387881e-01
4.780775295688111104e-01
4.756063445812204193e-01
4.737224898355405500e-01
4.724329869997463405e-01
4.717428818963864678e-01
4.716552070664454810e-01
4.721709550878355754e-01
4.732890630063772974e-01
4.750064081546117034e-01
4.773178155467245887e-01
4.802160769474228541e-01
4.836919816198730349e-01
4.877343586639101281e-01
4.923301307615991496e-01
4.974643790538214594e-01
5.031204187795539351e-01
5.092798852197535364e-01
5.159228294006974469e-01
5.230278229279897717e-01
5.305720712426938990e-01
5.385315345157748457e-01
5.468810553268842467e-01
5.555944922090989557e-01
5.646448580833456354e-01
5.740044625556759428e-01
5.836450570082339917e-01
5.935379813815652161e-01
6.036543115228335532e-01
6.139650059624743861e-01
6.244410509815594423e-01
6.350536028445428194e-01
6.457741260974581010e-01
6.565745268704911153e-01
6.674272801760687823e-01
6.783055502590010777e-01
6.891833031331466852e-01
7.000354105286618056e-01
7.108377445739080258e-01
7.215672626450504445e-01
7.322020819324990271e-01
7.427215433946978695e-01
7.531062648942659088e-01
7.633381834369146191e-01
7.734005865577709971e-01
7.832781330204874326e-01
7.929568631098168341e-01
8.024241989061982050e-01
8.116689350296479866e-01
8.206812204283753243e-01
8.294525318638187317e-01
8.379756398072704116e-01
8.462445675133218881e-01
8.542545440716231564e-01
8.620019522609199125e-01
8.694842720382586210e-01
8.767000204921486795e-01
8.836486890721725329e-01
8.903306788800243732e-01
8.967472347694767087e-01
9.029003789566805160e-01
9.087928447889760397e-01
9.144280112615992273e-01
9.198098388088704613e-01
9.249428068312195439e-01
9.298318533532207164e-01
9.344823171420890695e-01
9.388998825520761260e-01
9.430905272990186550e-01
9.470604733118512808e-01
9.508161407549442501e-01
9.543641052672047209e-01
9.577110584213424094e-01
9.608637713697241178e-01
9.638290616118214693e-01
9.666137627922656295e-01
9.692246974176810248e-01
9.716686523644185725e-01
9.739523570375991923e-01
9.760824640340173275e-01
9.780655321569213800e-01
9.799080116289542453e-01
9.816162313501068937e-01
9.831963880499104969e-01
9.846545371868764551e-01
9.859965854529827434e-01
9.872282847465213562e-01
9.883552274826064021e-01
9.893828431169260362e-01
9.903163957647833637e-01
9.911609828040222059e-01
9.919215343570599863e-01
9.926028135538994546e-01
9.932094174846854973e-01
9.937457787570704859e-01
9.942161675803435905e-01
9.946246943048968614e-01
9.949753123520863607e-01
9.952718214757869664e-01
9.955178713028333126e-01
9.957169651049597725e-01
9.958724637596810814e-01
9.959875898616956658e-01
9.960654319497743714e-01
9.961089488166843253e-01
9.961209738715104400e-01
9.961042195248436260e-01
9.960612815678175913e-01
9.959946435160582645e-01
9.959066808894474487e-01
9.957996653984184654e-01
9.956757690074873324e-01
9.955370678471067158e-01
9.953855459458581523e-01
9.952230987566201836e-01
9.950515364527326989e-01
9.948725869733593408e-01
9.946878988011792488e-01
9.944990434601569396e-01
9.943075177262812314e-01
9.941147455496980312e-01
9.939220796923663448e-01
9.937308030910584344e-01
9.935421299609941137e-01
9.933572066604575701e-01
9.931771123412274083e-01
9.930028594134195918e-01
9.928353938562949343e-01
9.926755954086596834e-01
9.925242776736539208e-01
9.923821881730086059e-01
9.922500083852819897e-01
9.921283538012622971e-01
9.920177740277289491e-01
9.919187529682291782e-01
9.918317091065810276e-01
9.917569959155887460e-01
9.916949024100868426e-01
9.916456538600328940e-01
9.916094126760476302e-01
9.915862794766434618e-01
9.915762943434335286e-01
9.915794382679162799e-01
9.915956347909876678e-01
9.916247518341247957e-01
9.916666037191900207e-01
9.917209533719713033e-01
9.917875147028625271e-01
9.918659551564534826e-01
9.919558984202030416e-01
9.920569272808035244e-01
9.921685866152885058e-01
9.922903865024198522e-01
9.924218054384368326e-01
9.925622936398960094e-01
9.927112764151398983e-01
9.928681575849439556e-01
9.930323229321578182e-01
9.932031436597182905e-01
9.933799798362803468e-01
9.935621838089150337e-01
9.937491035628199798e-01
9.939400860087826972e-01
9.941344801801625941e-01
9.943316403223787514e-01
9.945309288592510955e-01
9.947317192219815585e-01
9.949333985280399695e-01
9.951353700986962370e-01
9.953370558053793449e-01
9.955378982364441187e-01
9.957373626772735298e-01
9.959349388979502615e-01
9.961301427440083511e-01
9.963225175270491452e-01
9.965116352132834532e-01
9.966970974093777302e-01
9.968785361463355921e-01
9.970556144635522866e-01
9.972280267966259215e-01
9.973954991739959475e-01
9.975577892289652082e-01
9.977146860351280289e-01
9.978660097746239188e-01
9.980116112499142211e-01
9.981513712508874869e-01
9.982851997899797603e-01
9.984130352185996982e-01
9.985348432384202333e-01
9.986506158210233242e-01
9.987603700489184888e-01
9.988641468901336973e-01
9.989620099173958101e-01
9.990540439814619145e-01
9.991403538464853629e-01
9.992210627935300682e-01
9.992963111965886824e-01
9.993662550738570127e-01
9.994310646157072986e-01
9.994909226899019172e-01
9.995460233242090542e-01
9.995965701667981484e-01
9.996427749256182604e-01
9.996848557894000287e-01
9.997230358348877521e-01
9.997575414272823480e-01
9.997886006235102707e-01
