9.998001417912556477e-01
9.997710074638278543e-01
9.997386851261039764e-01
9.997029704438779030e-01
9.996636611828773056e-01
9.996205584986006532e-01
9.995734681779387953e-01
9.995222018219137583e-01
9.994665779623366220e-01
9.994064231084935912e-01
9.993415727229412182e-01
9.992718721279851835e-01
9.991971773463435014e-01
9.991173558808138511e-01
9.990322874384676144e-01
9.989418646050476358e-01
9.988459934749056579e-01
9.987445942411034006e-01
9.986376017493245882e-01
9.985249660181133580e-01
9.984066527268004032e-01
9.982826436713722051e-01
9.981529371875795809e-01
9.980175485398189439e-01
9.978765102737806592e-01
9.977298725305769889e-01
9.975777033200099453e-01
9.974200887508238855e-01
9.972571332161613844e-01
9.970889595329809341e-01
9.969157090348499395e-01
9.967375416182686632e-01
9.965546357434491576e-01
9.963671883912356142e-01
9.961754149785654322e-01
9.959795492354843738e-01
9.957798430472150075e-01
9.955765662650885028e-01
9.953700064902576417e-01
9.951604688339844573e-01
9.949482756579138831e-01
9.947337662970914263e-01
9.945172967675542930e-01
9.942992394591266825e-01
9.940799828125913562e-01
9.938599309787280456e-01
9.936395034548405336e-01
9.934191346923858523e-01
9.931992736672375921e-01
9.929803834020293207e-01
9.927629404279990633e-01
9.925474341718846238e-01
9.923343662517580821e-01
9.921242496643312148e-01
9.919176078452452971e-01
9.917149735832649915e-01
9.915168877691283855e-01
9.913238979601112222e-01
9.911365567421269729e-01
9.909554198723984353e-01
9.907810441873668994e-01
9.906139852625091002e-01
9.904547948130574264e-01
9.903040178272130012e-01
9.901621894262511159e-01
9.900298314488968909e-01
9.899074487604688777e-01
9.897955252905128454e-01
9.896945198059829973e-01
9.896048614304491231e-01
9.895269449233370374e-01
9.894611257368188806e-01
9.894077148716664549e-01
9.893669735571137824e-01
9.893391077834998715e-01
9.893242627200929951e-01
9.893225170539133861e-01
9.893338772884489041e-01
9.893582720437336109e-01
9.893955464011655598e-01
9.894454563375246758e-01
9.895076632927636284e-01
9.895817289151664919e-01
9.896671100253365827e-01
9.897631538371566284e-01
9.898690934693981092e-01
9.899840437761373568e-01
9.901069975177121396e-01
9.902368218868135008e-01
9.903722553966965991e-01
9.905119051306635614e-01
9.906542443441826995e-01
9.907976104035375320e-01
9.909402030379719228e-01
9.910800828761472392e-01
9.912151702325185942e-01
9.913432441051138744e-01
9.914619413432573802e-01
9.915687559420628405e-01
9.916610384200588157e-01
9.917359952370694565e-01
9.917906882114366773e-01
9.918220338987564499e-01
9.918268028984753570e-01
9.918016190598610837e-01
9.917429585649949475e-01
9.916471488734605044e-01
9.915103675213170487e-01
9.913286407757115892e-01
9.910978421561200680e-01
9.908136908437166213e-01
9.904717500117712348e-01
9.900674251222778555e-01
9.895959622472099149e-01
9.890524464868455379e-01
9.884318005724028744e-01
9.877287837556414374e-01
9.869379911038739239e-01
9.860538533347137369e-01
9.850706373404676253e-01
9.839824475669156634e-01
9.827832284248082528e-01
9.814667679241864118e-01
9.800267027310444190e-01
9.784565248523530157e-01
9.767495901585362406e-01
9.748991289517190406e-01
9.728982587830865558e-01
9.707399997133040470e-01
9.684172921960276792e-01
9.659230177461186617e-01
9.632500225313973541e-01
9.603911439998917832e-01
9.573392406238863117e-01
9.540872248080699558e-01
9.506280989721753727e-01
9.469549947791756628e-01
9.430612154388590129e-01
9.389402809739288980e-01
9.345859762921681080e-01
9.299924018641400059e-01
9.251540267618555413e-01
9.200657437702898234e-01
9.147229262410726536e-01
9.091214863166037219e-01
9.032579341137867424e-01
8.971294374200745603e-01
8.907338814211589462e-01
8.840699279500066066e-01
8.771370737216542812e-01
8.699357069978316259e-01
8.624671621106907438e-01
8.547337712662237408e-01
8.467389130458826685e-01
8.384870570298731396e-01
8.299838039779376953e-01
8.212359210233377560e-01
8.122513713632545373e-01
8.030393379638250950e-01
7.936102408401837227e-01
7.839757475206896586e-01
7.741487763592559412e-01
7.641434924194815403e-01
7.539752957180003712e-01
7.436608016809620469e-01
7.332178137354852243e-01
7.226652880259907263e-01
7.120232903121657131e-01
7.013129451697539540e-01
6.905563776762493333e-01
6.797766478200591989e-01
6.689976779230830672e-01
6.582441734125649146e-01
6.475415373183850409e-01
6.369157789068262687e-01
6.263934168916951428e-01
6.160013776890946868e-01
6.057668892039758113e-01
5.957173706556254666e-01
5.858803189664935074e-01
5.762831922550102348e-01
5.669532909891011885e-01
5.579176373735887928e-01
5.492028535619373208e-01
5.408350393010674662e-01
5.328396496370739754e-01
5.252413733293943565e-01
5.180640126405537949e-01
5.113303651874450129e-01
5.050621085570876634e-01
4.992796884039728544e-01
4.940022107563156739e-01
4.892473392636447205e-01
4.850311981172309439e-01
4.813682813668578309e-01
4.782713693417320888e-01
4.757514528593684844e-01
4.738176658736973357e-01
4.724772271725106165e-01
4.717353916847595308e-01
4.715954119006225964e-01
4.720585098422526160e-01
4.731238599515112941e-01
4.747885831836072823e-01
4.770477525134535490e-01
4.798944099756459192e-01
4.833195952702830089e-01
4.873123858763526162e-01
4.918599485229687707e-01
4.969476017771864429e-01
5.025588894162060782e-01
5.086756641621881236e-01
5.152781812702083020e-01
5.223452013748146605e-01
5.298541019186961964e-01
5.377809964088430261e-01
5.461008606719619518e-01
5.547876652125600661e-01
5.638145127148608271e-01
5.731537796745618252e-01
5.827772610992836277e-01
5.926563171785227402e-01
6.027620207960235899e-01
6.130653047407303990e-01
6.235371074678078829e-01
6.341485162694687761e-01
6.448709067370133052e-01
6.556760774310583795e-01
6.665363787263871576e-01
6.774248348610194537e-01
6.883152582953979692e-01
6.991823555761009779e-01
7.100018239980743218e-01
7.207504384683864895e-01
7.314061280913408680e-01
7.419480421172754969e-01
7.523566050235239722e-01
7.626135606235154851e-01
7.727020052265700656e-01
7.826064099944237684e-01
7.923126327586981210e-01
8.018079196744449799e-01
8.110808971867551342e-01
8.201215548786335852e-01
8.289212198476526572e-01
8.374725233252644507e-01
8.457693603054216025e-01
8.538068429879153154e-01
8.615812488665544056e-01
8.690899643031793076e-01
8.763314244261013464e-01
8.833050501766256390e-01
8.900111833009116680e-01
8.964510200477572299e-01
9.026265442873401268e-01
9.085404607130238563e-01
9.141961287295916616e-01
9.195974975683154362e-01
9.247490431036592406e-01
9.296557067796933360e-01
9.343228369878303630e-01
9.387561331726261837e-01
9.429615928801807767e-01
9.469454619051229649e-01
9.507141876380056367e-01
9.542743756657495746e-01
9.576327496339419598e-01
9.607961143415137961e-01
9.637713220056307595e-01
9.665652416074191899e-01
9.691847312071770748e-01
9.716366131006363149e-01
9.739276516752354285e-01
9.760645338167427409e-01
9.780538517114216734e-01
9.799020878867477080e-01
9.816156023339319692e-01
9.832006215577187014e-01
9.846632294026531618e-01
9.860093595098686770e-01
9.872447892641099676e-01
9.883751350969173233e-01
9.894058490184550747e-01
9.903422162572345089e-01
9.911893538938669757e-01
9.919522103819307102e-01
9.926355658560154227e-01
9.932440331340023354e-01
9.937820593276219805e-01
9.942539279822670828e-01
9.946637616738842613e-01
9.950155249974261817e-01
9.953130278877428960e-01
9.955599292197985228e-01
9.957597406406039076e-01
9.959158305901421038e-01
9.960314284727445067e-01
9.961096289437665341e-01
9.961533962790094510e-01
9.961655687961419314e-01
9.961488632984731861e-01
9.961058795119310805e-01
9.960391044861734988e-01
9.959509169305863496e-01
9.958435914557235424e-01
9.957193026907245059e-01
9.955801292476028630e-01
9.954280575042093737e-01
9.952649851792627622e-01
9.950927246751877231e-01
9.949130061676361159e-01
9.947274804244543578e-01
9.945377213414299256e-01
9.943452281872585674e-01
9.941514275556849745e-01
9.939576750284685458e-01
9.937652565585439746e-01
9.935753895882633024e-01
9.933892239227499754e-01
9.932078423829845404e-01
9.930322612671530491e-01
9.928634306518954178e-01
9.927022345673348624e-01
9.925494910811090143e-01
9.924059523270637451e-01
9.922723045138452935e-01
9.921491679474109260e-01
9.920370970995603388e-01
9.919365807520924561e-01
9.918480422432368604e-01
9.917718398397461499e-01
9.917082672545827204e-01
9.916575543266321624e-01
9.916198678754299944e-01
9.915953127405936485e-01
9.915839330125645334e-01
9.915857134584419308e-01
9.916005811441236384e-01
9.916284072516677872e-01
9.916690090887101405e-01
9.917221522848851389e-01
9.917875531684430257e-01
9.918648813146010434e-01
9.919537622555634204e-01
9.920537803405705679e-01
9.921644817327957000e-01
9.922853775283871913e-01
9.924159469815097001e-01
9.925556408178832779e-01
9.927038846181261977e-01
9.928600822512139157e-01
9.930236193376270615e-01
9.931938667213163763e-01
9.933701839294818425e-01
9.935519225993626469e-01
9.937384298517487613e-01
9.939290515917282853e-01
9.941231357182422901e-01
9.943200352252732355e-01
9.945191111788933558e-01
9.947197355558881071e-01
9.949212939312008785e-01
9.951231880029697274e-01
9.953248379454220363e-01
9.955256845813373889e-01
9.957251913671759658e-01
9.959228461853064651e-01
9.961181629390654102e-01
9.963106829476601201e-01
9.964999761392029365e-01
9.966856420414625939e-01
9.968673105712456683e-01
9.970446426246892813e-01
9.972173304721482223e-01
9.973850979627919555e-01
9.975477005454622681e-01
9.977049251137479757e-01
9.978565896845811301e-01
9.980025429208853049e-01
9.981426635098764599e-01
9.982768594094647563e-01
9.984050669757911223e-01
9.985272499851985950e-01
9.986433985638701882e-01
9.987535280379246094e-01
9.988576777159668962e-01
9.989559096149637218e-01
9.990483071389021363e-01
9.991349737180799107e-01
9.992160314151565803e-01
9.992916195023980874e-01
9.993618930129916089e-01
9.994270212680343990e-01
9.994871863799240641e-01
9.995425817325122031e-01
9.995934104385817420e-01
9.996398837760269718e-01
9.996822196055066279e-01
9.997206407742694756e-01
9.997553735131775587e-01
9.997866458365343156e-01
