9.997976252662230667e-01
9.997681644397976575e-01
9.997354878958382152e-01
9.996993908797308093e-01
9.996596709476625042e-01
9.996161292644240026e-01
9.995685718490889826e-01
9.995168107578901173e-01
9.994606651972154365e-01
9.993999625630778372e-01
9.993345394064947484e-01
9.992642423267950047e-01
9.991889287968711564e-01
9.991084679257492551e-01
9.990227411645820066e-01
9.989316429623122939e-01
9.988350813768963610e-01
9.987329786472189941e-01
9.986252717297968706e-01
9.985119128031735292e-01
9.983928697416724063e-01
9.982681265589974373e-01
9.981376838211299951e-01
9.980015590271323900e-01
9.978597869558595290e-01
9.977124199762328338e-01
9.975595283186221574e-01
9.974012003050145569e-01
9.972375425359845114e-01
9.970686800329847665e-01
9.968947563351127084e-01
9.967159335502285833e-01
9.965323923610678314e-01
9.963443319877505200e-01
9.961519701088116241e-01
9.959555427435050623e-01
9.957553040986405479e-01
9.955515263835456041e-01
9.953444995968859788e-01
9.951345312889798844e-01
9.949219463028924348e-01
9.947070864969779214e-01
9.944903104506359615e-01
9.942719931538769318e-01
9.940525256798626863e-01
9.938323148379214489e-01
9.936117828026866938e-01
9.933913667130107594e-01
9.931715182322252700e-01
9.929527030592357750e-01
9.927354003779027547e-01
9.925201022302750919e-01
9.923073127975673424e-01
9.920975475713813552e-01
9.918913323966407347e-01
9.916892023670741407e-01
9.914917005539013450e-01
9.912993765486556308e-01
9.911127848018363995e-01
9.909324827403003244e-01
9.907590286479524000e-01
9.905929792963416025e-01
9.904348873141500809e-01
9.902852982872439869e-01
9.901447475838591750e-01
9.900137569025990736e-01
9.898928305441658804e-01
9.897824514111156491e-01
9.896830767434006138e-01
9.895951336010199162e-01
9.895190141087533142e-01
9.894550704816664766e-01
9.894036098538517843e-01
9.893648889366524202e-01
9.893391085363553161e-01
9.893264079649345399e-01
9.893268593807763578e-01
9.893404620992691800e-01
9.893671369155443429e-01
9.894067204833441043e-01
9.894589597948033610e-01
9.895235068057299799e-01
9.895999132496360318e-01
9.896876256812502382e-01
9.897859807865182491e-01
9.898942009912181650e-01
9.900113903943981164e-01
9.901365310460434888e-01
9.902684795809232332e-01
9.904059642126945562e-01
9.905475820843462342e-01
9.906917969632073051e-01
9.908369372613169412e-01
9.909811943551957159e-01
9.911226211731832825e-01
9.912591310137007783e-01
9.913884965541674976e-01
9.915083490079336093e-01
9.916161773855191042e-01
9.917093278166483339e-01
9.917850028910135673e-01
9.918402609783051327e-01
9.918720154917429754e-01
9.918770340640321592e-01
9.918519376102776786e-01
9.917931992588397971e-01
9.916971431383553304e-01
9.915599430171485595e-01
9.913776208000016910e-01
9.911460448967602810e-01
9.908609284875362633e-01
9.905178277203852133e-01
9.901121398892840375e-01
9.896391016530615703e-01
9.890937873695870852e-01
9.884711076339555147e-01
9.877658081244765631e-01
9.869724688757746112e-01
9.860855041139472421e-01
9.850991628041415593e-01
9.840075300756321308e-01
9.828045297030141292e-01
9.814839278338907125e-01
9.800393381628663692e-01
9.784642287581735154e-01
9.767519307503430559e-01
9.748956490915180462e-01
9.728884755889388725e-01
9.707234044065672363e-01
9.683933502146397920e-01
9.658911691481774087e-01
9.632096827122714755e-01
9.603417047445740318e-01
9.572800715142170125e-01
9.540176750017760332e-01
9.505474993673963535e-01
9.468626605742911373e-01
9.429564490930499865e-01
9.388223755690685568e-01
9.344542192914352396e-01
9.298460792572884603e-01
9.249924275814644936e-01
9.198881649576808872e-01
9.145286778350183443e-01
9.089098969325741795e-01
9.030283566763809278e-01
8.968812551065481475e-01
8.904665137696576860e-01
8.837828370823211932e-01
8.768297706270695713e-01
8.696077578220181570e-01
8.621181943916096380e-01
8.543634800577440958e-01
8.463470668692707477e-01
8.380735035935547028e-01
8.295484756069740895e-01
8.207788397419324422e-01
8.117726535763217788e-01
8.025391986872115746e-01
7.930889974335117998e-01
7.834338228819441863e-01
7.735867015461019847e-01
7.635619086687540635e-01
7.533749558417417447e-01
7.430425708245951277e-01
7.325826694910291259e-01
7.220143199003894452e-01
7.113576985575964517e-01
7.006340389889026410e-01
6.898655728207871984e-01
6.790754636046165693e-01
6.682877336797707901e-01
6.575271844123069531e-01
6.468193101849752935e-01
6.361902065476645607e-01
6.256664729656945534e-01
6.152751106274763071e-01
6.050434157938435753e-01
5.949988691897318827e-01
5.851690219559244621e-01
5.755813786951321509e-01
5.662632781635917878e-01
5.572417721772755517e-01
5.485435033209858924e-01
5.401945820693225819e-01
5.322204639503952395e-01
5.246458274058986015e-01
5.174944530239402596e-01
5.107891048429179515e-01
5.045514144446502369e-01
4.988017685716218397e-01
4.935592010153966314e-01
4.888412895296589955e-01
4.846640585209105456e-01
4.810418882615131730e-01
4.779874313528365004e-01
4.755115371401450464e-01
4.736231847453562516e-01
4.723294253389349606e-01
4.716353342182855179e-01
4.715439731975856752e-01
4.720563637439367799e-01
4.731714712178765048e-01
4.748862004938046999e-01
4.771954031488951919e-01
4.800918963187241761e-01
4.835664932253251891e-01
4.876080452897133544e-01
4.922034956471585954e-01
4.973379437904098532e-01
5.029947209745799785e-01
5.091554759280672027e-01
5.158002703273530942e-01
5.229076834103549842e-01
5.304549250236996194e-01
5.384179563244031463e-01
5.467716172865624280e-01
5.554897600994126439e-01
5.645453874852592868e-01
5.739107949150643595e-01
5.835577156568600987e-01
5.934574675584687320e-01
6.035811004423128345e-01
6.138995429772187151e-01
6.243837478909775029e-01
6.350048343987662047e-01
6.457342267468475505e-01
6.565437878086712864e-01
6.674059467216169050e-01
6.782938196169097100e-01
6.891813225721974412e-01
7.000432760049835057e-01
7.108554998243863388e-01
7.215948987670945947e-01
7.322395374591228467e-01
7.427687048661344438e-01
7.531629679195960270e-01
7.634042142316426194e-01
7.734756839360870107e-01
7.833619908142928079e-01
7.930491329805564593e-01
8.025244935103025279e-01
8.117768314939606267e-01
8.207962640884469696e-01
8.295742402153610806e-01
8.381035066194424399e-01
8.463780670517982996e-01
8.543931353795745087e-01
8.621450834470472113e-01
8.696313845227952033e-01
8.768505531642165618e-01
8.838020823149506100e-01
8.904863784237786462e-01
8.969046953365267250e-01
9.030590676667223926e-01
9.089522442977938654e-01
9.145876226109519447e-01
9.199691839701819029e-01
9.251014309305373162e-01
9.299893265696721478e-01
9.346382362766819663e-01
9.390538722681132100e-01
9.432422410395479018e-01
9.472095939034289591e-01
9.509623807104878868e-01
9.545072068038280566e-01
9.578507932117719115e-01
9.609999400481689102e-01
9.639614930570001849e-01
9.667423132116774731e-01
9.693492492581489151e-01
9.717891130744364947e-01
9.740686577071123731e-01
9.761945579369583070e-01
9.781733932211674754e-01
9.800116328573797997e-01
9.817156232151211803e-01
9.832915768823451419e-01
9.847455635783436412e-01
9.860835026889264165e-01
9.873111572851609452e-01
9.884341294928725707e-01
9.894578570863580280e-01
9.903876111862263132e-01
9.912284949478845641e-01
9.919854431338828160e-01
9.926632224701011920e-01
9.932664326925888520e-01
9.937995081987301971e-01
9.942667202232833290e-01
9.946721794666527616e-01
9.950198391094454697e-01
9.953134981538100945e-01
9.955568050381583545e-01
9.957532614774844415e-01
9.959062264865149450e-01
9.960189205472324003e-01
9.960944298858389612e-01
9.961357108269459637e-01
9.961455941946828485e-01
9.961267897316015141e-01
9.960818905068147266e-01
9.960133772849121270e-01
9.959236228270422764e-01
9.958148960953462359e-01
9.956893663318888699e-01
9.955491069835726847e-01
9.953960994454046363e-01
9.952322365960507566e-01
9.950593261019521352e-01
9.948790934694001775e-01
9.946931848278612875e-01
9.945031694324106830e-01
9.943105418782531846e-01
9.941167240258095283e-01
9.939230666405327597e-01
9.937308507572979455e-01
9.935412887846637453e-01
9.933555253693585607e-01
9.931746380458219559e-01
9.929996376993995844e-01
9.928314688747420513e-01
9.926710099630385864e-01
9.925190733028852463e-01
9.923764052298796878e-01
9.922436861094722227e-01
9.921215303862888080e-01
9.920104866811583211e-01
9.919110379645569298e-01
9.918236018322503789e-01
9.917485309057118004e-01
9.916861133765371150e-01
9.916365737107073475e-01
9.916000735252425979e-01
9.915767126466511483e-01
9.915665303576421952e-01
9.915695068358846287e-01
9.915855647861517852e-01
9.916145712649865329e-01
9.916563396950137665e-01
9.917106320641781991e-01
9.917771613034506162e-01
9.918555938348773138e-01
9.919455522802179681e-01
9.920466183188018094e-01
9.921583356816323640e-01
9.922802132672059461e-01
9.924117283629996233e-01
9.925523299551912704e-01
9.927014421079335404e-01
9.928584673924839565e-01
9.930227903457322647e-01
9.931937809372108905e-01
9.933707980235454427e-01
9.935531927695077092e-01
9.937403120153599501e-01
9.939315015710046275e-01
9.941261094185238623e-01
9.943234888059709897e-01
9.945230012166886846e-01
9.947240191999310310e-01
9.949259290501031305e-01
9.951281333234579529e-01
9.953300531825814979e-01
9.955311305604286343e-01
9.957308301370476622e-01
9.959286411234451464e-01
9.961240788483258779e-01
9.963166861446969280e-01
9.965060345345843063e-01
9.966917252113939307e-01
9.968733898207636779e-01
9.970506910421179647e-01
9.972233229745443017e-01
9.973910113320527682e-01
9.975535134547320881e-01
9.977106181437535026e-01
9.978621453295450916e-01
9.980079455837255198e-01
9.981478994864874110e-01
9.982819168620072903e-01
9.984099358950654368e-01
9.985319221423587521e-01
9.986478674519254639e-01
9.987577888036679452e-01
9.988617270831587902e-01
9.989597457997657637e-01
9.990519297586930580e-01
9.991383836948874997e-01
9.992192308749963114e-01
9.992946116718198768e-01
9.993646821141035641e-01
9.994296124131941683e-01
9.994895854671806967e-01
9.995447953427426535e-01
9.995954457351196032e-01
9.996417484074230364e-01
9.996839216119193239e-01
9.997221884978508832e-01
9.997567755127193534e-01
9.997879108065602649e-01
