9.997968383012311167e-01
9.997672714117771253e-01
9.997344791558190336e-01
9.996982565705280210e-01
9.996584010916750307e-01
9.996147138610743665e-01
9.995670009810214696e-01
9.995150747048152651e-01
9.994587545560665864e-01
9.993978683729421997e-01
9.993322532765948063e-01
9.992617565656407574e-01
9.991862365405765889e-01
9.991055632634266992e-01
9.990196192586862090e-01
9.989283001618196600e-01
9.988315153212724562e-01
9.987291883592490649e-01
9.986212576955330045e-01
9.985076770374852195e-01
9.983884158381690632e-01
9.982634597234144591e-01
9.981328108876273975e-01
9.979964884573314654e-01
9.978545288208329200e-01
9.977069859220418779e-01
9.975539315163653997e-01
9.973954553866817285e-01
9.972316655177044797e-01
9.970626882274961078e-01
9.968886682554632950e-01
9.967097688068282668e-01
9.965261715542625964e-01
9.963380765980701659e-01
9.961457023869566552e-01
9.959492856019985796e-01
9.957490810068763132e-01
9.955453612677298558e-01
9.953384167461006848e-01
9.951285552683061253e-01
9.949161018742290752e-01
9.947013985478847520e-01
9.944848039312327304e-01
9.942666930215429133e-01
9.940474568512149833e-01
9.938275021473121917e-01
9.936072509662471353e-01
9.933871402970911868e-01
9.931676216249359923e-01
9.929491604436820884e-01
9.927322357056316271e-01
9.925173391934114520e-01
9.923049747981064206e-01
9.920956576861305054e-01
9.918899133363566767e-01
9.916882764284251639e-01
9.914912895629898193e-01
9.912995017949697285e-01
9.911134669616453730e-01
9.909337417886735500e-01
9.907608837587560391e-01
9.905954487297455868e-01
9.904379882913610933e-01
9.902890468523570799e-01
9.901491584528944179e-01
9.900188432999501575e-01
9.898986040268401565e-01
9.897889216812839619e-01
9.896902514498961967e-01
9.896030181305435214e-01
9.895276113676363394e-01
9.894643806691388876e-01
9.894136302278436768e-01
9.893756135732385548e-01
9.893505280840275695e-01
9.893385093949702558e-01
9.893396257350527412e-01
9.893538722369656924e-01
9.893811652602793050e-01
9.894213367724017383e-01
9.894741288322357331e-01
9.895391882212530854e-01
9.896160612653825961e-01
9.897041888885919070e-01
9.898029019353081770e-01
9.899114167939363496e-01
9.900288313477804136e-01
9.901541212728368624e-01
9.902861366944124555e-01
9.904235992065798522e-01
9.905650992503979291e-01
9.907090938388707357e-01
9.908539046090844016e-01
9.909977161750839203e-01
9.911385747490689679e-01
9.912743869935627394e-01
9.914029190634773281e-01
9.915217957945453575e-01
9.916284999934387168e-01
9.917203717850540112e-01
9.917946079738670928e-01
9.918482613788793811e-01
9.918782401054219156e-01
9.918813067218684720e-01
9.918540773150412715e-01
9.917930204047205045e-01
9.916944557051252662e-01
9.915545527294876704e-01
9.913693292428849002e-01
9.911346495783244226e-01
9.908462228417207474e-01
9.904996010428743780e-01
9.900901772018869673e-01
9.896131834936212623e-01
9.890636895067909107e-01
9.884366007089757655e-01
9.877266572241386600e-01
9.869284330448547804e-01
9.860363358171531090e-01
9.850446073512262313e-01
9.839473250258391479e-01
9.827384042675391118e-01
9.814116022971940412e-01
9.799605233453805297e-01
9.783786255441710988e-01
9.766592297054049743e-01
9.747955301941477746e-01
9.727806081004070071e-01
9.706074469020486983e-01
9.682689507971802279e-01
9.657579658650363719e-01
9.630673041908147658e-01
9.601897710622117055e-01
9.571181953139724641e-01
9.538454628620313125e-01
9.503645534312463727e-01
9.466685804408357940e-01
9.427508339699166573e-01
9.386048266825189890e-01
9.342243425476125518e-01
9.296034881454999788e-01
9.247367463078817185e-01
9.196190317954405780e-01
9.142457486744111073e-01
9.086128490127630686e-01
9.027168924778768977e-01
8.965551063814308774e-01
8.901254456842581098e-01
8.834266524447386137e-01
8.764583141694957114e-01
8.692209205053871290e-01
8.617159176976320056e-01
8.539457602309569184e-01
8.459139590694308986e-01
8.376251259165956586e-01
8.290850129309415006e-01
8.203005473529028091e-01
8.112798605283978448e-01
8.020323108503535359e-01
7.925685001832833976e-01
7.829002833862810373e-01
7.730407706059543305e-01
7.630043220719434638e-01
7.528065351925545823e-01
7.424642238154846030e-01
7.319953895872359784e-01
7.214191854132385728e-01
7.107558710876078489e-01
7.000267612255506311e-01
6.892541656916736370e-01
6.784613227729148210e-01
6.676723253949168324e-01
6.569120407250482740e-01
6.462060235439084366e-01
6.355804238002837891e-01
6.250618887926464584e-01
6.146774604441348488e-01
6.044544681584262946e-01
5.944204177619336615e-01
5.846028770543583164e-01
5.750293585057539847e-01
5.657271996546098247e-01
5.567234417788144984e-01
5.480447074299243937e-01
5.397170774411792493e-01
5.317659680409212442e-01
5.242160087250773426e-01
5.170909215644357015e-01
5.104134026436653038e-01
5.042050063482907962e-01
4.984860332319613896e-01
4.932754222080902862e-01
4.885906478160494393e-01
4.844476233115557751e-01
4.808606103225808726e-01
4.778421357954040216e-01
4.754029169297462332e-01
4.735517947669790617e-01
4.722956770512636293e-01
4.716394909303502914e-01
4.715861460012451545e-01
4.721365081366233341e-01
4.732893844517912507e-01
4.750415196900130699e-01
4.773876042172993106e-01
4.803202937273794992e-01
4.838302406646391995e-01
4.879061372783097816e-01
4.925347701262060562e-01
4.977010857515983266e-01
5.033882671633014283e-01
5.095778206574322899e-01
5.162496724302622075e-01
5.233822743457927640e-01
5.309527181398052686e-01
5.389368572648172151e-01
5.473094355083550910e-01
5.560442214509947467e-01
5.651141477715498906e-01
5.744914543555441622e-01
5.841478341205860181e-01
5.940545804394676832e-01
6.041827350196926627e-01
6.145032350875965221e-01
6.249870587270447420e-01
6.356053672375527874e-01
6.463296434049790040e-01
6.571318246199246982e-01
6.679844298345654074e-01
6.788606794173844827e-01
6.897346070465963930e-01
7.005811628758054077e-01
7.113763073083938515e-01
7.220970948286781210e-01
7.327217474561589228e-01
7.432297175122546395e-01
7.536017395145861997e-01
7.638198711400090435e-01
7.738675233219203253e-01
7.837294796678093700e-01
7.933919054974860607e-01
8.028423469090697484e-01
8.120697203769733363e-01
8.210642934723253461e-01
8.298176573704257875e-01
8.383226918709884012e-01
8.465735237045760586e-01
8.545654789324634848e-01
8.622950302672265366e-01
8.697597401479517654e-01
8.769582003976759133e-01
8.838899692723545254e-01
8.905555066813405363e-01
8.969561083203003715e-01
9.030938394100713751e-01
9.089714686806704691e-01
9.145924031800500842e-01
9.199606244238436314e-01
9.250806263367857829e-01
9.299573553702240591e-01
9.345961531145332568e-01
9.390027016615475342e-01
9.431829719114123156e-01
9.471431749614519502e-01
9.508897166624339370e-01
9.544291553805355210e-01
9.577681629616884296e-01
9.609134888589503376e-01
9.638719273531098919e-01
9.666502877717029207e-01
9.692553675917234823e-01
9.716939282961594149e-01
9.739726738436169651e-01
9.760982316032096318e-01
9.780771356030473207e-01
9.799158119395467992e-01
9.816205661958731232e-01
9.831975727206534454e-01
9.846528656222431897e-01
9.859923313389125088e-01
9.872217026510575755e-01
9.883465540076792344e-01
9.893722980457569927e-01
9.903041831876389089e-01
9.911472922081148162e-01
9.919065416693877424e-01
9.925866821287022690e-01
9.931922990299099085e-01
9.937278141967440526e-01
9.941974878520106751e-01
9.946054210932346873e-01
9.949555587614610230e-01
9.952516926458135904e-01
9.954974649719541269e-01
9.956963721276517187e-01
9.958517685831624888e-01
9.959668709679485588e-01
9.960447622683598068e-01
9.960883961132629416e-01
9.961006011162264473e-01
9.960840852438562765e-01
9.960414401803198148e-01
9.959751456581663609e-01
9.958875737254356819e-01
9.957809929189412879e-01
9.956575723137350842e-01
9.955193854192866398e-01
9.953684138940137593e-01
9.952065510515990532e-01
9.950356051350877085e-01
9.948573023381037661e-01
9.946732895566082755e-01
9.944851368593561336e-01
9.942943396704549963e-01
9.941023206630256182e-01
9.939104313687030512e-01
9.937199535134141337e-01
9.935321000953067916e-01
9.933480162257108947e-01
9.931687797584196620e-01
9.929954017362524477e-01
9.928288266867110190e-01
9.926699328005088585e-01
9.925195320278162869e-01
9.923783701272508306e-01
9.922471267019935537e-01
9.921264152560224092e-01
9.920167833014134073e-01
9.919187125451038867e-01
9.918326191805580949e-01
9.917588543065621876e-01
9.916977044920257667e-01
9.916493925022977773e-01
9.916140781992093256e-01
9.915918596239179372e-01
9.915827742686919022e-01
9.915868005410776176e-01
9.916038594214321433e-01
9.916338163125777427e-01
9.916764830783026952e-01
9.917316202655683810e-01
9.917989395035314848e-01
9.918781060708327102e-01
9.919687416209892472e-01
9.920704270541627068e-01
9.921827055220404645e-01
9.923050855510862078e-01
9.924370442680181537e-01
9.925780307100927624e-01
9.927274692016551105e-01
9.928847627775154727e-01
9.930492966330587423e-01
9.932204415806248354e-01
9.933975574916324991e-01
9.935799967041580860e-01
9.937671073762083251e-01
9.939582367657211481e-01
9.941527344193427096e-01
9.943499552532248931e-01
9.945492625104035422e-01
9.947500305807146503e-01
9.949516476706347090e-01
9.951535183118584982e-01
9.953550656988293666e-01
9.955557338468012940e-01
9.957549895633355241e-01
9.959523242274289645e-01
9.961472553717424239e-01
9.963393280646767325e-01
9.965281160903334268e-01
9.967132229257305021e-01
9.968942825160141963e-01
9.970709598498338488e-01
9.972429513385144828e-01
9.974099850041562298e-01
9.975718204832921820e-01
9.977282488542045247e-01
9.978790922973922450e-01
9.980242035999592476e-01
9.981634655157799463e-01
9.982967899941669332e-01
9.984241172903390860e-01
9.985454149712380545e-01
9.986606768301332648e-01
9.987699217229641935e-01
9.988731923385164579e-01
9.989705539133323375e-01
9.990620929007800743e-01
9.991479156020306451e-01
9.992281467649249960e-01
9.993029281549772325e-01
9.993724171011888480e-01
9.994367850180820856e-01
9.994962159045123196e-01
9.995509048195030388e-01
9.996010563356187983e-01
9.996468829712857884e-01
9.996886036049579261e-01
9.997264418760334337e-01
9.997606245798368318e-01
9.997913800666153872e-01
