9.998001870129786806e-01
9.997710533203144623e-01
9.997387307984029192e-01
9.997030149681878086e-01
9.996637034480400086e-01
9.996205972460161515e-01
9.995735020039728802e-01
9.995222291827878802e-01
9.994665971814098437e-01
9.994064323857693166e-01
9.993415701465583334e-01
9.992718556873954050e-01
9.991971449468272093e-01
9.991173053589529340e-01
9.990322165781765351e-01
9.989417711537602607e-01
9.988458751595301610e-01
9.987444487833839757e-01
9.986374268802857834e-01
9.985247594913170266e-01
9.984064123301972238e-01
9.982823672375955582e-01
9.981526226025928539e-01
9.980171937498905077e-01
9.978761132908259279e-01
9.977294314359597127e-01
9.975772162669505061e-01
9.974195539656028897e-01
9.972565489983419296e-01
9.970883242548977954e-01
9.969150211406285766e-01
9.967367996226422777e-01
9.965538382306344811e-01
9.963663340141174496e-01
9.961745024584146568e-01
9.959785773624078020e-01
9.957788106815004259e-01
9.955754723395707773e-01
9.953688500137951589e-01
9.951592488960963045e-01
9.949469914345914212e-01
9.947324170577678260e-01
9.945158818831858483e-01
9.942977584113201761e-01
9.940784352036929894e-01
9.938583165427837818e-01
9.936378220693329322e-01
9.934173863906559099e-01
9.931974586515114334e-01
9.929785020569814602e-01
9.927609933348067184e-01
9.925454221227451024e-01
9.923322902648684662e-01
9.921221109993487719e-01
9.919154080192689182e-01
9.917127143873889494e-01
9.915145712856272553e-01
9.913215265803044796e-01
9.911341331849542469e-01
9.909529472036967546e-01
9.907785258397898698e-01
9.906114250559560075e-01
9.904521969753955490e-01
9.903013870149799391e-01
9.901595307449154726e-01
9.900271504721502858e-01
9.899047515479136861e-01
9.897928184030145848e-01
9.896918103178746762e-01
9.896021569377162486e-01
9.895242535468761202e-01
9.894584561198641603e-01
9.894050761705108776e-01
9.893643754243216515e-01
9.893365603429206123e-01
9.893217765331333569e-01
9.893201030767162507e-01
9.893315468198564666e-01
9.893560366641697135e-01
9.893934179028689435e-01
9.894434466468783329e-01
9.895057843857956170e-01
9.895799927276351937e-01
9.896655283591400121e-01
9.897617382651091589e-01
9.898678552406873221e-01
9.899829937249851053e-01
9.901061459779051388e-01
9.902361786148254907e-01
9.903718295060852661e-01
9.905117050402767465e-01
9.906542777424582891e-01
9.907978842308160505e-01
9.909407234882874338e-01
9.910808554194147080e-01
9.912161996574307965e-01
9.913445345824094534e-01
9.914634965083576335e-01
9.915705789954238902e-01
9.916631322429749762e-01
9.917383625201220410e-01
9.917933315923288529e-01
9.918249561059330199e-01
9.918300068966993122e-01
9.918051081938259461e-01
9.917467366970762477e-01
9.916512205118636070e-01
9.915147379351290091e-01
9.913333160937168875e-01
9.911028294466532884e-01
9.908189981732923313e-01
9.904773864807173700e-01
9.900734008760913030e-01
9.896022884628172811e-01
9.890591353333796354e-01
9.884388651464779407e-01
9.877362379914104151e-01
9.869458496583859430e-01
9.860621314492500344e-01
9.850793506786290621e-01
9.839916120302796276e-01
9.827928599469799575e-01
9.814768822440604890e-01
9.800373151460934906e-01
9.784676499527840132e-01
9.767612415432351813e-01
9.749113189270436353e-01
9.729109980457875118e-01
9.707532970191519173e-01
9.684311540160991383e-01
9.659374479131374036e-01
9.632650218790137497e-01
9.604067099982993572e-01
9.573553670156877970e-01
9.541039012487845250e-01
9.506453106802066344e-01
9.469727222004012956e-01
9.430794339312457142e-01
9.389589605177007803e-01
9.346050812310621181e-01
9.300118906831575938e-01
9.251738519066831090e-01
9.200858515132063209e-01
9.147432565977160479e-01
9.091419730174347125e-01
9.032785046334882439e-01
8.971500130674679996e-01
8.907543774915213097e-01
8.840902539409418726e-01
8.771571336129168062e-01
8.699553995947300056e-01
8.624863814499148518e-01
8.547524070821492792e-01
8.467568512946145320e-01
8.385041804675038568e-01
8.299999927887276030e-01
8.212510534927743855e-01
8.122653245902551333e-01
8.030519886056978196e-01
7.936214658834134239e-01
7.839854250701533411e-01
7.741567864381704300e-01
7.641497177722110790e-01
7.539796226078905317e-01
7.436631206755829337e-01
7.332180204721133743e-01
7.226632839508153605e-01
7.120189833875850693e-01
7.013062505451902462e-01
6.905472183191401214e-01
6.797649551050224392e-01
6.689833921786485504e-01
6.582272444262337041e-01
6.475219248020558371e-01
6.368934529257090915e-01
6.263683582606599520e-01
6.159735783408768484e-01
6.057363525337220445e-01
5.956841118458966466e-01
5.858443652959592907e-01
5.762445833927642980e-01
5.669120792747448512e-01
5.578738880811076051e-01
5.491566451429884532e-01
5.407864636007151393e-01
5.327888120724539878e-01
5.251883930193081973e-01
5.180090224718552072e-01
5.112735118023554737e-01
5.050035522444333846e-01
4.992196028769049221e-01
4.939407827993989031e-01
4.891847682333928526e-01
4.849676952821524445e-01
4.813040690759253781e-01
4.782066800137496632e-01
4.756865277898844058e-01
4.737527538608151678e-01
4.724125829679275412e-01
4.716712742814884729e-01
4.715320826739184401e-01
4.719962305650545753e-01
4.730628907100713487e-01
4.747291802227301405e-01
4.769901660437700919e-01
4.798388819774912495e-01
4.832663573299798010e-01
4.872616570909555911e-01
4.918119335088191324e-01
4.969024888159999653e-01
5.025168487699228637e-01
5.086368465845396702e-01
5.152427167390603024e-01
5.223131980648926254e-01
5.298256454294896223e-01
5.377561492574400859e-01
5.460796620554285719e-01
5.547701310393959861e-01
5.638006359001721535e-01
5.731435306889852699e-01
5.827705887574869958e-01
5.926531496494020779e-01
6.027622668135015349e-01
6.130688549914742325e-01
6.235438361301745003e-01
6.341582826765853609e-01
6.448835571361104524e-01
6.556914468109424909e-01
6.665542926852601191e-01
6.774451114876520741e-01
6.883377100379124425e-01
6.992067910742627568e-01
7.100280498569266907e-01
7.207782609533146534e-01
7.314353547270532330e-01
7.419784831757760823e-01
7.523880748888114312e-01
7.626458790234200702e-01
7.727349983248261722e-01
7.826399113386670603e-01
7.923464840825649169e-01
8.018419715542892678e-01
8.111150095556476369e-01
8.201555974022436413e-01
8.289550721683199841e-01
8.375060751820208038e-01
8.458025115389349313e-01
8.538395034402763706e-01
8.616133381865280771e-01
8.691214116680191504e-01
8.763621681912689976e-01
8.833350374648046843e-01
8.900403695415708416e-01
8.964793684782164096e-01
9.026540254258524909e-01
9.085670518138211360e-01
9.142218132291710653e-01
9.196222645314812150e-01
9.247728866770016376e-01
9.296786256592854958e-01
9.343448339069889697e-01
9.387772144146043773e-01
9.429817678196792397e-01
9.469647425815194142e-01
9.507325883622448348e-01
9.542919126619111569e-01
9.576494407156475042e-01
9.608119786225511882e-01
9.637863796434916752e-01
9.665795135778729730e-01
9.691982391075503189e-01
9.716493789791464941e-01
9.739396978835308527e-01
9.760758828827268418e-01
9.780645262294865860e-01
9.799121104226842238e-01
9.816249953420101981e-01
9.832094073077304319e-01
9.846714299150378658e-01
9.860169964974097034e-01
9.872518840790478478e-01
9.883817086826767184e-01
9.894119218655020864e-01
9.903478083628607376e-01
9.911944847259265279e-01
9.919568988467312165e-01
9.926398302706832544e-01
9.932478912037057128e-01
9.937855281280434383e-01
9.942570239476835603e-01
9.946665005911298207e-01
9.950179220059091056e-01
9.953150974855529132e-01
9.955616852757973589e-01
9.957611964122446979e-01
9.959169987466242047e-01
9.960323211229813456e-01
9.961102576685432197e-01
9.961537721666263723e-01
9.961657024807932803e-01
9.961487650005877992e-01
9.961055590797128767e-01
9.960385714376057686e-01
9.959501804952156645e-01
9.958426606155965644e-01
9.957181862199141476e-01
9.955788357498236429e-01
9.954265954480762124e-01
9.952633629307930940e-01
9.950909505271846589e-01
9.949110883656138160e-01
9.947254271887928656e-01
9.945355408854623658e-01
9.943429287310263653e-01
9.941490173351279491e-01
9.939551622998755720e-01
9.937626495981607411e-01
9.935726966870481736e-01
9.933864533763806515e-01
9.932050024773479979e-01
9.930293602596860225e-01
9.928604767492772432e-01
9.926992359001640676e-01
9.925464556762997326e-01
9.924028880787778562e-01
9.922692191538229345e-01
9.921460690155665674e-01
9.920339919156768715e-01
9.919334763893723483e-01
9.918449455043637508e-01
9.917687572359714654e-01
9.917052049882023601e-01
9.916545182770555300e-01
9.916168635888850114e-01
9.915923454233641632e-01
9.915810075275296454e-01
9.915828343245843834e-01
9.915977525386032720e-01
9.916256330140148512e-01
9.916662927266830518e-01
9.917194969815514849e-01
9.917849617900840187e-01
9.918623564190932607e-01
9.919513061009579413e-01
9.920513948936623416e-01
9.921621686775439208e-01
9.922831382741156281e-01
9.924137826708696597e-01
9.925535523346094013e-01
9.927018725946448185e-01
9.928581470761859151e-01
9.930217611635147046e-01
9.931920854720596159e-01
9.933684793083611408e-01
9.935502940971081554e-01
9.937368767549344950e-01
9.939275729914727187e-01
9.941217305192142639e-01
9.943187021549891869e-01
9.945178487972784476e-01
9.947185422650703934e-01
9.949201679855069758e-01
9.951221275190976767e-01
9.953238409127792563e-01
9.955247488725453842e-01
9.957243147487641055e-01
9.959220263286349129e-01
9.961173974315341573e-01
9.963099693042763993e-01
9.964993118145870632e-01
9.966850244423735017e-01
9.968667370697020802e-01
9.970441105717418040e-01
9.972168372123360047e-01
9.973846408492776927e-01
9.975472769557949260e-01
9.977045324661530934e-01
9.978562254546191612e-01
9.980022046582620598e-01
9.981423488551335321e-01
9.982765661102255272e-01
9.984047929021963030e-01
9.985269931441383973e-01
9.986431571116042294e-01
9.987533002906870960e-01
9.988574621581817192e-01
9.989557049047390613e-01
9.990481121105422302e-01
9.991347873814342417e-01
9.992158529517304322e-01
9.992914482582543334e-01
9.993617284885932817e-01
9.994268631052897200e-01
9.994870343468063023e-01
9.995424357057189901e-01
9.995932703847775214e-01
9.996397497322641046e-01
9.996820916594488793e-01
9.997205190448391621e-01
9.997552581322187715e-01
9.997865369320282358e-01
