9.997974644127107791e-01
9.997679844711732100e-01
9.997352874750131679e-01
9.996991686921458120e-01
9.996594257144216789e-01
9.996158597551679792e-01
9.995682768943673357e-01
9.995164892608142670e-01
9.994603161442068284e-01
9.993995850335622988e-01
9.993341325814359966e-01
9.992638054960040206e-01
9.991884613650693359e-01
9.991079694174059833e-01
9.990222112275820576e-01
9.989310813705418735e-01
9.988344880318604790e-01
9.987323535788218409e-01
9.986246150964279700e-01
9.985112248912467736e-01
9.983921509647625259e-01
9.982673774567119018e-01
9.981369050578400293e-01
9.980007513906723471e-01
9.978589513562844404e-01
9.977115574447039670e-01
9.975586400064692105e-01
9.974002874830051324e-01
9.972366065938100821e-01
9.970677224789573634e-01
9.968937787960507890e-01
9.967149377714984437e-01
9.965313802067358173e-01
9.963433054407959677e-01
9.961509312713420217e-01
9.959544938369140343e-01
9.957542474636443819e-01
9.955504644800358127e-01
9.953434350035336164e-01
9.951334667025278913e-01
9.949208845370749454e-01
9.947060304810013687e-01
9.944892632271626898e-01
9.942709578764470368e-01
9.940515056096898006e-01
9.938313133399976351e-01
9.936108033411259477e-01
9.933904128455579574e-01
9.931705936038559557e-01
9.929518113947611857e-01
9.927345454734972652e-01
9.925192879438358151e-01
9.923065430378139595e-01
9.920968262856061370e-01
9.918906635570201580e-01
9.916885899554617190e-01
9.914911485450317308e-01
9.912988888917060315e-01
9.911123654003127781e-01
9.909321354302432772e-01
9.907587571744870258e-01
9.905927872886349794e-01
9.904347782588798221e-01
9.902852755007238716e-01
9.901448141830198058e-01
9.900139157750630359e-01
9.898930843177091710e-01
9.897828024228524368e-01
9.896835270090670322e-01
9.895956847847756643e-01
9.895196674939414905e-01
9.894558269429994946e-01
9.894044698314948816e-01
9.893658524126771603e-01
9.893401750140125017e-01
9.893275764511688664e-01
9.893281283723512898e-01
9.893418295728082512e-01
9.893686003217154745e-01
9.894082767453161731e-01
9.894606053110024391e-01
9.895252374568047626e-01
9.896017244094217347e-01
9.896895122313995596e-01
9.897879371343460964e-01
9.898962210901981473e-01
9.900134677666464489e-01
9.901386588060440141e-01
9.902706504596832104e-01
9.904081705814812286e-01
9.905498159771364275e-01
9.906940500969957375e-01
9.908392010534624594e-01
9.909834599370470620e-01
9.911248793993098216e-01
9.912613724661553105e-01
9.913907115413287396e-01
9.915105275576064914e-01
9.916183092321089187e-01
9.917114023823671021e-01
9.917870092612156574e-01
9.918421878711876083e-01
9.918738512227697202e-01
9.918787665055623926e-01
9.918535541469793992e-01
9.917946867395651678e-01
9.916984878252297353e-01
9.915611305326933467e-01
9.913786360731641212e-01
9.911468721087690614e-01
9.908615510185392328e-01
9.905182280978551690e-01
9.901122997392101110e-01
9.896390016549655444e-01
9.890934072164310198e-01
9.884704259980304775e-01
9.877648026303843531e-01
9.869711160816326823e-01
9.860837795019642416e-01
9.850970407817141172e-01
9.840049839881114258e-01
9.828015318592682181e-01
9.814804495457529754e-01
9.800353497994988006e-01
9.784596998162883308e-01
9.767468299411188326e-01
9.748899444449049545e-01
9.728821345758882355e-01
9.707163940795288104e-01
9.683856373664626593e-01
9.658827204893186691e-01
9.632004650659733436e-01
9.603316852594181441e-01
9.572692178932015183e-01
9.540059557468063556e-01
9.505348840378226027e-01
9.468491200578789124e-01
9.429419558875407059e-01
9.388069040722661907e-01
9.344377460975623606e-01
9.298285834571762276e-01
9.249738910639986322e-01
9.198685727097994924e-01
9.145080182374707434e-01
9.088881620485881330e-01
9.030055425303640249e-01
8.968573619499581318e-01
8.904415463312288503e-01
8.837568047999150300e-01
8.768026878585503114e-01
8.695796440327147048e-01
8.620890743161270242e-01
8.543333838341293784e-01
8.463160301438011901e-01
8.380415675947214815e-01
8.295156871875457583e-01
8.207452513883175538e-01
8.117383233847903501e-01
8.025041903068594884e-01
7.930533799761817493e-01
7.833976707995951028e-01
7.735500944763900044e-01
7.635249312497838226e-01
7.533376974971158768e-01
7.430051255199811022e-01
7.325451354634995305e-01
7.219767993617698387e-01
7.113202973729663148e-01
7.005968663312671652e-01
6.898287408027605760e-01
6.790390868877714814e-01
6.682519290620971830e-01
6.574920703940533295e-01
6.467850065129787662e-01
6.361568337381924287e-01
6.256341518058025075e-01
6.152439616549465473e-01
6.050135587559610784e-01
5.949704224814280629e-01
5.851421020382323590e-01
5.755560994953996534e-01
5.662397504595212405e-01
5.572201029675305506e-01
5.485237951858915606e-01
5.401769325259353494e-01
5.322049648070380501e-01
5.246325641219939939e-01
5.174835040816723186e-01
5.107805411378559812e-01
5.045452987029208636e-01
4.987981548015415489e-01
4.935581340016075291e-01
4.888428043777613974e-01
4.846681802603307609e-01
4.810486315138949864e-01
4.779968000726038113e-01
4.755235244330459077e-01
4.736377727698179996e-01
4.723465852939353615e-01
4.716550264201980758e-01
4.715661472471455173e-01
4.720809587831314991e-01
4.731984162751641243e-01
4.749154149147476467e-01
4.772267971079854343e-01
4.801253714069780854e-01
4.836019431071191255e-01
4.876453564213740766e-01
4.922425480489927008e-01
4.973786118632095299e-01
5.030368743511541840e-01
5.091989803500174272e-01
5.158449885372022869e-01
5.229534760491326706e-01
5.305016515242988451e-01
5.384654757913434064e-01
5.468197893532777965e-01
5.555384457547697385e-01
5.645944498617064822e-01
5.739601000316024715e-01
5.836071331108610982e-01
5.935068711612891956e-01
6.036303687945636653e-01
6.139485599805094562e-01
6.244324031938992547e-01
6.350530237758076346e-01
6.457818524098335455e-01
6.565907586511761096e-01
6.674521784976016336e-01
6.783392350555725869e-01
6.892258514316889073e-01
7.000868550682286529e-01
7.108980728407555683e-01
7.216364163440842638e-01
7.322799569085346461e-01
7.428079900094906041e-01
7.532010888576792240e-01
7.634411470831334867e-01
7.735114105502716164e-01
7.833964984627379557e-01
7.930824140325288818e-01
8.025565450964984304e-01
8.118076551628947701e-01
8.208258654595412818e-01
8.296026286324775789e-01
8.381306948082447583e-01
8.464040707839676214e-01
8.544179731465275651e-01
8.621687761454165377e-01
8.696539551535520385e-01
8.768720265469388542e-01
8.838224848183716675e-01
8.905057377134100172e-01
8.969230401398201602e-01
9.030764275559426402e-01
9.089686494905042657e-01
9.146031037877868641e-01
9.199837721093780951e-01
9.251151571585384259e-01
9.300022220269971163e-01
9.346503319981591673e-01
9.390651990765263024e-01
9.432528294517186218e-01
9.472194740477639652e-01
9.509715822550431907e-01
9.545157588939896520e-01
9.578587244167111603e-01
9.610072783152970866e-01
9.639682656737205146e-01
9.667485467738039517e-01
9.693549696444317965e-01
9.717943454267005121e-01
9.740734264155650468e-01
9.761988866302803158e-01
9.781773047610271554e-01
9.800151493370490297e-01
9.817187659618830109e-01
9.832943664633982950e-01
9.847480198099115567e-01
9.860856446482776372e-01
9.873130033252415227e-01
9.884356972592471813e-01
9.894591635361467130e-01
9.903886726087187675e-01
9.912293269865118939e-01
9.919860608092243570e-01
9.926636402036093099e-01
9.932666643307231924e-01
9.937995670372046231e-01
9.942666190311468810e-01
9.946719305099464004e-01
9.950194541741982368e-01
9.953129885681660793e-01
9.955561816934501707e-01
9.957525348480967819e-01
9.959054066484082091e-01
9.960180171950201444e-01
9.960934523483400138e-01
9.961346680811508092e-01
9.961444948781000841e-01
9.961256421529679494e-01
9.960807026551746768e-01
9.960121568370930989e-01
9.959223771535742342e-01
9.958136322648952765e-01
9.956880911142977908e-01
9.955478268516256835e-01
9.953948205754532541e-01
9.952309648676646026e-01
9.950580670967731356e-01
9.948778524693975278e-01
9.946919668131963821e-01
9.945019790791262970e-01
9.943093835560032900e-01
9.941156017958374669e-01
9.939219842540952810e-01
9.937298116547108595e-01
9.935402960951219553e-01
9.933545819116538222e-01
9.931737463300506219e-01
9.929987999297175127e-01
9.928306869531956513e-01
9.926702854944641219e-01
9.925184076008480849e-01
9.923757993235953201e-01
9.922431407516378865e-01
9.921210460617388982e-01
9.920100636162506591e-01
9.919106761371933034e-01
9.918233009824384272e-01
9.917482905465783150e-01
9.916859328057123779e-01
9.916364520220087853e-01
9.916000096205961345e-01
9.915767052481965216e-01
9.915665780199807156e-01
9.915696079584304101e-01
9.915857176255565841e-01
9.916147739476089962e-01
9.916565902294072199e-01
9.917109283535701092e-01
9.917775011581855260e-01
9.918559749847941642e-01
9.919459723869280543e-01
9.920470749878320671e-01
9.921588264743969043e-01
9.922807357127653161e-01
9.924122799695678232e-01
9.925529082213498944e-01
9.927020445335134058e-01
9.928590914890775831e-01
9.930234336468015677e-01
9.931944410077604424e-01
9.933714724693328835e-01
9.935538792457678792e-01
9.937410082350240925e-01
9.939322053123956779e-01
9.941268185325159434e-01
9.943242012225975701e-01
9.945237149511877428e-01
9.947247323582127931e-01
9.949266398336251704e-01
9.951288400334888928e-01
9.953307542238315486e-01
9.955318244440223285e-01
9.957315154828089154e-01
9.959293166614644477e-01
9.961247434197766371e-01
9.963173387018675609e-01
9.965066741400973038e-01
9.966923510365870431e-01
9.968740011432166703e-01
9.970512872423212825e-01
9.972239035317210787e-01
9.973915758191628234e-01
9.975540615327106453e-01
9.977111495550582410e-01
9.978626598911128909e-01
9.980084431794640221e-01
9.981483800594521671e-01
9.982823804064347994e-01
9.984103824484530376e-01
9.985323517777908719e-01
9.986482802708517292e-01
9.987581849293351022e-01
9.988621066548821759e-01
9.989601089682069723e-01
9.990522766822734768e-01
9.991387145374297507e-01
9.992195458046345680e-01
9.992949108611677289e-01
9.993649657416112664e-01
9.994298806655718126e-01
9.994898385427115617e-01
9.995450334552655747e-01
9.995956691184245679e-01
9.996419573197794506e-01
9.996841163404489583e-01
9.997223693624630592e-01
9.997569428693451332e-01
9.997880650494603838e-01
