9.998000101255288818e-01
9.997708643409397578e-01
9.997385305415559253e-01
9.997028045449187772e-01
9.996634842792362363e-01
9.996203710707320944e-01
9.995732708825304513e-01
9.995219954944994933e-01
9.994663636169536236e-01
9.994062019344227554e-01
9.993413460786657598e-01
9.992716415325936241e-01
9.991969444686826796e-01
9.991171225267591050e-01
9.990320555367308009e-01
9.989416361919677412e-01
9.988457706786826318e-01
9.987443792659275177e-01
9.986373968598279971e-01
9.985247735245360579e-01
9.984064749712068254e-01
9.982824830151971751e-01
9.981527960007141598e-01
9.980174291913737061e-01
9.978764151245947955e-01
9.977298039274689057e-01
9.975776635917009694e-01
9.974200802054065118e-01
9.972571581399323204e-01
9.970890201904145655e-01
9.969158076694613069e-01
9.967376804540870605e-01
9.965548169868179151e-01
9.963674142326521821e-01
9.961756875942848755e-01
9.959798707886315938e-01
9.957802156881745415e-01
9.955769921309743919e-01
9.953704877033043852e-01
9.951610074987348176e-01
9.949488738571220514e-01
9.947344260862938103e-01
9.945180201682966015e-01
9.943000284508629605e-01
9.940808393232949403e-01
9.938608568742707261e-01
9.936405005272075375e-01
9.934202046467944802e-01
9.932004181082273453e-01
9.929816038185769189e-01
9.927642381776998759e-01
9.925488104642163911e-01
9.923358221304229287e-01
9.921257859886405406e-01
9.919192252704903678e-01
9.917166725399890748e-01
9.915186684412025109e-01
9.913257602615054287e-01
9.911385002922752374e-01
9.909574439700765680e-01
9.907831477830407740e-01
9.906161669291703165e-01
9.904570527156416615e-01
9.903063496907933416e-01
9.901645925033125684e-01
9.900323024861233945e-01
9.899099839656055888e-01
9.897981202999988071e-01
9.896971696541736474e-01
9.896075605213615622e-01
9.895296870059391292e-01
9.894639038849483148e-01
9.894105214696964357e-01
9.893698002924745660e-01
9.893419456471175266e-01
9.893271020157133888e-01
9.893253474171408435e-01
9.893366877161448025e-01
9.893610509341852488e-01
9.893982816051644091e-01
9.894481352201748292e-01
9.895102728054923080e-01
9.895842556770334530e-01
9.896695404123501127e-01
9.897654740779104898e-01
9.898712897449695181e-01
9.899861023218399225e-01
9.901089047240054786e-01
9.902385643964477513e-01
9.903738201950352815e-01
9.905132796260954775e-01
9.906554164356176084e-01
9.907985685321815117e-01
9.909409362209073979e-01
9.910805807196790829e-01
9.912154229237953862e-01
9.913432423811601168e-01
9.914616764372398139e-01
9.915682195073380889e-01
9.916602224332686788e-01
9.917348918822478376e-01
9.917892897477256220e-01
9.918203325148809979e-01
9.918247905575723333e-01
9.917992873385789165e-01
9.917402984909743369e-01
9.916441507653626086e-01
9.915070208354942460e-01
9.913249339634249147e-01
9.910937625349149904e-01
9.908092244861907982e-01
9.904668816545317833e-01
9.900621380974179431e-01
9.895902384381513039e-01
9.890462663099296448e-01
9.884251429851858006e-01
9.877216262924676249e-01
9.869303099389986622e-01
9.860456233730056086e-01
9.850618323355604389e-01
9.839730402665848308e-01
9.827731907433100433e-01
9.814560711412954053e-01
9.800153177175452424e-01
9.784444223217474423e-01
9.767367409447070825e-01
9.748855043122058861e-01
9.728838307274785269e-01
9.707247413560036176e-01
9.684011781322996448e-01
9.659060244499014791e-01
9.632321287728319303e-01
9.603723312799359313e-01
9.573194936227531482e-01
9.540665318435849196e-01
9.506064524635222668e-01
9.469323917109242483e-01
9.430376578196675297e-01
9.389157762839149823e-01
9.345605379126629142e-01
9.299660494833844604e-01
9.251267867501845599e-01
9.200376495184603431e-01
9.146940184556310305e-01
9.090918132665382068e-01
9.032275518231616118e-01
8.970984098018814912e-01
8.907022803482286255e-01
8.840378332594964750e-01
8.771045731503477327e-01
8.699028960462527049e-01
8.624341438348346323e-01
8.547006559965428796e-01
8.467058180340272244e-01
8.384541060245712663e-01
8.299511267322994268e-01
8.212036527367718719e-01
8.122196520620904581e-01
8.030083118256010621e-01
7.935800554673945184e-01
7.839465531705418488e-01
7.741207251366382103e-01
7.641167374408789348e-01
7.539499902544473109e-01
7.436370982882944958e-01
7.331958633801010095e-01
7.226452392140270131e-01
7.120052882294671814e-01
7.012971308391920955e-01
6.905428871379321043e-01
6.797656113387225973e-01
6.689892192255562087e-01
6.582384089567175911e-01
6.475385755934411902e-01
6.369157197635049172e-01
6.263963508993499740e-01
6.160073855160366207e-01
6.057760410164846343e-01
5.957297255309572659e-01
5.858959243154517882e-01
5.763020832504608393e-01
5.669754899981575003e-01
5.579431533930461207e-01
5.492316816588656003e-01
5.408671600631260734e-01
5.328750286400540936e-01
5.252799606324847215e-01
5.181057423227781733e-01
5.113751549414053965e-01
5.051098593584212315e-01
4.993302842766291771e-01
4.940555186547221922e-01
4.893032090929727573e-01
4.850894629121933477e-01
4.814287576477576103e-01
4.783338576638413997e-01
4.758157385681854867e-01
4.738835200743625187e-01
4.725444079167413491e-01
4.718036453732878943e-01
4.716644748934910591e-01
4.721281102636373239e-01
4.731937196701988535e-01
4.748584199451022503e-01
4.771172821950515619e-01
4.799633489319167223e-01
4.833876627333482112e-01
4.873793063732336783e-01
4.919254542711720690e-01
4.970114350196220832e-01
5.026208046574780486e-01
5.087354302701672104e-01
5.153355834096069454e-01
5.224000427429997817e-01
5.299062052581713367e-01
5.378302052755246088e-01
5.461470404434018988e-01
5.548307038255079204e-01
5.638543211268460809e-01
5.731902920493769926e-01
5.828104347212237357e-01
5.926861321049089470e-01
6.027884792617554943e-01
6.130884303323562712e-01
6.235569440878014902e-01
6.341651269139774172e-01
6.448843721123658224e-01
6.556864944356972646e-01
6.665438588256993313e-01
6.774295023827848761e-01
6.883172486732798134e-01
6.991818135678551371e-01
7.099989019039392169e-01
7.207452943735694895e-01
7.313989241546147158e-01
7.419389429255678348e-01
7.523457760300309438e-01
7.626011666843933723e-01
7.726882092486790921e-01
7.825913717040060558e-01
7.922965075982746352e-01
8.017908578327110902e-01
8.110630427638396700e-01
8.201030451868258631e-01
8.289021848456257224e-01
8.374530851819431687e-01
8.457496330879971103e-01
8.537869324670905868e-01
8.615612524309308462e-01
8.690699709737618184e-01
8.763115149611949706e-01
8.832852972569177341e-01
8.899916517842578756e-01
8.964317672831060291e-01
9.026076204773156864e-01
9.085219093149301539e-01
9.141779868849828627e-01
9.195797965517752415e-01
9.247318087820457500e-01
9.296389600738068637e-01
9.343065943292517828e-01
9.387404069493192615e-01
9.429463918653643306e-01
9.469307916648557200e-01
9.507000509138913147e-01
9.542607727301274378e-01
9.576196786158684970e-01
9.607835715227329709e-01
9.637593020865615756e-01
9.665537379439284038e-01
9.691737360195444850e-01
9.716261176566397539e-01
9.739176464496746011e-01
9.760550086299807360e-01
9.780447958496565342e-01
9.798934902067311103e-01
9.816074513547520253e-01
9.831929055420689512e-01
9.846559364297349237e-01
9.860024775417532972e-01
9.872383062070293480e-01
9.883690388585829600e-01
9.894001275621477909e-01
9.903368576530704459e-01
9.911843463673496446e-01
9.919475423596493258e-01
9.926312260081566752e-01
9.932400104132073082e-01
9.937783430036428722e-01
9.942505076718618495e-01
9.946606273654132746e-01
9.950126670696975983e-01
9.953104371227637914e-01
9.955575968092281736e-01
9.957576581858638143e-01
9.959139900962999947e-01
9.960298223364451031e-01
9.961082499356317399e-01
9.961522375210507541e-01
9.961646237348271704e-01
9.961481256741570034e-01
9.961053433253966860e-01
9.960387639630363665e-01
9.959507664842986996e-01
9.958436256498756078e-01
9.957195162012936196e-01
9.955805168257416682e-01
9.954286139401148370e-01
9.952657052676172622e-01
9.950936031826282946e-01
9.949140378026809506e-01
9.947286598103016741e-01
9.945390429920313302e-01
9.943466864870634803e-01
9.941530167434342591e-01
9.939593891853892860e-01
9.937670896012505972e-01
9.935773352666000813e-01
9.933912758227148032e-01
9.932099939347575068e-01
9.930345057581126955e-01
9.928657612443561042e-01
9.927046443205811421e-01
9.925519729771565824e-01
9.924084992994411936e-01
9.922749094785880963e-01
9.921518238353889130e-01
9.920397968892310514e-01
9.919393175017888753e-01
9.918508091221576173e-01
9.917746301569134726e-01
9.917110744851642679e-01
9.916603721351753276e-01
9.916226901357263479e-01
9.915981335520530626e-01
9.915867467131418422e-01
9.915885146342953149e-01
9.916033646363002774e-01
9.916311681601942540e-01
9.916717427745194158e-01
9.917248543700292185e-01
9.917902195350321026e-01
9.918675081028750506e-01
9.919563458614476525e-01
9.920563174130005990e-01
9.921669691710220951e-01
9.922878124793986787e-01
9.924183268376405298e-01
9.925579632146123155e-01
9.927061474320242329e-01
9.928622835979593608e-01
9.930257575699875661e-01
9.931959404269836700e-01
9.933721919286488955e-01
9.935538639419423390e-01
9.937403038141513489e-01
9.939308576731360478e-01
9.941248736363440530e-01
9.943217049114415618e-01
9.945207127728074026e-01
9.947212693996194677e-01
9.949227605627859461e-01
9.951245881494950041e-01
9.953261725156435924e-01
9.955269546578443540e-01
9.957263981980917222e-01
9.959239911755043417e-01
9.961192476408557983e-01
9.963117090508855078e-01
9.965009454606665873e-01
9.966865565136040495e-01
9.968681722299793657e-01
9.970454535963264586e-01
9.972180929593459364e-01
9.973858142295017881e-01
9.975483729008898237e-01
9.977055558953893399e-01
9.978571812404563035e-01
9.980030975911542424e-01
9.981431836080862929e-01
9.982773472037399509e-01
9.984055246703321673e-01
9.985276797025007811e-01
9.986438023281026810e-01
9.987539077599196791e-01
9.988580351802610613e-01
9.989562464692985921e-01
9.990486248865357854e-01
9.991352737131825590e-01
9.992163148614694457e-01
9.992918874552179087e-01
9.993621463844274411e-01
9.994272608353539367e-01
9.994874127966891786e-01
9.995427955420896904e-01
9.995936120895239085e-01
9.996400736387428543e-01
9.996823979896027890e-01
9.997208079459233288e-01
9.997555297119209428e-01
9.997867912908736665e-01
