9.997977346210440430e-01
9.997683297813172443e-01
9.997357217987034028e-01
9.996997074793884108e-01
9.996600859695110586e-01
9.996166600300849803e-01
9.995692372582353213e-01
9.995176312446991673e-01
9.994616626611867449e-01
9.994011602746627476e-01
9.993359618886807905e-01
9.992659152144520718e-01
9.991908786762696559e-01
9.991107221571778885e-01
9.990253276914059510e-01
9.989345901101058800e-01
9.988384176464512043e-01
9.987367325052632916e-01
9.986294714011707541e-01
9.985165860679958705e-01
9.983980437407194986e-01
9.982738276101100761e-01
9.981439372489951944e-01
9.980083890082606102e-01
9.978672163800352823e-01
9.977204703251559836e-01
9.975682195619168802e-01
9.974105508132666831e-01
9.972475690099981138e-01
9.970793974480325339e-01
9.969061778986036959e-01
9.967280706709368276e-01
9.965452546278581458e-01
9.963579271556073369e-01
9.961663040899194632e-01
9.959706196011451906e-01
9.957711260417476673e-01
9.955680937599139524e-01
9.953618108832069655e-01
9.951525830761372982e-01
9.949407332752150390e-01
9.947266014044533478e-01
9.945105440734041125e-01
9.942929342586438457e-01
9.940741609681850166e-01
9.938546288866101364e-01
9.936347579968448640e-01
9.934149831724540247e-01
9.931957537322286811e-01
9.929775329466946632e-01
9.927607974841022864e-01
9.925460367815180929e-01
9.923337523249252667e-01
9.921244568208144043e-01
9.919186732406815032e-01
9.917169337192008882e-01
9.915197782866443932e-01
9.913277534164002258e-01
9.911414103692131050e-01
9.909613033170033836e-01
9.907879872308048563e-01
9.906220155194409571e-01
9.904639374079942105e-01
9.903142950478445172e-01
9.901736203530191460e-01
9.900424315607432302e-01
9.899212295173782650e-01
9.898104936943357135e-01
9.897106779420495881e-01
9.896222059936562454e-01
9.895454667336567312e-01
9.894808092505098518e-01
9.894285376958003031e-01
9.893889059763061322e-01
9.893621123088909286e-01
9.893482936715860543e-01
9.893475201873948022e-01
9.893597894801061665e-01
9.893850210436114789e-01
9.894230506677018644e-01
9.894736249639504155e-01
9.895363960349097265e-01
9.896109163283826060e-01
9.896966337159012195e-01
9.897928868307668271e-01
9.898989006961179671e-01
9.900137826676271846e-01
9.901365187087437514e-01
9.902659700091221984e-01
9.904008699492580226e-01
9.905398214066730711e-01
9.906812943915225267e-01
9.908236239925100053e-01
9.909650086077341768e-01
9.911035084297485920e-01
9.912370441498576934e-01
9.913633958435905669e-01
9.914802019974550129e-01
9.915849586364691159e-01
9.916750185125663419e-01
9.917475903157070283e-01
9.917997378723045765e-01
9.918283792992984571e-01
9.918302860867771464e-01
9.918020820873818533e-01
9.917402423967459635e-01
9.916410921159011238e-01
9.915008049938954793e-01
9.913154019568480857e-01
9.910807495383390231e-01
9.907925582354824012e-01
9.904463808253066714e-01
9.900376106872529336e-01
9.895614801897325563e-01
9.890130592117721831e-01
9.883872538847623401e-01
9.876788056541062621e-01
9.868822907759192686e-01
9.859921203795750655e-01
9.850025412424430193e-01
9.839076374381386936e-01
9.827013330334803953e-01
9.813773960215224079e-01
9.799294436879013581e-01
9.783509496146928219e-01
9.766352525294762499e-01
9.747755672068475485e-01
9.727649976248481378e-01
9.705965525694034701e-01
9.682631638658024675e-01
9.657577073974801252e-01
9.630730270490864831e-01
9.602019616832823123e-01
9.571373752292969828e-01
9.538721899264724913e-01
9.503994227283172336e-01
9.467122248325456901e-01
9.428039242607402226e-01
9.386680713681928578e-01
9.342984871206749808e-01
9.296893139308726184e-01
9.248350688034738809e-01
9.197306984948910857e-01
9.143716363517975232e-01
9.087538604525283725e-01
9.028739526374187641e-01
8.967291579788384537e-01
8.903174442095458385e-01
8.836375605996038551e-01
8.766890957480125701e-01
8.694725337360429407e-01
8.619893080755385295e-01
8.542418528777779851e-01
8.462336506673224790e-01
8.379692762710863052e-01
8.294544362259512749e-01
8.206960031688230739e-01
8.117020447011379369e-01
8.024818462553293674e-01
7.930459275333425762e-01
7.834060521363862550e-01
7.735752300600076126e-01
7.635677127883342408e-01
7.533989807848170406e-01
7.430857232428366155e-01
7.326458100267063678e-01
7.220982558006354690e-01
7.114631764087113730e-01
7.007617376317445412e-01
6.900160965057869911e-01
6.792493354414675943e-01
6.684853894323579127e-01
6.577489666841386251e-01
6.470654630343147806e-01
6.364608705649814624e-01
6.259616808391657017e-01
6.155947832153718657e-01
6.053873587159981362e-01
5.953667699443394579e-01
5.855604475628533034e-01
5.759957738632281998e-01
5.666999639772934971e-01
5.576999452974783500e-01
5.490222356967191519e-01
5.406928211603378998e-01
5.327370334662624440e-01
5.251794285743631718e-01
5.180436664098060362e-01
5.113523927481281595e-01
5.051271239299033322e-01
4.993881351491894494e-01
4.941543530709739951e-01
4.894432535374095838e-01
4.852707651195558025e-01
4.816511792597492070e-01
4.785970677289271835e-01
4.761192080928643433e-01
4.742265178412873317e-01
4.729259977844640916e-01
4.722226852636686178e-01
4.721196176556414770e-01
4.726178065779089721e-01
4.737162231226218490e-01
4.754117943627725884e-01
4.776994112874474174e-01
4.805719482334459558e-01
4.840202937902970959e-01
4.880333930654260355e-01
4.925983011069313688e-01
4.977002471937631567e-01
5.033227096177312898e-01
5.094475004990874911e-01
5.160548600978362987e-01
5.231235600066970193e-01
5.306310145390666921e-01
5.385533995566857968e-01
5.468657779174384004e-01
5.555422306641686347e-01
5.645559930212811217e-01
5.738795942178269716e-01
5.834850001146152376e-01
5.933437575795748042e-01
6.034271395310646380e-01
6.137062895541267604e-01
6.241523649907270155e-01
6.347366774127142230e-01
6.454308294062519602e-01
6.562068466293236035e-01
6.670373041498169897e-01
6.778954461305898294e-01
6.887552979994121527e-01
6.995917703250327246e-01
7.103807537147830420e-01
7.210992041527364282e-01
7.317252183088220896e-01
7.422380984666314685e-01
7.526184068388355186e-01
7.628480091620658543e-01
7.729101075855461245e-01
7.827892629875458086e-01
7.924714069687232021e-01
8.019438438796921975e-01
8.111952433398685880e-01
8.202156237942783701e-01
8.289963277332376146e-01
8.375299892656267176e-01
8.458104947891420533e-01
8.538329375400240950e-01
8.615935668302074912e-01
8.690897327918238879e-01
8.763198274479544470e-01
8.832832229152537407e-01
8.899802075194656048e-01
8.964119205701457371e-01
9.025802864973687667e-01
9.084879490023275439e-01
9.141382058170244296e-01
9.195349446072786925e-01
9.246825804895802969e-01
9.295859955673968500e-01
9.342504808277853900e-01
9.386816806758535581e-01
9.428855403238658450e-01
9.468682561945579446e-01
9.506362294452405104e-01
9.541960226711345694e-01
9.575543198034353054e-01
9.607178891800488563e-01
9.636935497348184665e-01
9.664881402242103681e-01
9.691084913886340857e-01
9.715614009284611052e-01
9.738536111619602309e-01
9.759917892233087588e-01
9.779825096530685435e-01
9.798322392305290895e-01
9.815473238966412328e-01
9.831339776174320422e-01
9.845982730404285732e-01
9.859461338003576714e-01
9.871833283349714661e-01
9.883154650770445970e-01
9.893479888942432465e-01
9.902861786545679168e-01
9.911351458013519800e-01
9.918998338283130378e-01
9.925850185518816371e-01
9.931953090849398036e-01
9.937351494231547733e-01
9.942088205622481301e-01
9.946204430716959477e-01
9.949739800574342041e-01
9.952732404529966992e-01
9.955218825850132847e-01
9.957234179649923078e-01
9.958812152646647764e-01
9.959985044367644091e-01
9.960783809468658490e-01
9.961238100847825683e-01
9.961376313260218440e-01
9.961225627150032125e-01
9.960812052422731711e-01
9.960160471879651034e-01
9.959294684034629697e-01
9.958237445028621515e-01
9.957010509355939121e-01
9.955634669117269242e-01
9.954129791521540982e-01
9.952514854372711550e-01
9.950807979299342021e-01
9.949026462514998226e-01
9.947186802935584771e-01
9.945304727524926225e-01
9.943395213791008658e-01
9.941472509410386182e-01
9.939550149015530245e-01
9.937640968237081429e-01
9.935757115148079466e-01
9.933910059308214135e-01
9.932110598651266997e-01
9.930368864496819103e-01
9.928694324996871767e-01
9.927095787348756417e-01
9.925581399117330283e-01
9.924158649012148059e-01
9.922834367459780758e-01
9.921614727298322389e-01
9.920505244901794972e-01
9.919510782017597617e-01
9.918635548571920202e-01
9.917883106667316762e-01
9.917256375964723647e-01
9.916757640610309732e-01
9.916388557836356421e-01
9.916150168335816639e-01
9.916042908482528562e-01
9.916066624443525823e-01
9.916220588206454689e-01
9.916503515523513723e-01
9.916913585753203142e-01
9.917448463562168470e-01
9.918105322431021165e-01
9.918880869889942220e-01
9.919771374391869179e-01
9.920772693713048040e-01
9.921880304752868085e-01
9.923089334587343879e-01
9.924394592613984267e-01
9.925790603610407103e-01
9.927271641515723610e-01
9.928831763732774984e-01
9.930464845741470148e-01
9.932164615808929398e-01
9.933924689581183909e-01
9.935738604343828939e-01
9.937599852744972706e-01
9.939501915782920083e-01
9.941438294872551040e-01
9.943402542817907364e-01
9.945388293533338198e-01
9.947389290371156934e-01
9.949399412929548214e-01
9.951412702230013618e-01
9.953423384168704757e-01
9.955425891160296636e-01
9.957414881906734294e-01
9.959385259236163135e-01
9.961332185969938857e-01
9.963251098787978544e-01
9.965137720075080141e-01
9.966988067743504098e-01
9.968798463040190461e-01
9.970565536360588288e-01
9.972286231105230714e-01
9.973957805629731777e-01
9.975577833353642676e-01
9.977144201108228971e-01
9.978655105817246795e-01
9.980109049617796879e-01
9.981504833539596167e-01
9.982841549870138387e-01
9.984118573339444414e-01
9.985335551261140807e-01
9.986492392765933257e-01
9.987589257259014142e-01
9.988626542224625648e-01
9.989604870489036115e-01
9.990525077038282520e-01
9.991388195469879108e-01
9.992195444139383431e-01
9.992948212044562295e-01
9.993648044473201209e-01
9.994296628426833085e-01
9.994895777823034067e-01
9.995447418474642243e-01
9.995953572845920343e-01
9.996416344593780368e-01
9.996837902916421159e-01
9.997220466751494117e-01
9.997566288890042951e-01
9.997877640099179786e-01
