-0.27712
-0.27712
-0.27712
-0.27712
-0.27712
-0.27712
-0.27712
-0.27712
-0.27712
-0.27712
-0.27712
-0.27712
-0.27712
-0.27712
-0.27712
-0.27712
-0.27712
-0.27712
-0.27712
-0.27712
-0.27712
-0.27712
-0.27712
-0.27712
-0.24942
-0.19009
-0.096024
0.037406
0.21315
0.40341
0.6029
0.81261
0.9986
1.1972
1.3982
1.5833
1.7087
1.8323
1.9242
2.0098
2.0305
2.0307
1.9866
1.9349
1.8293
1.7331
1.5494
1.3618
1.1698
0.96253
0.71734
0.48943
0.24552
0.0067413
-0.2162
-0.42967
-0.62481
-0.7961
-0.94285
-1.0683
-1.165
-1.24
-1.2698
-1.2775
-1.2689
-1.2428
-1.1754
-1.0881
-0.99427
-0.90085
-0.7892
-0.67771
-0.56795
-0.46514
-0.38574
-0.3294
-0.29357
-0.27712
-0.27712
-0.27712
-0.27712
-0.27712
-0.27712
-0.27712
-0.27712
-0.27712
-0.27712
-0.27712
-0.27712
-0.27712
-0.27712
-0.27712
-0.27712
-0.27712
-0.27712
-0.27712
-0.27712
-0.27712
-0.27712
-0.27712
