9.997968238512987549e-01
9.997672599180634778e-01
9.997344720860311673e-01
9.996982557012317194e-01
9.996584085384028207e-01
9.996147321060927515e-01
9.995670328976895558e-01
9.995151235774502041e-01
9.994588240942529067e-01
9.993979627192878246e-01
9.993323770070511314e-01
9.992619146816591469e-01
9.991864344525763775e-01
9.991058067652824892e-01
9.990199144932049302e-01
9.989286535774607456e-01
9.988319336206451515e-01
9.987296784402011074e-01
9.986218265859040377e-01
9.985083318248206830e-01
9.983891635958757060e-01
9.982643074349674128e-01
9.981337653705123492e-01
9.979975562884138007e-01
9.978557162647965217e-01
9.977082988644268013e-01
9.975553754025686670e-01
9.973970351680755408e-01
9.972333856057785662e-01
9.970645524566568163e-01
9.968906798548428094e-01
9.967119303811675657e-01
9.965284850736614297e-01
9.963405433961401991e-01
9.961483231666945493e-01
9.959520604485035955e-01
9.957520094058909255e-01
9.955484421288780528e-01
9.953416484296329081e-01
9.951319356141442585e-01
9.949196282321198792e-01
9.947050678075262109e-01
9.944886125513204833e-01
9.942706370567939711e-01
9.940515319765524938e-01
9.938317036785412339e-01
9.936115738766999606e-01
9.933915792298796399e-01
9.931721709006059440e-01
9.929538140632168108e-01
9.927369873489004792e-01
9.925221822132943572e-01
9.923099022106509626e-01
9.921006621572050488e-01
9.918949871653536254e-01
9.916934115296385244e-01
9.914964774453410845e-01
9.913047335407806360e-01
9.911187332051639709e-01
9.909390326950409111e-01
9.907661890040669883e-01
9.906007574828047391e-01
9.904432891976709952e-01
9.902943280208013066e-01
9.901544074455027600e-01
9.900240471250550955e-01
9.899037491358636531e-01
9.897939939693291000e-01
9.896952362602697839e-01
9.896079002633005883e-01
9.895323750922193629e-01
9.894690097411877883e-01
9.894181079102752907e-01
9.893799226617349118e-01
9.893546509371379249e-01
9.893424279691094281e-01
9.893433216247753403e-01
9.893573267210002964e-01
9.893843593539154435e-01
9.894242512869250161e-01
9.894767444421957991e-01
9.895414855404067733e-01
9.896180209321790988e-01
9.897057916620314311e-01
9.898041288019169270e-01
9.899122490864326052e-01
9.900292508757684296e-01
9.901541104655477987e-01
9.902856787551216344e-01
9.904226782778747795e-01
9.905637005889657010e-01
9.907072039979363254e-01
9.908515116260732114e-01
9.909948097615415286e-01
9.911351464793560773e-01
9.912704304883870332e-01
9.913984301639472418e-01
9.915167727221552152e-01
9.916229434912406937e-01
9.917142852352626159e-01
9.917879974872847448e-01
9.918411358518502974e-01
9.918706112405202280e-01
9.918731890092065129e-01
9.918454879719568185e-01
9.917839792726446113e-01
9.916849851036375618e-01
9.915446772689057164e-01
9.913590755981687153e-01
9.911240462285618724e-01
9.908352997809387608e-01
9.904883894693341517e-01
9.900787091942963025e-01
9.896014916837726494e-01
9.890518067589472162e-01
9.884245598168156510e-01
9.877144906362042009e-01
9.869161726291894032e-01
9.860240126751625978e-01
9.850322516897633829e-01
9.839349660951267618e-01
9.827260703708644574e-01
9.813993208763915899e-01
9.799483211440581654e-01
9.783665288485007272e-01
9.766472646601926932e-01
9.747837231898990318e-01
9.727689862252819619e-01
9.705960384510406991e-01
9.682577858295711160e-01
9.657470768002393013e-01
9.630567264321042709e-01
9.601795436375596404e-01
9.571083615232366393e-01
9.538360709200350840e-01
9.503556570967924833e-01
9.466602396223631199e-01
9.427431152992530317e-01
9.385978040489590946e-01
9.342180975852778513e-01
9.295981106675744732e-01
9.247323346818085987e-01
9.196156932534904627e-01
9.142435995541712268e-01
9.086120149220672237e-01
9.027175083785086152e-01
8.965573165856524085e-01
8.901294037578856289e-01
8.834325210101885428e-01
8.764662646020328074e-01
8.692311325158026403e-01
8.617285787948224529e-01
8.539610650584392726e-01
8.459321086107398635e-01
8.376463265657818624e-01
8.291094754260215360e-01
8.203284855720672786e-01
8.113114901510045662e-01
8.020678478871418049e-01
7.926081593827773997e-01
7.829442765268830318e-01
7.730893046857086892e-01
7.630575974102676851e-01
7.528647434603381594e-01
7.425275460117841675e-01
7.320639939823003761e-01
7.214932254787935761e-01
7.108354834361485519e-01
7.001120635809092718e-01
6.893452549132870200e-01
6.785582729560871718e-01
6.677751860689289387e-01
6.570208351702437888e-01
6.463207472478893489e-01
6.357010430720744232e-01
6.251883395521559139e-01
6.148096472024336956e-01
6.045922632022926457e-01
5.945636605537838459e-01
5.847513738561167518e-01
5.751828822324076551e-01
5.658854899602260291e-01
5.568862053746890250e-01
5.482116186313665818e-01
5.398877789363076829e-01
5.319400718718485521e-01
5.243930974691268787e-01
5.172705497006626629e-01
5.105950980881144297e-01
5.043882721401891089e-01
4.986703493525691533e-01
4.934602475142620959e-01
4.887754220717716036e-01
4.846317693027865081e-01
4.810435360436225993e-01
4.780232366986577608e-01
4.755815782348554732e-01
4.737273938298871556e-01
4.724675857982810756e-01
4.718070783666822310e-01
4.717487808071894051e-01
4.722935613675758315e-01
4.734402323598575490e-01
4.751855466852497045e-01
4.775242059851325660e-01
4.804488805154499831e-01
4.839502407471583112e-01
4.880170005990757121e-01
4.926359721128446001e-01
4.977921312837241263e-01
5.034686946664400642e-01
5.096472062832440031e-01
5.163076342723238454e-01
5.234284766295350666e-01
5.309868753156971044e-01
5.389587379260807332e-01
5.473188660488635948e-01
5.560410893759307749e-01
5.650984045732025951e-01
5.744631178693964113e-01
5.841069902826951932e-01
5.940013843748965794e-01
6.041174114032215048e-01
6.144260777317305244e-01
6.248984293680301949e-01
6.355056935071250468e-01
6.462194159933869475e-01
6.570115936537215262e-01
6.678548005101867524e-01
6.787223069480559090e-01
6.895881909951031563e-01
7.004274409587067929e-01
7.112160487679737297e-01
7.219310934770855059e-01
7.325508145016048633e-01
7.430546742797699000e-01
7.534234101737371514e-01
7.636390755492282745e-01
7.736850700939637004e-01
7.835461595535390122e-01
7.932084851760182742e-01
8.026595632616775333e-01
8.118882753103214833e-01
8.208848493440616956e-01
8.296408330571451994e-01
8.381490595055371973e-01
8.464036060968269659e-01
8.543997476753791842e-01
8.621339045184568395e-01
8.696035860665836115e-01
8.768073312062303337e-01
8.837446459057963777e-01
8.904159389778243394e-01
8.968224567026484850e-01
9.029662170025706258e-01
9.088499438026673705e-01
9.144770021559697204e-01
9.198513346485931441e-01
9.249773995359512613e-01
9.298601109959346855e-01
9.345047818202476542e-01
9.389170688021968303e-01
9.431029210192021228e-01
9.470685311520490313e-01
9.508202899311217760e-01
9.543647437530876632e-01
9.577085554700501824e-01
9.608584683172322061e-01
9.638212729147480617e-01
9.666037772538580430e-01
9.692127795579595917e-01
9.716550438931148559e-01
9.739372783916832033e-01
9.760661159451354818e-01
9.780480972178626775e-01
9.798896558322278683e-01
9.815971055757616304e-01
9.831766294837880338e-01
9.846342706544775059e-01
9.859759246579948844e-01
9.872073334067321682e-01
9.883340803593704260e-01
9.893615869375081973e-01
9.902951100397209272e-01
9.911397405441060293e-01
9.919004026965811960e-01
9.925818542884319307e-01
9.931886875328529429e-01
9.937253305564793804e-01
9.941960494281580907e-01
9.946049506534124784e-01
9.949559840691611923e-01
9.952529460791641469e-01
9.954994831762914442e-01
9.956990957029325795e-01
9.958551418055616722e-01
9.959708415435621909e-01
9.960492811158093707e-01
9.960934171711788299e-01
9.961060811711015539e-01
9.960899837735713858e-01
9.960477192087419107e-01
9.959817696165667034e-01
9.958945093170137319e-01
9.957882089834351191e-01
9.956650396898849564e-01
9.955270768037511875e-01
9.953763036961642552e-01
9.952146152443986926e-01
9.950438211029585256e-01
9.948656487232726553e-01
9.946817461058797827e-01
9.944936842735730975e-01
9.943029594590789833e-01
9.941109950062945178e-01
9.939191429897173968e-01
9.937286855622831094e-01
9.935408360471651434e-01
9.933567397940328281e-01
9.931774748246189333e-01
9.930040522961108840e-01
9.928374168137356071e-01
9.926784466259093165e-01
9.925279537364388727e-01
9.923866839685129282e-01
9.922553170146439783e-01
9.921344665054026013e-01
9.920246801278117532e-01
9.919264398217605416e-01
9.918401620798816820e-01
9.917661983731356212e-01
9.917048357209986564e-01
9.916562974217614235e-01
9.916207439551288916e-01
9.915982740661423156e-01
9.915889260364844082e-01
9.915926791465164980e-01
9.916094553289419578e-01
9.916391210127820655e-01
9.916814891543652699e-01
9.917363214502284974e-01
9.918033307251606923e-01
9.918821834870477083e-01
9.919725026386593258e-01
9.920738703350326926e-01
9.921858309736432124e-01
9.923078943031141685e-01
9.924395386348323633e-01
9.925802141405350998e-01
9.927293462177705363e-01
9.928863389041440168e-01
9.930505783205104686e-01
9.932214361227822419e-01
9.933982729418312507e-01
9.935804417910772957e-01
9.937672914217792197e-01
9.939581696067424366e-01
9.941524263341163792e-01
9.943494168941103828e-01
9.945485048427713526e-01
9.947490648283878745e-01
9.949504852675590261e-01
9.951521708594586180e-01
9.953535449283041903e-01
9.955540515854832684e-01
9.957531577041918158e-01
9.959503547008015101e-01
9.961451601185080662e-01
9.963371190101237840e-01
9.965258051182072085e-01
9.967108218520518426e-01
9.968918030624340787e-01
9.970684136164204014e-01
9.972403497759813051e-01
9.974073393856193182e-01
9.975691418756864604e-01
9.977255480895045325e-01
9.978763799437658788e-01
9.980214899329450384e-01
9.981607604895332830e-01
9.982941032127637948e-01
9.984214579790861022e-01
9.985427919479078485e-01
9.986580984760394797e-01
9.987673959538180268e-01
9.988707265750653708e-01
9.989681550518709763e-01
9.990597672837452370e-01
9.991456689890346743e-01
9.992259843047369694e-01
9.993008543591170856e-01
9.993704358199478888e-01
9.994348994198978264e-01
9.994944284597100381e-01
9.995492172894445693e-01
9.995994697682730745e-01
9.996453977041438455e-01
9.996872192760601905e-01
9.997251574436664123e-01
9.997594383511864136e-01
9.997902897353669882e-01
