9.997968134391168604e-01
9.997672523394632860e-01
9.997344685427518307e-01
9.996982576181155933e-01
9.996584175790912408e-01
9.996147501859926621e-01
9.995670621935618394e-01
9.995151665330135327e-01
9.994588834212743134e-01
9.993980413937341156e-01
9.993324782599978251e-01
9.992620419848068369e-01
9.991865914983800723e-01
9.991059974418705636e-01
9.990201428544360773e-01
9.989289238086257461e-01
9.988322500004715998e-01
9.987300452999451350e-01
9.986222482664085520e-01
9.985088126324913604e-01
9.983897077585528468e-01
9.982649190586699861e-01
9.981344483979880389e-01
9.979983144603564726e-01
9.978565530844871745e-01
9.977092175664286078e-01
9.975563789259590530e-01
9.973981261345414850e-01
9.972345663027392115e-01
9.970658248254192779e-01
9.968920454836412981e-01
9.967133905028032759e-01
9.965300405673346296e-01
9.963421947929723688e-01
9.961500706583565901e-01
9.959539038983179493e-01
9.957539483617456888e-01
9.955504758372825114e-01
9.953437758502642341e-01
9.951341554342628681e-01
9.949219388802847952e-01
9.947074674661020577e-01
9.944910991673401313e-01
9.942732083508226681e-01
9.940541854492825902e-01
9.938344366149339804e-01
9.936143833475785669e-01
9.933944620909624934e-01
9.931751237890491524e-01
9.929568333918118439e-01
9.927400692981385166e-01
9.925253227215679042e-01
9.923130969629108122e-01
9.921039065724258643e-01
9.918982763831850624e-01
9.916967403966288064e-01
9.914998405011185012e-01
9.913081250045631121e-01
9.911221469629446501e-01
9.909424622877630595e-01
9.907696276170646632e-01
9.906041979367415928e-01
9.904467239411692825e-01
9.902977491249085329e-01
9.901578066001103240e-01
9.900274156373503054e-01
9.899070779308747348e-01
9.897972735926126031e-01
9.896984568827855711e-01
9.896110516885326946e-01
9.895354467656234387e-01
9.894719907620800337e-01
9.894209870463264167e-01
9.893826883662899530e-01
9.893572913696461191e-01
9.893449310190213231e-01
9.893456749393330085e-01
9.893595177374098215e-01
9.893863753364435798e-01
9.894260793694936718e-01
9.894783716770495507e-01
9.895428989534001962e-01
9.896192075851562020e-01
9.897067387226543556e-01
9.898048236211347550e-01
9.899126792835714062e-01
9.900294044309704278e-01
9.901539758189956686e-01
9.902852449121660738e-01
9.904219349188501109e-01
9.905626381821369675e-01
9.907058139136919461e-01
9.908497862501706166e-01
9.909927426049438548e-01
9.911327322819781793e-01
9.912676653139171901e-01
9.913953114828324420e-01
9.915132994798476762e-01
9.916191161589152925e-01
9.917101058404266256e-01
9.917834696220316770e-01
9.918362646569501839e-01
9.918654033640923462e-01
9.918676525393842480e-01
9.918396323437065343e-01
9.917778151497326222e-01
9.916785242376199294e-01
9.915379323379159837e-01
9.913520600291643170e-01
9.911167740075201849e-01
9.908277852562298316e-01
9.904806471540947843e-01
9.900707535740647103e-01
9.895933370358692693e-01
9.890434669900994846e-01
9.884160483253029428e-01
9.877058202043492718e-01
9.869073553513532104e-01
9.860150599255439463e-01
9.850231741332853286e-01
9.839257737435638251e-01
9.827167726851668839e-01
9.813899269149527482e-01
9.799388397554914532e-01
9.783569689063983388e-01
9.766376353363612761e-01
9.747740342617426945e-01
9.727592484123573913e-01
9.705862637753416289e-01
9.682479879938254985e-01
9.657372715784003914e-01
9.630469320662741195e-01
9.601697812357741224e-01
9.570986554528262413e-01
9.538264491916271792e-01
9.503461517343949616e-01
9.466508870153292898e-01
9.427339565322429005e-01
9.385888852062523879e-01
9.342094700259362394e-01
9.295898312679878872e-01
9.247244660420927964e-01
9.196083038640374685e-01
9.142367639184175721e-01
9.086058136312701317e-01
9.027120281340443864e-01
8.965526501641225554e-01
8.901256499141818601e-01
8.834297843136653672e-01
8.764646552011179370e-01
8.692307658267484083e-01
8.617295751109013136e-01
8.539635490766999126e-01
8.459362088744591945e-01
8.376521748219509789e-01
8.291172058985436522e-01
8.203382341527799548e-01
8.113233935121266782e-01
8.020820425202189741e-01
7.926247805706279070e-01
7.829634572563752837e-01
7.731111745104047861e-01
7.630822812730199134e-01
7.528923604868015262e-01
7.425582082865098688e-01
7.320978053196125490e-01
7.215302802009830874e-01
7.108758651717109744e-01
7.001558440955577556e-01
6.893924929863322060e-01
6.786090133144584424e-01
6.678294583906543291e-01
6.570786531685733900e-01
6.463821078464440095e-01
6.357659256804513159e-01
6.252567054502677912e-01
6.148814390405710206e-01
6.046674046224127519e-01
5.946420559359479885e-01
5.848329081922518657e-01
5.752674211277888361e-01
5.659728797612345597e-01
5.569762734196070930e-01
5.483041736192810767e-01
5.399826114076595740e-01
5.320369547929124643e-01
5.244917869117575737e-01
5.173707856081354306e-01
5.106966051178098986e-01
5.044907605743284007e-01
4.987735160691764147e-01
4.935637770120093748e-01
4.888789875443182442e-01
4.847350337605602633e-01
4.811461534836080078e-01
4.781248533254764954e-01
4.756818337391327534e-01
4.738259227323301515e-01
4.725640188699096189e-01
4.719010441370237174e-01
4.718399071728206495e-01
4.723814773129773048e-01
4.735245698010965842e-01
4.752659424444199976e-01
4.776003038997714834e-01
4.805203336824307447e-01
4.840167138949050818e-01
4.880781725756030420e-01
4.926915384703356438e-01
4.978418069333876428e-01
5.035122165706014119e-01
5.096843361453211596e-01
5.163381611798596449e-01
5.234522196011006656e-01
5.310036856994995169e-01
5.389685015967251580e-01
5.473215053490434467e-01
5.560365647519481813e-01
5.650867158570864746e-01
5.744443051659660071e-01
5.840811344269574157e-01
5.939686069335321505e-01
6.040778742032369975e-01
6.143799819093843650e-01
6.248460139414933057e-01
6.354472334866959615e-01
6.461552200530811252e-01
6.569420013974298644e-01
6.677801793739943648e-01
6.786430487875996231e-01
6.895047084127443604e-01
7.003401634297297118e-01
7.111254186279395428e-01
7.218375618337939947e-01
7.324548371349433040e-01
7.429567075911087670e-01
7.533239072435935491e-01
7.635384823578145186e-01
7.735838219541424365e-01
7.834446777998127498e-01
7.931071741466948488e-01
8.025588076044476438e-01
8.117884376343943442e-01
8.207862682348644467e-01
8.295438214626056350e-01
8.380539034962579681e-01
8.463105639961479021e-01
8.543090495495332393e-01
8.620457520118074424e-01
8.695181525623613128e-01
8.767247622892953007e-01
8.836650601007627337e-01
8.903394287333932233e-01
8.967490895912009208e-01
9.028960371029490783e-01
9.087829732335865884e-01
9.144132427276137065e-01
9.197907696006222267e-01
9.249199953313038680e-01
9.298058191414152462e-01
9.344535406868659244e-01
9.388688054205138744e-01
9.430575528274656172e-01
9.470259676775973912e-01
9.507804343883439202e-01
9.543274945440654022e-01
9.576738075768419511e-01
9.608261145775026657e-01
9.637912051750958664e-01
9.665758873976693089e-01
9.691869604069248689e-01
9.716311899836446164e-01
9.739152866293443456e-01
9.760458861418976895e-01
9.780295325183803179e-01
9.798726630366021428e-01
9.815815953672177852e-01
9.831625165704760416e-01
9.846214738351585227e-01
9.859643668217119572e-01
9.871969414766880169e-01
9.883247851911475257e-01
9.893533231814715112e-01
9.902878159769602506e-01
9.911333579046028852e-01
9.918948764674583307e-01
9.925771325191801164e-01
9.931847211433638689e-01
9.937220731525820971e-01
9.941934571281992872e-01
9.946029819282827811e-01
9.949545995970832113e-01
9.952521086155708963e-01
9.954991574382630048e-01
9.956992482669471123e-01
9.958557410167782065e-01
9.959718574344843534e-01
9.960506853319912590e-01
9.960951829016041481e-01
9.961081830809862536e-01
9.960923979375835291e-01
9.960504230429680916e-01
9.959847418079585957e-01
9.958977297494946423e-01
9.957916586602949538e-01
9.956687006525342110e-01
9.955309320473031409e-01
9.953803370826657115e-01
9.952188114148079467e-01
9.950481653891763978e-01
9.948701270616576720e-01
9.946863449537219903e-01
9.944983905299725757e-01
9.943077603915747575e-01
9.941158781844279257e-01
9.939240962265160073e-01
9.937336968644092661e-01
9.935458935742270681e-01
9.933618318273016445e-01
9.931825897451589391e-01
9.930091785721137931e-01
9.928425429966751814e-01
9.926835613549881421e-01
9.925330457507024473e-01
9.923917421259406124e-01
9.922603303174957201e-01
9.921394241310875772e-01
9.920295714645476215e-01
9.919312545082890065e-01
9.918448900485011821e-01
9.917708298952865320e-01
9.917093614545949842e-01
9.916607084594057930e-01
9.916250318722765744e-01
9.916024309682068827e-01
9.915929446038171946e-01
9.915965526761493232e-01
9.916131777719774387e-01
9.916426870063578258e-01
9.916848940472126062e-01
9.917395613209933902e-01
9.918064023928627737e-01
9.918850845132984873e-01
9.919752313215448591e-01
9.920764256948639837e-01
9.921882127310703847e-01
9.923101028503783505e-01
9.924415750011557069e-01
9.925820799528326521e-01
9.927310436579727115e-01
9.928878706644601593e-01
9.930519475579276945e-01
9.932226464139938260e-01
9.933993282396297309e-01
9.935813463830482917e-01
9.937680498919032601e-01
9.939587868002768278e-01
9.941529073258995597e-01
9.943497669602211486e-01
9.945487294353038132e-01
9.947491695529638855e-01
9.949504758631150247e-01
9.951520531797953817e-01
9.953533249248874837e-01
9.955537352910170945e-01
9.957527512165457173e-01
9.959498641669588537e-01
9.961445917182880638e-01
9.963364789395319221e-01
9.965250995723494709e-01
9.967100570076310451e-01
9.968909850599034783e-01
9.970675485419165929e-01
9.972394436431787357e-01
9.974063981176563010e-01
9.975681712873037954e-01
9.977245538695125315e-01
9.978753676379278348e-01
9.980204649273280992e-01
9.981597279943447143e-01
9.982930682466628625e-01
9.984204253539382679e-01
9.985417662539427530e-01
9.986570840673775207e-01
9.987663969343495429e-01
9.988697467847008626e-01
9.989671980532258688e-01
9.990588363493780877e-01
9.991447670894167965e-01
9.992251140971945000e-01
9.993000181780430369e-01
9.993696356686262439e-01
9.994341369643195971e-01
9.994937050247698629e-01
9.995485338579027657e-01
9.995988269828327555e-01
9.996447958729394179e-01
9.996866583817730634e-01
9.997246371563832668e-01
9.997589580450036983e-01
9.997898485086169629e-01
