9.997974673947358504e-01
9.997679878154682731e-01
9.997352912083344867e-01
9.996991728410649092e-01
9.996594303050830854e-01
9.996158648130489821e-01
9.995682824440441649e-01
9.995164953257383855e-01
9.994603227464955442e-01
9.993995921938068072e-01
9.993341403185286298e-01
9.992638138269874792e-01
9.991884703050075700e-01
9.991079789792777222e-01
9.990222214221964325e-01
9.989310922064742471e-01
9.988344995154077033e-01
9.987323657139743904e-01
9.986246278848563973e-01
9.985112383322999330e-01
9.983921650554754557e-01
9.982673921918195914e-01
9.981369204297962927e-01
9.980007673896691411e-01
9.978589679702719595e-01
9.977115746594080736e-01
9.975586578054062015e-01
9.974003058474913974e-01
9.972366255029675441e-01
9.970677419097131455e-01
9.968937987231319964e-01
9.967149581674216163e-01
9.965314010417930524e-01
9.963433266830362678e-01
9.961509528865509777e-01
9.959545157885918432e-01
9.957542697129829756e-01
9.955504869858978756e-01
9.953434577224328228e-01
9.951334895886135845e-01
9.949209075421200366e-01
9.947060535543977844e-01
9.944892863159227048e-01
9.942709809252131548e-01
9.940515285607547380e-01
9.938313361333334095e-01
9.936108259144261767e-01
9.933904351342920380e-01
9.931706155413374537e-01
9.929518329122316578e-01
9.927345665002265118e-01
9.925193084072405636e-01
9.923065628635960866e-01
9.920968453979120971e-01
9.918906818786241697e-01
9.916886074079743763e-01
9.914911650491344819e-01
9.912989043674167444e-01
9.911123797672810598e-01
9.909321486080790997e-01
9.907587690831238803e-01
9.905927978487275576e-01
9.904347873922376699e-01
9.902852831307811243e-01
9.901448202353381189e-01
9.900139201778683784e-01
9.898930870024575945e-01
9.897828033248211588e-01
9.896835260679677226e-01
9.895956819453802789e-01
9.895196627067175399e-01
9.894558201647433160e-01
9.894044610259554728e-01
9.893658415511604742e-01
9.893401620759557646e-01
9.893275614246740401e-01
9.893281112546680189e-01
9.893418103707547484e-01
9.893685790520283518e-01
9.894082534349204483e-01
9.894605799971950555e-01
9.895252101873455164e-01
9.896016952425285007e-01
9.896894812356472615e-01
9.897879043884714179e-01
9.898961866828135392e-01
9.900134317958719787e-01
9.901386213790668300e-01
9.902706116922570523e-01
9.904081305973815308e-01
9.905497749075878877e-01
9.906940080800905601e-01
9.908391582335893677e-01
9.909834164643496202e-01
9.911248354291946061e-01
9.912613281588683600e-01
9.913906670616163819e-01
9.915104830744773112e-01
9.916182649187081921e-01
9.917113584159747974e-01
9.917869658233743335e-01
9.918421451479644269e-01
9.918738094051532395e-01
9.918787257899911447e-01
9.918535147359985871e-01
9.917946488426004903e-01
9.916984516594707921e-01
9.915610963240709674e-01
9.913786040574092961e-01
9.911468425325350440e-01
9.908615241405716034e-01
9.905182041901895440e-01
9.901122790883795100e-01
9.896389845631968774e-01
9.890933940028114879e-01
9.884704169996226808e-01
9.877647982032684570e-01
9.869711166018559911e-01
9.860837853663744212e-01
9.850970524086548608e-01
9.840050018179566926e-01
9.828015563547728428e-01
9.814804811921956640e-01
9.800353891045927579e-01
9.784597473098376463e-01
9.767468861743966446e-01
9.748900099897321869e-01
9.728822100233920356e-01
9.707164800385639225e-01
9.683857344616784157e-01
9.658828293588618275e-01
9.632005863588175565e-01
9.603318196323165079e-01
9.572693660072639776e-01
9.540061182637076254e-01
9.505350616156517107e-01
9.468493133466484579e-01
9.429421655243772626e-01
9.388071306763091650e-01
9.344379902646037239e-01
9.298288457540803131e-01
9.249741720229404107e-01
9.198688728223699540e-01
9.145083379486971253e-01
9.088885017509212849e-01
9.030059025576884224e-01
8.968577425716799389e-01
8.904419477465002064e-01
8.837572271320527362e-01
8.768031311497072045e-01
8.695801082388590064e-01
8.620895593023870651e-01
8.543338893705531012e-01
8.463165559015828343e-01
8.380421131429370840e-01
8.295162519904374365e-01
8.207458348031623219e-01
8.117389246603778918e-01
8.025048085826034239e-01
7.930540142818709448e-01
7.833983200558000126e-01
7.735507574955139409e-01
7.635256067377583777e-01
7.533383840557213995e-01
7.430058216497745782e-01
7.325458395673272172e-01
7.219775097488350113e-01
7.113210122634253674e-01
7.005975838613266449e-01
6.898294590302469498e-01
6.790398037981488777e-01
6.682526425749174548e-01
6.574927783698180095e-01
6.467857067604083632e-01
6.361575240219008442e-01
6.256348298543727982e-01
6.152446251694270174e-01
6.050142054187777063e-01
5.949710499657409057e-01
5.851427080177357132e-01
5.755566816545827358e-01
5.662403065043866146e-01
5.572206306367684103e-01
5.485242922624891104e-01
5.401773968491935252e-01
5.322053942849439556e-01
5.246329567438847707e-01
5.174838579311110687e-01
5.107808544056092748e-01
5.045455696999228135e-01
4.987983819717083378e-01
4.935583159343439608e-01
4.888429398200014875e-01
4.846682681279367300e-01
4.810486709022416818e-01
4.779967902661708123e-01
4.755234649138445624e-01
4.736376632244960749e-01
4.723464256194086497e-01
4.716548167276768400e-01
4.715658878644534147e-01
4.720806502552243877e-01
4.731980593628024589e-01
4.749150105912867126e-01
4.772263465542901928e-01
4.801248760044921626e-01
4.836014044291530034e-01
4.876447762227003047e-01
4.922419282538681440e-01
4.973779545519602108e-01
5.030361817454858109e-01
5.091982547972353501e-01
5.158442324935266221e-01
5.229526920623154274e-01
5.305008422157495573e-01
5.384646438379788735e-01
5.468189374693002147e-01
5.555375766735843879e-01
5.645935663181707032e-01
5.739592047447943379e-01
5.836062287675410909e-01
5.935059604002089761e-01
6.036294541917650580e-01
6.139476440357253262e-01
6.244314883181685261e-01
6.350521122803705065e-01
6.457809464963775170e-01
6.565898604034619002e-01
6.674512898744924261e-01
6.783383578854635942e-01
6.892249874083224981e-01
7.000860057478492937e-01
7.108972396405650596e-01
7.216356005419246600e-01
7.322791596437280282e-01
7.428072122847448888e-01
7.532003315419707468e-01
7.634404109154636631e-01
7.735106961441955420e-01
7.833958063115584736e-01
7.930817445150502021e-01
8.025558984832364962e-01
8.118070316226366767e-01
8.208252650661617134e-01
8.296020513719172262e-01
8.381301405855589026e-01
8.464035394303731641e-01
8.544174644263673457e-01
8.621682897629816544e-01
8.696534907597018860e-01
8.768715837454725825e-01
8.838220631721093179e-01
8.905053367499522476e-01
8.969226593569610273e-01
9.030760664267211135e-01
9.089683074678832631e-01
9.146027803089569197e-01
9.199834665996897698e-01
9.251148690350703419e-01
9.300019507017732723e-01
9.346500768810303006e-01
9.390649595777357250e-01
9.432526049841724047e-01
9.472192640290274523e-01
9.509713861090869358e-01
9.545155760527066491e-01
9.578585543212274622e-01
9.610071204170955728e-01
9.639681194355972371e-01
9.667484116706740460e-01
9.693548451640005004e-01
9.717942310700121711e-01
9.740733216974422071e-01
9.761987910796622314e-01
9.781772179212170348e-01
9.800150707658757954e-01
9.817186952317851212e-01
9.832943031614334028e-01
9.847479635376987783e-01
9.860855950218748722e-01
9.873129599749638219e-01
9.884356598294299356e-01
9.894591316848584395e-01
9.903886460074290410e-01
9.912293053197186454e-01
9.919860437740473103e-01
9.926636275093545514e-01
9.932666556984247608e-01
9.937995621991507766e-01
9.942666177303953745e-01
9.946719324998355427e-01
9.950194592178601694e-01
9.953129964380467154e-01
9.955561921708416806e-01
9.957525477226867316e-01
9.959054217178500146e-01
9.960180342645279516e-01
9.960934712303106675e-01
9.961346885948164642e-01
9.961445168492121249e-01
9.961256654135145494e-01
9.960807270431327742e-01
9.960121821962149014e-01
9.959224033332091386e-01
9.958136591198463172e-01
9.956881185047119498e-01
9.955478546429173958e-01
9.953948486382590000e-01
9.952309930778263647e-01
9.950580953353480584e-01
9.948778806226912241e-01
9.946919947728146694e-01
9.945020067420432541e-01
9.943094108246389728e-01
9.941156285781418411e-01
9.939220104636333764e-01
9.937298372107433719e-01
9.935403209226776333e-01
9.933546059415888640e-01
9.931737694990909748e-01
9.929988221804818549e-01
9.928307082341950585e-01
9.926703057600789748e-01
9.925184268112786645e-01
9.923758174447881997e-01
9.922431577551881210e-01
9.921210619247685658e-01
9.920100783212663087e-01
9.919106896719243061e-01
9.918233133396582302e-01
9.917483017239112630e-01
9.916859428054289882e-01
9.916364608508105860e-01
9.916000172893930653e-01
9.915767117718794488e-01
9.915665834171885074e-01
9.915696122513149025e-01
9.915857208395456590e-01
9.916147761111686609e-01
9.916565913738027982e-01
9.917109285126280982e-01
9.917775003680562307e-01
9.918559732837146647e-01
9.919459698149870608e-01
9.920470715867361067e-01
9.921588222872392837e-01
9.922807307837976376e-01
9.924122743439752758e-01
9.925529019450300972e-01
9.927020376528609136e-01
9.928590840507730553e-01
9.930234256976082641e-01
9.931944325943266039e-01
9.933714636380024388e-01
9.935538700423993674e-01
9.937409987048173576e-01
9.939321954997287767e-01
9.941268084807904915e-01
9.943241909740940798e-01
9.945237045469305093e-01
9.947247218378452160e-01
9.949266292352940688e-01
9.951288293937398111e-01
9.953307435775140544e-01
9.955318138242055248e-01
9.957315049207078328e-01
9.959293061863775387e-01
9.961247330590344840e-01
9.963173284807936847e-01
9.965066640819812971e-01
9.966923411626704699e-01
9.968739914726927331e-01
9.970512777923485892e-01
9.972238943174507320e-01
9.973915668537806090e-01
9.975540528274930985e-01
9.977111411194425905e-01
9.978626517327796597e-01
9.980084353044318402e-01
9.981483724721823547e-01
9.982823731099447206e-01
9.984103754444351164e-01
9.985323450667356049e-01
9.986482738521708091e-01
9.987581788014826545e-01
9.988621008154713321e-01
9.989601034141182279e-01
9.990522714097536117e-01
9.991387095421780939e-01
9.992195410818763834e-01
9.992949064057130570e-01
9.993649615478995551e-01
9.994298767277022266e-01
9.994898348544617450e-01
9.995450300100989782e-01
9.995956659094900054e-01
9.996419543399051033e-01
9.996841135821342705e-01
9.997223668178709666e-01
9.997569405302988432e-01
9.997880629074451520e-01
