9.997974291435565153e-01
9.997679442509969094e-01
9.997352418086001835e-01
9.996991170635077806e-01
9.996593675896674469e-01
9.996157945858709093e-01
9.995682041214186686e-01
9.995164083187527693e-01
9.994602264659989688e-01
9.993994860558030879e-01
9.993340237499280798e-01
9.992636862716641755e-01
9.991883312301009790e-01
9.991078278816665215e-01
9.990220578350655911e-01
9.989309157058883226e-01
9.988343097267970983e-01
9.987321623184359787e-01
9.986244106251692676e-01
9.985110070185553299e-01
9.983919195702232185e-01
9.982671324946392755e-01
9.981366465612084848e-01
9.980004794743163599e-01
9.978586662193087431e-01
9.977112593720592892e-01
9.975583293696679288e-01
9.973999647399701685e-01
9.972362722878707064e-01
9.970673772370237664e-01
9.968934233260184907e-01
9.967145728589518194e-01
9.965310067110315639e-01
9.963429242906215455e-01
9.961505434598514341e-01
9.959541004165488598e-01
9.957538495407498580e-01
9.955500632093797764e-01
9.953430315828312169e-01
9.951330623670677777e-01
9.949204805545298624e-01
9.947056281464980998e-01
9.944888638586665275e-01
9.942705628105059645e-01
9.940511161975645882e-01
9.938309309441887285e-01
9.936104293322941539e-01
9.933900485998190533e-01
9.931702405004164680e-01
9.929514708138518220e-01
9.927342187945454866e-01
9.925189765438150458e-01
9.923062482896951586e-01
9.920965495568352388e-01
9.918904062079387796e-01
9.916883533375885351e-01
9.914909339991209158e-01
9.912986977455024995e-01
9.911121989659253950e-01
9.909319950010644362e-01
9.907586440215917500e-01
9.905927026566012650e-01
9.904347233609793744e-01
9.902852515134435984e-01
9.901448222398795407e-01
9.900139569597100619e-01
9.898931596562758894e-01
9.897829128755724071e-01
9.896836734611565989e-01
9.895958680365918303e-01
9.895198882504395721e-01
9.894560858025149841e-01
9.894047672738851551e-01
9.893661887868604454e-01
9.893405505249496246e-01
9.893279911463364051e-01
9.893285821277603143e-01
9.893423220786279337e-01
9.893691310675654105e-01
9.894088450052974659e-01
9.894612101285434891e-01
9.895258776294032499e-01
9.896023984733736123e-01
9.896902184466110919e-01
9.897886734693361888e-01
9.898969852074037679e-01
9.900142570081557070e-01
9.901394701798889031e-01
9.902714806268309022e-01
9.904090158436702485e-01
9.905506722657100305e-01
9.906949129628817019e-01
9.908400656584529509e-01
9.909843210465197894e-01
9.911257313765243770e-01
9.912622092682403796e-01
9.913915267170519963e-01
9.915113142469931251e-01
9.916190601679351069e-01
9.917121098935199885e-01
9.917876652778618851e-01
9.918427839316446004e-01
9.918743784819225029e-01
9.918792157446145730e-01
9.918539157842743981e-01
9.917949508421601834e-01
9.916986441208623937e-01
9.915611684217340294e-01
9.913785446401182089e-01
9.911466401328674625e-01
9.908611669829480162e-01
9.905176801970366762e-01
9.901115758839890146e-01
9.896380894748912915e-01
9.890922940590848311e-01
9.884690989249999005e-01
9.877632484097210730e-01
9.869693211767234242e-01
9.860817300568678334e-01
9.850947226031584458e-01
9.840023825244923472e-01
9.827986321771436939e-01
9.814772363044785841e-01
9.800318072247964363e-01
9.784558116736772337e-01
9.767425795102563368e-01
9.748853144959854777e-01
9.728771073493237553e-01
9.707109512701829201e-01
9.683797601137278388e-01
9.658763893743177453e-01
9.631936601171245949e-01
9.603243859675341110e-01
9.572614032371986603e-01
9.539976042309845639e-01
9.505259737415382437e-01
9.468396286982843080e-01
9.429318608959037507e-01
9.387961826842134982e-01
9.344263754574229086e-01
9.298165407364342716e-01
9.249611535936952400e-01
9.198551181265699483e-01
9.144938246427435358e-01
9.088732081803360119e-01
9.029898079466485150e-01
8.968408272233842071e-01
8.904241932532932502e-01
8.837386165941092386e-01
8.767836494009524362e-01
8.695597420786849163e-01
8.620682977315898832e-01
8.543117238298052474e-01
8.462934805106183678e-01
8.380181249385136866e-01
8.294913511610155776e-01
8.207200249181293428e-01
8.117122128915426060e-01
8.024772059156030091e-01
7.930255357150622908e-01
7.833689847841659448e-01
7.735205890771069681e-01
7.634946332402163804e-01
7.533066381804561784e-01
7.429733408315211118e-01
7.325126660468719297e-01
7.219436906169158785e-01
7.112865994739925313e-01
7.005626342125881312e-01
6.897940341121846508e-01
6.790039699054792877e-01
6.682164705847615238e-01
6.574563435836735525e-01
6.467490887103310993e-01
6.361208062411314312e-01
6.255980996129768545e-01
6.152079731758324233e-01
6.049777254884191047e-01
5.949348386583170889e-01
5.851068642448939983e-01
5.755213062601115537e-01
5.662055018192690969e-01
5.571865000116914546e-01
5.484909395806130128e-01
5.401449260221984350e-01
5.321739087355165099e-01
5.246025588779572590e-01
5.174546486032535197e-01
5.107529323810501287e-01
5.045190311166836139e-01
4.987733198063398765e-01
4.935348194746903561e-01
4.888210941483311922e-01
4.846481536176587834e-01
4.810303627312755292e-01
4.779803579498607125e-01
4.755089718601298587e-01
4.736251663138429935e-01
4.723359748118327595e-01
4.716464546989935780e-01
4.715596496737554100e-01
4.720765630454426542e-01
4.731961420961360298e-01
4.749152738212308877e-01
4.772287922359867984e-01
4.801294973451635251e-01
4.836081857804475082e-01
4.876536930168574591e-01
4.922529469857126472e-01
4.973910328088236854e-01
5.030512682872083641e-01
5.092152896884121205e-01
5.158631472901066273e-01
5.229734100545118114e-01
5.305232787289759777e-01
5.384887065931363015e-01
5.468445270032689098e-01
5.555645868201255499e-01
5.646218847487030068e-01
5.739887135676373653e-01
5.836368051832653281e-01
5.935374774096795480e-01
6.036617813523958986e-01
6.139806482603697990e-01
6.244650347099994780e-01
6.350860649961007631e-01
6.458151696292677713e-01
6.566242188767927868e-01
6.674856503355683923e-01
6.783725895898051750e-01
6.892589630834974335e-01
7.001196024264116913e-01
7.109303394518222685e-01
7.216680914527195956e-01
7.323109361391179073e-01
7.428381759803388551e-01
7.532303917207560096e-01
7.634694849831510366e-01
7.735387099984445403e-01
7.834226946218441068e-01
7.931074509113764659e-01
8.025803756533647082e-01
8.118302413189180111e-01
8.208471780244451788e-01
8.296226471462714303e-01
8.381494073037343284e-01
8.464214734759465397e-01
8.544340700544105216e-01
8.621835786568071702e-01
8.696674815367944067e-01
8.768843014210943032e-01
8.838335385892779339e-01
8.905156059845382721e-01
8.969317631065436558e-01
9.030840493915907041e-01
9.089752177322050208e-01
9.146086687296168805e-01
9.199883862097621989e-01
9.251188744681844156e-01
9.300050976429323768e-01
9.346524215486784470e-01
9.390665582410728796e-01
9.432535135189271669e-01
9.472195375141009288e-01
9.509710784657107174e-01
9.545147397270205003e-01
9.578572400104801154e-01
9.610053768390327544e-01
9.639659931400100801e-01
9.667459468915631238e-01
9.693520837103579701e-01
9.717912122528440388e-01
9.740700822903461953e-01
9.761953653100384765e-01
9.781736374890233066e-01
9.800113648867379013e-01
9.817148907012348547e-01
9.832904244370629376e-01
9.847440328360891337e-01
9.860816324272716482e-01
9.873089835568229500e-01
9.884316857661420430e-01
9.894551743911709218e-01
9.903847182633165325e-01
9.912254183986970446e-01
9.919822075691844265e-01
9.926598506554882295e-01
9.932629456893600217e-01
9.937959254988624203e-01
9.942630598775092921e-01
9.946684582048945789e-01
9.950160724530975331e-01
9.953097005195868929e-01
9.955529898334228855e-01
9.957494411871485873e-01
9.959024127517511760e-01
9.960151242363538548e-01
9.960906611577983183e-01
9.961319791879612584e-01
9.961419085485365699e-01
9.961231584241683201e-01
9.960783213653646717e-01
9.960098776527105402e-01
9.959201995937299046e-01
9.958115557235377446e-01
9.956861148803797246e-01
9.955459501274974699e-01
9.953930424936409116e-01
9.952292845061291304e-01
9.950564834926933777e-01
9.948763646314796594e-01
9.946905737324792662e-01
9.945006797382353048e-01
9.943081769367970724e-01
9.941144868853950545e-01
9.939209600490035434e-01
9.937288771636337836e-01
9.935394503396576260e-01
9.933538239255170765e-01
9.931730751566494320e-01
9.929982146182257940e-01
9.928301865532540571e-01
9.926698690496691402e-01
9.925180741412112928e-01
9.923755478571759658e-01
9.922429702555598530e-01
9.921209554728129820e-01
9.920100518214209906e-01
9.919107419640239565e-01
9.918234431898447223e-01
9.917485078159952172e-01
9.916862237328760710e-01
9.916368151095090733e-01
9.916004432713387828e-01
9.915772077598964396e-01
9.915671475807844581e-01
9.915702426437531525e-01
9.915864153961954086e-01
9.916155326491801203e-01
9.916574075931345877e-01
9.917118019984350052e-01
9.917784285944291067e-01
9.918569536187408220e-01
9.919469995270803198e-01
9.920481478521629981e-01
9.921599421987448153e-01
9.922818913602139412e-01
9.924134725406746904e-01
9.925541346650679220e-01
9.927033017586384123e-01
9.928603763760430745e-01
9.930247430596426117e-01
9.931957718060663298e-01
9.933728215200220424e-01
9.935552434345297224e-01
9.937423844772929060e-01
9.939335905637480817e-01
9.941282097984051047e-01
9.943255955673689916e-01
9.945251095063469826e-01
9.947261243299395650e-01
9.949280265095511444e-01
9.951302187887742789e-01
9.953321225265869820e-01
9.955331798601309012e-01
9.957328556802054198e-01
9.959306394139268992e-01
9.961260466102800359e-01
9.963186203255407491e-01
9.965079323068151140e-01
9.966935839732194991e-01
9.968752071955478966e-01
9.970524648766435627e-01
9.972250513361040625e-01
9.973926925043951064e-01
9.975551459329128345e-01
9.977122006279675048e-01
9.978636767180459888e-01
9.980094249649705818e-01
9.981493261306793041e-01
9.982832902122273921e-01
9.984112555582232984e-01
9.985331878801886329e-01
9.986490791722710814e-01
9.987589465522845877e-01
9.988628310362415164e-01
9.989607962573773259e-01
9.990529271392168953e-01
9.991393285305720795e-01
9.992201238085902659e-01
9.992954534542241030e-01
9.993654736028942942e-01
9.994303545718011828e-01
9.994902793644458994e-01
9.995454421525366007e-01
9.995960467356636014e-01
9.996423049799565419e-01
9.996844352383640331e-01
9.997226607571588763e-01
9.997572080756469415e-01
9.997883054286863524e-01
