9.997979457179801965e-01
9.997685237533172620e-01
9.997358889299923224e-01
9.996998364716752628e-01
9.996601638868195527e-01
9.996166722666741666e-01
9.995691675316547009e-01
9.995174616153607028e-01
9.994613735791059161e-01
9.994007306532527446e-01
9.993353692047109993e-01
9.992651356325406020e-01
9.991898871955919859e-01
9.991094927774787360e-01
9.990238335949130910e-01
9.989328038555845835e-01
9.988363113714155972e-01
9.987342781322821050e-01
9.986266408442616704e-01
9.985133514352970696e-01
9.983943775299312096e-01
9.982697028936100558e-01
9.981393278460157781e-01
9.980032696420636507e-01
9.978615628185940611e-01
9.977142595044473650e-01
9.975614296915050749e-01
9.974031614644153221e-01
9.972395611870533694e-01
9.970707536442748875e-01
9.968968821381491985e-01
9.967181085385806716e-01
9.965346132889844055e-01
9.963465953684432774e-01
9.961542722124873128e-01
9.959578795952610530e-01
9.957576714763468617e-01
9.955539198158456227e-01
9.953469143614479542e-01
9.951369624111342516e-01
9.949243885547892630e-01
9.947095343973955117e-01
9.944927582655714859e-01
9.942744348980459002e-01
9.940549551192330302e-01
9.938347254934075670e-01
9.936141679551286909e-01
9.933937194095674439e-01
9.931738312943151348e-01
9.929549690921635197e-01
9.927376117823218937e-01
9.925222512156449683e-01
9.923093913977744096e-01
9.920995476627059162e-01
9.918932457182600970e-01
9.916910205442990289e-01
9.914934151243446347e-01
9.913009789915281367e-01
9.911142665705495736e-01
9.909338352985354037e-01
9.907602435093187943e-01
9.905940480677011273e-01
9.904358017426272420e-01
9.902860503108668055e-01
9.901453293856963267e-01
9.900141609681636368e-01
9.898930497217544033e-01
9.897824789746454410e-01
9.896829064571949219e-01
9.895947597858847367e-01
9.895184317085781167e-01
9.894542751296879768e-01
9.894025979376317448e-01
9.893636576607527378e-01
9.893376559816461357e-01
9.893247331434492642e-01
9.893249622850374125e-01
9.893383437450470330e-01
9.893647993770937621e-01
9.894041669202725542e-01
9.894561944698827549e-01
9.895205350931495225e-01
9.895967416334160438e-01
9.896842617437878742e-01
9.897824331875041404e-01
9.898904794374477900e-01
9.900075056012863639e-01
9.901324946919296544e-01
9.902643042555108188e-01
9.904016633612011677e-01
9.905431699491267228e-01
9.906872885247552940e-01
9.908323481806364796e-01
9.909765409195595565e-01
9.911179202472639727e-01
9.912543999979603893e-01
9.913837533522441570e-01
9.915036120045565005e-01
9.916114654362341296e-01
9.917046602503565289e-01
9.917803995260096039e-01
9.918357421521858397e-01
9.918676021052211800e-01
9.918727476383745190e-01
9.918478003577719804e-01
9.917892341654115373e-01
9.916933740571955980e-01
9.915563947719830962e-01
9.913743192964368234e-01
9.911430172399758876e-01
9.908582031044653737e-01
9.905154344844090408e-01
9.901101102453934155e-01
9.896374687413651561e-01
9.890925861449945122e-01
9.884703749798179340e-01
9.877655829579207181e-01
9.869727922424248456e-01
9.860864192696855435e-01
9.851007152815108858e-01
9.840097677324515235e-01
9.828075027507386929e-01
9.814876888432413349e-01
9.800439420442560445e-01
9.784697327145048806e-01
9.767583941998310149e-01
9.749031335583219215e-01
9.728970445595771510e-01
9.707331231503262270e-01
9.684042855664951599e-01
9.659033892531060372e-01
9.632232567302456694e-01
9.603567025159979176e-01
9.572965631860619329e-01
9.540357306152116301e-01
9.505671884082639300e-01
9.468840514883256620e-01
9.429796087683222083e-01
9.388473687886592645e-01
9.344811081598828340e-01
9.298749226048415029e-01
9.250232803506287516e-01
9.199210775769603998e-01
9.145636955851087491e-01
9.089470593105697382e-01
9.030676967638004982e-01
8.969227989471586504e-01
8.905102797631825329e-01
8.838288354001497815e-01
8.768780026560405449e-01
8.696582156422179022e-01
8.621708602939188726e-01
8.544183261065677604e-01
8.464040545155037121e-01
8.381325833423770577e-01
8.296095867445237859e-01
8.208419101242984128e-01
8.118375994836302123e-01
8.026059247448631417e-01
7.931573966018906630e-01
7.835037765151726674e-01
7.736580795196819071e-01
7.636345695752477791e-01
7.534487472530212449e-01
7.431173296186526223e-01
7.326582222409181444e-01
7.220904833225811892e-01
7.114342800168780290e-01
7.007108370569553601e-01
6.899423778857221023e-01
6.791520585290448109e-01
6.683638945053771430e-01
6.576026811094025648e-01
6.468939074460353655e-01
6.362636646244279603e-01
6.257385485499002975e-01
6.153455577757492856e-01
6.051119868975114446e-01
5.950653159904653045e-01
5.852330966079556385e-01
5.756428348744189183e-01
5.663218722236538216e-01
5.572972643504617851e-01
5.485956589627648539e-01
5.402431729417115358e-01
5.322652695390224231e-01
5.246866362633935132e-01
5.175310641304766701e-01
5.108213289728664730e-01
5.045790755264856209e-01
4.988247050265950389e-01
4.935772670590423683e-01
4.888543564191184521e-01
4.846720157302654153e-01
4.810446445670149007e-01
4.779849158099893636e-01
4.755036999351928140e-01
4.736099979047381225e-01
4.723108832817713987e-01
4.716114541388339854e-01
4.715147952668979903e-01
4.720219511225184350e-01
4.731319098739781293e-01
4.748415988249861108e-01
4.771458914075811242e-01
4.800376258455929523e-01
4.835076354974053858e-01
4.875447907929792990e-01
4.921360525861127044e-01
4.972665366495926387e-01
5.029195889490774007e-01
5.090768712418698438e-01
5.157184564598307208e-01
5.228229332521290296e-01
5.303675189837955273e-01
5.383281804108013269e-01
5.466797611820823910e-01
5.553961152543452906e-01
5.644502452472829335e-01
5.738144447158215478e-01
5.834604432731207435e-01
5.933595534641504798e-01
6.034828182657702156e-01
6.138011580762288144e-01
6.242855160557536642e-01
6.349070006911846642e-01
6.456370244819007453e-01
6.564474376820257362e-01
6.673106560850443625e-01
6.781997819013796391e-01
6.890887168565091869e-01
6.999522667260800191e-01
7.107662366239078100e-01
7.215075164673154795e-01
7.321541561602067372e-01
7.426854301556231608e-01
7.530818911842341867e-01
7.633254130610367394e-01
7.733992226072798903e-01
7.832879208461240861e-01
7.929774937466427254e-01
8.024553128995942641e-01
8.117101266081336863e-01
8.207320419657895272e-01
8.295124985713674404e-01
8.380442345949561389e-01
8.463212459602711402e-01
8.543387394457846451e-01
8.620930805304570788e-01
8.695817368195811747e-01
8.768032178828795153e-01
8.837570123212880047e-01
8.904435228518594592e-01
8.968640001631360548e-01
9.030204762475418923e-01
9.089156978643189166e-01
9.145530607278338220e-01
9.199365449532942440e-01
9.250706522266030074e-01
9.299603450987476982e-01
9.346109887391699234e-01
9.390282954182583852e-01
9.432182719275861160e-01
9.471871700886785872e-01
9.509414404477294358e-01
9.544876892053020256e-01
9.578326383870561234e-01
9.609830892240779354e-01
9.639458886794992631e-01
9.667278990316240384e-01
9.693359704024878676e-01
9.717769161042821846e-01
9.740574906639619668e-01
9.761843703781104553e-01
9.781641362452632160e-01
9.800032591208528432e-01
9.817080869402362575e-01
9.832848338574239344e-01
9.847395711507209715e-01
9.860782197511466229e-01
9.873065442549097126e-01
9.884301482871463707e-01
9.894544710903836471e-01
9.903847852176715927e-01
9.912261952169246770e-01
9.919836371997178270e-01
9.926618791945405196e-01
9.932655221913391230e-01
9.937990017910294238e-01
9.942665903805240069e-01
9.946723997606238266e-01
9.950203841607979660e-01
9.953143435813203155e-01
9.955579274093179221e-01
9.957546382608986058e-01
9.959078360065358737e-01
9.960207419411964969e-01
9.960964430642225143e-01
9.961378964366930377e-01
9.961479335859080297e-01
9.961292649278165046e-01
9.960844841787780402e-01
9.960160727281547333e-01
9.959264039430768545e-01
9.958177473765181809e-01
9.956922728497847874e-01
9.955520543808494827e-01
9.953990739308542501e-01
9.952352249426617004e-01
9.950623156476764430e-01
9.948820721202815687e-01
9.946961410631307565e-01
9.945060923111134210e-01
9.943134210469348755e-01
9.941195497267671932e-01
9.939258297201248871e-01
9.937335426738156396e-01
9.935439016152838310e-01
9.933580518157402173e-01
9.931770714379581921e-01
9.930019719974001458e-01
9.928336986682987364e-01
9.926731304684015544e-01
9.925210803572621643e-01
9.923782952832451709e-01
9.922454562138489642e-01
9.921231781826246321e-01
9.920120103839730197e-01
9.919124363445726011e-01
9.918248741972434113e-01
9.917496770798329697e-01
9.916871336783503743e-01
9.916374689301817869e-01
9.916008448999182878e-01
9.915773618371708231e-01
9.915670594228176427e-01
9.915699182074374507e-01
9.915858612432433272e-01
9.916147559086289087e-01
9.916564159224356967e-01
9.917106035432053934e-01
9.917770319469534357e-01
9.918553677753321196e-01
9.919452338444298967e-01
9.920462120028383790e-01
9.921578461260240900e-01
9.922796452324722516e-01
9.924110867055679908e-01
9.925516196037794669e-01
9.927006680404689698e-01
9.928576346136357422e-01
9.930219038651301178e-01
9.931928457484215933e-01
9.933698190838732289e-01
9.935521749806759395e-01
9.937392602051265955e-01
9.939304204757527517e-01
9.941250036668621837e-01
9.943223629033710598e-01
9.945218595311789977e-01
9.947228659488660529e-01
9.949247682880214549e-01
9.951269689310459077e-01
9.953288888567607406e-01
9.955299698055914970e-01
9.957296762574687765e-01
9.959274972169087636e-01
9.961229478010105165e-01
9.963155706273678636e-01
9.965049370001480833e-01
9.966906478938669656e-01
9.968723347357051345e-01
9.970496599885658728e-01
9.972223175384805627e-01
9.973900328913976043e-01
9.975525631858459530e-01
9.977096970293861666e-01
9.978612541681375347e-01
9.980070849999276295e-01
9.981470699427149595e-01
9.982811186708192563e-01
9.984091692321082068e-01
9.985311870595945383e-01
9.986471638908397397e-01
9.987571166081454788e-01
9.988610860117206336e-01
9.989591355368787617e-01
9.990513499248988571e-01
9.991378338555453320e-01
9.992187105474954478e-01
9.992941203311873632e-01
9.993642191970092403e-01
9.994291773204347917e-01
9.994891775648006016e-01
9.995444139620166535e-01
9.995950901716816883e-01
9.996414179198660488e-01
9.996836154202140001e-01
9.997219057819358712e-01
9.997565154115952701e-01
9.997876724181855579e-01
