9.997995830661802197e-01
9.997703705552686282e-01
9.997379624584967761e-01
9.997021541855132254e-01
9.996627432944630298e-01
9.996195307863491308e-01
9.995723223502984700e-01
9.995209295489805301e-01
9.994651709369182235e-01
9.994048731077816994e-01
9.993398716697547979e-01
9.992700121505931898e-01
9.991951508359512291e-01
9.991151555458934741e-01
9.990299063552415815e-01
9.989392962635662565e-01
9.988432318203114280e-01
9.987416337098283803e-01
9.986344373001151409e-01
9.985215931579289883e-01
9.984030675317635550e-01
9.982788428030723304e-01
9.981489179051390437e-01
9.980133087082152521e-01
9.978720483689871301e-01
9.977251876421309174e-01
9.975727951516424330e-01
9.974149576197919309e-01
9.972517800519103970e-01
9.970833858757297552e-01
9.969099170346489291e-01
9.967315340350131336e-01
9.965484159482588256e-01
9.963607603695251447e-01
9.961687833350415522e-01
9.959727192012101105e-01
9.957728204887871248e-01
9.955693576958817292e-01
9.953626190836037946e-01
9.951529104380754109e-01
9.949405548121494913e-01
9.947258922495354483e-01
9.945092794931204017e-01
9.942910896780803309e-01
9.940717120089391790e-01
9.938515514180571442e-01
9.936310282011738826e-01
9.934105776236348273e-01
9.931906494888514958e-01
9.929717076584692048e-01
9.927542295116905668e-01
9.925387053293346362e-01
9.923256375865460166e-01
9.921155401367020010e-01
9.919089372680461869e-01
9.917063626139608346e-01
9.915083578976134904e-01
9.913154714920019428e-01
9.911282567771625418e-01
9.909472702775126152e-01
9.907730695639066498e-01
9.906062109069874166e-01
9.904472466707324729e-01
9.902967224376990618e-01
9.901551738602958341e-01
9.900231232354109734e-01
9.899010758028840007e-01
9.897895157715748127e-01
9.896889020801680203e-01
9.895996639033316500e-01
9.895221959174300697e-01
9.894568533436669533e-01
9.894039467902802087e-01
9.893637369192008757e-01
9.893364289663560962e-01
9.893221671484598856e-01
9.893210289925798984e-01
9.893330196278559141e-01
9.893580660813147132e-01
9.893960116216156120e-01
9.894466101956065351e-01
9.895095210026203514e-01
9.895843032503863768e-01
9.896704111341974031e-01
9.897671890775296966e-01
9.898738672677116490e-01
9.899895575145576387e-01
9.901132494532961514e-01
9.902438071058097258e-01
9.903799658064316169e-01
9.905203294905500222e-01
9.906633683363572640e-01
9.908074167424996137e-01
9.909506716173925867e-01
9.910911909497933658e-01
9.912268926250380474e-01
9.913555534473038611e-01
9.914748083254395494e-01
9.915821495783579964e-01
9.916749263157319527e-01
9.917503438507325741e-01
9.918054631037620528e-01
9.918371999594916000e-01
9.918423245439351721e-01
9.918174603937075506e-01
9.917590834959568724e-01
9.916635211846726028e-01
9.915269508871142889e-01
9.913453987229688957e-01
9.911147379685221193e-01
9.908306874086320049e-01
9.904888096106515549e-01
9.900845091666622411e-01
9.896130309634586508e-01
9.890694585536320416e-01
9.884487127157470798e-01
9.877455503068626186e-01
9.869545635262894079e-01
9.860701797252219292e-01
9.850866619123507251e-01
9.839981101203149061e-01
9.827984638113870242e-01
9.814815055125405419e-01
9.800408658794781402e-01
9.784700303957314382e-01
9.767623479160802979e-01
9.749110412628206879e-01
9.729092200785045552e-01
9.707498961294225293e-01
9.684260012402099438e-01
9.659304080215229682e-01
9.632559535299053399e-01
9.603954659719887710e-01
9.573417945343809521e-01
9.540878423864127544e-01
9.506266028658008072e-01
9.469511988177258255e-01
9.430549250163478003e-01
9.389312935548653760e-01
9.345740820464024656e-01
9.299773844337431150e-01
9.251356641617269894e-01
9.200438094224515639e-01
9.146971901407811023e-01
9.090917163265480605e-01
9.032238973807700244e-01
8.970909019067369039e-01
8.906906175435214124e-01
8.840217103099327067e-01
8.770836829217362185e-01
8.698769315247734113e-01
8.624028002719400510e-01
8.546636331634749340e-01
8.466628225680932207e-01
8.384048538476654988e-01
8.298953455206857788e-01
8.211410844198905323e-01
8.121500553271635559e-01
8.029314646040954795e-01
7.934957573790409890e-01
7.838546279005903505e-01
7.740210227224559869e-01
7.640091364448404754e-01
7.538343998014080949e-01
7.435134599477409845e-01
7.330641528753685243e-01
7.225054679437101779e-01
7.118575045892796549e-01
7.011414213359665748e-01
6.903793772910833404e-01
6.795944663681782183e-01
6.688106445287471669e-01
6.580526503804930982e-01
6.473459195095996321e-01
6.367164929587935118e-01
6.261909202921160933e-01
6.157961577121011665e-01
6.055594617161457194e-01
5.955082787972758585e-01
5.856701317111552285e-01
5.760725028470173870e-01
5.667427152559832981e-01
5.577078119066405382e-01
5.489944337552150611e-01
5.406286972363092413e-01
5.326360718000009431e-01
5.250412581416143976e-01
5.178680677912071983e-01
5.111393047498158371e-01
5.048766498778556322e-01
4.991005487565767229e-01
4.938301037550091310e-01
4.890829710411704889e-01
4.848752632763833059e-01
4.812214587243784925e-01
4.781343174916207195e-01
4.756248055914991113e-01
4.737020274922563168e-01
4.723731677668306927e-01
4.716434424122611935e-01
4.715160603474970458e-01
4.719921955319249518e-01
4.730709700735725720e-01
4.747494486166908834e-01
4.770226442143081780e-01
4.798835358034705401e-01
4.833230973102543571e-01
4.873303383193730021e-01
4.918923561501343800e-01
4.969943990876150020e-01
5.026199404259392711e-01
5.087507628901835055e-01
5.153670529153633328e-01
5.224475041757570271e-01
5.299694296761424672e-01
5.379088816389210326e-01
5.462407783483040902e-01
5.549390370454490018e-01
5.639767119074383661e-01
5.733261360892453196e-01
5.829590667621760147e-01
5.928468320458374352e-01
6.029604787043374436e-01
6.132709194622493198e-01
6.237490787927004732e-01
6.343660360395595443e-01
6.450931647586763962e-01
6.559022671997977172e-01
6.667657029012197256e-01
6.776565104331947476e-01
6.885485214030313550e-01
6.994164659238052417e-01
7.102360688484241624e-01
7.209841361799671500e-01
7.316386311859652825e-01
7.421787398666370716e-01
7.525849255529253323e-01
7.628389725372473062e-01
7.729240187659556227e-01
7.828245777453646248e-01
7.925265499307194705e-01
8.020172239776820478e-01
8.112852683370289641e-01
8.203207137637035240e-01
8.291149273899205419e-01
8.376605790776643357e-01
8.459516008179718272e-01
8.539831399825128511e-01
8.617515072570747225e-01
8.692541200969092774e-01
8.764894425410068024e-01
8.834569222070459693e-01
8.901569252620177286e-01
8.965906701265973222e-01
9.027601606255843958e-01
9.086681192436601995e-01
9.143179210868831452e-01
9.197135290873522662e-01
9.248594309228668209e-01
9.297605780567391731e-01
9.344223272365517197e-01
9.388503847258976576e-01
9.430507534811141124e-01
9.470296834266568320e-01
9.507936249288392316e-01
9.543491855187264949e-01
9.577030898714243845e-01
9.608621430110122486e-01
9.638331966779882798e-01
9.666231187691892712e-01
9.692387657384662347e-01
9.716869578296032373e-01
9.739744570006095836e-01
9.761079473901166370e-01
9.780940181716514248e-01
9.799391486395084838e-01
9.816496953702845696e-01
9.832318813064051533e-01
9.846917866116992046e-01
9.860353411539093393e-01
9.872683184746244844e-01
9.883963311132393237e-01
9.894248271580025067e-01
9.903590879038590700e-01
9.912042265035592159e-01
9.919651875053329126e-01
9.926467471772970619e-01
9.932535145256581322e-01
9.937899329206685284e-01
9.942602822511686922e-01
9.946686815353363853e-01
9.950190919219044083e-01
9.953153200224883479e-01
9.955610215216827985e-01
9.957597050171186348e-01
9.959147360465955279e-01
9.960293412636316290e-01
9.961066127262248049e-01
9.961495122662701318e-01
9.961608759089445320e-01
9.961434183125192909e-01
9.960997371996062055e-01
9.960323177509498027e-01
9.959435369327267473e-01
9.958356677281259284e-01
9.957108832439610646e-01
9.955712606634168349e-01
9.954187850169291529e-01
9.952553527447690618e-01
9.950827750272343009e-01
9.949027808614748780e-01
9.947170198678643160e-01
9.945270648133928137e-01
9.943344138446822411e-01
9.941404924287375877e-01
9.939466550052706850e-01
9.937541863601564440e-01
9.935643027351113155e-01
9.933781526938242346e-01
9.931968177693514255e-01
9.930213129214701118e-01
9.928525868357566120e-01
9.926915220983463239e-01
9.925389352816117450e-01
9.923955769763662671e-01
9.922621318057093243e-01
9.921392184543396109e-01
9.920273897451921119e-01
9.919271327927047244e-01
9.918388692590351940e-01
9.917629557362730441e-01
9.916996842742397122e-01
9.916492830699943362e-01
9.916119173317551327e-01
9.915876903266975795e-01
9.915766446190694694e-01
9.915787635022936808e-01
9.915939726262321674e-01
9.916221418185353631e-01
9.916630870969742606e-01
9.917165728678032366e-01
9.917823143034730782e-01
9.918599798913781962e-01
9.919491941437158511e-01
9.920495404569645848e-01
9.921605641079244142e-01
9.922817753717281253e-01
9.924126527457610702e-01
9.925526462620517520e-01
9.927011808694757855e-01
9.928576598661036368e-01
9.930214683612637039e-01
9.931919767464360005e-01
9.933685441539503724e-01
9.935505218826594653e-01
9.937372567702694726e-01
9.939280944928211570e-01
9.941223827728749018e-01
9.943194744792166473e-01
9.945187306023126617e-01
9.947195230912352359e-01
9.949212375393263752e-01
9.951232757073903423e-01
9.953250578747134814e-01
9.955260250096493735e-01
9.957256407528974895e-01
9.959233932079344376e-01
9.961187965343497597e-01
9.963113923411087702e-01
9.965007508780289180e-01
9.966864720250472320e-01
9.968681860801655858e-01
9.970455543483218719e-01
9.972182695348273951e-01
9.973860559484322152e-01
9.975486695205146859e-01
9.977058976482929831e-01
9.978575588713092248e-01
9.980035023916670189e-01
9.981436074495860789e-01
9.982777825666978577e-01
9.984059646701075597e-01
9.985281181105366555e-01
9.986442335878078502e-01
9.987543269965168946e-01
9.988584382039606968e-01
9.989566297712816345e-01
9.990489856273897518e-01
9.991356097036243611e-01
9.992166245354051624e-01
9.992921698354224613e-01
9.993624010413589831e-01
9.994274878398475837e-01
9.994876126674808736e-01
9.995429691893003010e-01
9.995937607553704307e-01
9.996401988368346370e-01
9.996825014442177748e-01
9.997208915326398770e-01
9.997555954009131884e-01
9.997868410940500272e-01
