9.997988150262209217e-01
9.997694993888835979e-01
9.997369788820834602e-01
9.997010486996183998e-01
9.996615062497942183e-01
9.996181524535787677e-01
9.995707929924210200e-01
9.995192394949328207e-01
9.994633106551741308e-01
9.994028332786697444e-01
9.993376432553279232e-01
9.992675864609963376e-01
9.991925195913748947e-01
9.991123109333713836e-01
9.990268410797301657e-01
9.989360035929357728e-01
9.988397056240673200e-01
9.987378684915672045e-01
9.986304282238902541e-01
9.985173360688580635e-01
9.983985589713426645e-01
9.982740800197756892e-01
9.981438988609685481e-01
9.980080320819249007e-01
9.978665135567443834e-01
9.977193947563856025e-01
9.975667450189615870e-01
9.974086517783831152e-01
9.972452207495002829e-01
9.970765760683939494e-01
9.969028603870996319e-01
9.967242349227548592e-01
9.965408794619162736e-01
9.963529923215381778e-01
9.961607902688103255e-01
9.959645084026685913e-01
9.957644000002805473e-01
9.955607363321333780e-01
9.953538064494759086e-01
9.951439169477622748e-01
9.949313917093868254e-01
9.947165716283734582e-01
9.944998143187826489e-01
9.942814938074201470e-01
9.940620002100063468e-01
9.938417393883004491e-01
9.936211325838264496e-01
9.934006160218535886e-01
9.931806404772163255e-01
9.929616707914745710e-01
9.927441853288938578e-01
9.925286753568410836e-01
9.923156443345243494e-01
9.921056070926171921e-01
9.918990888852710075e-01
9.916966242953872968e-01
9.914987559738184242e-01
9.913060331934355762e-01
9.911190101997310320e-01
9.909382443408087937e-01
9.907642939612295585e-01
9.905977160461804099e-01
9.904390636047766261e-01
9.902888827839335661e-01
9.901477097071090805e-01
9.900160670352763370e-01
9.898944602506901669e-01
9.897833736673558036e-01
9.896832661755521343e-01
9.895945667313186256e-01
9.895176696054632792e-01
9.894529294103888706e-01
9.894006559268370138e-01
9.893611087564864182e-01
9.893344918301461011e-01
9.893209478049628247e-01
9.893205523875123752e-01
9.893333086227106277e-01
9.893591411910106492e-01
9.893978907581766347e-01
9.894493084228814794e-01
9.895130503073079620e-01
9.895886723347383507e-01
9.896756252357170602e-01
9.897732498207429952e-01
9.898807725526513890e-01
9.899973014459569898e-01
9.901218223136463159e-01
9.902531953744047044e-01
9.903901522253244494e-01
9.905312931770217100e-01
9.906750849400862702e-01
9.908198586441705480e-01
9.909638081640615992e-01
9.911049887209810727e-01
9.912413157223179949e-01
9.913705637991423458e-01
9.914903659982696738e-01
9.915982130843719045e-01
9.916914529076721330e-01
9.917672897940682519e-01
9.918227839170422611e-01
9.918548506143556320e-01
9.918602596172046981e-01
9.918356341651410890e-01
9.917774499865665838e-01
9.916820341319368959e-01
9.915455636549085350e-01
9.913640641455286895e-01
9.911334081291952591e-01
9.908493133555263954e-01
9.905073410125069255e-01
9.901028939133352802e-01
9.896312147163051076e-01
9.890873842517783343e-01
9.884663200447880715e-01
9.877627751369090214e-01
9.869713373265471823e-01
9.860864289624491352e-01
9.851023074406440871e-01
9.840130665697661705e-01
9.828126389832486653e-01
9.814947997886924735e-01
9.800531716541994731e-01
9.784812315380758685e-01
9.767723192715118685e-01
9.749196482031896593e-01
9.729163181098802182e-01
9.707553305677276700e-01
9.684296069649632743e-01
9.659320093182415246e-01
9.632553640318020083e-01
9.603924887114685394e-01
9.573362221144660067e-01
9.540794572815780583e-01
9.506151778607753178e-01
9.469364975916061411e-01
9.430367028779018668e-01
9.389092983332055775e-01
9.345480551393086088e-01
9.299470620138685639e-01
9.251007785387717064e-01
9.200040905571748029e-01
9.146523673045086067e-01
9.090415198976352640e-01
9.031680607673577832e-01
8.970291635831046939e-01
8.906227231854377813e-01
8.839474150126307439e-01
8.770027534825544091e-01
8.697891487710740499e-01
8.623079614137165727e-01
8.545615541490576561e-01
8.465533404206292412e-01
8.382878289595678822e-01
8.297706638830674164e-01
8.210086597641464978e-01
8.120098311563448412e-01
8.027834160925858553e-01
7.933398931202761961e-01
7.836909914842066227e-01
7.738496941242537508e-01
7.638302332153434904e-01
7.536480780414912539e-01
7.433199150627776142e-01
7.328636201024965047e-01
7.222982226500613834e-01
7.116438623422145504e-01
7.009217377494068035e-01
6.901540476547580738e-01
6.793639250688900955e-01
6.685753642744596270e-01
6.578131412390466615e-01
6.471027277740839523e-01
6.364701998509585401e-01
6.259421405137592931e-01
6.155455378520749976e-01
6.053076785176521035e-01
5.952560372865796090e-01
5.854181631849466605e-01
5.758215627116539670e-01
5.664935807079733987e-01
5.574612794403396299e-01
5.487513164810096100e-01
5.403898219909275547e-01
5.324022760301412305e-01
5.248133865431166001e-01
5.176469686885583066e-01
5.109258262049705124e-01
5.046716355230848050e-01
4.989048333532799528e-01
4.936445084888669843e-01
4.889082985734369835e-01
4.847122925811852001e-01
4.810709397521726327e-01
4.779969657091170943e-01
4.755012964578722023e-01
4.735929909400117266e-01
4.722791827628217698e-01
4.715650316797712627e-01
4.714536853337244482e-01
4.719462517064469953e-01
4.730417826423171102e-01
4.747372687325726037e-01
4.770276457600830522e-01
4.799058128146234115e-01
4.833626620961486431e-01
4.873871203296450405e-01
4.919662016208316002e-01
4.970850714881341892e-01
5.027271217138513659e-01
5.088740555668954668e-01
5.155059828616405104e-01
5.226015242327834986e-01
5.301379239253217746e-01
5.380911703223298925e-01
5.464361233618284519e-01
5.551466479283315714e-01
5.641957522453808771e-01
5.735557302434521887e-01
5.831983068337536213e-01
5.930947849838221764e-01
6.032161934662177982e-01
6.135334341380627166e-01
6.240174276075134419e-01
6.346392561542074651e-01
6.453703027948637372e-01
6.561823854228556741e-01
6.670478850018032313e-01
6.779398668577518716e-01
6.888321941918023050e-01
6.996996330242568618e-01
7.105179478811555205e-01
7.212639876431142794e-01
7.319157610928260782e-01
7.424525018194741977e-01
7.528547222635874059e-01
7.631042568122600178e-01
7.731842939800065428e-01
7.830793978325555349e-01
7.927755189275591530e-01
8.022599951555247078e-01
8.115215429644969669e-01
8.205502395416206518e-01
8.293374966024329442e-01
8.378760265035870569e-01
8.461598014460548489e-01
8.541840065733063980e-01
8.619449877924951764e-01
8.694401951565259301e-01
8.766681226415766748e-01
8.836282451389839698e-01
8.903209534533941261e-01
8.967474880619619171e-01
9.029098723434894058e-01
9.088108459332695510e-01
9.144537988005517759e-01
9.198427065825935944e-01
9.249820676437577882e-01
9.298768422615724116e-01
9.345323942754930613e-01
9.389544354695729123e-01
9.431489728984837617e-01
9.471222593082645469e-01
9.508807467495804522e-01
9.544310434326865877e-01
9.577798738301037673e-01
9.609340419953890100e-01
9.639003980343568978e-01
9.666858076385371756e-01
9.692971245692861837e-01
9.717411659644420441e-01
9.740246903272750112e-01
9.761543780492688560e-01
9.781368143134158144e-01
9.799784742227322099e-01
9.816857099990580204e-01
9.832647400994356524e-01
9.847216401010264741e-01
9.860623352102553252e-01
9.872925942573482772e-01
9.884180250434193571e-01
9.894440709135702283e-01
9.903760084359823912e-01
9.912189460736093860e-01
9.919778237417908873e-01
9.926574131518806077e-01
9.932623188477913700e-01
9.937969798492031215e-01
9.942656718220174161e-01
9.946725097034181395e-01
9.950214507155475951e-01
9.953162977082130602e-01
9.955607027771021800e-01
9.957581711095687682e-01
9.959120650150397047e-01
9.960256081013842966e-01
9.961018895621013280e-01
9.961438685418930739e-01
9.961543785501021375e-01
9.961361318926822417e-01
9.960917240939347606e-01
9.960236382793669074e-01
9.959342494908715038e-01
9.958258289052314138e-01
9.957005479269170900e-01
9.955604821264748550e-01
9.954076149966903930e-01
9.952438415002673455e-01
9.950709713850962590e-01
9.948907322463137470e-01
9.947047723182494972e-01
9.945146629839420882e-01
9.943219009950481357e-01
9.941279104005019684e-01
9.939340441880156751e-01
9.937415856482363363e-01
9.935517494768933977e-01
9.933656826353808311e-01
9.931844649947570991e-01
9.930091097919634402e-01
9.928405639300647012e-01
9.926797081564198155e-01
9.925273571538896222e-01
9.923842595804743816e-01
9.922510980922097934e-01
9.921284893828051787e-01
9.920169842714936514e-01
9.919170678679963826e-01
9.918291598405243326e-01
9.917536148094817650e-01
9.916907228861373547e-01
9.916407103721041061e-01
9.916037406321314140e-01
9.915799151495374719e-01
9.915692747706614796e-01
9.915718011420112665e-01
9.915874183413441179e-01
9.916159947017149090e-01
9.916573448255302514e-01
9.917112317838172597e-01
9.917773694941947049e-01
9.918554252693860818e-01
9.919450225265005194e-01
9.920457436457086331e-01
9.921571329653500193e-01
9.922786998989511220e-01
9.924099221581300645e-01
9.925502490639670494e-01
9.926991049281790325e-01
9.928558924844108624e-01
9.930199963491861403e-01
9.931907864916005302e-01
9.933676216907002532e-01
9.935498529596886730e-01
9.937368269166265700e-01
9.939278890821091617e-01
9.941223870854764000e-01
9.943196737623880566e-01
9.945191101280140833e-01
9.947200682115960868e-01
9.949219337396817409e-01
9.951241086568654026e-01
9.953260134743701082e-01
9.955270894382433067e-01
9.957268005103223629e-01
9.959246351564446931e-01
9.961201079376592604e-01
9.963127609014524877e-01
9.965021647712540842e-01
9.966879199337621564e-01
9.968696572249304833e-01
9.970470385168079819e-01
9.972197571088093904e-01
9.973875379284172782e-01
9.975501375477491273e-01
9.977073440238354296e-01
9.978589765718148819e-01
9.980048850815035344e-01
9.981449494888897656e-01
9.982790790149925764e-01
9.984072112851436476e-01
9.985293113420610212e-01
9.986453705660560676e-01
9.987554055153124999e-01
9.988594566984183576e-01
9.989575872902306530e-01
9.990498818007637061e-01
9.991364447051863662e-01
9.992173990413005802e-01
9.992928849791602453e-01
9.993630583659145472e-01
9.994280892476545830e-01
9.994881603691290195e-01
9.995434656517783178e-01
9.995942086506959257e-01
9.996406009918809010e-01
9.996828607925001275e-01
9.997212110687515585e-01
9.997558781382095416e-01
9.997870900260786842e-01
