9.997983696643202300e-01
9.997689991726914638e-01
9.997364196217733978e-01
9.997004262089267401e-01
9.996608163819356019e-01
9.996173911372558951e-01
9.995699562672619720e-01
9.995183235457280047e-01
9.994623118443460852e-01
9.994017481764838617e-01
9.993364686674489628e-01
9.992663194530917448e-01
9.991911575105761889e-01
9.991108514265081286e-01
9.990252821083532853e-01
9.989343434452396808e-01
9.988379429239025997e-01
9.987360022048020758e-01
9.986284576624334663e-01
9.985152608926918250e-01
9.983963791889365336e-01
9.982717959872585700e-01
9.981415112804286061e-01
9.980055419991884502e-01
9.978639223589571561e-01
9.977167041696795025e-01
9.975639571064498501e-01
9.974057689386794934e-01
9.972422457159063613e-01
9.970735119088517395e-01
9.968997105049584029e-01
9.967210030583536495e-01
9.965375696949436701e-01
9.963496090740915356e-01
9.961573383090465139e-01
9.959609928489083774e-01
9.957608263254088543e-01
9.955571103681208900e-01
9.953501343918339517e-01
9.951402053597377950e-01
9.949276475256981778e-01
9.947128021582902768e-01
9.944960272483501784e-01
9.942776972006363012e-01
9.940582025087609797e-01
9.938379494108926515e-01
9.936173595218755761e-01
9.933968694354275986e-01
9.931769302879952521e-01
9.929580072737673735e-01
9.927405790983204747e-01
9.925251373564819568e-01
9.923121858183260313e-01
9.921022396058278847e-01
9.918958242416641147e-01
9.916934745510094240e-01
9.914957333969863784e-01
9.913031502306917098e-01
9.911162794374629437e-01
9.909356784622422865e-01
9.907619056985220718e-01
9.905955181273727872e-01
9.904370686954104830e-01
9.902871034232095804e-01
9.901461582385499005e-01
9.900147555319616099e-01
9.898934004352604177e-01
9.897825768271185654e-01
9.896827430731829356e-01
9.895943275118097571e-01
9.895177237001463455e-01
9.894532854390236665e-01
9.894013215989247989e-01
9.893620907731178749e-01
9.893357957878249342e-01
9.893225781029554300e-01
9.893225121403488309e-01
9.893355995794957947e-01
9.893617636631949486e-01
9.894008435573752314e-01
9.894525888102116973e-01
9.895166539555404484e-01
9.895925933043259182e-01
9.896798559654729210e-01
9.897777811336027076e-01
9.898855936765661445e-01
9.900024000495520893e-01
9.901271845558388129e-01
9.902588059667348785e-01
9.903959945053257830e-01
9.905373491905521410e-01
9.906813355301883339e-01
9.908262835437342542e-01
9.909703860893431804e-01
9.911116974628959575e-01
9.912481322323832833e-01
9.913774642669972437e-01
9.914973259178463394e-01
9.916052073060265259e-01
9.916984556739022461e-01
9.917742747568250028e-01
9.918297241350886306e-01
9.918617185295990346e-01
9.918670270094344099e-01
9.918422720851090002e-01
9.917839286678481470e-01
9.916883228824868723e-01
9.915516307296654563e-01
9.913698766018218533e-01
9.911389316670574656e-01
9.908545121453113946e-01
9.905121775124551275e-01
9.901073286799293438e-01
9.896352062104053493e-01
9.890908886436459158e-01
9.884692910211907435e-01
9.877651637135700380e-01
9.869730916692563971e-01
9.860874942202066951e-01
9.851026255942610943e-01
9.840125762993986447e-01
9.828112755584026416e-01
9.814924949842890323e-01
9.800498536963335727e-01
9.784768250831245018e-01
9.767667454222404011e-01
9.749128245654464786e-01
9.729081588933576885e-01
9.707457467340816493e-01
9.684185064263183262e-01
9.659192971887575752e-01
9.632409429345373253e-01
9.603762591422468908e-01
9.573180828638436779e-01
9.540593059153268385e-01
9.505929112585509433e-01
9.469120125426855328e-01
9.430098967320538206e-01
9.388800697039255683e-01
9.345163046558246922e-01
9.299126931175113464e-01
9.250636983185311912e-01
9.199642106185339507e-01
9.146096046649736522e-01
9.089957979017797562e-01
9.031193100136687413e-01
8.969773228544763999e-01
8.905677403748053500e-01
8.838892480349835878e-01
8.769413711644153953e-01
8.697245317084931759e-01
8.622401027898979331e-01
8.544904605029396416e-01
8.464790323580491105e-01
8.382103417990904859e-01
8.296900482291246215e-01
8.209249820008239773e-01
8.119231738559561373e-01
8.026938783340823447e-01
7.932475907135343451e-01
7.835960570972893002e-01
7.737522773118488129e-01
7.637305003476790866e-01
7.535462121341149899e-01
7.432161155086001170e-01
7.327581023084190903e-01
7.221912175812776891e-01
7.115356159778865042e-01
7.008125104538096561e-01
6.900441134681760680e-01
6.792535709224882812e-01
6.684648891330751130e-01
6.577028551753543173e-01
6.469929509769039022e-01
6.363612615696698782e-01
6.258343779398718443e-01
6.154392949381102262e-01
6.052033047326272897e-01
5.951538863066798690e-01
5.853185915174730081e-01
5.757249282501366583e-01
5.664002412164879097e-01
5.573715909656073997e-01
5.486656316918601117e-01
5.403084884461033521e-01
5.323256343772744259e-01
5.247417686539421755e-01
5.175806957379576190e-01
5.108652067042336320e-01
5.046169633207089333e-01
4.988563856195427082e-01
4.936025437032800500e-01
4.888730545367810931e-01
4.846839844761078320e-01
4.810497582781395609e-01
4.779830753187549464e-01
4.754948337223711130e-01
4.735940630711832355e-01
4.722878663186221848e-01
4.715813714785992428e-01
4.714776936005908858e-01
4.719779074712668887e-01
4.730810314071356437e-01
4.747840224206127946e-01
4.770817829551846634e-01
4.799671792950647164e-01
4.834310716621024184e-01
4.874623559187570843e-01
4.920480167017365902e-01
4.971731917172660387e-01
5.028212468367434518e-01
5.089738615414103329e-01
5.156111241773143616e-01
5.227116363977053481e-01
5.302526260898441368e-01
5.382100680073487187e-01
5.465588112584573999e-01
5.552727127354786241e-01
5.643247755120414100e-01
5.736872911833623689e-01
5.833319850814286944e-01
5.932301632628509402e-01
6.033528601429063443e-01
6.136709856361406423e-01
6.241554706624674598e-01
6.347774098888979699e-01
6.455082006013053153e-01
6.563196766383505576e-01
6.671842363709377111e-01
6.780749637750421721e-01
6.889657417229742009e-01
6.998313567071581254e-01
7.106475943101637771e-01
7.213913248435204206e-01
7.320405786940242798e-01
7.425746110378780296e-01
7.529739557079574430e-01
7.632204681256012924e-01
7.732973573333338235e-01
7.831892072866584176e-01
7.928819876794304111e-01
8.023630546863443902e-01
8.116211421060262055e-01
8.206463434775714827e-01
8.294300858208574212e-01
8.379650957156175028e-01
8.462453584854382482e-01
8.542660712901455344e-01
8.620235909534748053e-01
8.695153773626664861e-01
8.767399332732808137e-01
8.836967413368169710e-01
8.903861991417101329e-01
8.968095530211682709e-01
9.029688313354525819e-01
9.088667778831275301e-01
9.145067860370215129e-01
9.198928341377755613e-01
9.250294226124399222e-01
9.299215132191509525e-01
9.345744707528520490e-01
9.389940074826214067e-01
9.431861305295258235e-01
9.471570923359877714e-01
9.509133443241810646e-01
9.544614937925051112e-01
9.578082640561058625e-01
9.609604577998918096e-01
9.639249235805441574e-01
9.667085253875198347e-01
9.693181151517303862e-01
9.717605080740777668e-01
9.740424606339150859e-01
9.761706511292759236e-01
9.781516625958577293e-01
9.799919679497386404e-01
9.816979171991361275e-01
9.832757265727052332e-01
9.847314694155012704e-01
9.860710687084150994e-01
9.873002910723314152e-01
9.884247421242072784e-01
9.894498630585503163e-01
9.903809283342602798e-01
9.912230443534096880e-01
9.919811490252393726e-01
9.926600121154086631e-01
9.932642362873488340e-01
9.937982587494227360e-01
9.942663534284327254e-01
9.946726335968172350e-01
9.950210548875366712e-01
9.953154186370751777e-01
9.955593755030659464e-01
9.957564293086456075e-01
9.959099410706498956e-01
9.960231331730620141e-01
9.960990936506503024e-01
9.961407805504479684e-01
9.961510263406410104e-01
9.961325423376173882e-01
9.960879231224980535e-01
9.960196509185820224e-01
9.959300999009840227e-01
9.958215404095407397e-01
9.956961430360227183e-01
9.955559825570247101e-01
9.954030416847848839e-01
9.952392146097523984e-01
9.950663103110507501e-01
9.948860556141180256e-01
9.947000979787006258e-01
9.945100080049600333e-01
9.943172816505899680e-01
9.941233421573648643e-01
9.939295416912589110e-01
9.937371627059875534e-01
9.935474190453126297e-01
9.933614568045455728e-01
9.931803549761928362e-01
9.930051259084845539e-01
9.928367156085017298e-01
9.926760039237128019e-01
9.925238046369039280e-01
9.923808655097735576e-01
9.922478683098931995e-01
9.921254288543953637e-01
9.920140971017454845e-01
9.919143573204054487e-01
9.918266283602317213e-01
9.917512640492179843e-01
9.916885537348104629e-01
9.916387229856250540e-01
9.916019344660732537e-01
9.915782889932467370e-01
9.915678267824712400e-01
9.915705288852488808e-01
9.915863188208698942e-01
9.916150644007744042e-01
9.916565797427460138e-01
9.917106274701825708e-01
9.917769210899640697e-01
9.918551275407789802e-01
9.919448699021522486e-01
9.920457302528060683e-01
9.921572526653977819e-01
9.922789463231063145e-01
9.924102887420378494e-01
9.925507290820242412e-01
9.926996915271422139e-01
9.928565787162596523e-01
9.930207752031485757e-01
9.931916509252438630e-01
9.933685646599931252e-01
9.935508674479467395e-01
9.937379059622573063e-01
9.939290258050859084e-01
9.941235747124802513e-01
9.943209056505694088e-01
9.945203797873369833e-01
9.947213693257400680e-01
9.949232601854826052e-01
9.951254545222841807e-01
9.953273730749789827e-01
9.955284573322207287e-01
9.957281715119412624e-01
9.959260043480329117e-01
9.961214706800037844e-01
9.963141128426057369e-01
9.965035018536956279e-01
9.966892383998571248e-01
9.968709536206246113e-01
9.970483096934971146e-01
9.972210002233281578e-01
9.973887504411043103e-01
9.975513172185640487e-01
9.977084889065328532e-01
9.978600850062135930e-01
9.980059556839271373e-01
9.981459811409026939e-01
9.982800708505992215e-01
9.984081626766628803e-01
9.985302218849334555e-01
9.986462400628719482e-01
9.987562339593779592e-01
9.988602442571877793e-01
9.989583342889351014e-01
9.990505887065473933e-01
9.991371121120338206e-01
9.992180276559917695e-01
9.992934756084332903e-01
9.993636119049487121e-01
9.994286066699148430e-01
9.994886427175383448e-01
9.995439140311165316e-01
9.995946242210588251e-01
9.996409849629864786e-01
9.996832144185922031e-01
9.997215356438362566e-01
9.997561749913604912e-01
9.997873605165690236e-01
