9.997973101417856334e-01
9.997678401641372226e-01
9.997351600411666928e-01
9.996990663008611389e-01
9.996593578653882872e-01
9.996158373328525304e-01
9.995683122043160784e-01
9.995165960458278764e-01
9.994605095789000915e-01
9.993998816963794996e-01
9.993345504037873805e-01
9.992643636888154379e-01
9.991891803236498948e-01
9.991088706061312941e-01
9.990233170464266621e-01
9.989324150059560870e-01
9.988360732948633469e-01
9.987342147334494769e-01
9.986267766818404112e-01
9.985137115408416753e-01
9.983949872255846181e-01
9.982705876122788258e-01
9.981405129572523682e-01
9.980047802865350537e-01
9.978634237535745077e-01
9.977164949622732149e-01
9.975640632524055418e-01
9.974062159445955533e-01
9.972430585423797123e-01
9.970747148894099077e-01
9.969013272805213877e-01
9.967230565261634423e-01
9.965400819705066970e-01
9.963526014643702133e-01
9.961608312948915245e-01
9.959650060745612876e-01
9.957653785928127776e-01
9.955622196337569063e-01
9.953558177638491822e-01
9.951464790932312843e-01
9.949345270141906061e-01
9.947203019195988150e-01
9.945041609033229424e-01
9.942864774434531094e-01
9.940676410677744546e-01
9.938480569992509395e-01
9.936281457774300829e-01
9.934083428496675028e-01
9.931890981239692717e-01
9.929708754731351172e-01
9.927541521778188160e-01
9.925394182942005594e-01
9.923271759302478845e-01
9.921179384131235679e-01
9.919122293292251813e-01
9.917105814176856438e-01
9.915135352979559391e-01
9.913216380123603955e-01
9.911354413652637696e-01
9.909555000417116233e-01
9.907823694900638190e-01
9.906166035552069760e-01
9.904587518513435773e-01
9.903093568660633617e-01
9.901689507903536080e-01
9.900380520723480737e-01
9.899171616959046016e-01
9.898067591885175709e-01
9.897072983665805568e-01
9.896192028296124654e-01
9.895428612187276984e-01
9.894786222583573654e-01
9.894267896039877774e-01
9.893876165224289032e-01
9.893613004348036366e-01
9.893479773559533674e-01
9.893477162671925340e-01
9.893605134621548114e-01
9.893862869077185707e-01
9.894248706635104806e-01
9.894760094041169518e-01
9.895393530877405475e-01
9.896144518135291390e-01
9.897007509071213960e-01
9.897975862700842953e-01
9.899041800239359867e-01
9.900196364734512589e-01
9.901429384071307460e-01
9.902729437452754135e-01
9.904083825383294126e-01
9.905478543102922417e-01
9.906898257343547121e-01
9.908326286207491673e-01
9.909744581903713323e-01
9.911133716022471063e-01
9.912472866985300168e-01
9.913739809275636805e-01
9.914910904036652317e-01
9.915961090617069207e-01
9.916863878652635300e-01
9.917591340289771962e-01
9.918114102187869374e-01
9.918401336976723215e-01
9.918420753894511277e-01
9.918138588388648591e-01
9.917519590525896156e-01
9.916527012128629748e-01
9.915122592631004927e-01
9.913266543731703573e-01
9.910917533009453440e-01
9.908032666763912921e-01
9.904567472448553289e-01
9.900475881174346515e-01
9.895710210883914559e-01
9.890221150925391225e-01
9.883957748893172912e-01
9.876867400747969539e-01
9.868895845379214160e-01
9.859987164926123926e-01
9.850083792325939891e-01
9.839126527704560310e-01
9.827054565360575644e-01
9.813805533213073584e-01
9.799315546680259503e-01
9.783519279024244231e-01
9.766350050231540347e-01
9.747739936494225210e-01
9.727619902309373456e-01
9.705919957121682540e-01
9.682569338294844119e-01
9.657496722011182921e-01
9.630630463467834135e-01
9.601898867463873888e-01
9.571230490159874371e-01
9.538554472444006338e-01
9.503800904961832163e-01
9.466901224465870124e-01
9.427788640721292968e-01
9.386398592771220128e-01
9.342669232924415423e-01
9.296541936384914440e-01
9.247961834002313974e-01
9.196878365188025928e-01
9.143245847621599420e-01
9.087024059967214740e-01
9.028178833438553763e-01
8.966682647695749520e-01
8.902515226236321633e-01
8.835664126158373488e-01
8.766125316934795242e-01
8.693903742647208777e-01
8.619013861993789494e-01
8.541480160311087921e-01
8.461337627841608588e-01
8.378632198540192366e-01
8.293421143846366750e-01
8.205773416058903535e-01
8.115769936232852810e-01
8.023503821877401299e-01
7.929080550161368146e-01
7.832618052826847421e-01
7.734246739563146456e-01
7.634109447193193621e-01
7.532361312662250175e-01
7.429169568481338581e-01
7.324713259952352340e-01
7.219182884174345505e-01
7.112779951487991914e-01
7.005716470644905991e-01
6.898214359580034927e-01
6.790504784209556721e-01
6.682827428167944506e-01
6.575429696832670867e-01
6.468565859363260007e-01
6.362496132806193527e-01
6.257485712593171545e-01
6.153803753996009984e-01
6.051722309305556102e-01
5.951515225684633759e-01
5.853457008816855822e-01
5.757821657642974156e-01
5.664881475653122944e-01
5.574905864392198929e-01
5.488160105040909009e-01
5.404904134156434115e-01
5.325391319892572861e-01
5.249867245263328819e-01
5.178568505258427379e-01
5.111721524853605203e-01
5.049541405169699626e-01
4.992230805210072786e-01
4.939978866731323803e-01
4.892960189864399290e-01
4.851333867090309448e-01
4.815242583076481120e-01
4.784811787688264539e-01
4.760148949201428170e-01
4.741342894352954529e-01
4.728463241381386517e-01
4.721559931629011331e-01
4.720662864613407450e-01
4.725781640735374767e-01
4.736905414985828067e-01
4.754002864158135555e-01
4.777022269178554659e-01
4.805891713248500174e-01
4.840519395561578841e-01
4.880794059426751819e-01
4.926585532706920789e-01
4.977745377578516317e-01
5.034107645738956638e-01
5.095489734341043242e-01
5.161693337120909497e-01
5.232505484412436347e-01
5.307699665009493195e-01
5.387037022151109911e-01
5.470267615267114802e-01
5.557131738537621768e-01
5.647361286793625146e-01
5.740681158825078345e-01
5.836810687773711370e-01
5.935465087979376886e-01
6.036356907429696328e-01
6.139197474841894264e-01
6.243698330392353224e-01
6.349572629210527008e-01
6.456536506976972012e-01
6.564310397313412038e-01
6.672620291129145453e-01
6.781198928690724825e-01
6.889786915907225584e-01
6.998133757163965685e-01
7.105998797983015258e-01
7.213152071825139622e-01
7.319375046459732914e-01
7.424461266497460743e-01
7.528216889885391838e-01
7.630461117384675918e-01
7.731026515265145838e-01
7.829759232637569788e-01
7.926519115982448849e-01
8.021179724504486908e-01
8.113628250926645524e-01
8.203765353221764700e-01
8.291504903550080963e-01
8.376773661317764574e-01
8.459510877787624894e-01
8.539667840054526726e-01
8.617207362443692897e-01
8.692103233502186388e-01
8.764339626736938893e-01
8.833910483114397749e-01
8.900818873086772109e-01
8.965076345559637172e-01
9.026702270778573789e-01
9.085723183603080511e-01
9.142172133069295104e-01
9.196088043534604850e-01
9.247515092062412734e-01
9.296502106058829318e-01
9.343101984528816573e-01
9.387371145689864527e-01
9.429369003077722189e-01
9.469157471710293317e-01
9.506800505350151420e-01
9.542363665428700292e-01
9.575913721769537812e-01
9.607518284876994663e-01
9.637245469238363560e-01
9.665163586823630748e-01
9.691340869752290699e-01
9.715845220929275605e-01
9.738743991327079019e-01
9.760103782503840586e-01
9.779990272892505887e-01
9.798468066369007134e-01
9.815600561602866314e-01
9.831449840707107146e-01
9.846076575731795844e-01
9.859539951583478068e-01
9.871897603998358584e-01
9.883205571248214749e-01
9.893518258313018787e-01
9.902888412312271793e-01
9.911367108047343111e-01
9.919003742569525439e-01
9.925846037752829032e-01
9.931940049916766489e-01
9.937330185612109901e-01
9.942059222751654657e-01
9.946168336337464222e-01
9.949697128105170485e-01
9.952683659473180455e-01
9.955164487248953087e-01
9.957174701604160072e-01
9.958747965884268138e-01
9.959916557864542108e-01
9.960711412102833950e-01
9.961162163069317010e-01
9.961297188754595355e-01
9.961143654470998587e-01
9.960727556568456098e-01
9.960073765787860189e-01
9.959206069973077780e-01
9.958147215860132517e-01
9.956918949660666929e-01
9.955542056158824815e-01
9.954036396047968305e-01
9.952420941247696051e-01
9.950713807963271762e-01
9.948932287279367292e-01
9.947092873117503453e-01
9.945211287431220404e-01
9.943302502563331480e-01
9.941380760744153999e-01
9.939459590766233088e-01
9.937551821927912421e-01
9.935669595392916387e-01
9.933824373163993027e-01
9.932026944913896482e-01
9.930287432955020588e-01
9.928615295658872464e-01
9.927019329657520430e-01
9.925507671170927804e-01
9.924087796806870809e-01
9.922766524174435609e-01
9.921550012638660210e-01
9.920443764523978469e-01
9.919452627048900295e-01
9.918580795245225401e-01
9.917831816083518826e-01
9.917208593993791510e-01
9.916713397937662045e-01
9.916347870156545508e-01
9.916113036690578086e-01
9.916009319735297201e-01
9.916036551877907002e-01
9.916193992232135157e-01
9.916480344469961183e-01
9.916893776729464038e-01
9.917431943360186519e-01
9.918092008450206665e-01
9.918870671062165467e-01
9.919764192088450505e-01
9.920768422618465587e-01
9.921878833693548172e-01
9.923090547307772402e-01
9.924398368496164524e-01
9.925796818336219962e-01
9.927280167674720213e-01
9.928842471380352475e-01
9.930477602913989621e-01
9.932179289003290057e-01
9.933941144206572815e-01
9.935756705152977153e-01
9.937619464251379320e-01
9.939522902669258864e-01
9.941460522394029997e-01
9.943425877202838326e-01
9.945412602381705769e-01
9.947414443050686117e-01
9.949425280967688634e-01
9.951439159699476678e-01
9.953450308063706009e-01
9.955453161760469127e-01
9.957442383125743035e-01
9.959412878952392800e-01
9.961359816337066464e-01
9.963278636523846821e-01
9.965165066727907917e-01
9.967015129935070661e-01
9.968825152686161539e-01
9.970591770868542092e-01
9.972311933551186725e-01
9.973982904914057146e-01
9.975602264337065650e-01
9.977167904728390102e-01
9.978678029185790166e-01
9.980131146097379613e-01
9.981526062799607191e-01
9.982861877919204652e-01
9.984137972532228789e-01
9.985354000276381869e-01
9.986509876552334131e-01
9.987605766945403252e-01
9.988642074990892183e-01
9.989619429394684946e-01
9.990538670806036192e-01
9.991400838222638248e-01
9.992207155089931625e-01
9.992959015138712653e-01
9.993657967988500701e-01
9.994305704530425105e-01
9.994904042093788465e-01
9.995454909396042087e-01
9.995960331277450317e-01
9.996422413229553161e-01
9.996843325740486508e-01
9.997225288499649309e-01
9.997570554527942521e-01
9.997881394326195714e-01
