9.997994851765956703e-01
9.997702576325808721e-01
9.997378328607475773e-01
9.997020061936225943e-01
9.996625751216534628e-01
9.996193405888967876e-01
9.995721082394350976e-01
9.995206896037331923e-01
9.994649032176543546e-01
9.994045756702062411e-01
9.993395425790991826e-01
9.992696494957380438e-01
9.991947527432319953e-01
9.991147201923580301e-01
9.990294319811513502e-01
9.989387811839649522e-01
9.988426744355197728e-01
9.987410325147602075e-01
9.986337908923532680e-01
9.985209002445356585e-01
9.984023269348413221e-01
9.982780534641255699e-01
9.981480788883213551e-01
9.980124192025741081e-01
9.978711076898423293e-01
9.977241952317400520e-01
9.975717505793201267e-01
9.974138605816554870e-01
9.972506303704231634e-01
9.970821834992132926e-01
9.969086620369184137e-01
9.967302266152813228e-01
9.965470564314294899e-01
9.963593492069797719e-01
9.961673211059945965e-01
9.959712066146831910e-01
9.957712583862280420e-01
9.955677470544271879e-01
9.953609610199609659e-01
9.951512062129778124e-01
9.949388058353220154e-01
9.947241000850911563e-01
9.945074458652989335e-01
9.942892164772318964e-01
9.940698012976534326e-01
9.938496054373385791e-01
9.936290493765674858e-01
9.934085685712112923e-01
9.931886130209734986e-01
9.929696467892652478e-01
9.927521474621789910e-01
9.925366055321470649e-01
9.923235236902100409e-01
9.921134160094499110e-01
9.919068070011172189e-01
9.917042305243616296e-01
9.915062285302930212e-01
9.913133496213772933e-01
9.911261474079122724e-01
9.909451786445178101e-01
9.907710011311875453e-01
9.906041713654373249e-01
9.904452419344107472e-01
9.902947586384011069e-01
9.901532573400770865e-01
9.900212605367155749e-01
9.898992736559049099e-01
9.897877810784665442e-01
9.896872418957440853e-01
9.895980854119045267e-01
9.895207064055020485e-01
9.894554601682437056e-01
9.894026573426701887e-01
9.893625585842663606e-01
9.893353690773076803e-01
9.893212329374232450e-01
9.893202275373176313e-01
9.893323577951835812e-01
9.893575504679185117e-01
9.893956484931404338e-01
9.894464054250406981e-01
9.895094800091465137e-01
9.895844309399898231e-01
9.896707118434147077e-01
9.897676665217790548e-01
9.898745244956540512e-01
9.899903968699039769e-01
9.901142725453764282e-01
9.902450147900762056e-01
9.903813581758527107e-01
9.905219058785964537e-01
9.906651273319702078e-01
9.908093562170848800e-01
9.909527887635140031e-01
9.910934823308550357e-01
9.912293542348664666e-01
9.913581807781834954e-01
9.914775964428330646e-01
9.915850932002721052e-01
9.916780198944812330e-01
9.917535816547139449e-01
9.918088392967967515e-01
9.918407086753067148e-01
9.918459599534542592e-01
9.918212167629860687e-01
9.917629552328302012e-01
9.916675028724625252e-01
9.915310373040636671e-01
9.913495848464181082e-01
9.911190189631930991e-01
9.908350585987407699e-01
9.904932664359001881e-01
9.900890471224685907e-01
9.896176455260506932e-01
9.890741450908583365e-01
9.884534663846363811e-01
9.877503659390971524e-01
9.869594355028511456e-01
9.860751018415238045e-01
9.850916272351967207e-01
9.840031108380435931e-01
9.828034910785611311e-01
9.814865492905604505e-01
9.800459147745275157e-01
9.784750714955221529e-01
9.767673666269489630e-01
9.749160211488512306e-01
9.729141427044996071e-01
9.707547409097215807e-01
9.684307452955367435e-01
9.659350260462353788e-01
9.632604176721937250e-01
9.603997457297156481e-01
9.573458566693567873e-01
9.540916508599511792e-01
9.506301187983769996e-01
9.469543804754750882e-01
9.430577278269721697e-01
9.389336701552863929e-01
9.345759823641890396e-01
9.299787558039800395e-01
9.251364514805755501e-01
9.200439553381977165e-01
9.146966352826833013e-01
9.090903995712957819e-01
9.032217561558529839e-01
8.970878725295169387e-01
8.906866355942996138e-01
8.840167110368082337e-01
8.770776016745959192e-01
8.698697042152893077e-01
8.623943638560470637e-01
8.546539261423973244e-01
8.466517855036452822e-01
8.383924298872366121e-01
8.298814809270569359e-01
8.211257291008304815e-01
8.121331633596065025e-01
8.029129947476515428e-01
7.934756735736014921e-01
7.838328997429278022e-01
7.739976259169268902e-01
7.639840532236387149e-01
7.538076193102585254e-01
7.434849785934645183e-01
7.330339746324061601e-01
7.224736046174120574e-01
7.118239760345577150e-01
7.011062556307331439e-01
6.903426108647150450e-01
6.795561440860276026e-01
6.687708197344202077e-01
6.580113848981841151e-01
6.473032836091966447e-01
6.366725652866594976e-01
6.261457877704554864e-01
6.157499154095595895e-01
6.055122126917856784e-01
5.954601339193410503e-01
5.856212094511006327e-01
5.760229290481717612e-01
5.666926228750057692e-01
5.576573407246996350e-01
5.489437300545896292e-01
5.405779134370660710e-01
5.325853660505044385e-01
5.249907938560482989e-01
5.178180131270528896e-01
5.110898320183958621e-01
5.048279348816635537e-01
4.990527700481733886e-01
4.937834418137744263e-01
4.890376073661132361e-01
4.848313793954877049e-01
4.811792351235136822e-01
4.780939324687830672e-01
4.755864340449739158e-01
4.736658396540966987e-01
4.723393278956727892e-01
4.716121074619212816e-01
4.714873786298258151e-01
4.719663053939958663e-01
4.730479986103828249e-01
4.747295104410731437e-01
4.770058403057012564e-01
4.798699524565408492e-01
4.833128052031347988e-01
4.873233917195154419e-01
4.918887922735259988e-01
4.969942376244389504e-01
5.026231832427755508e-01
5.087573939156018188e-01
5.153770382123999960e-01
5.224607922013324579e-01
5.299859517240940177e-01
5.379285524600903035e-01
5.462634969380679717e-01
5.549646875863316620e-01
5.640051648520129080e-01
5.733572493664919056e-01
5.829926870888251234e-01
5.928827963230165476e-01
6.029986154790660802e-01
6.133110504329699619e-01
6.237910203380885310e-01
6.344096007503036150e-01
6.451381629526995454e-01
6.559485084024985202e-01
6.668129972736811517e-01
6.777046701329156875e-01
6.885973618635019555e-01
6.994658070411772233e-01
7.102857360655119301e-01
7.210339614598855196e-01
7.316884538697487894e-01
7.422284074112219798e-01
7.526342941478255666e-01
7.628879076001158221e-01
7.729723953189541197e-01
7.828722806758469099e-01
7.925734741411449846e-01
8.020632744309146300e-01
8.113303600042021113e-01
8.203647714826814985e-01
8.291578856430322775e-01
8.377023816978260706e-01
8.459922006325943933e-01
8.540224984046692613e-01
8.617895938333517414e-01
8.692909120211471663e-01
8.765249241428062499e-01
8.834910844234751259e-01
8.901897651004246903e-01
8.966221901258243365e-01
9.027903683222192610e-01
9.086970266492488957e-01
9.143455441812922135e-01
9.197398873327073954e-01
9.248845468017312665e-01
9.297844766374347980e-01
9.344450357677775987e-01
9.388719322620813212e-01
9.430711705392497146e-01
9.470490016747465933e-01
9.508118769054788588e-01
9.543664043828687937e-01
9.577193091809169667e-01
9.608773965281591778e-01
9.638475182001190467e-01
9.666365419820374116e-01
9.692513240900713090e-01
9.716986844224329012e-01
9.739853844996588794e-01
9.761181079448655318e-01
9.781034433499304903e-01
9.799478693715344413e-01
9.816577419013640116e-01
9.832392831570448966e-01
9.846985725441123050e-01
9.860415391441338384e-01
9.872739556896841240e-01
9.884014338929613119e-01
9.894294210012565260e-01
9.903631974590969556e-01
9.912078755636165583e-01
9.919683990064966927e-01
9.926495432026579691e-01
9.932559163127471225e-01
9.937919608733407628e-01
9.942619559556373776e-01
9.946700197801889853e-01
9.950201127218560870e-01
9.953160406455487941e-01
9.955614585193401922e-01
9.957598742570783479e-01
9.959146527475609689e-01
9.960290200315805587e-01
9.961060675916152407e-01
9.961487567216098515e-01
9.961599229461775007e-01
9.961422804597093172e-01
9.960984265564447604e-01
9.960308460226604543e-01
9.959419154619969516e-01
9.958339075247474304e-01
9.957089950119127897e-01
9.955692548251724450e-01
9.954166717348102988e-01
9.952531419392036671e-01
9.950804763918101870e-01
9.949004038747105705e-01
9.947145738016507366e-01
9.945245587380945329e-01
9.943318566309300444e-01
9.941378927459922910e-01
9.939440213172971994e-01
9.937515269176122601e-01
9.935616255655216333e-01
9.933754655892900187e-01
9.931941282724040532e-01
9.930186283095463473e-01
9.928499141048170440e-01
9.926888679461888243e-01
9.925363060914447200e-01
9.923929788011899289e-01
9.922595703540200152e-01
9.921366990776138151e-01
9.920249174275306281e-01
9.919247121429249914e-01
9.918365045054040596e-01
9.917606507239637992e-01
9.916974424655022879e-01
9.916471075469326379e-01
9.916098108015284351e-01
9.915856551289010667e-01
9.915746827350033765e-01
9.915768765658098394e-01
9.915921619358373240e-01
9.916204083504435163e-01
9.916614315188240214e-01
9.917149955527905236e-01
9.917808153446914243e-01
9.918585591162021320e-01
9.919478511281073496e-01
9.920482745396228541e-01
9.921593744042334073e-01
9.922806607874867790e-01
9.924116119906997158e-01
9.925516778631530146e-01
9.927002831841237329e-01
9.928568310950853792e-01
9.930207065616447615e-01
9.931912798443186530e-01
9.933679099571189886e-01
9.935499480931038185e-01
9.937367409965675025e-01
9.939276342623569738e-01
9.941219755438590600e-01
9.943191176524780461e-01
9.945184215328282118e-01
9.947192590993728656e-01
9.949210159217775074e-01
9.951230937477849592e-01
9.953249128539141122e-01
9.955259142157372176e-01
9.957255614908702146e-01
9.959233428091458507e-01
9.961187723657278781e-01
9.963113918141890402e-01
9.965007714578421050e-01
9.966865112388910708e-01
9.968682415262821728e-01
9.970456237044866832e-01
9.972183505668369419e-01
9.973861465184559183e-01
9.975487675952520172e-01
9.977060013068524968e-01
9.978576663127011193e-01
9.980036119417797780e-01
9.981437175674978679e-01
9.982778918501616916e-01
9.984060718600410445e-01
9.985282220943495490e-01
9.986443334014082351e-01
9.987544218248561867e-01
9.988585273800046904e-01
9.989567127733259833e-01
9.990490620746846906e-01
9.991356793503145539e-01
9.992166872628456264e-01
9.992922256429780381e-01
9.993624500358470053e-01
9.994275302238283532e-01
9.994876487266413090e-01
9.995429992792050911e-01
9.995937852878794549e-01
9.996402182664941849e-01
9.996825162549312083e-01
9.997209022249127219e-01
9.997556024799387764e-01
9.997868450588730527e-01
