9.997975071254887602e-01
9.997680324872033619e-01
9.997353412060004940e-01
9.996992285503205622e-01
9.996594921089947405e-01
9.996159330887458561e-01
9.995683575593873327e-01
9.995165776360653842e-01
9.994604125914897663e-01
9.993996898945421981e-01
9.993342461747299899e-01
9.992639281145391239e-01
9.991885932737372134e-01
9.991081108510306841e-01
9.990223623892098281e-01
9.989312424300511584e-01
9.988346591248841166e-01
9.987325348059640229e-01
9.986248065227537607e-01
9.985114265460146576e-01
9.983923628413665652e-01
9.982675995127946456e-01
9.981371372155369848e-01
9.980009935369420493e-01
9.978592033432814867e-01
9.977118190901492767e-01
9.975589110939738768e-01
9.974005677623061228e-01
9.972368957808793732e-01
9.970680202559520922e-01
9.968940848110763309e-01
9.967152516381663219e-01
9.965317015035056736e-01
9.963436337101009288e-01
9.961512660185076751e-01
9.959548345288911086e-01
9.957545935275863291e-01
9.955508153017625927e-01
9.953437899259300892e-01
9.951338250239337713e-01
9.949212455097262708e-01
9.947063933095888766e-01
9.944896270675688266e-01
9.942713218347252191e-01
9.940518687413408827e-01
9.938316746495949872e-01
9.936111617823305542e-01
9.933907673215562895e-01
9.931709429682423762e-01
9.929521544528786547e-01
9.927348809842385657e-01
9.925196146218999704e-01
9.923068595564059624e-01
9.920971312795624497e-01
9.918909556263383331e-01
9.916888676692106053e-01
9.914914104456177268e-01
9.912991334994712966e-01
9.911125912184417519e-01
9.909323409499515289e-01
9.907589408804703401e-01
9.905929476647498122e-01
9.904349137940242631e-01
9.902853846948836969e-01
9.901448955534309926e-01
9.900139678624380046e-01
9.898931056924552552e-01
9.897827916912010915e-01
9.896834828190163025e-01
9.895956058317334492e-01
9.895195525259464775e-01
9.894556747653815432e-01
9.894042793108329681e-01
9.893656224799055598e-01
9.893399046665305452e-01
9.893272647538121634e-01
9.893277744570980747e-01
9.893414326371104961e-01
9.893681596253667276e-01
9.894077916058012789e-01
9.894600750973028269e-01
9.895246615816716274e-01
9.896011023201700674e-01
9.896888433993147327e-01
9.897872210428375617e-01
9.898954572218732206e-01
9.900126555895163438e-01
9.901377977591083734e-01
9.902697399381685806e-01
9.904072099220335712e-01
9.905488044432878558e-01
9.906929868652327720e-01
9.908380852002316441e-01
9.909822904270261246e-01
9.911236550752620111e-01
9.912600920406656746e-01
9.913893735906920135e-01
9.915091305181064074e-01
9.916168513988844468e-01
9.917098819110222729e-01
9.917854241722785513e-01
9.918405360574767959e-01
9.918721304596779254e-01
9.918769744642164099e-01
9.918516884101948872e-01
9.917927448204684193e-01
9.916964671883899962e-01
9.915590286175737234e-01
9.913764503196818012e-01
9.911445999847363630e-01
9.908591900487501158e-01
9.905157758945771773e-01
9.901097540338419378e-01
9.896363603306259638e-01
9.890906683412499234e-01
9.884675878589205267e-01
9.877618637670755319e-01
9.869680753207578094e-01
9.860806359909822794e-01
9.850937940224568923e-01
9.840016338697306075e-01
9.827980786903530719e-01
9.814768940853736412e-01
9.800316932869174158e-01
9.784559439990663243e-01
9.767429771013326212e-01
9.748859974231742775e-01
9.728780967929109291e-01
9.707122695548150437e-01
9.683814307339631000e-01
9.658784370096522576e-01
9.631961106349749002e-01
9.603272664127491254e-01
9.572647418067954384e-01
9.540014302329533624e-01
9.505303175367335600e-01
9.468445216246107465e-01
9.429373351742025289e-01
9.388022713054666735e-01
9.344331120510960265e-01
9.298239594199844138e-01
9.249692888034672933e-01
9.198640044304908781e-01
9.145034965354034151e-01
9.088836998612044304e-01
9.030011530823381927e-01
8.968530586950123062e-01
8.904373428901334320e-01
8.837527148948651767e-01
8.767987252441118429e-01
8.695758224235474732e-01
8.620854073117028005e-01
8.543298848406694068e-01
8.463127122936774382e-01
8.380384436635740508e-01
8.295127695093928999e-01
8.207425517689517225e-01
8.117358530137813721e-01
8.025019596685116774e-01
7.930513987598251102e-01
7.833959478096332862e-01
7.735486375425669747e-01
7.635237471381871588e-01
7.533367918224898041e-01
7.430045026599930713e-01
7.325447984756718878e-01
7.219767499038762804e-01
7.113205356277710889e-01
7.005973909365801333e-01
6.898295487878642884e-01
6.790401736173696801e-01
6.682532881890076437e-01
6.574936938219306803e-01
6.467868843704055459e-01
6.361589543654924128e-01
6.256365017559213371e-01
6.152465257097038398e-01
6.050163199588847185e-01
5.949733621882593582e-01
5.851451999859997866e-01
5.755593338907508683e-01
5.662430980867128039e-01
5.572235393161764083e-01
5.485272945982098136e-01
5.401804683628583792e-01
5.322085096321444997e-01
5.246360899018178703e-01
5.174869824005363661e-01
5.107839434249820121e-01
5.045485964692171255e-01
4.988013198831463546e-01
4.935611388069974792e-01
4.888456221350397923e-01
4.846707852611802370e-01
4.810509993506285609e-01
4.779989078647676193e-01
4.755253510401603600e-01
4.736392989870121806e-01
4.723477940275088161e-01
4.716559028404685439e-01
4.715666789163379669e-01
4.720811357564921318e-01
4.731982311739620917e-01
4.749148629703174862e-01
4.772258761764579527e-01
4.801240819548607819e-01
4.836002881683563182e-01
4.876433415269766369e-01
4.922401811307495212e-01
4.973759031333649938e-01
5.030338361602628705e-01
5.091956270254627270e-01
5.158413362050690010e-01
5.229495424422967442e-01
5.304974557796773293e-01
5.384610382393086869e-01
5.468151313022135973e-01
5.555335892737058856e-01
5.645894175638441759e-01
5.739549148614128127e-01
5.836018181372633062e-01
5.935014493791894719e-01
6.036248629368192731e-01
6.139429923421232393e-01
6.244267954699873613e-01
6.350473969146034348e-01
6.457762264817172859e-01
6.565851527344412908e-01
6.674466105813869898e-01
6.783337219601310863e-01
6.892204087459125050e-01
7.000814971040951740e-01
7.108928126041651474e-01
7.216312655213343863e-01
7.322749258675216311e-01
7.428030878145643889e-01
7.531963232969614008e-01
7.634365247070032945e-01
7.735069367196620860e-01
7.833921774058317800e-01
7.930782489084327036e-01
8.025525380644779050e-01
8.118038074557795136e-01
8.208221774599702147e-01
8.295990999507079078e-01
8.381273243603531986e-01
8.464008568693559553e-01
8.544149135237645298e-01
8.621658681055632822e-01
8.696511955902419544e-01
8.768694120226077082e-01
8.838200116261621941e-01
8.905034019343954776e-01
8.969208376953100581e-01
9.030743542547465808e-01
9.089667010711307560e-01
9.146012759556447769e-01
9.199820605691316766e-01
9.251135576418341167e-01
9.300007303158361882e-01
9.346489439442331459e-01
9.390639106168621186e-01
9.432516366210008663e-01
9.472183729877050595e-01
9.509705692211728456e-01
9.545148302602211032e-01
9.578578766780225795e-01
9.610065080888432476e-01
9.639675696986576003e-01
9.667479219100812982e-01
9.693544128707705099e-01
9.717938538379440327e-01
9.740729972195584230e-01
9.761985171444008680e-01
9.781769924084671164e-01
9.800148916429225476e-01
9.817185605492136924e-01
9.832942110490244803e-01
9.847479122003344187e-01
9.860855827354684244e-01
9.873129850824161613e-01
9.884357207366142317e-01
9.894592268566320126e-01
9.903887739636710874e-01
9.912294646313961621e-01
9.919862330593112176e-01
9.926638454296754510e-01
9.932669009547802075e-01
9.937998335282802742e-01
9.942669139011476309e-01
9.946722523096340751e-01
9.950198014893194554e-01
9.953133600157760830e-01
9.955565759184752395e-01
9.957529505201813125e-01
9.959058424590926384e-01
9.960184718552939076e-01
9.960939245866096137e-01
9.961351566416611902e-01
9.961449985198355117e-01
9.961261596490543768e-01
9.960812327927930365e-01
9.960126984179012988e-01
9.959229289946252006e-01
9.958141932000221797e-01
9.956886599959268169e-01
9.955484025529619529e-01
9.953954019929761587e-01
9.952315509238537361e-01
9.950586567429819951e-01
9.948784446887821709e-01
9.946925606236046713e-01
9.945025735358520302e-01
9.943099777543114026e-01
9.941161948731752629e-01
9.939225753919100903e-01
9.937304000798106163e-01
9.935408810805282931e-01
9.933551627769154901e-01
9.931743224410022330e-01
9.929993706976916190e-01
9.928312518337113479e-01
9.926708439854371457e-01
9.925189592403828032e-01
9.923763436874328825e-01
9.922436774503472501e-01
9.921215747377417626e-01
9.920105839407780124e-01
9.919111878072675026e-01
9.918238037179710753e-01
9.917487840876649807e-01
9.916864169101935467e-01
9.916369264633525527e-01
9.916004741861410565e-01
9.915771597377786017e-01
9.915670222449484150e-01
9.915700417410404643e-01
9.915861407987249798e-01
9.916151863549833578e-01
9.916569917257143096e-01
9.917113188051887018e-01
9.917778804438897033e-01
9.918563429966119616e-01
9.919463290310615022e-01
9.920474201855896679e-01
9.921591601630939117e-01
9.922810578465545150e-01
9.924125905201708342e-01
9.925532071786651311e-01
9.927023319060871431e-01
9.928593673044275869e-01
9.930236979515917328e-01
9.931946938678282155e-01
9.933717139695754650e-01
9.935541094898969749e-01
9.937412273451994293e-01
9.939324134287500501e-01
9.941270158125836698e-01
9.943243878406589076e-01
9.945238910975404689e-01
9.947248982383811722e-01
9.949267956675158509e-01
9.951289860545023958e-01
9.953308906779366749e-01
9.955319515887999238e-01
9.957316335864718759e-01
9.959294260018607403e-01
9.961248442833811056e-01
9.963174313827696249e-01
9.965067589389926539e-01
9.966924282597798834e-01
9.968740711016413902e-01
9.970513502505924386e-01
9.972239599072181271e-01
9.973916258811575952e-01
9.975541056015434505e-01
9.977111879513664849e-01
9.978626929351128716e-01
9.980084711902860173e-01
9.981484033545223733e-01
9.982823993008979047e-01
9.984103972546233274e-01
9.985323628046179900e-01
9.986482878233855498e-01
9.987581893081720619e-01
9.988621081555764114e-01
9.989601078806293888e-01
9.990522732899064229e-01
9.991387091165866430e-01
9.992195386236021326e-01
9.992949021792711939e-01
9.993649558082122741e-01
9.994298697190151515e-01
9.994898268092433646e-01
9.995450211479521840e-01
9.995956564361060392e-01
9.996419444460946657e-01
9.996841034429718720e-01
9.997223565919869381e-01
9.997569303593512036e-01
9.997880529157994189e-01
