9.997975902788789337e-01
9.997681259523935049e-01
9.997354457814424666e-01
9.996993450351702171e-01
9.996596212962264305e-01
9.996160757581928902e-01
9.995685144708340575e-01
9.995167495225070198e-01
9.994606001526734618e-01
9.993998937908842306e-01
9.993344670216940395e-01
9.992641664775407939e-01
9.991888496636239791e-01
9.991083857201684681e-01
9.990226561281885242e-01
9.989315553650058854e-01
9.988349915154129954e-01
9.987328868436098350e-01
9.986251783300025275e-01
9.985118181757567379e-01
9.983927742767548796e-01
9.982680306674284187e-01
9.981375879338941770e-01
9.980014635949797652e-01
9.978596924491238696e-01
9.977123268847783999e-01
9.975594371518468062e-01
9.974011115918202108e-01
9.972374568246192839e-01
9.970685978906562719e-01
9.968946783472756312e-01
9.967158603194592459e-01
9.965323245054501511e-01
9.963442701387204004e-01
9.961519149084278046e-01
9.959554948411412090e-01
9.957552641471204558e-01
9.955514950347699177e-01
9.953444774970225950e-01
9.951345190733097423e-01
9.949219445904203818e-01
9.947070958849220101e-01
9.944903315089143048e-01
9.942720264197041358e-01
9.940525716525530076e-01
9.938323739739785001e-01
9.936118555112334327e-01
9.933914533515834089e-01
9.931716191029260621e-01
9.929528184052035522e-01
9.927355303800335928e-01
9.925202470040973557e-01
9.923074723901519345e-01
9.920977219581561535e-01
9.918915214779666645e-01
9.916894059644441040e-01
9.914919184056272261e-01
9.912996083049278040e-01
9.911130300190575948e-01
9.909327408746237964e-01
9.907592990479823225e-01
9.905932611949825883e-01
9.904351798196228129e-01
9.902856003733087054e-01
9.901450580793118572e-01
9.900140744801209092e-01
9.898931537086189669e-01
9.897827784873827195e-01
9.896834058638648290e-01
9.895954626927785380e-01
9.895193408806451929e-01
9.894553924111835208e-01
9.894039241739880364e-01
9.893651926227297055e-01
9.893393982928443409e-01
9.893266802122775427e-01
9.893271102421998808e-01
9.893406873875605356e-01
9.893673321197518078e-01
9.894068807553483280e-01
9.894590799356983712e-01
9.895235812519398433e-01
9.895999360586896776e-01
9.896875905171331755e-01
9.897858809045190220e-01
9.898940292221959369e-01
9.900111391284067697e-01
9.901361922152688289e-01
9.902680446419129812e-01
9.904054241278952286e-01
9.905469273030002020e-01
9.906910174017070636e-01
9.908360222831655850e-01
9.909801327507694602e-01
9.911214011395477197e-01
9.912577401347757444e-01
9.913869217815796109e-01
9.915065766429308480e-01
9.916141930623442180e-01
9.917071164877854228e-01
9.917825488147219426e-01
9.918375477088515746e-01
9.918690258727235198e-01
9.918737502251557814e-01
9.918483409679534901e-01
9.917892705208833926e-01
9.916928623131023857e-01
9.915552894272440243e-01
9.913725731011171494e-01
9.911405811014887268e-01
9.908550259947216388e-01
9.905114633501573840e-01
9.901052899241005179e-01
9.896317418850899550e-01
9.890858931548013322e-01
9.884626539533615253e-01
9.877567696529176988e-01
9.869628200587976519e-01
9.860752192532260541e-01
9.850882161519549651e-01
9.839958959388707127e-01
9.827921825571448444e-01
9.814708424472403658e-01
9.800254897314850666e-01
9.784495930514204298e-01
9.767364842671920622e-01
9.748793692274170253e-01
9.728713408128774054e-01
9.707053944478195584e-01
9.683744462584535917e-01
9.658713540394876507e-01
9.631889411663231426e-01
9.603200235631635939e-01
9.572574398060846868e-01
9.539940844055317948e-01
9.505229442752179958e-01
9.468371383545087783e-01
9.429299603096236160e-01
9.387949241958709612e-01
9.344258129191713724e-01
9.298167292908228188e-01
9.249621494252739939e-01
9.198569781871204221e-01
9.144966063510674426e-01
9.088769690977386295e-01
9.029946054294463176e-01
8.968467180539339001e-01
8.904312332512025474e-01
8.837468602094383785e-01
8.767931492913602076e-01
8.695705486726138522e-01
8.620804587797334939e-01
8.543252839472389448e-01
8.463084807121368236e-01
8.380346021698572567e-01
8.295093378288417307e-01
8.207395484217251402e-01
8.117332951594529167e-01
8.024998629504759284e-01
7.930497771501838766e-01
7.833948134552748410e-01
7.735480006132129382e-01
7.635236156772581273e-01
7.533371716017307484e-01
7.430053970388990070e-01
7.325462082668883212e-01
7.219786732458693956e-01
7.113229678662303934e-01
7.006003245161634974e-01
6.898329731560691735e-01
6.790440751424694499e-01
6.682576500941468378e-01
6.574984961376046932e-01
6.467921039076440781e-01
6.361645647121312308e-01
6.256424732983324466e-01
6.152528256823103225e-01
6.050229125236268324e-01
5.949802085459680034e-01
5.851522585213232430e-01
5.755665603518715923e-01
5.662504458006130115e-01
5.572309594396364085e-01
5.485347364040753515e-01
5.401878795604290184e-01
5.322158367197709072e-01
5.246432785490533490e-01
5.174939778564171533e-01
5.107906909482844426e-01
5.045550417758508654e-01
4.988074096052506068e-01
4.935668209577893650e-01
4.888508465730807551e-01
4.846755041474657411e-01
4.810551675918077752e-01
4.780024835358389623e-01
4.755282957801744148e-01
4.736415783616878539e-01
4.723493778531332454e-01
4.716567654640899665e-01
4.715667994479847414e-01
4.720804982499693381e-01
4.731968247536821881e-01
4.749126819025443202e-01
4.772229198843054299e-01
4.801203549773381818e-01
4.835958000646753963e-01
4.876381067282108406e-01
4.922342187417428905e-01
4.973692366885168470e-01
5.030264933374404279e-01
5.091876393228330633e-01
5.158327385860440595e-01
5.229403729541076684e-01
5.304877551512847678e-01
5.384508494644404397e-01
5.468044992133203053e-01
5.555225601124980095e-01
5.645780385538894386e-01
5.739432337880010504e-01
5.835898829393818543e-01
5.934893077580738474e-01
6.036125619850833957e-01
6.139305781969841558e-01
6.244143129935928460e-01
6.350348894039294922e-01
6.457637354099736715e-01
6.565727175253646131e-01
6.674342684172895890e-01
6.783215076240446395e-01
6.892083544976680409e-01
7.000696325897368677e-01
7.108811647976460701e-01
7.216198586970717921e-01
7.322637816020360901e-01
7.427922250151388628e-01
7.531857582550087749e-01
7.634262711736401474e-01
7.734970060008423687e-01
7.833825784743132514e-01
7.930689885297982356e-01
8.025436209344543048e-01
8.117952363461389265e-01
8.208139533704010837e-01
8.295912222641731448e-01
8.381197909996065398e-01
8.463936644524884256e-01
8.544080575168533365e-01
8.621593429707274936e-01
8.696449949276428004e-01
8.768635287051748106e-01
8.838144379260695072e-01
8.904981296405474200e-01
8.969158582213291320e-01
9.030696587371698225e-01
9.089622804577210946e-01
9.145971210839072274e-01
9.199781622352828370e-01
9.251099066606097709e-01
9.299973175716339524e-01
9.346457604341767977e-01
9.390609474864359818e-01
9.432488851929439200e-01
9.472158247848727619e-01
9.509682159840723292e-01
9.545126639599089691e-01
9.578558895250192107e-01
9.610046925386722672e-01
9.639659184545683601e-01
9.667464279234504465e-01
9.693530693396170683e-01
9.717926542039327931e-01
9.740719351638029710e-01
9.761975865823231402e-01
9.781761874839192128e-01
9.800142067217301189e-01
9.817179902122635804e-01
9.832937500849866508e-01
9.847475555980838013e-01
9.860853256762529551e-01
9.873128229318068882e-01
9.884356490362629089e-01
9.894592413158602717e-01
9.903888704509162810e-01
9.912296391655379679e-01
9.919864818009155316e-01
9.926641646721918733e-01
9.932672871157426364e-01
9.938002831405658988e-01
9.942674236043584912e-01
9.946728188416736893e-01
9.950204216782442268e-01
9.953140307720054203e-01
9.955572942274498738e-01
9.957537134355604058e-01
9.959066470965786122e-01
9.960193153871721439e-01
9.960948042370826316e-01
9.961360696830465766e-01
9.961459422696861132e-01
9.961271314682413891e-01
9.960822300845749711e-01
9.960137186279811594e-01
9.959239696121746643e-01
9.958152517596268183e-01
9.956897340803831931e-01
9.955494897968333312e-01
9.953965000867870394e-01
9.952326576187888740e-01
9.950597698559314752e-01
9.948795621075662288e-01
9.946936803121999571e-01
9.945036935394389044e-01
9.943110962039668488e-01
9.941173099900417753e-01
9.939236854906902119e-01
9.937315035714556766e-01
9.935419764740168747e-01
9.933562486800499025e-01
9.931753975601829154e-01
9.930004338366679173e-01
9.928323018913404185e-01
9.926718799525219294e-01
9.925199801956863244e-01
9.923773487929995474e-01
9.922446659462785812e-01
9.921225459365939914e-01
9.920115372217520600e-01
9.919121226103669864e-01
9.918247195382924319e-01
9.917496804699732493e-01
9.916872934439164844e-01
9.916377827780993304e-01
9.916013099478268034e-01
9.915779746454037591e-01
9.915678160280541054e-01
9.915708141578306600e-01
9.915868916348217210e-01
9.916159154227587313e-01
9.916576988641254697e-01
9.917120038800294468e-01
9.917785433483654600e-01
9.918569836521412553e-01
9.919469473882115418e-01
9.920480162250570055e-01
9.921597338966531288e-01
9.922816093179063213e-01
9.924131198056369563e-01
9.925537143876883572e-01
9.927028171815081015e-01
9.928598308225230484e-01
9.930241399218693310e-01
9.931951145325805808e-01
9.933721136032065413e-01
9.935544883980360620e-01
9.937415858636228227e-01
9.939327519221337059e-01
9.941273346731085425e-01
9.943246874864924978e-01
9.945241719712143436e-01
9.947251608050862171e-01
9.949270404133312429e-01
9.951292134845755033e-01
9.953311013146276531e-01
9.955321459698056596e-01
9.957318122629413848e-01
9.959295895365140039e-01
9.961249932486458958e-01
9.963175663589480813e-01
9.965068805124726037e-01
9.966925370213051139e-01
9.968741676446561950e-01
9.970514351696735389e-01
9.972240337966092882e-01
9.973916893334169309e-01
9.975541592063117413e-01
9.977112322942615075e-01
9.978627285967477389e-01
9.980084987454037604e-01
9.981484233712352161e-01
9.982824123400084737e-01
9.984104038690021499e-01
9.985323635386058605e-01
9.986482832121827968e-01
9.987581798771786312e-01
9.988620944196431317e-01
9.989600903431865575e-01
9.990522524419398476e-01
9.991386854354411540e-01
9.992195125716012427e-01
9.992948742021576791e-01
9.993649263334259958e-01
9.994298391538388726e-01
9.994897955388646338e-01
9.995449895334971302e-01
9.995956248127152444e-01
9.996419131211161657e-01
9.996840726943483357e-01
9.997223266669160724e-01
9.997569014732877735e-01
9.997880252518618338e-01
