9.997994446221106779e-01
9.997702257823611882e-01
9.997378129401498503e-01
9.997020018878316483e-01
9.996625905843221638e-01
9.996193804435035135e-01
9.995721775729144998e-01
9.995207939521459917e-01
9.994650485438777432e-01
9.994047683338566079e-01
9.993397892991214837e-01
9.992699573063079654e-01
9.991951289438136818e-01
9.991151722929296763e-01
9.990299676437495169e-01
9.989394081618029331e-01
9.988434005110023994e-01
9.987418654377433480e-01
9.986347383199779548e-01
9.985219696839099379e-01
9.984035256897425548e-01
9.982793885867540240e-01
9.981495571369574105e-01
9.980140470057752289e-01
9.978728911175740457e-01
9.977261399735621872e-01
9.975738619294653997e-01
9.974161434305413021e-01
9.972530892018481863e-01
9.970848223922115228e-01
9.969114846709992150e-01
9.967332362775750410e-01
9.965502560241125130e-01
9.963627412532657379e-01
9.961709077529735668e-01
9.959749896313679907e-01
9.957752391553232885e-01
9.955719265565813325e-01
9.953653398095738680e-01
9.951557843850138418e-01
9.949435829829940126e-01
9.947290752487250032e-01
9.945126174731220292e-01
9.942945822792467192e-01
9.940753582941150857e-01
9.938553498036476475e-01
9.936349763865891527e-01
9.934146725211260298e-01
9.931948871557517711e-01
9.929760832337314325e-01
9.927587371583994624e-01
9.925433381845536474e-01
9.923303877194760148e-01
9.921203985156886729e-01
9.919138937365076236e-01
9.917114058748413008e-01
9.915134755055339255e-01
9.913206498518903897e-01
9.911334811478383910e-01
9.909525247784758406e-01
9.907783371834613106e-01
9.906114735098098256e-01
9.904524850030710370e-01
9.903019161285602223e-01
9.901603014172016826e-01
9.900281620336004451e-01
9.899060020671333060e-01
9.897943045501195192e-01
9.896935272104893100e-01
9.896040979698045303e-01
9.895264102010079554e-01
9.894608177638825053e-01
9.894076298398811753e-01
9.893671055917048207e-01
9.893394486767261853e-01
9.893248016469736728e-01
9.893232402718129537e-01
9.893347678225460351e-01
9.893593093607290223e-01
9.893967060739268238e-01
9.894467097037029646e-01
9.895089771107401511e-01
9.895830650209738177e-01
9.896684249944276424e-01
9.897643986550348494e-01
9.898702132151541155e-01
9.899849773228328598e-01
9.901076772532990677e-01
9.902371734588659713e-01
9.903721974836742215e-01
9.905113492417247922e-01
9.906530946487637213e-01
9.907957635910350502e-01
9.909375482069693319e-01
9.910765014517441962e-01
9.912105359095232382e-01
9.913374228141734745e-01
9.914547912364760629e-01
9.915601273943174254e-01
9.916507740420856809e-01
9.917239298964634076e-01
9.917766490579661420e-01
9.918058403908389664e-01
9.918082668282438563e-01
9.917805445749540150e-01
9.917191421859838929e-01
9.916203795066583782e-01
9.914804264675516343e-01
9.912953017364906083e-01
9.910608712394239905e-01
9.907728465724344735e-01
9.904267833385334008e-01
9.900180794551363128e-01
9.895419734912793697e-01
9.889935431076453121e-01
9.883677036872391408e-01
9.876592072599430505e-01
9.868626418399392142e-01
9.859724313108442217e-01
9.849828360089404322e-01
9.838879541696792241e-01
9.826817244161533127e-01
9.813579294799328334e-01
9.799102013539703337e-01
9.783320280836572680e-01
9.766167624050373641e-01
9.747576324382307700e-01
9.727477546389513563e-01
9.705801492013776954e-01
9.682477580914826687e-01
9.657434658712511499e-01
9.630601234511794173e-01
9.601905748813067687e-01
9.571276872601365282e-01
9.538643838065687941e-01
9.503936801028598502e-01
9.467087234771386361e-01
9.428028354526394317e-01
9.386695571480564437e-01
9.343026974697785647e-01
9.296963838927003732e-01
9.248451155822962066e-01
9.197438185671737987e-01
9.143879026288630474e-01
9.087733195346499038e-01
9.028966222003595998e-01
8.967550243336748217e-01
8.903464600754242841e-01
8.836696431268897811e-01
8.767241248261817832e-01
8.695103506167207730e-01
8.620297143364653580e-01
8.542846097482711398e-01
8.462784787302057854e-01
8.380158555501650008e-01
8.295024066620857450e-01
8.207449654816114659e-01
8.117515616272498180e-01
8.025314441487696460e-01
7.930950983074314120e-01
7.834542555221246651e-01
7.736218961508671832e-01
7.636122448374434990e-01
7.534407582171782636e-01
7.431241048426758811e-01
7.326801372585465266e-01
7.221278562222646080e-01
7.114873671351027440e-01
7.007798288112564444e-01
6.900273947737529667e-01
6.792531473216129045e-01
6.684810246633525743e-01
6.577357414568973937e-01
6.470427031352459224e-01
6.364279144309267222e-01
6.259178825409247304e-01
6.155395153979456024e-01
6.053200155344710121e-01
5.952867700439782306e-01
5.854672371598690361e-01
5.758888299880460249e-01
5.665787979444144584e-01
5.575641064645913136e-01
5.488713155701151480e-01
5.405264578936753717e-01
5.325549167852239307e-01
5.249813051408896980e-01
5.178293456168527875e-01
5.111217529098295298e-01
5.048801188036715626e-01
4.991248006966109152e-01
4.938748143347583275e-01
4.891477314834514756e-01
4.849595832678127438e-01
4.813247699065513752e-01
4.782559775477733810e-01
4.757641028918889736e-01
4.738581862542396994e-01
4.725453536788303266e-01
4.718307686646661114e-01
4.717175940081802521e-01
4.722069641996364808e-01
4.732979687390939105e-01
4.749876466593769830e-01
4.772709924605684773e-01
4.801409735738508822e-01
4.835885593830580031e-01
4.876027617411360371e-01
4.921706868266829682e-01
4.972775980937819140e-01
5.029069899771210217e-01
5.090406719247584366e-01
5.156588622432920488e-01
5.227402911554520637e-01
5.302623123886670564e-01
5.382010225357359845e-01
5.465313873559660696e-01
5.552273741177669031e-01
5.642620890225786834e-01
5.736079186959889276e-01
5.832366746859907192e-01
5.931197398714824764e-01
6.032282156573887111e-01
6.135330688171126701e-01
6.240052768393455906e-01
6.346159706453127214e-01
6.453365735648927126e-01
6.561389354960769360e-01
6.669954612219863854e-01
6.778792319229159924e-01
6.887641189970667988e-01
6.996248893918728395e-01
7.104373017469373108e-01
7.211781927580542817e-01
7.318255532878702452e-01
7.423585938704736487e-01
7.527577993824603464e-01
7.630049727796239800e-01
7.730832679241061989e-01
7.829772116494122525e-01
7.926727153280304083e-01
8.021570763165206674e-01
8.114189697540805657e-01
8.204484312811863855e-01
8.292368313236955224e-01
8.377768416537555440e-01
8.460623949913119723e-01
8.540886384485758542e-01
8.618518816444007413e-01
8.693495403263853394e-01
8.765800763361475401e-01
8.835429347384167187e-01
8.902384789083336303e-01
8.966679243348791850e-01
9.028332718530177603e-01
9.087372409644323135e-01
9.143832038482131441e-01
9.197751206001230084e-01
9.249174761736598249e-01
9.298152194296089856e-01
9.344737046345097387e-01
9.388986356837496494e-01
9.430960132629775394e-01
9.470720851031316778e-01
9.508332994303841934e-01
9.543862616632756701e-01
9.577376943656377151e-01
9.608944004257694571e-01
9.638632293997935196e-01
9.666510469300326758e-01
9.692647071273944315e-01
9.717110277897675896e-01
9.739967683158963219e-01
9.761286101656255765e-01
9.781131397122833082e-01
9.799568333307687729e-01
9.816660445651272937e-01
9.832469932215449626e-01
9.847057562363400463e-01
9.860482601732930563e-01
9.872802752102168844e-01
9.884074104807694106e-01
9.894351106439682741e-01
9.903686535605319419e-01
9.912131489619763203e-01
9.919735380052706608e-01
9.926545936127925129e-01
9.932609215042831341e-01
9.937969618344889566e-01
9.942669913571293705e-01
9.946751260427187935e-01
9.950253240844956215e-01
9.953213892331886914e-01
9.955669744074551186e-01
9.957655855324263339e-01
9.959205855637983662e-01
9.960351986591676754e-01
9.961125144618035998e-01
9.961554924647015863e-01
9.961669664246191047e-01
9.961496487969064839e-01
9.961061351624388438e-01
9.960389086179879392e-01
9.959503441011438030e-01
9.958427126206168545e-01
9.957181853626420054e-01
9.955788376444781873e-01
9.954266526868176257e-01
9.952635251784369697e-01
9.950912646087184399e-01
9.949115983467684554e-01
9.947261744497519764e-01
9.945365641876372509e-01
9.943442642767097439e-01
9.941506988197676975e-01
9.939572209566944760e-01
9.937651142348844502e-01
9.935755937145951400e-01
9.933898068295009542e-01
9.932088340273720339e-01
9.930336892197387799e-01
9.928653200725310324e-01
9.927046081719201887e-01
9.925523691009117133e-01
9.924093524626378393e-01
9.922762418858293021e-01
9.921536550466664162e-01
9.920421437392314967e-01
9.919421940242123537e-01
9.918542264824868893e-01
9.917785965968825002e-01
9.917155952818840214e-01
9.916654495775022449e-01
9.916283235200075152e-01
9.916043191988855865e-01
9.915934780062436449e-01
9.915957820820301416e-01
9.916111559558458133e-01
9.916394683838027913e-01
9.916805343768174685e-01
9.917341174148428529e-01
9.917999318398302844e-01
9.918776454185936897e-01
9.919668820652065566e-01
9.920672247110574604e-01
9.921782183092188179e-01
9.922993729583492462e-01
9.924301671299774474e-01
9.925700509817434458e-01
9.927184497380422412e-01
9.928747671185833568e-01
9.930383887946837573e-01
9.932086858527018336e-01
9.933850182439039056e-01
9.935667382002648651e-01
9.937531935962071739e-01
9.939437312370749122e-01
9.941377000561688604e-01
9.943344542033917266e-01
9.945333560099218762e-01
9.947337788147816440e-01
9.949351096406606754e-01
9.951367517078431035e-01
9.953381267765463170e-01
9.955386773093894970e-01
9.957378684470717944e-01
9.959351897916478569e-01
9.961301569930702815e-01
9.963223131359322249e-01
9.965112299246112748e-01
9.966965086663133189e-01
9.968777810528437477e-01
9.970547097433133388e-01
9.972269887514051412e-01
9.973943436422786357e-01
9.975565315456490501e-01
9.977133409930140084e-01
9.978645915883701534e-01
9.980101335230222581e-01
9.981498469461759226e-01
9.982836412038771368e-01
9.984114539594604043e-01
9.985332502089437900e-01
9.986490212047397508e-01
9.987587833006065230e-01
9.988625767299550429e-01
9.989604643284809571e-01
9.990525302106542105e-01
9.991388784079568985e-01
9.992196314750132480e-01
9.992949290680251950e-01
9.993649264983417435e-01
9.994297932626891035e-01
9.994897115506961027e-01
9.995448747299583436e-01
9.995954858090844164e-01
9.996417558799733927e-01
9.996839025419740343e-01
9.997221483125076080e-01
9.997567190310765461e-01
9.997878422661761189e-01
