9.997991209485854736e-01
9.997698531829838364e-01
9.997373860190397199e-01
9.997015149578564186e-01
9.996620376900779981e-01
9.996187553888025157e-01
9.995714739524798054e-01
9.995200051871174773e-01
9.994641679206526241e-01
9.994037890457189155e-01
9.993387044900681193e-01
9.992687601164467193e-01
9.991938125556940609e-01
9.991137299781731596e-01
9.990283928093642851e-01
9.989376943955990962e-01
9.988415416255684853e-01
9.987398555124915589e-01
9.986325717408225389e-01
9.985196411801988692e-01
9.984010303681194465e-01
9.982767219616868193e-01
9.981467151577262387e-01
9.980110260797706578e-01
9.978696881298163568e-01
9.977227523024140288e-01
9.975702874585805624e-01
9.974123805571637469e-01
9.972491368416573909e-01
9.970806799809988075e-01
9.969071521635515243e-01
9.967287141442390253e-01
9.965455452456051244e-01
9.963578433143850388e-01
9.961658246359389457e-01
9.959697238095696070e-01
9.957697935882926510e-01
9.955663046869873689e-01
9.953595455630106503e-01
9.951498221732621996e-01
9.949374577113228035e-01
9.947227923276373840e-01
9.945061828347652177e-01
9.942880023984889126e-01
9.940686402140670452e-01
9.938485011651773116e-01
9.936280054611580370e-01
9.934075882460835505e-01
9.931876991710593128e-01
9.929688019189752968e-01
9.927513736688832191e-01
9.925359044852510859e-01
9.923228966156644182e-01
9.921128636791756161e-01
9.919063297264908430e-01
9.917038281526042720e-01
9.915059004423512068e-01
9.913130947296934226e-01
9.911259641523570973e-01
9.909450649847024728e-01
9.907709545333870382e-01
9.906041887824351688e-01
9.904453197767036920e-01
9.902948927353767417e-01
9.901534428899760876e-01
9.900214920444061484e-01
9.898995448577113665e-01
9.897880848535034470e-01
9.896875701633947031e-01
9.895984290152542995e-01
9.895210549806841005e-01
9.894558019997902187e-01
9.894029792050819117e-01
9.893628455701415358e-01
9.893356044124996806e-01
9.893213977838528628e-01
9.893203007842368280e-01
9.893323158398960038e-01
9.893573669871859044e-01
9.893952942067545386e-01
9.894458478532882628e-01
9.895086832261389409e-01
9.895833553250442671e-01
9.896693138328375161e-01
9.897658983635078123e-01
9.898723340092406842e-01
9.899877272142579843e-01
9.901110619965447501e-01
9.902411965311009867e-01
9.903768601004532268e-01
9.905166504100668678e-01
9.906590312583092306e-01
9.908023305429871641e-01
9.909447385794966090e-01
9.910843066994751149e-01
9.912189460937361751e-01
9.913464268593148443e-01
9.914643772077534889e-01
9.915702827903444261e-01
9.916614860959277467e-01
9.917351858779785978e-01
9.917884365700602167e-01
9.918181476521865658e-01
9.918210829351604696e-01
9.917938597354504227e-01
9.917329479195716724e-01
9.916346688042007029e-01
9.914951939063313402e-01
9.913105435466708082e-01
9.910765853191666475e-01
9.907890324500788770e-01
9.904434420813652551e-01
9.900352135253726038e-01
9.895595865508933775e-01
9.890116397745380983e-01
9.883862892459984728e-01
9.876782873309949418e-01
9.868822220112950516e-01
9.859925167368737142e-01
9.850034309806821042e-01
9.839090616611595452e-01
9.827033456110564336e-01
9.813800632827864856e-01
9.799328438898330385e-01
9.783551721901362352e-01
9.766403971203840850e-01
9.747817424892664118e-01
9.727723199326788750e-01
9.706051443243617349e-01
9.682731518213949506e-01
9.657692207053747424e-01
9.630861951571170199e-01
9.602169120755963405e-01
9.571542310209084636e-01
9.538910673267397833e-01
9.504204283906042550e-01
9.467354531104789084e-01
9.428294543949208295e-01
9.386959646308078442e-01
9.343287839489965441e-01
9.297220310839393598e-01
9.248701965791219504e-01
9.197681980465576279e-01
9.144114371460034807e-01
9.087958579085418931e-01
9.029180059902255362e-01
8.967750884051749471e-01
8.903650332544014168e-01
8.836865489373244564e-01
8.767391823080380453e-01
8.695233752185025367e-01
8.620405188765465354e-01
8.542930054384616501e-01
8.462842762545227382e-01
8.380188661914272918e-01
8.295024434687088277e-01
8.207418444668479474e-01
8.117451029931175288e-01
8.025214735269772248e-01
7.930814480098145047e-01
7.834367657934011575e-01
7.736004164169207886e-01
7.635866349428626076e-01
7.534108896463991289e-01
7.430898619197972010e-01
7.326414183216747311e-01
7.220845747691095884e-01
7.114394529373955223e-01
7.007272289963895062e-01
6.899700748727572996e-01
6.791910922831363440e-01
6.684142398335959356e-01
6.576642535254448863e-01
6.469665610462944638e-01
6.363471902585517981e-01
6.258326723256641966e-01
6.154499399401132109e-01
6.052262211372645417e-01
5.951889291966805384e-01
5.853655491483062967e-01
5.757835214161376447e-01
5.664701231472403231e-01
5.574523477901230928e-01
5.487567835038058561e-01
5.404094909976919769e-01
5.324358814224408043e-01
5.248605949530782411e-01
5.177073807269130246e-01
5.109989788196049876e-01
5.047570049619246602e-01
4.990018387161399005e-01
4.937525158433881955e-01
4.890266256005997292e-01
4.848402137063780870e-01
4.812076917087504402e-01
4.781417534729984764e-01
4.756532994843427620e-01
4.737513696277039221e-01
4.724430850650744862e-01
4.717335997803641101e-01
4.716260623024934873e-01
4.721215880504777695e-01
4.732192426703848431e-01
4.749160366541081979e-01
4.772069314450905209e-01
4.800848571475313520e-01
4.835407418643061783e-01
4.875635525958497141e-01
4.921403475386803006e-01
4.972563395288528421e-01
5.028949702833177549e-01
5.090379950016323818e-01
5.156655768023616915e-01
5.227563903834471226e-01
5.302877342144316497e-01
5.382356504912626516e-01
5.465750520121834821e-01
5.552798550665771771e-01
5.643231173684430946e-01
5.736771800131934551e-01
5.833138123917035456e-01
5.932043589598809952e-01
6.033198867365148210e-01
6.136313323877000681e-01
6.241096477535996723e-01
6.347259426834888085e-01
6.454516240683862982e-01
6.562585299975769448e-01
6.671190580159191974e-01
6.780062865228213553e-01
6.888940884306213874e-01
6.997572362888900832e-01
7.105714981807155217e-01
7.213137238058291434e-01
7.319619202817598813e-01
7.424953173160586672e-01
7.528944215279606000e-01
7.631410598243937304e-01
7.732184118608109724e-01
7.831110317396636766e-01
7.928048592163903230e-01
8.022872207925541010e-01
8.115468211764803597e-01
8.205737256818731451e-01
8.293593342131517776e-01
8.378963475516678638e-01
8.461787267088530795e-01
8.542016461503401104e-01
8.619614417191310274e-01
8.694555540962001228e-01
8.766824686340350947e-01
8.836416523833161563e-01
8.903334891062386625e-01
8.967592130331043521e-01
9.029208420731141826e-01
9.088211111372886952e-01
9.144634061726707452e-01
9.198516994440335548e-01
9.249904865337824633e-01
9.298847254641197102e-01
9.345397782792512764e-01
9.389613553607302210e-01
9.431554626870866098e-01
9.471283521906235237e-01
9.508864753104377954e-01
9.544364397919025134e-01
9.577849697394150708e-01
9.609388688913503840e-01
9.639049870538938247e-01
9.666901896036428354e-01
9.693013299472879041e-01
9.717452248099841539e-01
9.740286322117361895e-01
9.761582319827798448e-01
9.781406086640078712e-01
9.799822366364517867e-01
9.816894673241650660e-01
9.832685183170816190e-01
9.847254642641165567e-01
9.860662293915483101e-01
9.872965815072589635e-01
9.884221273574722577e-01
9.894483092090178289e-01
9.903804025367463071e-01
9.912235147024389681e-01
9.919825845183557478e-01
9.926623825954116187e-01
9.932675123828713648e-01
9.938024118133602647e-01
9.942713554738955573e-01
9.946784572304778749e-01
9.950276732404722546e-01
9.953228052934578463e-01
9.955675044273017971e-01
9.957652747718115371e-01
9.959194775772954866e-01
9.960333353896367869e-01
9.961099363369619875e-01
9.961522384956496001e-01
9.961630743052850567e-01
9.961451550032845992e-01
9.961010750504234457e-01
9.960333165185460969e-01
9.959442534115297008e-01
9.958361558903158217e-01
9.957111943727433578e-01
9.955714434792178880e-01
9.954188857961082659e-01
9.952554154303185907e-01
9.950828413308130393e-01
9.949028903560199755e-01
9.947172100699591679e-01
9.945273712545618094e-01
9.943348701308373228e-01
9.941411302871248079e-01
9.939475043184614611e-01
9.937552751868846679e-01
9.935656573180673412e-01
9.933797974548651544e-01
9.931987752929557489e-01
9.930236039276333360e-01
9.928552301438796635e-01
9.926945345839852664e-01
9.925423318282304841e-01
9.923993704244403746e-01
9.922663329016684353e-01
9.921438358019023518e-01
9.920324297616300857e-01
9.919325996724843719e-01
9.918447649471259231e-01
9.917692799131765380e-01
9.917064343545120009e-01
9.916564542156958151e-01
9.916195024818880155e-01
9.915956802432926986e-01
9.915850279501711162e-01
9.915875268616790583e-01
9.916031006893010202e-01
9.916316174334343092e-01
9.916728914096819558e-01
9.917266854596132886e-01
9.917927133390811445e-01
9.918706422756036201e-01
9.919600956847854922e-01
9.920606560342399849e-01
9.921718678419746418e-01
9.922932407947275824e-01
9.924242529703152238e-01
9.925643541467233932e-01
9.927129691794779331e-01
9.928695014278462461e-01
9.930333362096654959e-01
9.932038442641442089e-01
9.933803852018282532e-01
9.935623109211114690e-01
9.937489689711579421e-01
9.939397058418940611e-01
9.941338701627600027e-01
9.943308157931525226e-01
9.945299047888666033e-01
9.947305102303243274e-01
9.949320188998862502e-01
9.951338337970562220e-01
9.953353764818668736e-01
9.955360892381646121e-01
9.957354370498856522e-01
9.959329093847359982e-01
9.961280217809771464e-01
9.963203172342834923e-01
9.965093673829100718e-01
9.966947734906964618e-01
9.968761672287596021e-01
9.970532112580982043e-01
9.972255996167379566e-01
9.973930579164871357e-01
9.975553433558250749e-01
9.977122445568634701e-01
9.978635812356925205e-01
9.980092037166683472e-01
9.981489923022939248e-01
9.982828565112118469e-01
9.984107341974356453e-01
9.985325905642321587e-01
9.986484170860068232e-01
9.987582303511185478e-01
9.988620708377585755e-01
9.989600016338947563e-01
9.990521071108688922e-01
9.991384915586046800e-01
9.992192777886523825e-01
9.992946057095692947e-01
9.993646308775624432e-01
9.994295230240101136e-01
9.994894645605836292e-01
9.995446490622902358e-01
9.995952797289391345e-01
9.996415678263224081e-01
9.996837311097827028e-01
9.997219922347481136e-01
9.997565771611334196e-01
9.997877135610825361e-01
