9.997985481265261321e-01
9.997692463921826755e-01
9.997367500478492319e-01
9.997008560562534729e-01
9.996613636738561626e-01
9.996180757262096428e-01
9.995707998304922404e-01
9.995193495550186435e-01
9.994635455091404053e-01
9.994032163603882024e-01
9.993381997787670334e-01
9.992683433106680502e-01
9.991935051868066076e-01
9.991135550698977408e-01
9.990283747484361987e-01
9.989378587830183287e-01
9.988419151112043481e-01
9.987404656160826510e-01
9.986334466625873540e-01
9.985208096043581838e-01
9.984025212626330692e-01
9.982785643774347850e-01
9.981489380302349668e-01
9.980136580364049603e-01
9.978727573051433541e-01
9.977262861642026692e-01
9.975743126466367627e-01
9.974169227369230617e-01
9.972542205741582455e-01
9.970863286105426937e-01
9.969133877240168307e-01
9.967355572846461342e-01
9.965530151751258447e-01
9.963659577665521239e-01
9.961745998513351630e-01
9.959791745357720050e-01
9.957799330953196471e-01
9.955771447959659293e-01
9.953710966852631348e-01
9.951620933565339389e-01
9.949504566894638025e-01
9.947365255697335762e-01
9.945206555895260703e-01
9.943032187296515501e-01
9.940846030227001862e-01
9.938652121950628526e-01
9.936454652839004087e-01
9.934257962232336814e-01
9.932066533913220807e-01
9.929884991094602986e-01
9.927718090803263618e-01
9.925570717521238207e-01
9.923447875930562212e-01
9.921354682592257168e-01
9.919296356379210255e-01
9.917278207475185292e-01
9.915305624748991242e-01
9.913384061314259865e-01
9.911519018091318189e-01
9.909716025198459510e-01
9.907980621015103351e-01
9.906318328778774829e-01
9.904734630600918743e-01
9.903234938812898180e-01
9.901824564582544230e-01
9.900508683772839547e-01
9.899292300047305426e-01
9.898180205261060127e-01
9.897176937212027736e-01
9.896286734863233292e-01
9.895513491184317889e-01
9.894860703798066259e-01
9.894331423655710056e-01
9.893928202002413297e-01
9.893653035931125883e-01
9.893507312858002001e-01
9.893491754284687856e-01
9.893606359240613157e-01
9.893850347820651869e-01
9.894222105248444699e-01
9.894719126902039585e-01
9.895337964734863823e-01
9.896074175510681803e-01
9.896922271245356395e-01
9.897875672211172704e-01
9.898926662811632360e-01
9.900066350577146901e-01
9.901284628466686666e-01
9.902570140589224135e-01
9.903910251384160368e-01
9.905291018224597899e-01
9.906697167333756715e-01
9.908112072835758566e-01
9.909517738699624712e-01
9.910894783281536391e-01
9.912222426126823249e-01
9.913478476660713135e-01
9.914639324376220975e-01
9.915679930118850294e-01
9.916573818070768542e-01
9.917293068051324934e-01
9.917808307775476395e-01
9.918088704746067519e-01
9.918101957499181331e-01
9.917814285973154398e-01
9.917190420830788167e-01
9.916193591630392268e-01
9.914785513814415863e-01
9.912926374564711152e-01
9.910574817661216285e-01
9.907687927576570575e-01
9.904221213143465929e-01
9.900128591244899967e-01
9.895362371100311361e-01
9.889873239852782216e-01
9.883610250303574984e-01
9.876520811789034626e-01
9.868550685349223306e-01
9.859643984494793623e-01
9.849743183034564975e-01
9.838789131576581859e-01
9.826721084454598243e-01
9.813476738954211021e-01
9.798992288812070628e-01
9.783202494031864038e-01
9.766040769096399066e-01
9.747439291651356363e-01
9.727329133689264218e-01
9.705640417169403289e-01
9.682302495869459236e-01
9.657244165077972786e-01
9.630393900504538029e-01
9.601680127510120455e-01
9.571031521446442536e-01
9.538377339545953681e-01
9.503647784427291523e-01
9.466774398881100394e-01
9.427690491182778576e-01
9.386331589747839432e-01
9.342635925507224437e-01
9.296544939939168639e-01
9.248003816255884191e-01
9.196962030812221300e-01
9.143373921384133629e-01
9.087199268561922949e-01
9.028403886121967314e-01
8.966960215885614316e-01
8.902847922250831658e-01
8.836054481296437002e-01
8.766575759115978750e-01
8.694416573844548912e-01
8.619591235702626086e-01
8.542124059302053096e-01
8.462049842445475978e-01
8.379414305706269772e-01
8.294274487204670310e-01
8.206699087199258447e-01
8.116768757392104350e-01
8.024576330199048035e-01
7.930226983661115003e-01
7.833838338163321424e-01
7.735540481676052016e-01
7.635475920832687224e-01
7.533799455793909194e-01
7.430677977512124555e-01
7.326290186685402439e-01
7.220826234365418372e-01
7.114487284845143478e-01
7.007485002086781822e-01
6.900040961548050689e-01
6.792385989816605019e-01
6.684759434962057600e-01
6.577408370959361150e-01
6.470586739926156294e-01
6.364554436252178871e-01
6.259576336986556466e-01
6.155921283095768803e-01
6.053861016420077901e-01
5.953669077348580085e-01
5.855619668413175605e-01
5.759986489177355562e-01
5.667041547975304461e-01
5.577053956245210387e-01
5.490288711401327681e-01
5.407005474401835876e-01
5.327457348391622105e-01
5.251889665025477605e-01
5.180538785299072524e-01
5.113630921923313366e-01
5.051380990460184739e-01
4.993991496582612655e-01
4.941651466914972479e-01
4.894535430942712484e-01
4.852802461438298076e-01
4.816595280728229733e-01
4.786039439915574789e-01
4.761242577870892223e-01
4.742293766411307399e-01
4.729262947604562228e-01
4.722200468567592235e-01
4.721136718484943984e-01
4.726081871859846295e-01
4.737025741241845944e-01
4.753937741859834976e-01
4.776766969740923185e-01
4.805442394024663777e-01
4.839873163299910352e-01
4.879949024906922173e-01
4.925540855269503471e-01
4.976501298456820210e-01
5.032665509328589915e-01
5.093851996794169779e-01
5.159863561920046138e-01
5.230488324854087878e-01
5.305500833801946037e-01
5.384663248594819818e-01
5.467726590732540082e-01
5.554432051177010665e-01
5.644512346614881659e-01
5.737693114412713014e-01
5.833694336061758801e-01
5.932231778562089275e-01
6.033018442938580250e-01
6.135766008923202453e-01
6.240186264789940873e-01
6.345992511399234370e-01
6.452900929704566968e-01
6.560631901300140179e-01
6.668911272047619576e-01
6.777471549410187812e-01
6.886053024839937642e-01
6.994404813402073096e-01
7.102285803765404637e-01
7.209465512729164027e-01
7.315724839574646587e-01
7.420856716707382450e-01
7.524666654270709687e-01
7.626973177643304735e-01
7.727608157959044988e-01
7.826417036985732212e-01
7.923258948848782568e-01
8.018006742167104184e-01
8.110546907163771468e-01
8.200779413207694990e-01
8.288617463022164289e-01
8.373987170451295814e-01
8.456827169199552241e-01
8.537088160348317301e-01
8.614732406706225865e-01
8.689733182168677406e-01
8.762074184251396058e-01
8.831748917830359868e-01
8.898760057875936269e-01
8.963118798623753714e-01
9.024844196192495227e-01
9.083962511153309549e-01
9.140506556992483711e-01
9.194515059803545221e-01
9.246032033912499060e-01
9.295106177495242594e-01
9.341790291603028207e-01
9.386140725382851047e-01
9.428216849675761235e-01
9.468080560606690899e-01
9.505795814251869480e-01
9.541428192989935830e-01
9.575044503713998623e-01
9.606712407706241574e-01
9.636500081654418848e-01
9.664475909019600852e-01
9.690708200744482248e-01
9.715264944118040535e-01
9.738213578481256238e-01
9.759620796365398032e-01
9.779552368594131018e-01
9.798072991848616464e-01
9.815246157185997244e-01
9.831134038011910548e-01
9.845797396032827109e-01
9.859295503750816758e-01
9.871686082108741545e-01
9.883025251945838363e-01
9.893367497980282144e-01
9.902765644095590236e-01
9.911270838770771530e-01
9.918932549559432710e-01
9.925798565590355782e-01
9.931915007130984741e-01
9.937326341325474210e-01
9.942075403289889479e-01
9.946203421818042845e-01
9.949750049021347520e-01
9.952753393293678474e-01
9.955250055056302783e-01
9.957275164797024791e-01
9.958862422970446993e-01
9.960044141371674487e-01
9.960851285632982277e-01
9.961313518521629495e-01
9.961459243737370572e-01
9.961315649920794435e-01
9.960908754589808956e-01
9.960263447722871311e-01
9.959403534706010586e-01
9.958351778358416340e-01
9.957129939750577474e-01
9.955758817531756844e-01
9.954258285491717206e-01
9.952647328096420054e-01
9.950944073759834252e-01
9.949165825644208372e-01
9.947329089818944814e-01
9.945449600652777056e-01
9.943542343363926950e-01
9.941621573706749260e-01
9.939700834829142684e-01
9.937792971390699837e-01
9.935910141085275704e-01
9.934063823761393186e-01
9.932264828378232213e-01
9.930523298072342353e-01
9.928848713639839563e-01
9.927249895760028586e-01
9.925735006298932461e-01
9.924311549035228497e-01
9.922986370147116597e-01
9.921765658787333741e-01
9.920654948055986910e-01
9.919659116658113840e-01
9.918782391506181240e-01
9.918028351498391348e-01
9.917399932672658069e-01
9.916899434904798971e-01
9.916528530288470922e-01
9.916288273304535439e-01
9.916179112859269118e-01
9.916200906244306834e-01
9.916352935046575112e-01
9.916633923013422613e-01
9.917042055856521987e-01
9.917575002957496055e-01
9.918229940918265042e-01
9.919003578879569405e-01
9.919892185511766103e-01
9.920891617562853648e-01
9.921997349829894119e-01
9.923204506401817060e-01
9.924507893004578252e-01
9.925902030264169840e-01
9.927381187689845454e-01
9.928939418169427933e-01
9.930570592761410742e-01
9.932268435564881592e-01
9.934026558448401101e-01
9.935838495422656402e-01
9.937697736448882768e-01
9.939597760485192612e-01
9.941532067585551191e-01
9.943494209880617829e-01
9.945477821285253484e-01
9.947476645793723593e-01
9.949484564239765572e-01
9.951495619414499894e-01
9.953504039450199459e-01
9.955504259392164990e-01
9.957490940894353493e-01
9.959458989987008959e-01
9.961403572876750268e-01
9.963320129751404020e-01
9.965204386573781603e-01
9.967052364860747860e-01
9.968860389456535298e-01
9.970625094322388415e-01
9.972343426378368347e-01
9.974012647447313418e-01
9.975630334365345186e-01
9.977194377337674780e-01
9.978702976632246591e-01
9.980154637716550647e-01
9.981548164954159308e-01
9.982882653986551169e-01
9.984157482932154437e-01
9.985372302537612876e-01
9.986527025415847802e-01
9.987621814501213002e-01
9.988657070844038088e-01
9.989633420855281720e-01
9.990551703097529934e-01
9.991412954701834881e-01
9.992218397472039104e-01
9.992969423720470257e-01
9.993667581862595295e-01
9.994314561784716222e-01
9.994912179989459133e-01
9.995462364519570597e-01
9.995967139662331746e-01
9.996428610444834106e-01
9.996848946944494330e-01
9.997230368458631666e-01
9.997575127600691891e-01
9.997885494417051433e-01
