9.997988896731700992e-01
9.997696295137888933e-01
9.997371775751258127e-01
9.997013307002863280e-01
9.996618879812074754e-01
9.996186520339808146e-01
9.995714302223152048e-01
9.995200358189324508e-01
9.994642890982772254e-01
9.994040183573205116e-01
9.993390608642753747e-01
9.992692637375673037e-01
9.991944847593310364e-01
9.991145931289946436e-01
9.990294701631617924e-01
9.989390099480740526e-01
9.988431199504992364e-01
9.987417215920738611e-01
9.986347507910253718e-01
9.985221584739618628e-01
9.984039110591388377e-01
9.982799909114044024e-01
9.981503967679673517e-01
9.980151441332792972e-01
9.978742656407161293e-01
9.977278113783939473e-01
9.975758491763581093e-01
9.974184648525246111e-01
9.972557624151003886e-01
9.970878642197243957e-01
9.969149110802177916e-01
9.967370623325642054e-01
9.965544958525147656e-01
9.963674080279922851e-01
9.961760136881996353e-01
9.959805459919972570e-01
9.957812562786435562e-01
9.955784138843766229e-01
9.953723059285010111e-01
9.951632370726140042e-01
9.949515292563335667e-01
9.947375214123537202e-01
9.945215691628471744e-01
9.943040444981561254e-01
9.940853354373737627e-01
9.938658456688395093e-01
9.936459941667853402e-01
9.934262147784228558e-01
9.932069557737096543e-01
9.929886793479375529e-01
9.927718610652211950e-01
9.925569892290158069e-01
9.923445641640191717e-01
9.921350973923130923e-01
9.919291106854285500e-01
9.917271349732462715e-01
9.915297090903132382e-01
9.913373783403032213e-01
9.911506928599830291e-01
9.909702057651691431e-01
9.907964710627402694e-01
9.906300413147824946e-01
9.904714650433261713e-01
9.903212838668415952e-01
9.901800293626259464e-01
9.900482196523874290e-01
9.899263557116660950e-01
9.898149174071838585e-01
9.897143592697558168e-01
9.896251060140105471e-01
9.895475478198292318e-01
9.894820353941170543e-01
9.894288748352304541e-01
9.893883223260683257e-01
9.893605786854356987e-01
9.893457838107173608e-01
9.893440110480641314e-01
9.893552615290551744e-01
9.893794585150237353e-01
9.894164417917691301e-01
9.894659621580821351e-01
9.895276760512469183e-01
9.896011403513741422e-01
9.896858074039818209e-01
9.897810202966962345e-01
9.898860084213166877e-01
9.899998833469040305e-01
9.901216350231523133e-01
9.902501283262972187e-01
9.903840999524425870e-01
9.905221556556950135e-01
9.906627678211528121e-01
9.908042733558491966e-01
9.909448718744332529e-01
9.910826241508716716e-01
9.912154508029387134e-01
9.913411311728275166e-01
9.914573023649404515e-01
9.915614584008106691e-01
9.916509494511726031e-01
9.917229811063770217e-01
9.917746136485885433e-01
9.918027612924308345e-01
9.918041913648791841e-01
9.917755234001858211e-01
9.917132281313928432e-01
9.916136263665256134e-01
9.914728877448358846e-01
9.912870293765146945e-01
9.910519143781346685e-01
9.907632503257718382e-01
9.904165876583519434e-01
9.900073180753053981e-01
9.895306729851419680e-01
9.889817220750384275e-01
9.883553720859283853e-01
9.876463658927400191e-01
9.868492820051355530e-01
9.859585346200659961e-01
9.849683743732632335e-01
9.838728899519770810e-01
9.826660107452882542e-01
9.813415107205888388e-01
9.798930137247174876e-01
9.783140004151741342e-01
9.765978170302596073e-01
9.747376862064248693e-01
9.727267200462031971e-01
9.705579356305931160e-01
9.682242731555588122e-01
9.657186168534518389e-01
9.630338188368067209e-01
9.601627259744109910e-01
9.570982098781858349e-01
9.538332000446956283e-01
9.503607201575574592e-01
9.466739275171502932e-01
9.427661555223996181e-01
9.386309590865398178e-01
9.342621628251394084e-01
9.296539118108235744e-01
9.248007246454734709e-01
9.196975485577105758e-01
9.143398161916238553e-01
9.087235037124333781e-01
9.028451898166004463e-01
8.967021151982851324e-01
8.902922419915706431e-01
8.836143126790733104e-01
8.766679079330416124e-01
8.694535028353898021e-01
8.619725209089361684e-01
8.542273853839560394e-01
8.462215671225584712e-01
8.379596286287797069e-01
8.294472635850109743e-01
8.206913313756267758e-01
8.116998860865474175e-01
8.024821995047819456e-01
7.930487776844833414e-01
7.834113706951182365e-01
7.735829752223544187e-01
7.635778297521703673e-01
7.534114021324949118e-01
7.431003693730642290e-01
7.326625896118832415e-01
7.221170662442832899e-01
7.114839042768014155e-01
7.007842590317028275e-01
6.900402773878515639e-01
6.792750317989817432e-01
6.685124473805617029e-01
6.577772224011099178e-01
6.470947425529313124e-01
6.364909894110726274e-01
6.259924435183317204e-01
6.156259825590992829e-01
6.054187751065229772e-01
5.953981704468978009e-01
5.855915850032098469e-01
5.760263858972991535e-01
5.667297722078457056e-01
5.577286544998580897e-01
5.490495332208766843e-01
5.407183765796566011e-01
5.327604985444513996e-01
5.252004376196700575e-01
5.180618370808045547e-01
5.113673273672307840e-01
5.051384113496542039e-01
4.993953532023974740e-01
4.941570716192880131e-01
4.894410381144399524e-01
4.852631811447497556e-01
4.816377967786276137e-01
4.785774666148102652e-01
4.760929836256383441e-01
4.741932865609831405e-01
4.728854035021550217e-01
4.721744051001873776e-01
4.720633679704819841e-01
4.725533486467708988e-01
4.736433684227154828e-01
4.753304093302602729e-01
4.776094214211490385e-01
4.804733414328532515e-01
4.839131228335675772e-01
4.879177771537039909e-01
4.924744264243335889e-01
4.975683664568307796e-01
5.031831406132127871e-01
5.093006236337065396e-01
5.159011150073451457e-01
5.229634412932983034e-01
5.304650667254919849e-01
5.383822113613375704e-01
5.466899759676169257e-01
5.553624727733124100e-01
5.643729611611985053e-01
5.736939873182094196e-01
5.832975268198610230e-01
5.931551290874195193e-01
6.032380626291522496e-01
6.135174599599007017e-01
6.239644610874313102e-01
6.345503544603900981e-01
6.452467142919465770e-01
6.560255332057899347e-01
6.668593491972557574e-01
6.777213659618761543e-01
6.885855657160571131e-01
6.994268137191606005e-01
7.102209538018047219e-01
7.209448943102811924e-01
7.315766839899000562e-01
7.420955774488964263e-01
7.524820899671592622e-01
7.627180415382756040e-01
7.727865901570287743e-01
7.826722544852959818e-01
7.923609261451977082e-01
8.018398719973578448e-01
8.110977268624730563e-01
8.201244772345117617e-01
8.289114366124881172e-01
8.374512131438633933e-01
8.457376703255332639e-01
8.537658815476448781e-01
8.615320792910710068e-01
8.690335998014486751e-01
8.762688240617280133e-01
8.832371158719496407e-01
8.899387578204044358e-01
8.963748858956356313e-01
9.025474234452229849e-01
9.084590151364031474e-01
9.141129615168689382e-01
9.195131547130683813e-01
9.246640157395955573e-01
9.295704338282551049e-01
9.342377081205328615e-01
9.386714920037561027e-01
9.428777403102978072e-01
9.468626595417162228e-01
9.506326612264673903e-01
9.541943184713541637e-01
9.575543257235605843e-01
9.607194617221538335e-01
9.636965555853614918e-01
9.664924559526395509e-01
9.691140030782934289e-01
9.715680037558840354e-01
9.738612089394204085e-01
9.760002939179631687e-01
9.779918408942511743e-01
9.798423238148245007e-01
9.815580952983736784e-01
9.831453755102564918e-01
9.846102428338733281e-01
9.859586261935392448e-01
9.871962988883283829e-01
9.883288738018672914e-01
9.893617998590243934e-01
9.903003596067688763e-01
9.911496678030436991e-01
9.919146709042769849e-01
9.926001473490876359e-01
9.932107085427930304e-01
9.937508004544702844e-01
9.942247057454860482e-01
9.946365463555385533e-01
9.949902864792380397e-01
9.952897358729878574e-01
9.955385534382786838e-01
9.957402510333464019e-01
9.958981974703435824e-01
9.960156226596285078e-01
9.960956218664155370e-01
9.961411600478162764e-01
9.961550762402620052e-01
9.961400879684939591e-01
9.960987956478667416e-01
9.960336869517916192e-01
9.959471411159446230e-01
9.958414331506069139e-01
9.957187379323935161e-01
9.955811341468840947e-01
9.954306080544600421e-01
9.952690570531209646e-01
9.950982930142820981e-01
9.949200453705665526e-01
9.947359639383902552e-01
9.945476214625856848e-01
9.943565158753285838e-01
9.941640722670231911e-01
9.939716445724056104e-01
9.937805169807275574e-01
9.935919050842879630e-01
9.934069567846134374e-01
9.932267529800700157e-01
9.930523080624985566e-01
9.928845702535012974e-01
9.927244218131975328e-01
9.925726791555986583e-01
9.924300929052296549e-01
9.922973479292857002e-01
9.921750633785438866e-01
9.920637927685236335e-01
9.919640241301336259e-01
9.918761802563630381e-01
9.918006190686027290e-01
9.917376341230239589e-01
9.916874552742177551e-01
9.916502495100882886e-01
9.916261219688825568e-01
9.916151171462693759e-01
9.916172202975899186e-01
9.916323590378008923e-01
9.916604051392027275e-01
9.917011765247824018e-01
9.917544394528643448e-01
9.918199108867276070e-01
9.918972610408878232e-01
9.919861160938370226e-01
9.920860610551864855e-01
9.921966427733682758e-01
9.923173730683487737e-01
9.924477319722342372e-01
9.925871710592347741e-01
9.927351168452689389e-01
9.928909742365613633e-01
9.930541300059702037e-01
9.932239562754909823e-01
9.933998139834422370e-01
9.935810563152321917e-01
9.937670320773188681e-01
9.939570889949608246e-01
9.941505769155728478e-01
9.943468509008823730e-01
9.945452741925748796e-01
9.947452210376623860e-01
9.949460793613538190e-01
9.951472532767206003e-01
9.953481654219012986e-01
9.955482591169663165e-01
9.957470003338749764e-01
9.959438794741998224e-01
9.961384129505080898e-01
9.963301445684774604e-01
9.965186467080309196e-01
9.967035213030062124e-01
9.968844006201635910e-01
9.970609478396735836e-01
9.972328574406265078e-01
9.973998553965458536e-01
9.975616991873543782e-01
9.977181776356895959e-01
9.978691105768622283e-01
9.980143483730398168e-01
9.981537712833610243e-01
9.982872887025916464e-01
9.984148382815594136e-01
9.985363849429094163e-01
9.986519198056590385e-01
9.987614590315957441e-01
9.988650426057398279e-01
9.989627330619238466e-01
9.990546141630750610e-01
9.991407895440984621e-01
9.992213813234674946e-01
9.992965286878423559e-01
9.993663864524076068e-01
9.994311235982740182e-01
9.994909217873598761e-01
9.995459738547617379e-01
9.995964822788127035e-01
9.996426576298417244e-01
9.996847170000768834e-01
9.997228824190996788e-01
9.997573792616502031e-01
9.997884346572311065e-01
