9.997993110663132565e-01
9.997700939680953525e-01
9.997376865411207181e-01
9.997018852482157936e-01
9.996624887479462762e-01
9.996192991739003553e-01
9.995721233633453329e-01
9.995207740249294481e-01
9.994650708386486615e-01
9.994048414846684603e-01
9.993399226005997837e-01
9.992701606693449312e-01
9.991954128415496683e-01
9.991155476979947103e-01
9.990304459579225638e-01
9.989400011393895218e-01
9.988441201773264888e-01
9.987427240042012766e-01
9.986357480971130851e-01
9.985231429939415149e-01
9.984048747799277868e-01
9.982809255448872321e-01
9.981512938102153898e-01
9.980159949240197115e-01
9.978750614221115756e-01
9.977285433522499192e-01
9.975765085589369807e-01
9.974190429262036472e-01
9.972562505761688456e-01
9.970882540216700063e-01
9.969151942719111092e-01
9.967372308908098999e-01
9.965545420085114570e-01
9.963673242873285485e-01
9.961757928441227206e-01
9.959801811318241826e-01
9.957807407833469959e-01
9.955777414215662979e-01
9.953714704392383483e-01
9.951622327527336331e-01
9.949503505331892539e-01
9.947361629181512566e-01
9.945200257059525484e-01
9.943023110339626047e-01
9.940834070404561684e-01
9.938637175082069009e-01
9.936436614860510996e-01
9.934236728826348894e-01
9.932042000244210023e-01
9.929857051678515623e-01
9.927686639534273327e-01
9.925535647874483836e-01
9.923409081353514738e-01
9.921312057090609926e-01
9.919249795296077865e-01
9.917227608455294607e-01
9.915250888872984003e-01
9.913325094382431368e-01
9.911455732031597687e-01
9.909648339570317210e-01
9.907908464579580077e-01
9.906241641104908124e-01
9.904653363680435696e-01
9.903149058657888526e-01
9.901734052784560980e-01
9.900413539006088781e-01
9.899192539502771337e-01
9.898075866002101764e-01
9.897068077444712841e-01
9.896173435116067951e-01
9.895395855391795337e-01
9.894738860280546389e-01
9.894205525984440808e-01
9.893798429733394739e-01
9.893519595185190640e-01
9.893370436717556782e-01
9.893351702970523132e-01
9.893463420025855326e-01
9.893704834633816336e-01
9.894074357914511841e-01
9.894569509969903809e-01
9.895186865842066082e-01
9.895922003242161313e-01
9.896769452452303106e-01
9.897722648768774167e-01
9.898773887810323746e-01
9.899914283960443706e-01
9.901133732149109967e-01
9.902420873109452071e-01
9.903763062170486409e-01
9.905146341571031687e-01
9.906555416204767539e-01
9.907973632634832217e-01
9.909382961150500213e-01
9.910763980580721277e-01
9.912095865530933247e-01
9.913356375672128795e-01
9.914521846685195872e-01
9.915567182449536165e-01
9.916465848062830934e-01
9.917189863288257134e-01
9.917709796045878212e-01
9.917994755595802570e-01
9.918012385101208084e-01
9.917728853308901416e-01
9.917108845143297602e-01
9.916115551076081225e-01
9.914710655208390788e-01
9.912854322085188352e-01
9.910505182352767894e-01
9.907620317470635651e-01
9.904155243798581365e-01
9.900063896499046168e-01
9.895298613823996225e-01
9.889810122494102629e-01
9.883547525025305758e-01
9.876458290012293251e-01
9.868488246537695519e-01
9.859581584036803958e-01
9.849680859106225705e-01
9.838727010896485270e-01
9.826659386867571122e-01
9.813415780807189792e-01
9.798932485107927359e-01
9.783144359365992804e-01
9.765984917395402753e-01
9.747386434742841832e-01
9.727280078736679769e-01
9.705596063006396435e-01
9.682263828265218475e-01
9.657212250959498201e-01
9.630369881155020906e-01
9.601665210755958579e-01
9.571026972840301905e-01
9.538384472550766047e-01
9.503667949607328413e-01
9.466808972111797615e-01
9.427740860901192566e-01
9.386399143280341750e-01
9.342722034529828967e-01
9.296650945147836298e-01
9.248131011348175168e-01
9.197111645906397293e-01
9.143547106025773363e-01
9.087397074490071169e-01
9.028627249985119452e-01
8.967209942111811216e-01
8.903124666284576438e-01
8.836358733417841727e-01
8.766907829054189083e-01
8.694776576388439926e-01
8.619979077497381681e-01
8.542539427001446528e-01
8.462492192367290222e-01
8.379882855113498508e-01
8.294768207308844676e-01
8.207216697955701523e-01
8.117308724130689601e-01
8.025136862109217839e-01
7.930806034126753890e-01
7.834433606922103221e-01
7.736149418759377117e-01
7.636095732226095834e-01
7.534427110744340572e-01
7.431310217397379958e-01
7.326923535352767303e-01
7.221457009840970276e-01
7.115111612312919886e-01
7.008098828038328287e-01
6.900640069008259214e-01
6.792966014561796495e-01
6.685315882661559961e-01
6.577936635192462855e-01
6.471082121052558200e-01
6.365012161145627845e-01
6.259991579677255391e-01
6.156289186406375125e-01
6.054176714720528318e-01
5.953927720594487383e-01
5.855816447667776536e-01
5.760116663845205043e-01
5.667100474993032044e-01
5.577037121477731452e-01
5.490191763477143549e-01
5.406824261186020664e-01
5.327187956237802169e-01
5.251528460867181947e-01
5.180082461537005578e-01
5.113076543939572005e-01
5.050726046446212258e-01
4.993233949209667788e-01
4.940789806209160417e-01
4.893568727558612608e-01
4.851730419363472491e-01
4.815418288303618954e-01
4.784758617932229896e-01
4.759859823409741120e-01
4.740811791036442235e-01
4.727685308508001727e-01
4.720531591298434693e-01
4.719381909980633338e-01
4.724247322632010304e-01
4.735118515751300938e-01
4.751965756340932323e-01
4.774738956997639505e-01
4.803367855011870802e-01
4.837762305612897107e-01
4.877812688621105952e-01
4.923390426888126781e-01
4.974348614027348514e-01
5.030522748067768335e-01
5.091731566808107567e-01
5.157777979811204450e-01
5.228450091165699476e-01
5.303522306357745242e-01
5.382756515845494860e-01
5.465903347220456565e-01
5.552703477178118074e-01
5.642888993915651241e-01
5.736184800034529463e-01
5.832310045561674983e-01
5.930979580324502454e-01
6.031905414633633722e-01
6.134798177053045753e-01
6.239368557980482510e-01
6.345328727829522286e-01
6.452393718805240486e-01
6.560282759602420466e-01
6.668720552829282555e-01
6.777438485569509119e-01
6.886175764235686891e-01
6.994680465728959629e-01
7.102710497892090746e-01
7.210034463310097674e-01
7.316432421658078944e-01
7.421696546999051458e-01
7.525631677675621578e-01
7.628055757694913730e-01
7.728800169755153382e-01
7.827709961281561490e-01
7.924643966008398932e-01
8.019474824742784946e-01
8.112088909956909344e-01
8.202386159762593554e-01
8.290279827613125097e-01
8.375696154741858468e-01
8.458573972877873048e-01
8.538864245172494982e-01
8.616529553525289487e-01
8.691543540616675223e-01
8.763890314941233939e-01
8.833563826998713786e-01
8.900567224548511236e-01
8.964912194479868202e-01
9.026618298407642627e-01
9.085712308587038377e-01
9.142227550165485939e-01
9.196203255171696567e-01
9.247683932996425549e-01
9.296718761461630898e-01
9.343361001918581987e-01
9.387667441173843663e-01
9.429697862426192900e-01
9.469514546816746314e-01
9.507181806656752610e-01
9.542765550908002270e-01
9.576332883053823020e-01
9.607951731115834670e-01
9.637690509243712622e-01
9.665617810030933121e-01
9.691802126486527280e-01
9.716311602418034044e-01
9.739213809849887049e-01
9.760575552009849165e-01
9.780462690358875388e-01
9.798939994111872664e-01
9.816071010693402377e-01
9.831917955588755920e-01
9.846541620082820412e-01
9.860001295423030943e-01
9.872354711995396936e-01
9.883657992161496431e-01
9.893965615467564811e-01
9.903330395002982733e-01
9.911803463753559029e-01
9.919434269864479958e-01
9.926270579798194271e-01
9.932358488443594480e-01
9.937742435304204314e-01
9.942465225964344233e-01
9.946568058102721599e-01
9.950090551391742588e-01
9.953070780686992247e-01
9.955545311973638123e-01
9.957549240593662754e-01
9.959116231328629665e-01
9.960278559956193822e-01
9.961067155933943651e-01
9.961511645891264477e-01
9.961640397628721555e-01
9.961480564335913890e-01
9.961058128743788265e-01
9.960397946927835866e-01
9.959523791476302401e-01
9.958458393734656022e-01
9.957223484836323912e-01
9.955839835232129786e-01
9.954327292438739372e-01
9.952704816741092531e-01
9.950990514606179449e-01
9.949201669595814090e-01
9.947354770604077689e-01
9.945465537290028024e-01
9.943548942626777576e-01
9.941619232542600049e-01
9.939689942686376067e-01
9.937773912406464571e-01
9.935883296087044680e-01
9.934029572037169631e-01
9.932223549173595512e-01
9.930475371777505167e-01
9.928794522636504860e-01
9.927189824905997551e-01
9.925669443038034334e-01
9.924240883130912572e-01
9.922910993049610662e-01
9.921685962656280333e-01
9.920571324472261532e-01
9.919571955069702573e-01
9.918692077462869516e-01
9.917935264738042545e-01
9.917304445127611556e-01
9.916801908699888202e-01
9.916429315802183231e-01
9.916187707361727721e-01
9.916077517117698470e-01
9.916098585828362344e-01
9.916250177470272709e-01
9.916530997421718618e-01
9.916939212599821252e-01
9.917472473499774344e-01
9.918127938065192106e-01
9.918902297300188353e-01
9.919791802516308987e-01
9.920792294090678975e-01
9.921899231595709967e-01
9.923107725145461355e-01
9.924412567789657746e-01
9.925808268773692600e-01
9.927289087472129792e-01
9.928849067794740524e-01
9.930482072858224374e-01
9.932181819713918891e-01
9.933941913921993105e-01
9.935755883765959862e-01
9.937617213907595781e-01
9.939519378291273854e-01
9.941455872117823667e-01
9.943420242720847346e-01
9.945406119192429228e-01
9.947407240619809965e-01
9.949417482809431723e-01
9.951430883389443816e-01
9.953441665195976729e-01
9.955444257862189339e-01
9.957433317542218054e-01
9.959403744714820927e-01
9.961350700023827720e-01
9.963269618124824811e-01
9.965156219519817338e-01
9.967006520374404044e-01
9.968816840325108730e-01
9.970583808298290052e-01
9.972304366376255613e-01
9.973975771760840159e-01
9.975595596899473616e-01
9.977161727853335327e-01
9.978672361001160729e-01
9.980125998185085390e-01
9.981521440416033508e-01
9.982857780265093073e-01
9.984134393073387237e-01
9.985350927115791420e-01
9.986507292853098461e-01
9.987603651402626737e-01
9.988640402348992753e-01
9.989618171004921443e-01
9.990537795217286909e-01
9.991400311796718725e-01
9.992206942631237654e-01
9.992959080526662152e-01
9.993658274800385488e-01
9.994306216641859475e-01
9.994904724244032534e-01
9.995455727706130666e-01
9.995961253710268224e-01
9.996423409982662101e-01
9.996844369564669153e-01
9.997226354938560933e-01
9.997571622076909525e-01
9.997882444510900468e-01
