9.997979503227030218e-01
9.997685614082009176e-01
9.997359693128177183e-01
9.996999708079038482e-01
9.996603650495299309e-01
9.996169548628279777e-01
9.995695479718641474e-01
9.995179581645621258e-01
9.994620063858733472e-01
9.994015217558900321e-01
9.993363425127315125e-01
9.992663168826698694e-01
9.991913038819805193e-01
9.991111740563831667e-01
9.990258101646615208e-01
9.989351078131799566e-01
9.988389760476205081e-01
9.987373379074586666e-01
9.986301309476041110e-01
9.985173077303686195e-01
9.983988362896148994e-01
9.982747005676851915e-01
9.981449008245903975e-01
9.980094540180310947e-01
9.978683941521446776e-01
9.977217725924638625e-01
9.975696583444175758e-01
9.974121382927940704e-01
9.972493173998961957e-01
9.970813188606016952e-01
9.969082842131670175e-01
9.967303734053363229e-01
9.965477648160793178e-01
9.963606552340591449e-01
9.961692597946560923e-01
9.959738118780180338e-01
9.957745629711213242e-01
9.955717824971754837e-01
9.953657576158496667e-01
9.951567929977138682e-01
9.949452105759477583e-01
9.947313492777642985e-01
9.945155647371121121e-01
9.942982289890761605e-01
9.940797301449971757e-01
9.938604720457155928e-01
9.936408738885472713e-01
9.934213698216751709e-01
9.932024084976396328e-01
9.929844525756159612e-01
9.927679781602314346e-01
9.925534741628788682e-01
9.923414415699050029e-01
9.921323926007419303e-01
9.919268497380806515e-01
9.917253446115991133e-01
9.915284167165892004e-01
9.913366119490956141e-01
9.911504809398948845e-01
9.909705771707811861e-01
9.907974548581787166e-01
9.906316665910175345e-01
9.904737607120533971e-01
9.903242784343406768e-01
9.901837506873285566e-01
9.900526946900127800e-01
9.899316102517013993e-01
9.898209758042277873e-01
9.897212441728507892e-01
9.896328380966116223e-01
9.895561455125646555e-01
9.894915146220494284e-01
9.894392487609926512e-01
9.893996011000862900e-01
9.893727692044919086e-01
9.893588894863922789e-01
9.893580315871087771e-01
9.893701927284854758e-01
9.893952920756421410e-01
9.894331651548464723e-01
9.894835583709935545e-01
9.895461236688668505e-01
9.896204133808813586e-01
9.897058753013308063e-01
9.898018480232676497e-01
9.899075565691057843e-01
9.900221083399740607e-01
9.901444894019467702e-01
9.902735611197650556e-01
9.904080571408001576e-01
9.905465807240906306e-01
9.906876024015877080e-01
9.908294579515432021e-01
9.909703466575258135e-01
9.911083298210524584e-01
9.912413294914382833e-01
9.913671273733144496e-01
9.914833638703820506e-01
9.915875372233974305e-01
9.916770027010574085e-01
9.917489718043395186e-01
9.918005114478403161e-01
9.918285430856595974e-01
9.918298417542905643e-01
9.918010350107073769e-01
9.917386017503018181e-01
9.916388708964677390e-01
9.914980199614171763e-01
9.913120734862388428e-01
9.910769013772955383e-01
9.907882171658327630e-01
9.904415762281919555e-01
9.900323740153263996e-01
9.895558443524508085e-01
9.890070578825947978e-01
9.883809207415550357e-01
9.876721735661201373e-01
9.868753909522995915e-01
9.859849814953600688e-01
9.849951885583922984e-01
9.839000919304845549e-01
9.826936105488405238e-01
9.813695064708193305e-01
9.799213902912986551e-01
9.783427282074091957e-01
9.766268509360115369e-01
9.747669646888230677e-01
9.727561644054605328e-01
9.705874494355846149e-01
9.682537418476718782e-01
9.657479075236831134e-01
9.630627801761718620e-01
9.601911883974122430e-01
9.571259858192646686e-01
9.538600844281573954e-01
9.503864910422190615e-01
9.466983469177674415e-01
9.427889704105716362e-01
9.386519025741069111e-01
9.342809555329256721e-01
9.296702634248227293e-01
9.248143356611685517e-01
9.197081122111463447e-01
9.143470205731560885e-01
9.087270340558576409e-01
9.028447309527575237e-01
8.966973541584125629e-01
8.902828707418225518e-01
8.836000309639615580e-01
8.766484262022387064e-01
8.694285452255683389e-01
8.619418282502142592e-01
8.541907181991881259e-01
8.461787085871881331e-01
8.379103874592777057e-01
8.293914768249953662e-01
8.206288670505474947e-01
8.116306457001838393e-01
8.024061203536395626e-01
7.929658349693309294e-01
7.833215794122688758e-01
7.734863918206975608e-01
7.634745535453448806e-01
7.533015764588261165e-01
7.429841824989312782e-01
7.325402753769660880e-01
7.219889044496540231e-01
7.113502208190154441e-01
7.006454257879104475e-01
6.898967118584623526e-01
6.791271965155039059e-01
6.683608490868919727e-01
6.576224110166581927e-01
6.469373099254782655e-01
6.363315678660879104e-01
6.258317042095231653e-01
6.154646336222029390e-01
6.052575596147544701e-01
5.952378641620479360e-01
5.854329939112594694e-01
5.758703435117555891e-01
5.665771366180474278e-01
5.575803051355849860e-01
5.489063672991585374e-01
5.405813051951475767e-01
5.326304423616770034e-01
5.250783221243309207e-01
5.179485873487047476e-01
5.112638623136745997e-01
5.050456374297129791e-01
4.993141575434920654e-01
4.940883145821111100e-01
4.893855452962286856e-01
4.852217348599622282e-01
4.816111270756385787e-01
4.785662419125550349e-01
4.760978010802802141e-01
4.742146622985687898e-01
4.729237628777115399e-01
4.722300731655555417e-01
4.721365603511937792e-01
4.726441630413669159e-01
4.737517769450844130e-01
4.754562519161092959e-01
4.777524005130926454e-01
4.806330181446430982e-01
4.840889147727118758e-01
4.881089580536712713e-01
4.926801277032986093e-01
4.977875807806165787e-01
5.034147274968285846e-01
5.095433170701525460e-01
5.161535330656569220e-01
5.232240975816251360e-01
5.307323835709432114e-01
5.386545345177800037e-01
5.469655906268289236e-01
5.556396206249714087e-01
5.646498582239503072e-01
5.739688422480246910e-01
5.835685593934014648e-01
5.934205885571428585e-01
6.034962456531771657e-01
6.137667278227487699e-01
6.242032559469725683e-01
6.347772143808555478e-01
6.454602868517493874e-01
6.562245875011982754e-01
6.670427860975773893e-01
6.778882265078385316e-01
6.887350375894623067e-01
6.995582357478928870e-01
7.103338184989822501e-01
7.210388484792110697e-01
7.316515274569252991e-01
7.421512600137810667e-01
7.525187066850509421e-01
7.627358264682819744e-01
7.727859087299264740e-01
7.826535946568139446e-01
7.923248885116983553e-01
8.017871590576579610e-01
8.110291316131248429e-01
8.200408712862505833e-01
8.288137580129356641e-01
8.373404540861792977e-01
8.456148649147328111e-01
8.536320937860519820e-01
8.613883914320804580e-01
8.688811012067478856e-01
8.761086006816936056e-01
8.830702404523771420e-01
8.897662809214214041e-01
8.961978277908912993e-01
9.023667669515926804e-01
9.082756994068037493e-01
9.139278768116596563e-01
9.193271381491953109e-01
9.244778480013683408e-01
9.293848368096492285e-01
9.340533434563630388e-01
9.384889604361063009e-01
9.426975818273274355e-01
9.466853542184457959e-01
9.504586306914120097e-01
9.540239279189117738e-01
9.573878863898304115e-01
9.605572337413024187e-01
9.635387511446716902e-01
9.663392426668574453e-01
9.689655075077018287e-01
9.714243149975145819e-01
9.737223822268099571e-01
9.758663541716684486e-01
9.778627861727628989e-01
9.797181286233638264e-01
9.814387137210928147e-01
9.830307441393913992e-01
9.845002834772088596e-01
9.858532483489461651e-01
9.870954019809591307e-01
9.882323491856910280e-01
9.892695325896483372e-01
9.902122299968341146e-01
9.910655527748767346e-01
9.918344451569091058e-01
9.925236843582593282e-01
9.931378814132122423e-01
9.936814826434751113e-01
9.941587716764948013e-01
9.945738719383780957e-01
9.949307495527563994e-01
9.952332165834131272e-01
9.954849345647005521e-01
9.956894182695864570e-01
9.958500396704355051e-01
9.959700320522206773e-01
9.960524942416988381e-01
9.961003949190996298e-01
9.961165769810876869e-01
9.961037619252147701e-01
9.960645542268805608e-01
9.960014456801437044e-01
9.959168196737385736e-01
9.958129553735854955e-01
9.956920317831484679e-01
9.955561316533926286e-01
9.954072452150183326e-01
9.952472737072193265e-01
9.950780326795327646e-01
9.949012550464354510e-01
9.947185938781737402e-01
9.945316249158147048e-01
9.943418488035320468e-01
9.941506930365511252e-01
9.939595136287519006e-01
9.937695965095021400e-01
9.935821586646300663e-01
9.933983490413879069e-01
9.932192492416216378e-01
9.930458740310249555e-01
9.928791716952080071e-01
9.927200242753037029e-01
9.925692477169389960e-01
9.924275919666342149e-01
9.922957410491092256e-01
9.921743131576614694e-01
9.920638607878288218e-01
9.919648709421006183e-01
9.918777654306064617e-01
9.918029012896502072e-01
9.917405713367744013e-01
9.916910048778684317e-01
9.916543685787654328e-01
9.916307675108750885e-01
9.916202463777261666e-01
9.916227909268602314e-01
9.916383295493187422e-01
9.916667350669726710e-01
9.917078267061112395e-01
9.917613722539850851e-01
9.918270903933289473e-01
9.919046532082229639e-01
9.919936888529576891e-01
9.920937843738264483e-01
9.922044886719810775e-01
9.923253155936827552e-01
9.924557471325029523e-01
9.925952367263357612e-01
9.927432126305488769e-01
9.928990813472869936e-01
9.930622310899228644e-01
9.932320352609746994e-01
9.934078559215083759e-01
9.935890472301408538e-01
9.937749588302355885e-01
9.939649391647170651e-01
9.941583386990711091e-01
9.943545130344852989e-01
9.945528258946507716e-01
9.947526519714253723e-01
9.949533796162822741e-01
9.951544133661828218e-01
9.953551762941832415e-01
9.955551121766708089e-01
9.957536874706341967e-01
9.959503930957828155e-01
9.961447460176791058e-01
9.963362906293363741e-01
9.965245999299963131e-01
9.967092765010620026e-01
9.968899532804357255e-01
9.970662941378178878e-01
9.972379942548665888e-01
9.974047803154901803e-01
9.975664105129312675e-01
9.977226743816772769e-01
9.978733924635462271e-01
9.980184158185252397e-01
9.981576253920020347e-01
9.982909312508934097e-01
9.984182717017744402e-01
9.985396123044000261e-01
9.986549447939557789e-01
9.987642859249493688e-01
9.988676762488668537e-01
9.989651788365815355e-01
9.990568779550860201e-01
9.991428777064765843e-01
9.992233006353756775e-01
9.992982863092387813e-01
9.993679898743992318e-01
9.994325805893843340e-01
9.994922403361260477e-01
9.995471621092802961e-01
9.995975484840504688e-01
9.996436100636979516e-01
9.996855639093126245e-01
9.997236319563388429e-01
9.997580394246883273e-01
9.997890132318631995e-01
