9.997975911537955174e-01
9.997681343474922322e-01
9.997354642251716772e-01
9.996993765716147839e-01
9.996596695496884344e-01
9.996161449998144377e-01
9.995686096863165560e-01
9.995168764798300076e-01
9.994607654685787601e-01
9.994001049947769388e-01
9.993347326155153088e-01
9.992644959901111346e-01
9.991892536979269934e-01
9.991088759920629947e-01
9.990232454950962460e-01
9.989322578432254796e-01
9.988358222848587875e-01
9.987338622389660969e-01
9.986263158175120447e-01
9.985131363151215078e-01
9.983942926679167940e-01
9.982697698822937671e-01
9.981395694333787816e-01
9.980037096320535372e-01
9.978622259588219023e-01
9.977151713624171636e-01
9.975626165209117158e-01
9.974046500631891243e-01
9.972413787489308179e-01
9.970729276057328505e-01
9.968994400225545949e-01
9.967210777993813497e-01
9.965380211537028243e-01
9.963504686851309966e-01
9.961586373001686257e-01
9.959627620997374420e-01
9.957630962325578761e-01
9.955599107177925955e-01
9.953534942404881347e-01
9.951441529232550876e-01
9.949322100772673982e-01
9.947180059350499981e-01
9.945018973666263085e-01
9.942842575794287319e-01
9.940654758009518366e-01
9.938459569414698214e-01
9.936261212322894387e-01
9.934064038330182589e-01
9.931872543992555924e-01
9.929691366000291675e-01
9.927525275722827169e-01
9.925379172978414655e-01
9.923258078866297183e-01
9.921167127485558401e-01
9.919111556354791581e-01
9.917096695340918977e-01
9.915127953904211422e-01
9.913210806469996417e-01
9.911350775745809694e-01
9.909553413815662681e-01
9.907824280860280108e-01
9.906168921373277314e-01
9.904592837767668412e-01
9.903101461294245844e-01
9.901700120222717283e-01
9.900394005267516562e-01
9.899188132272435103e-01
9.898087302201493687e-01
9.897096058517476092e-01
9.896218642064329440e-01
9.895458943605036639e-01
9.894820454202643001e-01
9.894306213668628835e-01
9.893918757339494885e-01
9.893660061478721790e-01
9.893531487636271216e-01
9.893533726330547839e-01
9.893666740446745989e-01
9.893929708769286790e-01
9.894320970082916000e-01
9.894837968285408181e-01
9.895477198953186448e-01
9.896234157788422747e-01
9.897103291351609933e-01
9.898077950446970696e-01
9.899150346479888007e-01
9.900311511046712143e-01
9.901551258949633505e-01
9.902858154754646813e-01
9.904219482931787555e-01
9.905621221536330401e-01
9.907048019310430442e-01
9.908483176009581506e-01
9.909908625689793915e-01
9.911304922631770653e-01
9.912651229529502173e-01
9.913925307533819620e-01
9.915103507717536457e-01
9.916160763518127030e-01
9.917070583716461885e-01
9.917805045525528440e-01
9.918334787390651330e-01
9.918629001141590074e-01
9.918655423186215625e-01
9.918380324494259215e-01
9.917768499187080700e-01
9.916783251624949891e-01
9.915386381966398988e-01
9.913538170264654115e-01
9.911197359263894668e-01
9.908321136163343867e-01
9.904865113730041415e-01
9.900783311262008057e-01
9.896028136032190003e-01
9.890550365980018688e-01
9.884299134560780020e-01
9.877221918812004731e-01
9.869264531848664923e-01
9.860371121152321505e-01
9.850484174169698015e-01
9.839544532879280769e-01
9.827491419115164106e-01
9.814262472550194794e-01
9.799793803329756026e-01
9.784020061407827651e-01
9.766874524663026191e-01
9.748289207859884842e-01
9.728194994466183854e-01
9.706521793238371831e-01
9.683198721343103665e-01
9.658154315593870942e-01
9.631316773149189991e-01
9.602614222745422534e-01
9.571975027226661270e-01
9.539328117790334405e-01
9.504603359995120737e-01
9.467731951182221106e-01
9.428646848547103110e-01
9.387283226671597758e-01
9.343578962890255468e-01
9.297475148425313751e-01
9.248916622785822161e-01
9.197852528493222213e-01
9.144236882772805997e-01
9.088029162442761155e-01
9.029194897845241874e-01
8.967706271302585685e-01
8.903542715252047435e-01
8.836691504920524132e-01
8.767148340152635111e-01
8.694917910807616890e-01
8.620014439998822109e-01
8.542462199369824649e-01
8.462295990588606376e-01
8.379561587300020653e-01
8.294316131910206558e-01
8.206628481786559792e-01
8.116579499743347137e-01
8.024262284044841875e-01
7.929782333591066656e-01
7.833257644450386525e-01
7.734818734460677803e-01
7.634608593227175666e-01
7.532782555488785059e-01
7.429508096493614433e-01
7.324964548705056311e-01
7.219342739838296996e-01
7.112844552890540406e-01
7.005682409463910298e-01
6.898078678277417275e-01
6.790265011314660093e-01
6.682481610551151974e-01
6.574976428646044369e-01
6.468004307367125616e-01
6.361826057847894678e-01
6.256707487056447636e-01
6.152918375094844627e-01
6.050731408153859903e-01
5.950421072130394062e-01
5.852262512084378532e-01
5.756530362876814966e-01
5.663497556499211827e-01
5.573434111783421852e-01
5.486605912372537475e-01
5.403273479040250349e-01
5.323690742665021514e-01
5.248103824392869043e-01
5.176749829750635357e-01
5.109855663691460492e-01
5.047636873754280940e-01
4.990296528687809818e-01
4.938024140013342889e-01
4.890994634068330793e-01
4.849367382071484434e-01
4.813285295671285713e-01
4.782873995274286028e-01
4.758241058192733686e-01
4.739475353299482663e-01
4.726646468432043058e-01
4.719804236249425244e-01
4.718978363620748295e-01
4.724178168919970222e-01
4.735392430826691479e-01
4.752589351398712747e-01
4.775716635299316337e-01
4.804701686143159067e-01
4.839451919980481964e-01
4.879855194981640443e-01
4.925780355423017287e-01
4.977077887121095223e-01
5.033580680522493633e-01
5.095104896742006506e-01
5.161450930955342464e-01
5.232404466705198320e-01
5.307737613874377036e-01
5.387210122324876949e-01
5.470570662503436710e-01
5.557558163678801844e-01
5.647903199911747940e-01
5.741329413373290613e-01
5.837554964227956722e-01
5.936293995996322348e-01
6.037258105112237594e-01
6.140157803303730732e-01
6.244703961459672215e-01
6.350609223802319292e-01
6.457589381473626267e-01
6.565364695061609579e-01
6.673661156142658424e-01
6.782211678591228976e-01
6.890757211205447152e-01
6.999047764104101566e-01
7.106843342356850002e-01
7.213914781398880205e-01
7.320044479937227733e-01
7.425027027258991330e-01
7.528669723081670151e-01
7.630792989321336650e-01
7.731230674374381939e-01
7.829830251691971554e-01
7.926452915553523493e-01
8.020973577997628778e-01
8.113280771829896043e-01
8.203276465482303159e-01
8.290875796236558681e-01
8.376006728935534440e-01
8.458609647785906294e-01
8.538636889198759627e-01
8.616052223822855405e-01
8.690830296000171540e-01
8.762956028820727550e-01
8.832424002781453787e-01
8.899237815772166327e-01
8.963409431732561883e-01
9.024958524861240727e-01
9.083911825725758948e-01
9.140302475036985452e-01
9.194169390227301397e-01
9.245556649325691323e-01
9.294512895968619626e-01
9.341090768737116967e-01
9.385346357380580651e-01
9.427338687887019120e-01
9.467129237796912955e-01
9.504781482640746182e-01
9.540360473913775952e-01
9.573932448588939881e-01
9.605564469811601613e-01
9.635324098117824532e-01
9.663279092269442261e-01
9.689497138601583792e-01
9.714045607627526113e-01
9.736991336537406116e-01
9.758400436156228208e-01
9.778338120887578588e-01
9.796868560157186989e-01
9.814054749879856931e-01
9.829958402499608949e-01
9.844639854191914452e-01
9.858157987864943905e-01
9.870570170650915243e-01
9.881932204636484363e-01
9.892298289641044962e-01
9.901720996912639627e-01
9.910251252672364064e-01
9.917938330499281863e-01
9.924829851609046072e-01
9.930971792140546039e-01
9.936408496626117914e-01
9.941182696881813996e-01
9.945335535614852063e-01
9.948906594104754975e-01
9.951933923372250357e-01
9.954454078304547648e-01
9.956502154256086090e-01
9.958111825689154317e-01
9.959315386457906483e-01
9.960143791371545152e-01
9.960626698697518933e-01
9.960792513283527327e-01
9.960668429988567274e-01
9.960280477119287657e-01
9.959653559569948689e-01
9.958811501364209784e-01
9.957777087296718621e-01
9.956572103374123905e-01
9.955217375760576637e-01
9.953732807943710403e-01
9.952137415854688252e-01
9.950449360701019152e-01
9.948685979303654170e-01
9.946863811770024766e-01
9.944998626381456042e-01
9.943105441625247343e-01
9.941198545357309291e-01
9.939291511138366175e-01
9.937397211843667089e-01
9.935527830700640051e-01
9.933694869959327489e-01
9.931909157444884784e-01
9.930180851278794796e-01
9.928519443084471430e-01
9.926933760013229024e-01
9.925431965937747680e-01
9.924021562162413934e-01
9.922709387993722263e-01
9.921501621500031787e-01
9.920403780769516677e-01
9.919420725949235074e-01
9.918556662318269712e-01
9.917815144615237388e-01
9.917199082806400501e-01
9.916710749446371320e-01
9.916351788750125129e-01
9.916123227463401468e-01
9.916025487589312792e-01
9.916058401002366685e-01
9.916221225957171370e-01
9.916512665477812405e-01
9.916930887594804789e-01
9.917473547379288545e-01
9.918137810708241853e-01
9.918920379679411203e-01
9.919817519580125253e-01
9.920825087299757206e-01
9.921938561061355299e-01
9.923153071333897790e-01
9.924463432772936411e-01
9.925864177024547041e-01
9.927349586215827859e-01
9.928913726945259866e-01
9.930550484578543058e-01
9.932253597650274601e-01
9.934016692169580498e-01
9.935833315628366247e-01
9.937696970514422468e-01
9.939601147137855364e-01
9.941539355588000504e-01
9.943505156648613230e-01
9.945492191511353663e-01
9.947494210140865878e-01
9.949505098158686334e-01
9.951518902127456379e-01
9.953529853131196647e-01
9.955532388561548762e-01
9.957521172033858559e-01
9.959491111370745164e-01
9.961437374604523720e-01
9.963355403963578549e-01
9.965240927821690242e-01
9.967089970603464355e-01
9.968898860653589988e-01
9.970664236092445787e-01
9.972383048695793173e-01
9.974052565851539986e-01
9.975670370661710029e-01
9.977234360272518865e-01
9.978742742529296272e-01
9.980194031065582339e-01
9.981587038946446722e-01
9.982920870994536067e-01
9.984194914932883469e-01
9.985408831480898639e-01
9.986562543538689551e-01
9.987656224589962495e-01
9.988690286445114364e-01
9.989665366434209437e-01
9.990582314144741405e-01
9.991442177782304812e-01
9.992246190214574275e-01
9.992995754741496039e-01
9.993692430618708045e-01
9.994337918348248362e-01
9.994934044741824453e-01
9.995482747758317466e-01
9.995986061119532806e-01
9.996446098716665896e-01
9.996865038834450434e-01
9.997245108239686262e-01
9.997588566204659299e-01
9.997897688562229490e-01
