9.997975693084742987e-01
9.997681076253932542e-01
9.997354316869769830e-01
9.996993371343283474e-01
9.996596219728735022e-01
9.996160878721179754e-01
9.995685414126174173e-01
9.995167952693785329e-01
9.994606693245114970e-01
9.993999917053989490e-01
9.993345997477359743e-01
9.992643408854013920e-01
9.991890734711313948e-01
9.991086675333541445e-01
9.990230054752985422e-01
9.989319827226634807e-01
9.988355083258090295e-01
9.987335055217004820e-01
9.986259122598372118e-01
9.985126816952278883e-01
9.983937826502657931e-01
9.982692000461992343e-01
9.981389353038666590e-01
9.980030067125335025e-01
9.978614497650646342e-01
9.977143174573053219e-01
9.975616805494276207e-01
9.974036277871095590e-01
9.972402660807231367e-01
9.970717206411822131e-01
9.968981350717025514e-01
9.967196714154110682e-01
9.965365101594688690e-01
9.963488501971001776e-01
9.961569087496026098e-01
9.959609212510166509e-01
9.957611411986054817e-01
9.955578399726168204e-01
9.953513066289130240e-01
9.951418476679528835e-01
9.949297867832492814e-01
9.947154645918045990e-01
9.944992383481249254e-01
9.942814816422460567e-01
9.940625840807745250e-01
9.938429509482902269e-01
9.936230028446039197e-01
9.934031752913742297e-01
9.931839182995101378e-01
9.929656958867028038e-01
9.927489855324018730e-01
9.925342775556724728e-01
9.923220743997006599e-01
9.921128898053442891e-01
9.919072478551117511e-01
9.917056818683497310e-01
9.915087331282724792e-01
9.913169494217934918e-01
9.911308833739279622e-01
9.909510905598090114e-01
9.907781273790732257e-01
9.906125486794750135e-01
9.904549051190355557e-01
9.903057402587557290e-01
9.901655873808767883e-01
9.900349660307964372e-01
9.899143782840055250e-01
9.898043047427685925e-01
9.897052002707121821e-01
9.896174894769961261e-01
9.895415619653217254e-01
9.894777673666614870e-01
9.894264101782741516e-01
9.893877444352461303e-01
9.893619682444305674e-01
9.893492182141574443e-01
9.893495638163370964e-01
9.893630017204662064e-01
9.893894501413844633e-01
9.894287432442917529e-01
9.894806256513343223e-01
9.895447470938781853e-01
9.896206572532881829e-01
9.897078008305572050e-01
9.898055128814667869e-01
9.899130144491398164e-01
9.900294085199945471e-01
9.901536763223562909e-01
9.902846739795672093e-01
9.904211295215872290e-01
9.905616402510761809e-01
9.907046704520766633e-01
9.908485494219407830e-01
9.909914698003295941e-01
9.911314861631703721e-01
9.912665138445705404e-01
9.913943279459876967e-01
9.915125624895260170e-01
9.916187096711133186e-01
9.917101191695014695e-01
9.917839974684923288e-01
9.918374071524570512e-01
9.918672661390073308e-01
9.918703468175095184e-01
9.918432750679139209e-01
9.917825291410334865e-01
9.916844383888823167e-01
9.915451818419327434e-01
9.913607866391571655e-01
9.911271263264737064e-01
9.908399190497477749e-01
9.904947256798133370e-01
9.900869479191108935e-01
9.896118264524825792e-01
9.890644392183948197e-01
9.884396998913018706e-01
9.877323566808856592e-01
9.869369915692888240e-01
9.860480201229285813e-01
9.850596920306480264e-01
9.839660925344009268e-01
9.827611449318560677e-01
9.814386143417004327e-01
9.799921129314472790e-01
9.784151068136612839e-01
9.767009248191736992e-01
9.748427693546446449e-01
9.728337295463854728e-01
9.706667968624513865e-01
9.683348833905537356e-01
9.658308429303633647e-01
9.631474950354135256e-01
9.602776521123619347e-01
9.572141496541696215e-01
9.539498796492469346e-01
9.504778271712782667e-01
9.467911101147634678e-01
9.428830219998228790e-01
9.387470777270066069e-01
9.343770621192089010e-01
9.297670810438085631e-01
9.249116148642869684e-01
9.198055739272916753e-01
9.144443557488791674e-01
9.088239035229811469e-01
9.029407655364883878e-01
8.967921550393009866e-01
8.903760100847893932e-01
8.836910528269731335e-01
8.767368477359475110e-01
8.695138581732967387e-01
8.620235007550365314e-01
8.542681969215898397e-01
8.462514211329572600e-01
8.379777451130092647e-01
8.294528775800451559e-01
8.206836989216181877e-01
8.116782903001598104e-01
8.024459567119704984e-01
7.929972435653789287e-01
7.833439463937005298e-01
7.734991133743386316e-01
7.634770403859707510e-01
7.532932584001778009e-01
7.429645130707946965e-01
7.325087364524105471e-01
7.219450108473877137e-01
7.112935248472282979e-01
7.005755216978022393e-01
6.898132401778136469e-01
6.790298482350205500e-01
6.682493696745661627e-01
6.574966042379356557e-01
6.467970414495520792e-01
6.361767686410819689e-01
6.256623735916280182e-01
6.152808422459501436e-01
6.050594519934495708e-01
5.950256610089486031e-01
5.852069941732148672e-01
5.756309261076820727e-01
5.663247618746869438e-01
5.573155159123767133e-01
5.486297897926291078e-01
5.402936494109525922e-01
5.323325022392021433e-01
5.247709752946250195e-01
5.176327945014984611e-01
5.109406661434683361e-01
5.047161611246209212e-01
4.989796027739979989e-01
4.937499589405064393e-01
4.890447391317421788e-01
4.848798974499657355e-01
4.812697420704018514e-01
4.782268519903798421e-01
4.757620017520473032e-01
4.738840948062319480e-01
4.726001061404897508e-01
4.719150347407261581e-01
4.718318663935581192e-01
4.723515472665502646e-01
4.734729686264577131e-01
4.751929629727910109e-01
4.775063117763966858e-01
4.804057649215571768e-01
4.838820718564244006e-01
4.879240243615659001e-01
4.925185107509809646e-01
4.976505812251010852e-01
5.033035240018457479e-01
5.094589517605246920e-01
5.160968978449682609e-01
5.231959215873140945e-01
5.307332220330926997e-01
5.386847592722070477e-01
5.470253825097868283e-01
5.557289639464231268e-01
5.647685374797537516e-01
5.741164411895577357e-01
5.837444625273752186e-01
5.936239851000515433e-01
6.037261359154378892e-01
6.140219319486247551e-01
6.244824248892948404e-01
6.350788429456812878e-01
6.457827286086613716e-01
6.565660713208882893e-01
6.674014340505332044e-01
6.782620728367956264e-01
6.891220484542217584e-01
6.999563294340183095e-01
7.107408857818066084e-01
7.214527728409630969e-01
7.320702048672116380e-01
7.425726180014178279e-01
7.529407224515720642e-01
7.631565438195657691e-01
7.732034536313969753e-01
7.830661892487791320e-01
7.927308634537688636e-01
8.021849641040768031e-01
8.114173443535602770e-01
8.204182040185377112e-01
8.291790627448654138e-01
8.376927256922690468e-01
8.459532425006275336e-01
8.539558603374488577e-01
8.616969718466667150e-01
8.691740588263886513e-01
8.763856324578970236e-01
8.833311708908359039e-01
8.900110549611611743e-01
8.964265027802624797e-01
9.025795038870878528e-01
9.084727536015655414e-01
9.141095881586931426e-01
9.194939211398895917e-01
9.246301816531588003e-01
9.295232546477657509e-01
9.341784236838497346e-01
9.386013164139715981e-01
9.427978529730837165e-01
9.467741974167355190e-01
9.505367122952212977e-01
9.540919164043500933e-01
9.574464457119149507e-01
9.606070174229124348e-01
9.635803971161082115e-01
9.663733688594841054e-01
9.689927081921768659e-01
9.714451578453220382e-01
9.737374060633131601e-01
9.758760673798468899e-01
9.778676656992476568e-01
9.797186195323851488e-01
9.814352292375375653e-01
9.830236661192999215e-01
9.844899632426966640e-01
9.858400078246298825e-01
9.870795350704042459e-01
9.882141233290577809e-01
9.892491904474338682e-01
9.901899912092365641e-01
9.910416157516428459e-01
9.918089888583827562e-01
9.924968700345171424e-01
9.931098542744559721e-01
9.936523734410505071e-01
9.941286981798527211e-01
9.945429402988170686e-01
9.948990555497646548e-01
9.952008467537539760e-01
9.954519672179934497e-01
9.956559243969914652e-01
9.958160837551470745e-01
9.959356727918518004e-01
9.960177851933322835e-01
9.960653850778898866e-01
9.960813113028886834e-01
9.960682818028950836e-01
9.960288979288709488e-01
9.959656487584304108e-01
9.958809153470767894e-01
9.957769748902347562e-01
9.956560047659908097e-01
9.955200864289552865e-01
9.953712091267110651e-01
9.952112734120527326e-01
9.950420944267214240e-01
9.948654049356181472e-01
9.946828580945028531e-01
9.944960299388715397e-01
9.943064215869138467e-01
9.941154611550253595e-01
9.939245053900889193e-01
9.937348410284498890e-01
9.935476858969849445e-01
9.933641897767248041e-01
9.931854350539607301e-01
9.930124371875175271e-01
9.928461450238076358e-01
9.926874409933245103e-01
9.925371412233741086e-01
9.923959956020853568e-01
9.922646878281399241e-01
9.921438354792917469e-01
9.920339901307094754e-01
9.919356375516026336e-01
9.918491980055975654e-01
9.917750266770711809e-01
9.917134142422416865e-01
9.916645876003848947e-01
9.916287107772071563e-01
9.916058860092196170e-01
9.915961550150119708e-01
9.915995004566261484e-01
9.916158475918025461e-01
9.916450661156969160e-01
9.916869721887110467e-01
9.917413306453078947e-01
9.918078573770402473e-01
9.918862218814700205e-01
9.919760499671549381e-01
9.920769266034068501e-01
9.921883989020781058e-01
9.923099792172083156e-01
9.924411483470049200e-01
9.925813588213535654e-01
9.927300382569270720e-01
9.928865927610110997e-01
9.930504103644485214e-01
9.932208644636535411e-01
9.933973172514860561e-01
9.935791231169054383e-01
9.937656319937507865e-01
9.939561926396779379e-01
9.941501558272001215e-01
9.943468774298817037e-01
9.945457213879749236e-01
9.947460625391179034e-01
9.949472893010973262e-01
9.951488061950679587e-01
9.953500361990142986e-01
9.955504229225993207e-01
9.957494325958898829e-01
9.959465558657671913e-01
9.961413093951491105e-01
9.963332372614750465e-01
9.965219121522544965e-01
9.967069363568673568e-01
9.968879425552377160e-01
9.970645944054834509e-01
9.972365869341587308e-01
9.974036467342515255e-01
9.975655319776283170e-01
9.977220322501173522e-01
9.978729682188349770e-01
9.980181911426412311e-01
9.981575822377115603e-01
9.982910519110715919e-01
9.984185388755209001e-01
9.985400091596142724e-01
9.986554550262539687e-01
9.987648938129582987e-01
9.988683667060049842e-01
9.989659374594539454e-01
9.990576910685654566e-01
9.991437324054451841e-01
9.992241848229651557e-01
9.992991887312531185e-01
9.993689001494456825e-01
9.994334892341004695e-01
9.994931387847786342e-01
9.995480427269524126e-01
9.995984045726211686e-01
9.996444358598751689e-01
9.996863545740969359e-01
9.997243835554728841e-01
9.997587488998748162e-01
9.997896783628061890e-01
