9.997974620423732972e-01
9.997679818478896197e-01
9.997352845878113570e-01
9.996991655319305004e-01
9.996594222743282465e-01
9.996158560309176266e-01
9.995682728846178033e-01
9.995164849675024499e-01
9.994603115728789566e-01
9.993995801936879086e-01
9.993341274867026947e-01
9.992638001645892665e-01
9.991884558198879107e-01
9.991079636863293700e-01
9.990222053436293992e-01
9.989310753720392899e-01
9.988344819625684101e-01
9.987323474880277496e-01
9.986246090390041852e-01
9.985112189276710293e-01
9.983921451611011966e-01
9.982673718845633815e-01
9.981368997942386967e-01
9.980007465179512316e-01
9.978589469618965868e-01
9.977115536210022784e-01
9.975586368504451018e-01
9.974002850959864386e-01
9.972366050811199978e-01
9.970677219495355237e-01
9.968937793620392673e-01
9.967149395477957752e-01
9.965313833105222674e-01
9.963433099910335988e-01
9.961509373882543317e-01
9.959545016414491636e-01
9.957542570769266632e-01
9.955504760228108818e-01
9.953434485956107469e-01
9.951334824622245501e-01
9.949209025806673434e-01
9.947060509221854474e-01
9.944892861765277647e-01
9.942709834409658720e-01
9.940515338922268906e-01
9.938313444388363616e-01
9.936108373495179391e-01
9.933904498512924341e-01
9.931706336888497244e-01
9.929518546346693952e-01
9.927345919373409266e-01
9.925193376936459755e-01
9.923065961282884206e-01
9.920968827637757226e-01
9.918907234619203095e-01
9.916886533178052021e-01
9.914912153868769007e-01
9.912989592261166605e-01
9.911124392310042275e-01
9.909322127512080192e-01
9.907588379695986269e-01
9.905928715312225519e-01
9.904348659112723885e-01
9.902853665137628658e-01
9.901449084955374902e-01
9.900140133133302767e-01
9.898931849948559014e-01
9.897829061382656946e-01
9.896836336477765617e-01
9.895957942168361887e-01
9.895197795738273072e-01
9.894559415090236065e-01
9.894045867052734256e-01
9.893659713986547866e-01
9.893402958990702434e-01
9.893276990043323726e-01
9.893282523446198518e-01
9.893419546971211620e-01
9.893687263130703791e-01
9.894084033010537294e-01
9.894607321112648401e-01
9.895253641651726717e-01
9.896018506737316311e-01
9.896896376847359456e-01
9.897880613962024565e-01
9.898963437677918975e-01
9.900135884563733280e-01
9.901387770950533795e-01
9.902707659275507002e-01
9.904082828019575846e-01
9.905499245199484992e-01
9.906941545296747975e-01
9.908393009431782916e-01
9.909835548524250637e-01
9.911249689122113571e-01
9.912614561534042190e-01
9.913907889863670109e-01
9.915105983520658972e-01
9.916183729772862776e-01
9.917114586905929619e-01
9.917870577571061830e-01
9.918422281927702366e-01
9.918738830224749226e-01
9.918787894510704417e-01
9.918535679219145917e-01
9.917946910440245123e-01
9.916984823761388901e-01
9.915611150639761506e-01
9.913786103357178359e-01
9.911468358702348880e-01
9.908615040628616644e-01
9.905181702246265152e-01
9.901122307627991947e-01
9.896389214034353454e-01
9.890933155302568114e-01
9.884703227286336658e-01
9.877646876385076657e-01
9.869709892355874592e-01
9.860836406757892414e-01
9.850968898532920237e-01
9.840048208372970118e-01
9.828013563660863428e-01
9.814802615887325832e-01
9.800351492542075382e-01
9.784594865541406117e-01
9.767466038285246288e-01
9.748897053428285941e-01
9.728818823398808213e-01
9.707161285602927681e-01
9.683853584109998192e-01
9.658824279427027371e-01
9.632001587737784032e-01
9.603313650708212856e-01
9.572688836647653687e-01
9.540056073469322939e-01
9.505345213518526792e-01
9.468487429938091671e-01
9.429415643822958160e-01
9.388064980984706098e-01
9.344373256707337871e-01
9.298281486432558030e-01
9.249734419871226132e-01
9.198681095602132540e-01
9.145075412794779757e-01
9.088876716284292057e-01
9.030050390839149399e-01
8.968568460101431494e-01
8.904410185350444262e-01
8.837562658949668082e-01
8.768021387090120244e-01
8.695790856246233824e-01
8.620885077619404591e-01
8.543328103764756820e-01
8.463154511583644846e-01
8.380409845922105472e-01
8.295151018147063349e-01
8.207446654279544340e-01
8.117377387547729528e-01
8.025036090580947024e-01
7.930528042895403917e-01
7.833971029817895504e-01
7.735495369548008870e-01
7.635243865662467710e-01
7.533371683006724329e-01
7.430046145586162165e-01
7.325446455748805263e-01
7.219763334630111551e-01
7.113198584494455634e-01
7.005964574245225895e-01
6.898283649974983334e-01
6.790387472980193850e-01
6.682516288165392115e-01
6.574918126205818725e-01
6.467847943225080165e-01
6.361566702077785518e-01
6.256340399611083347e-01
6.152439044521198497e-01
6.050135590629683868e-01
5.949704830589245264e-01
5.851422255200269262e-01
5.755562883686107245e-01
5.662400070445090527e-01
5.572204293977164324e-01
5.485241933875760756e-01
5.401774041982507768e-01
5.322055114021708722e-01
5.246331868258317099e-01
5.174842037950411200e-01
5.107813184585079380e-01
5.045461539084574731e-01
4.987990878334448430e-01
4.935591444505579295e-01
4.888438914704108518e-01
4.846693428477075738e-01
4.810498680615875600e-01
4.779981086528729550e-01
4.755249027189951683e-01
4.736392180317361422e-01
4.723480943979078139e-01
4.716565958290691585e-01
4.715677730238994059e-01
4.720826365967324412e-01
4.732001414089048730e-01
4.749171822771226514e-01
4.772286012461066651e-01
4.801272065225407060e-01
4.836038030749214567e-01
4.876472348103889631e-01
4.922444381459790685e-01
4.973805066988530310e-01
5.030387667287152809e-01
5.092008628764587153e-01
5.158468536567468732e-01
5.229553160791935440e-01
5.305034586936925312e-01
5.384672422806748848e-01
5.468215073373434709e-01
5.555401074468004907e-01
5.645960475592047834e-01
5.739616261635069883e-01
5.836085802857053917e-01
5.935082322159745960e-01
6.036316368433238821e-01
6.139497284635926366e-01
6.244334659254631159e-01
6.350539749904768883e-01
6.457826868073655024e-01
6.565914714386555939e-01
6.674527654285880018e-01
6.783396924656430738e-01
6.892261762698456140e-01
7.000870449236680226e-01
7.108981259645678064e-01
7.216363316654986759e-01
7.322797340454121340e-01
7.428076292728365004e-01
7.532005912500454592e-01
7.634405142908647912e-01
7.735106449296482722e-01
7.833956030201563170e-01
7.930813923989519232e-01
8.025554014964935146e-01
8.118063943786482106e-01
8.208244927903179944e-01
8.296011498500411863e-01
8.381291161088105790e-01
8.464023987372948366e-01
8.544162146427827231e-01
8.621669383404554354e-01
8.696520454132694589e-01
8.768700523913275369e-01
8.838204538659168996e-01
8.905036576264179216e-01
8.969209185712413435e-01
9.030742720982177785e-01
9.089664676269044730e-01
9.146009028466735025e-01
9.199815592217508442e-01
9.251129392191828060e-01
9.300000056594812659e-01
9.346481235238730534e-01
9.390630044878941485e-01
9.432506543896597151e-01
9.472173237834167203e-01
9.509694616757180530e-01
9.545136724932631322e-01
9.578566762885263319e-01
9.610052721518959062e-01
9.639663047671925833e-01
9.667466340210060238e-01
9.693531075550031462e-01
9.717925361338781709e-01
9.740716716894859406e-01
9.761971878934456726e-01
9.781756631056002238e-01
9.800135655436547077e-01
9.817172405195832008e-01
9.832928995905256819e-01
9.847466114754571676e-01
9.860842945935438530e-01
9.873117110854936485e-01
9.884344621851164359e-01
9.894579848145657053e-01
9.903875492831933913e-01
9.912282579765635537e-01
9.919850449288624139e-01
9.926626761787221698e-01
9.932657508153034387e-01
9.937987026283490177e-01
9.942658022827984832e-01
9.946711599453655905e-01
9.950187282971743041e-01
9.953123058729953510e-01
9.955555406737245372e-01
9.957519340043589073e-01
9.959048444947401491e-01
9.960174922646388707e-01
9.960929631982790022e-01
9.961342132961100715e-01
9.961440730735454663e-01
9.961252519775616321e-01
9.960803427926138154e-01
9.960118260074297680e-01
9.959220741140865085e-01
9.958133558105700667e-01
9.956878400779833882e-01
9.955476001039036404e-01
9.953946170242754521e-01
9.952307834577927004e-01
9.950579068090559254e-01
9.948777123199150640e-01
9.946918458522948647e-01
9.945018763903682446e-01
9.943092982550485459e-01
9.941155330292740233e-01
9.939219311982324667e-01
9.937297735143481026e-01
9.935402721023042227e-01
9.933545713244235076e-01
9.931737484312048725e-01
9.929988140255802120e-01
9.928307123724102734e-01
9.926703215868171171e-01
9.925184537361279036e-01
9.923758548904965116e-01
9.922432051567152689e-01
9.921211187284213473e-01
9.920101439839195123e-01
9.919107636603345934e-01
9.918233951298754958e-01
9.917483908007918014e-01
9.916860386622544654e-01
9.916365629890173672e-01
9.916001252184143411e-01
9.915768250091011593e-01
9.915667014880217289e-01
9.915697346893815878e-01
9.915858471869757329e-01
9.916149059190040305e-01
9.916567242024998396e-01
9.917110639326492949e-01
9.917776379605386383e-01
9.918561126412012152e-01
9.919461105422023861e-01
9.920472133013906735e-01
9.921589646208397451e-01
9.922808733824435290e-01
9.924124168691217385e-01
9.925530440741950899e-01
9.927021790802582624e-01
9.928592244878531314e-01
9.930235648734915266e-01
9.931945702561186806e-01
9.933715995509804220e-01
9.935540039900664366e-01
9.937411304888236208e-01
9.939323249396619930e-01
9.941269354138432268e-01
9.943243152546186181e-01
9.945238260458938440e-01
9.947248404421993317e-01
9.949267448472804976e-01
9.951289419301438954e-01
9.953308529688883466e-01
9.955319200140784197e-01
9.957316078647934221e-01
9.959294058517993431e-01
9.961248294235739431e-01
9.963174215321710658e-01
9.965067538171745731e-01
9.966924275872736105e-01
9.968740746003128539e-01
9.970513576440400705e-01
9.972239709211819791e-01
9.973916402439274576e-01
9.975541230443544238e-01
9.977112082087714606e-01
9.978627157453273666e-01
9.980084962954984817e-01
9.981484305011756319e-01
9.982824282399432869e-01
9.984104277417608087e-01
9.985323946005359996e-01
9.986483206940174329e-01
9.987582230249894000e-01
9.988621424959400752e-01
9.989601426282151975e-01
9.990523082352236184e-01
9.991387440575986156e-01
9.992195733664540613e-01
9.992949365391228245e-01
9.993649896101635122e-01
9.994299027991045969e-01
9.994898590154923657e-01
9.995450523414184385e-01
9.995956864919047780e-01
9.996419732543447845e-01
9.996841309096180517e-01
9.997223826394547874e-01
9.997569549269935685e-01
9.997880759601003309e-01
