0.000000000000000000e+00
0.000000000000000000e+00
0.000000000000000000e+00
0.000000000000000000e+00
0.000000000000000000e+00
0.000000000000000000e+00
0.000000000000000000e+00
0.000000000000000000e+00
0.000000000000000000e+00
0.000000000000000000e+00
0.000000000000000000e+00
0.000000000000000000e+00
0.000000000000000000e+00
0.000000000000000000e+00
0.000000000000000000e+00
0.000000000000000000e+00
0.000000000000000000e+00
0.000000000000000000e+00
0.000000000000000000e+00
0.000000000000000000e+00
0.000000000000000000e+00
0.000000000000000000e+00
0.000000000000000000e+00
0.000000000000000000e+00
8.000000000000000167e-03
1.219999999999999973e-01
4.049999999999999711e-01
8.239999999999999547e-01
1.358000000000000096e+00
1.923000000000000043e+00
2.528000000000000025e+00
3.217999999999999972e+00
3.814000000000000057e+00
4.500000000000000000e+00
5.067999999999999616e+00
5.603999999999999204e+00
6.106999999999999318e+00
6.551999999999999602e+00
6.841999999999999638e+00
6.977999999999999758e+00
7.065000000000000391e+00
7.074999999999999289e+00
6.910999999999999588e+00
6.597999999999999865e+00
6.211000000000000298e+00
5.698999999999999844e+00
5.091000000000000192e+00
4.447999999999999510e+00
3.705999999999999961e+00
2.896000000000000352e+00
2.037000000000000366e+00
1.189000000000000057e+00
3.499999999999999778e-01
-4.739999999999999769e-01
-1.247999999999999998e+00
-1.983999999999999986e+00
-2.640000000000000124e+00
-3.213999999999999968e+00
-3.678999999999999826e+00
-4.067000000000000171e+00
-4.294999999999999929e+00
-4.439000000000000057e+00
-4.513999999999999346e+00
-4.458000000000000185e+00
-4.262000000000000455e+00
-3.995000000000000107e+00
-3.678999999999999826e+00
-3.318000000000000060e+00
-2.846999999999999975e+00
-2.427000000000000046e+00
-1.923999999999999932e+00
-1.472999999999999865e+00
-1.046000000000000041e+00
-6.300000000000000044e-01
-3.140000000000000013e-01
-9.500000000000000111e-02
-6.000000000000000125e-03
0.000000000000000000e+00
0.000000000000000000e+00
0.000000000000000000e+00
0.000000000000000000e+00
0.000000000000000000e+00
0.000000000000000000e+00
0.000000000000000000e+00
0.000000000000000000e+00
0.000000000000000000e+00
0.000000000000000000e+00
0.000000000000000000e+00
0.000000000000000000e+00
0.000000000000000000e+00
0.000000000000000000e+00
0.000000000000000000e+00
0.000000000000000000e+00
0.000000000000000000e+00
0.000000000000000000e+00
0.000000000000000000e+00
0.000000000000000000e+00
0.000000000000000000e+00
0.000000000000000000e+00
0.000000000000000000e+00
