-0.55443
-0.55443
-0.55443
-0.55443
-0.55443
-0.55443
-0.55443
-0.55443
-0.55443
-0.55443
-0.55443
-0.55443
-0.55443
-0.55443
-0.55443
-0.55443
-0.55443
-0.55443
-0.55443
-0.55443
-0.55443
-0.55443
-0.55443
-0.55443
-0.55443
-0.55443
-0.29632
0.22977
0.86802
1.4276
2.0448
2.685
3.4241
4.006
4.5509
5.1785
5.7462
6.0857
6.4244
6.6496
6.6833
6.6802
6.4903
6.1928
5.819
5.3012
4.7001
3.9937
3.2372
2.4439
1.5714
0.69276
-0.17824
-1.0211
-1.8274
-2.5894
-3.2542
-3.8079
-4.2913
-4.7109
-4.9551
-5.1411
-5.1214
-5.0537
-4.9661
-4.6879
-4.2774
-3.9206
-3.5387
-3.0113
-2.5431
-2.0814
-1.6561
-1.1641
-0.75561
-0.55443
-0.55443
-0.55443
-0.55443
-0.55443
-0.55443
-0.55443
-0.55443
-0.55443
-0.55443
-0.55443
-0.55443
-0.55443
-0.55443
-0.55443
-0.55443
-0.55443
-0.55443
-0.55443
-0.55443
-0.55443
-0.55443
-0.55443
-0.55443
-0.55443
