0.14414
0.14414
0.14414
0.14414
0.14414
0.14414
0.14414
0.14414
0.14414
0.14414
0.14414
0.14414
0.14414
0.14414
0.14414
0.14414
0.14414
0.14414
0.14414
0.14414
0.14414
0.14414
0.14414
0.14414
0.14414
0.14414
0.19202
0.29208
0.41923
0.5394
0.68149
0.84241
1.0424
1.2238
1.4099
1.6335
1.8572
2.0265
2.1972
2.3337
2.4017
2.4419
2.4015
2.2998
2.1424
1.9074
1.6087
1.2492
0.85073
0.41056
-0.058172
-0.53843
-1.0004
-1.432
-1.84
-2.2069
-2.4937
-2.6953
-2.8526
-2.965
-2.9623
-2.9289
-2.7735
-2.6059
-2.4407
-2.1838
-1.8776
-1.6225
-1.3726
-1.0685
-0.81317
-0.57581
-0.36655
-0.13473
0.052938
0.14414
0.14414
0.14414
0.14414
0.14414
0.14414
0.14414
0.14414
0.14414
0.14414
0.14414
0.14414
0.14414
0.14414
0.14414
0.14414
0.14414
0.14414
0.14414
0.14414
0.14414
0.14414
0.14414
0.14414
0.14414
