9.997974639604529923e-01
9.997679839724306072e-01
9.997352869276949772e-01
9.996991680943831948e-01
9.996594250645957080e-01
9.996158590519341747e-01
9.995682761366750935e-01
9.995164884479219580e-01
9.994603152756919018e-01
9.993995841093271659e-01
9.993341316017094744e-01
9.992638044613394444e-01
9.991884602763403400e-01
9.991079682758000624e-01
9.990222100345934608e-01
9.989310801279649432e-01
9.988344867417837669e-01
9.987323522436235557e-01
9.986246137187745342e-01
9.985112234740924908e-01
9.983921495113526889e-01
9.982673759705865679e-01
9.981369035428399039e-01
9.980007498509435582e-01
9.978589497962827570e-01
9.977115558691950215e-01
9.975586384205253898e-01
9.974002858919950310e-01
9.972366050033810714e-01
9.970677208950087245e-01
9.968937772246967421e-01
9.967149362190205197e-01
9.965313786795256812e-01
9.963433039452866957e-01
9.961509298139309410e-01
9.959544924238781238e-01
9.957542461010495671e-01
9.955504631736433740e-01
9.953434337587055980e-01
9.951334655241345084e-01
9.949208834294060999e-01
9.947060294476861575e-01
9.944892622710964636e-01
9.942709569997304486e-01
9.940515048135786236e-01
9.938313126248649043e-01
9.936108027064360915e-01
9.933904122898523648e-01
9.931705931247465369e-01
9.929518109889327038e-01
9.927345451367133311e-01
9.925192876709471035e-01
9.923065428227649809e-01
9.920968261214371253e-01
9.918906634358608532e-01
9.916885898685148248e-01
9.914911484825410515e-01
9.912988888429095091e-01
9.911123653533757683e-01
9.909321353721711745e-01
9.907587570910164620e-01
9.905927871641000415e-01
9.904347780760546227e-01
9.902852752406398062e-01
9.901448138247554986e-01
9.900139152955086397e-01
9.898930836913031328e-01
9.897828016212898428e-01
9.896835260009807511e-01
9.895956835353880710e-01
9.895196659646892101e-01
9.894558250911290598e-01
9.894044676096321878e-01
9.893658497683699427e-01
9.893401718892497199e-01
9.893275727818775511e-01
9.893281240878746274e-01
9.893418245953695678e-01
9.893685945658691194e-01
9.894082701173938510e-01
9.894605977085566550e-01
9.895252287680561532e-01
9.896017145127148362e-01
9.896895009946719002e-01
9.897879244146163824e-01
9.898962067330766557e-01
9.900134516058732848e-01
9.901386406630586778e-01
9.902706301432284697e-01
9.904081478872448496e-01
9.905497906874339842e-01
9.906940219804962755e-01
9.908391698649601231e-01
9.909834254172796841e-01
9.911248412748278058e-01
9.912613304492416955e-01
9.913906653299716654e-01
9.915104768355272880e-01
9.916182536688450400e-01
9.917113416334121245e-01
9.917869429682180105e-01
9.918421156622068136e-01
9.918737727125929160e-01
9.918786812960813659e-01
9.918534618276289017e-01
9.917945868878230709e-01
9.916983800071823563e-01
9.915610143036664992e-01
9.913785109784233329e-01
9.911467376842922894e-01
9.908614067918676271e-01
9.905180735890262156e-01
9.901121344617802578e-01
9.896388251171297501e-01
9.890932189222471083e-01
9.884702254487579554e-01
9.877645893259461296e-01
9.869708895222107925e-01
9.860835391897366797e-01
9.850967862227445471e-01
9.840047146943978751e-01
9.828012473509588620e-01
9.814801493535345589e-01
9.800350334671606989e-01
9.784593669034645780e-01
9.767464800262062319e-01
9.748895771281544942e-01
9.728817494826627055e-01
9.707159908637172929e-01
9.683852157140393491e-01
9.658822801220308119e-01
9.632000057451383102e-01
9.603312067898103210e-01
9.572687201270024815e-01
9.540054385875916809e-01
9.505343474445551166e-01
9.468485640488761845e-01
9.429413805443805918e-01
9.388063095435942307e-01
9.344371326027582914e-01
9.298279512898424137e-01
9.249732405952220127e-01
9.198679043911450748e-01
9.145073326036590178e-01
9.088874597198107752e-01
9.030048242141898163e-01
8.968566284427843538e-01
8.904407985192315245e-01
8.837560436594578128e-01
8.768019144560096345e-01
8.695788595236866314e-01
8.620882799439848476e-01
8.543325809279043170e-01
8.463152201153700815e-01
8.380407519352855994e-01
8.295148674633987529e-01
8.207444292359057370e-01
8.117375005050780912e-01
8.025033684590227034e-01
7.930525609706563506e-01
7.833968564905272602e-01
7.735492867535318506e-01
7.635241320298945533e-01
7.533369087149337506e-01
7.430043491188387250e-01
7.325443733856609185e-01
7.219760535385748579e-01
7.113195697148666508e-01
7.005961587178501926e-01
6.898280550728452809e-01
6.790384248296748027e-01
6.682512924041568159e-01
6.574914607954913670e-01
6.467844255551957744e-01
6.361562829165623434e-01
6.256336325220395178e-01
6.152434752101131332e-01
6.050131063441575030e-01
5.949700051842274906e-01
5.851417208198812503e-01
5.755557551988175202e-01
5.662394438031173038e-01
5.572198345428381883e-01
5.485235654560255414e-01
5.401767418248561992e-01
5.322048133396054537e-01
5.246324519647804774e-01
5.174834311845086798e-01
5.107805073260616169e-01
5.045453036801816893e-01
4.987981981533837761e-01
4.935582151994158950e-01
4.888429227832905566e-01
4.846683351306555476e-01
4.810488220067491438e-01
4.779970252520446827e-01
4.755237832754041216e-01
4.736380641698773042e-01
4.723469080712967560e-01
4.716553793257779459e-01
4.715665289697796858e-01
4.720813679562264609e-01
4.731988514833783688e-01
4.749158747006572145e-01
4.772272799787067310e-01
4.801258758407191962e-01
4.836024675596339861e-01
4.876458993322918545e-01
4.922431078480018485e-01
4.973791869760736395e-01
5.030374632055367723e-01
5.091995813811034388e-01
5.158456001930896706e-01
5.229540967959838138e-01
5.305022798512338822e-01
5.384661102150622991e-01
5.468204284223996403e-01
5.555390880538795262e-01
5.645950940150972208e-01
5.739607447067101020e-01
5.836077770213892180e-01
5.935075130700138146e-01
6.036310075158257682e-01
6.139491943823920383e-01
6.244330322000943845e-01
6.350536463671765386e-01
6.457824676256681551e-01
6.565913655901691737e-01
6.674527763185347240e-01
6.783398229777317656e-01
6.892264287350200469e-01
7.000874210932401809e-01
7.108986269881845121e-01
7.216369580743342560e-01
7.322804857409017654e-01
7.428085055211839371e-01
7.532015906826541318e-01
7.634416349107453481e-01
7.735118841237645926e-01
7.833969575775816541e-01
7.930828585346135773e-01
8.025569748802050540e-01
8.118080701690465473e-01
8.208262656732586704e-01
8.296030140809429465e-01
8.381310655583946723e-01
8.464044269401244103e-01
8.544183148479866929e-01
8.621691035640026701e-01
8.696542684911582333e-01
8.768723260330630875e-01
8.838227707076649065e-01
8.905060102832488278e-01
8.969232996879153985e-01
9.030766743979987687e-01
9.089688839579377344e-01
9.146033262255142127e-01
9.199839828736838809e-01
9.251153566150290830e-01
9.300024105486487391e-01
9.346505099634637714e-01
9.390653668677412247e-01
9.432529874532230574e-01
9.472196226445239731e-01
9.509717218311867226e-01
9.545158898314924922e-01
9.578588470941936661e-01
9.610073931069293973e-01
9.639683729482363406e-01
9.667486468936192789e-01
9.693550629648662875e-01
9.717944322952982716e-01
9.740735071715114213e-01
9.761989616039092876e-01
9.781773742734165555e-01
9.800152136996970187e-01
9.817188254764623867e-01
9.832944214215817436e-01
9.847480704932632944e-01
9.860856913282041170e-01
9.873130462629976511e-01
9.884357367059892763e-01
9.894591997330284272e-01
9.903887057870230937e-01
9.912293573678135905e-01
9.919860886055777982e-01
9.926636656177565410e-01
9.932666875563180842e-01
9.937995882590486829e-01
9.942666384254343903e-01
9.946719482445144367e-01
9.950194704087815811e-01
9.953130034546542326e-01
9.955561953761449256e-01
9.957525474639716823e-01
9.959054183273676752e-01
9.960180280601587111e-01
9.960934625162014555e-01
9.961346776619874888e-01
9.961445039761308573e-01
9.961256508666344045e-01
9.960807110773949313e-01
9.960121650555104900e-01
9.959223852508005681e-01
9.958136403187443086e-01
9.956880991980084916e-01
9.955478350340710714e-01
9.953948289213335743e-01
9.952309734376807437e-01
9.950580759477792858e-01
9.948778616545310705e-01
9.946919763819823679e-01
9.945019890775578242e-01
9.943093940265957942e-01
9.941156127776585860e-01
9.939219957827710727e-01
9.937298237624110353e-01
9.935403088105259073e-01
9.933545952599022177e-01
9.931737603326843411e-01
9.929988146046109243e-01
9.928307023144861132e-01
9.926703015524849238e-01
9.925184243620676083e-01
9.923758167905682992e-01
9.922431589229731008e-01
9.921210649320866271e-01
9.920100831763138949e-01
9.919106963737651661e-01
9.918233218784681116e-01
9.917483120812665698e-01
9.916859549546368502e-01
9.916364747572792293e-01
9.916000329110373768e-01
9.915767290595586259e-01
9.915666023151722408e-01
9.915696326977730957e-01
9.915857427670567992e-01
9.916147994472438443e-01
9.916566160414193032e-01
9.917109544307693980e-01
9.917775274522532269e-01
9.918560014465858110e-01
9.919459989667723798e-01
9.920471016358229921e-01
9.921588531406764222e-01
9.922807623477947203e-01
9.924123065243865005e-01
9.925529346478199066e-01
9.927020707845488623e-01
9.928591175188586915e-01
9.930234594109730306e-01
9.931944664636135345e-01
9.933714975759718735e-01
9.935539039642607984e-01
9.937410325285380708e-01
9.939322291463171810e-01
9.941268418745562441e-01
9.943242240428834533e-01
9.945237372223382222e-01
9.947247540554017275e-01
9.949266609346293366e-01
9.951288605187225134e-01
9.953307740763667200e-01
9.955318436495949053e-01
9.957315340298104056e-01
9.959293345409196974e-01
9.961247606253064157e-01
9.963173552296370472e-01
9.965066899887503604e-01
9.966923662071655032e-01
9.968740156390659690e-01
9.970513010689832090e-01
9.972239166968132063e-01
9.973915883322463927e-01
9.975540734051480118e-01
9.977111607998614407e-01
9.978626705227844340e-01
9.980084532138321363e-01
9.981483895135025985e-01
9.982823892981412817e-01
9.984103907966083158e-01
9.985323596018408354e-01
9.986482875907352064e-01
9.987581917653300945e-01
9.988621130274627502e-01
9.989601148979098122e-01
9.990522821895778671e-01
9.991387196426503303e-01
9.992195505278286261e-01
9.992949152220564901e-01
9.993649697595153869e-01
9.994298843593604209e-01
9.994898419307635118e-01
9.995450365554424677e-01
9.995956719480524333e-01
9.996419598956390873e-01
9.996841186787720490e-01
9.997223714789318372e-01
9.997569447790950470e-01
9.997880667670835386e-01
