9.998001136486313056e-01
9.997709791388299516e-01
9.997386573953145339e-01
9.997029442573792668e-01
9.996636376757558340e-01
9.996205389998573665e-01
9.995734542162996172e-01
9.995221951280904849e-01
9.994665804673689147e-01
9.994064369379026536e-01
9.993416001865446097e-01
9.992719157053551182e-01
9.991972396680364188e-01
9.991174397056468148e-01
9.990323956272683104e-01
9.989420000914471798e-01
9.988461592338724326e-01
9.987447932560288288e-01
9.986378369785501308e-01
9.985252403618422035e-01
9.984069689953447568e-01
9.982830045556536636e-01
9.981533452327235878e-01
9.980180061225516486e-01
9.978770195841687451e-01
9.977304355584306617e-01
9.975783218460234636e-01
9.974207643422516867e-01
9.972578672265429711e-01
9.970897531051428064e-01
9.969165631061566168e-01
9.967384569268654682e-01
9.965556128340742337e-01
9.963682276190801712e-01
9.961765165096461150e-01
9.959807130420684773e-01
9.957810688970090141e-01
9.955778537031612085e-01
9.953713548130115329e-01
9.951618770548965598e-01
9.949497424652180566e-01
9.947352900040445922e-01
9.945188752563912660e-01
9.943008701202304955e-01
9.940816624807625734e-01
9.938616558687087821e-01
9.936412690984045559e-01
9.934209358793503197e-01
9.932011043926642913e-01
9.929822368216772999e-01
9.927648088237728263e-01
9.925493089286077097e-01
9.923362378461205724e-01
9.921261076663264733e-01
9.919194409318693451e-01
9.917167695637106872e-01
9.915186336202110873e-01
9.913255798702167443e-01
9.911381601616089387e-01
9.909569295680690226e-01
9.907824442985371238e-01
9.906152593559331976e-01
9.904559259341181310e-01
9.903049885447341438e-01
9.901629818684286599e-01
9.900304273279784129e-01
9.899078293839673748e-01
9.897956715568975161e-01
9.896944121829309715e-01
9.896044799138686843e-01
9.895262689754664720e-01
9.894601342017892431e-01
9.894063858669863709e-01
9.893652843396171237e-01
9.893370345884057171e-01
9.893217805719888291e-01
9.893195995487084060e-01
9.893304963456690526e-01
9.893543976289604913e-01
9.893911462189561856e-01
9.894404954957891629e-01
9.895021039402961405e-01
9.895755298548066792e-01
9.896602263060396698e-01
9.897555363290317931e-01
9.898606884264989914e-01
9.899747923924019366e-01
9.900968354819252859e-01
9.902256789427631434e-01
9.903600549148083854e-01
9.904985636973046015e-01
9.906396713745486693e-01
9.907817077835804342e-01
9.909228648002277318e-01
9.910611949136152177e-01
9.911946100539691384e-01
9.913208806344010471e-01
9.914376347644199283e-01
9.915423575912566401e-01
9.916323907246864522e-01
9.917049317018915566e-01
9.917570334509626662e-01
9.917856037148312653e-01
9.917874044016974366e-01
9.917590508332823074e-01
9.916970108684596275e-01
9.915976038869317444e-01
9.914569996256111795e-01
9.912712168692147108e-01
9.910361220062929855e-01
9.907474274725066588e-01
9.904006901144396524e-01
9.899913095196198887e-01
9.895145263716822459e-01
9.889654209037075372e-01
9.883389115376183254e-01
9.876297538129406028e-01
9.868325397240282904e-01
9.859416976006980526e-01
9.849514926827374062e-01
9.838560285535045136e-01
9.826492496113036212e-01
9.813249447688676685e-01
9.798767525805394119e-01
9.782981680030786720e-01
9.765825509989274344e-01
9.747231371898150698e-01
9.727130507634355050e-01
9.705453198263700454e-01
9.682128943823450351e-01
9.657086670963463959e-01
9.630254969821936406e-01
9.601562361241691157e-01
9.570937595125346142e-01
9.538309980386678877e-01
9.503609746585648388e-01
9.466768436940655729e-01
9.427719331998759555e-01
9.386397902817475991e-01
9.342742292075604249e-01
9.296693821089729859e-01
9.248197520272729566e-01
9.197202680135196928e-01
9.143663419505377865e-01
9.087539267232785933e-01
9.028795753250591360e-01
8.967405004507624788e-01
8.903346340948233850e-01
8.836606866423440954e-01
8.767182049165769264e-01
8.695076286259293408e-01
8.620303446391561764e-01
8.542887385090929264e-01
8.462862426636525992e-01
8.380273806882853060e-01
8.295178071369931905e-01
8.207643423295152285e-01
8.117750016204494656e-01
8.025590186617491684e-01
7.931268622228766496e-01
7.834902461823574082e-01
7.736621323598956712e-01
7.636567259185590428e-01
7.534894631308383106e-01
7.431769913693154761e-01
7.327371412509805504e-01
7.221888909325411277e-01
7.115523226210167529e-01
7.008485714283025914e-01
6.900997667590484941e-01
6.793289664772755865e-01
6.685600841479419909e-01
6.578178096947726594e-01
6.471275238550053821e-01
6.365152068453998613e-01
6.260073416823852543e-01
6.156308126231883060e-01
6.054127992150767357e-01
5.953806664572847129e-01
5.855618515958548320e-01
5.759837480863474468e-01
5.666735872739772084e-01
5.576583183559795653e-01
5.489644872071886006e-01
5.406181146672748294e-01
5.326445749066647251e-01
5.250684745076290572e-01
5.179135329166975055e-01
5.112024649437778567e-01
5.049568660010075316e-01
4.991971007895088519e-01
4.939421961535936934e-01
4.892097388284734061e-01
4.850157788080641241e-01
4.813747390531083470e-01
4.782993322456913221e-01
4.758004852738272339e-01
4.738872720986642140e-01
4.725668556170361523e-01
4.718444390835717650e-01
4.717232275998957114e-01
4.722044001140884850e-01
4.732870923023225762e-01
4.749683906273963752e-01
4.772433377866027726e-01
4.801049496751802481e-01
4.835442439023618366e-01
4.875502798058761744e-01
4.921102098185226037e-01
4.972093419480523302e-01
5.028312130398149282e-01
5.089576724011788400e-01
5.155689752783376711e-01
5.226438855903463576e-01
5.301597872427921132e-01
5.380928032650154069e-01
5.464179219409761590e-01
5.551091290354951413e-01
5.641395451554820362e-01
5.734815672308696266e-01
5.831070130532203244e-01
5.929872677723968533e-01
6.030934312243366735e-01
6.133964649467361641e-01
6.238673377353733951e-01
6.344771686024653912e-01
6.451973660206113959e-01
6.559997623717396253e-01
6.668567425701643625e-01
6.777413658921485062e-01
6.886274801206472285e-01
6.994898272023363228e-01
7.103041397133722512e-01
7.210472275390893415e-01
7.316970542892754503e-01
7.422328030927807241e-01
7.526349315409248675e-01
7.628852156762130354e-01
7.729667830490432046e-01
7.828641349881459988e-01
7.925631583483188081e-01
8.020511271096255612e-01
8.113166943038372381e-01
8.203498748349205005e-01
8.291420198395761387e-01
8.376857833001447595e-01
8.459750816749920244e-01
8.540050473503087991e-01
8.617719767420940480e-01
8.692732738881350230e-01
8.765073903675597577e-01
8.834737623708128762e-01
8.901727457167051272e-01
8.966055495766924732e-01
9.027741696211701861e-01
9.086813212497728554e-01
9.143303735090327899e-01
9.197252842378657034e-01
9.248705369157789180e-01
9.297710796219659235e-01
9.344322664469790762e-01
9.388598016337393881e-01
9.430596866623880414e-01
9.470381704348702634e-01
9.508017026609225653e-01
9.543568904979052858e-01
9.577104584530522491e-01
9.608692115184130911e-01
9.638400014760821755e-01
9.666296962841082197e-01
9.692451524315429667e-01
9.716931901340490896e-01
9.739805712289242301e-01
9.761139796198261553e-01
9.781000041163815384e-01
9.799451235117038195e-01
9.816556937411187178e-01
9.832379369676108594e-01
9.846979324432268976e-01
9.860416090005024170e-01
9.872747390336172879e-01
9.884029338351475458e-01
9.894316401607968769e-01
9.903661379012109744e-01
9.912115387468162231e-01
9.919727857385362002e-01
9.926546536041931379e-01
9.932617497873813539e-01
9.937985160825857367e-01
9.942692307972781363e-01
9.946780113686032321e-01
9.950288173689838533e-01
9.953254538414404440e-01
9.955715749115032764e-01
9.957706876281902098e-01
9.959261559914918127e-01
9.960412051280581602e-01
9.961189255802467279e-01
9.961622776763231490e-01
9.961740959514391314e-01
9.961570935901060686e-01
9.961138668613489511e-01
9.960468995177441665e-01
9.959585671292932041e-01
9.958511413227907338e-01
9.957267938972245158e-01
9.955876007860046117e-01
9.954355458376363819e-01
9.952725243879707584e-01
9.951003465994621155e-01
9.949207405459826736e-01
9.947353550256425869e-01
9.945457620886760663e-01
9.943534592726444021e-01
9.941598715428034971e-01
9.939663529413096388e-01
9.937741879547694612e-01
9.935845926152871987e-01
9.933987153554192373e-01
9.932176376421408825e-01
9.930423744189152968e-01
9.928738743881199147e-01
9.927130201683481703e-01
9.925606283624422987e-01
9.924174495725139877e-01
9.922841683977234872e-01
9.921614034492832745e-01
9.920497074151313210e-01
9.919495672040952172e-01
9.918614041962887651e-01
9.917855746230803682e-01
9.917223700963890831e-01
9.916720183034360980e-01
9.916346838795209173e-01
9.916104694679928055e-01
9.915994169734280161e-01
9.916015090111381936e-01
9.916166705535398584e-01
9.916447707716079529e-01
9.916856250675788464e-01
9.917389972932236786e-01
9.918046021463338136e-01
9.918821077364844419e-01
9.919711383096480040e-01
9.920712771197643942e-01
9.921820694339452684e-01
9.923030256565880114e-01
9.924336245563289971e-01
9.925733165785106671e-01
9.927215272247182920e-01
9.928776604800086947e-01
9.930411022677588795e-01
9.932112239116335228e-01
9.933873855840498202e-01
9.935689397207042584e-01
9.937552343812146027e-01
9.939456165367039908e-01
9.941394352661684364e-01
9.943360448446788569e-01
9.945348077078248750e-01
9.947350972782502687e-01
9.949363006416168664e-01
9.951378210608217145e-01
9.953390803187497360e-01
9.955395208812607422e-01
9.957386078734684620e-01
9.959358308636896417e-01
9.961307054507227976e-01
9.963227746513875216e-01
9.965116100865260007e-01
9.966968129649713681e-01
9.968780148663133334e-01
9.970548783246767632e-01
9.972270972171403125e-01
9.973943969618725980e-01
9.975565345325150268e-01
9.977132982967708008e-01
9.978645076885224174e-01
9.980100127240495445e-01
9.981496933740043875e-01
9.982834588036675338e-01
9.984112464946025556e-01
9.985330212611056577e-01
9.986487741747820390e-01
9.987585214101397657e-01
9.988623030233001465e-01
9.989601816747839536e-01
9.990522413059162998e-01
9.991385857767670631e-01
9.992193374718117971e-01
9.992946358777827776e-01
9.993646361366049780e-01
9.994295075750226909e-01
9.994894322116236740e-01
9.995446032415811199e-01
9.995952234996225982e-01
9.996415039025222660e-01
9.996836618738040858e-01
9.997219197552438263e-01
9.997565032120827588e-01
9.997876396414328015e-01
