9.997994197604349598e-01
9.997701828167550042e-01
9.997377477287181513e-01
9.997019097986818981e-01
9.996624664917376224e-01
9.996192187313737154e-01
9.995719721456842732e-01
9.995205382533461913e-01
9.994647355821031365e-01
9.994043907158604023e-01
9.993393392695167909e-01
9.992694267932031860e-01
9.991945096095710133e-01
9.991144555891232626e-01
9.990291448693165988e-01
9.989384705233247397e-01
9.988423391840202115e-01
9.987406716280105012e-01
9.986334033235608754e-01
9.985204849450878273e-01
9.984018828557041925e-01
9.982775795581588785e-01
9.981475741135106272e-01
9.980118825260702042e-01
9.978705380925748658e-01
9.977235917132437626e-01
9.975711121622944377e-01
9.974131863156741051e-01
9.972499193341357593e-01
9.970814348003407268e-01
9.969078748093495035e-01
9.967294000126314391e-01
9.965461896165299649e-01
9.963584413369200865e-01
9.961663713125411546e-01
9.959702139801370757e-01
9.957702219150393885e-01
9.955666656411550353e-01
9.953598334144252435e-01
9.951500309836818214e-01
9.949375813324162765e-01
9.947228244042822798e-01
9.945061168141720032e-01
9.942878315454508620e-01
9.940683576324150783e-01
9.938480998253004239e-01
9.936274782332477074e-01
9.934069279385796536e-01
9.931868985736387323e-01
9.929678538493252882e-01
9.927502710224580529e-01
9.925346402872106122e-01
9.923214640742441528e-01
9.921112562398185508e-01
9.919045411261852019e-01
9.917018524739916741e-01
9.915037321672903747e-01
9.913107287920635002e-01
9.911233959899530266e-01
9.909422905900987510e-01
9.907679705036134266e-01
9.906009923672260964e-01
9.904419089249386632e-01
9.902912661391406468e-01
9.901496000254419450e-01
9.900174332084948903e-01
9.898952711992334841e-01
9.897835983972556040e-01
9.896828738254974667e-01
9.895935266078850212e-01
9.895159512043179006e-01
9.894505024211037725e-01
9.893974902188347187e-01
9.893571743436065935e-01
9.893297588113919572e-01
9.893153862791683739e-01
9.893141323399765596e-01
9.893259997822644314e-01
9.893509128565241006e-01
9.893887115941439880e-01
9.894391462244355173e-01
9.895018717357793037e-01
9.895764426256665747e-01
9.896623078820097064e-01
9.897588062344400139e-01
9.898651617094590405e-01
9.899804795173544614e-01
9.901037422919104491e-01
9.902338066963439767e-01
9.903694004008470886e-01
9.905091194288827561e-01
9.906514258612552082e-01
9.907946458792504796e-01
9.909369681210531411e-01
9.910764423194365902e-01
9.912109781835735101e-01
9.913383444838479441e-01
9.914561682958704658e-01
9.915619343585392320e-01
9.916529845009487421e-01
9.917265170941974572e-01
9.917795864866223443e-01
9.918091023846117293e-01
9.918118291458409841e-01
9.917843849574491388e-01
9.917232408782500341e-01
9.916247197314990158e-01
9.914849948429557136e-01
9.913000886279877966e-01
9.910658710412342254e-01
9.907780579129041865e-01
9.904322092071456973e-01
9.900237272500979069e-01
9.895478549882309460e-01
9.889996743513634891e-01
9.883741048092465897e-01
9.876659022256822906e-01
9.868696581296128034e-01
9.859797995381746061e-01
9.849905894820167873e-01
9.838961283977883943e-01
9.826903565661077034e-01
9.813670577849953336e-01
9.799198644781138556e-01
9.783422644436555737e-01
9.766276094528349994e-01
9.747691259062161162e-01
9.727599277511917997e-01
9.705930318545631375e-01
9.682613760102400935e-01
9.657578397435941930e-01
9.630752680510767938e-01
9.602064981866216264e-01
9.571443895754080389e-01
9.538818569012085247e-01
9.504119063762316300e-01
9.467276751626132469e-01
9.428224738730174304e-01
9.386898320347035751e-01
9.343235463574057764e-01
9.297177316009522796e-01
9.248668737942342677e-01
9.197658855133790112e-01
9.144101628843190888e-01
9.087956439338528147e-01
9.029188678743177432e-01
8.967770348706666228e-01
8.903680658056386532e-01
8.836906615294441991e-01
8.767443610555040179e-01
8.695295981439639110e-01
8.620477557004643243e-01
8.543012174095951927e-01
8.462934160210771051e-01
8.380288777124217381e-01
8.295132619649477901e-01
8.207533964107665003e-01
8.117573061367298060e-01
8.025342369672341380e-01
7.930946722908331914e-01
7.834503430453543249e-01
7.736142305318215451e-01
7.636005617881234109e-01
7.534247973178261892e-01
7.431036110366607828e-01
7.326548623675961380e-01
7.220975604837185369e-01
7.114518207649755954e-01
7.007388135989583988e-01
6.899807057161526647e-01
6.792005943055685613e-01
6.684224342067064395e-01
6.576709585180235962e-01
6.469715930004031890e-01
6.363503646867501029e-01
6.258338051362597465e-01
6.154488487948833741e-01
6.052227269428496204e-01
5.951828577269073772e-01
5.853567327901458839e-01
5.757718010269526898e-01
5.664553500056033197e-01
5.574343856169960976e-01
5.487355105254897447e-01
5.403848020169154109e-01
5.324076898595606622e-01
5.248288348157614802e-01
5.176720084641805997e-01
5.109599750148472452e-01
5.047143758196361851e-01
4.989556172986987503e-01
4.937027630172942105e-01
4.889734306561042132e-01
4.847836946202929154e-01
4.811479950272302686e-01
4.780790537990706746e-01
4.755877985635982297e-01
4.736832950346068216e-01
4.723726885014893906e-01
4.716611550068304792e-01
4.715518627311710009e-01
4.720459440363635739e-01
4.731424785440284664e-01
4.748384875445113007e-01
4.771289399456183355e-01
4.800067698804016958e-01
4.834629060005058987e-01
4.874863123872591464e-01
4.920640409177260421e-01
4.971812948283561573e-01
5.028215031254695822e-01
5.089664054003628646e-01
5.155961465179703662e-01
5.226893805624326372e-01
5.302233833411298392e-01
5.381741726714373009e-01
5.465166356021591287e-01
5.552246616551477221e-01
5.642712811126173733e-01
5.736288073230675355e-01
5.832689819543815934e-01
5.931631220875388522e-01
6.032822680193778986e-01
6.135973306289994600e-01
6.240792371604350075e-01
6.346990742849962785e-01
6.454282273306823914e-01
6.562385146035909500e-01
6.671023157774549350e-01
6.779926933919493415e-01
6.888835065778022848e-01
6.997495162160024540e-01
7.105664808384077880e-01
7.213112426862779980e-01
7.319618034599475465e-01
7.424973894150526110e-01
7.528985055863156584e-01
7.631469790466520742e-01
7.732259912350946118e-01
7.831200995094647066e-01
7.928152481968142595e-01
8.022987695243940509e-01
8.115593749145478819e-01
8.205871372169171174e-01
8.293734645294299490e-01
8.379110663247459900e-01
8.461939126504578468e-01
8.542171872090735807e-01
8.619772351475265548e-01
8.694715063959709278e-01
8.766984953924124024e-01
8.836576780141118803e-01
8.903494465096940536e-01
8.967750431887074880e-01
9.029364935794141900e-01
9.088365397123117084e-01
9.144785741278769198e-01
9.198665751438774851e-01
9.250050438518807594e-01
9.298989432458187876e-01
9.345536398190708027e-01
9.389748479017687721e-01
9.431685769480522286e-01
9.471410819247415569e-01
9.508988168991245882e-01
9.544483918748123408e-01
9.577965328813043966e-01
9.609500452851772456e-01
9.639157802587117185e-01
9.667006043151495920e-01
9.693113717983838917e-01
9.717549001983455392e-01
9.740379481512362325e-01
9.761671959755557904e-01
9.781492285900722505e-01
9.799905206579448969e-01
9.816974238016237253e-01
9.832761557354365856e-01
9.847327911664899291e-01
9.860732543192983757e-01
9.873033129450826673e-01
9.884285736827169710e-01
9.894544786446630713e-01
9.903863031077819734e-01
9.912291541955957630e-01
9.919879704453180569e-01
9.926675221597875964e-01
9.932724124512859465e-01
9.938070788911023135e-01
9.942757956855723389e-01
9.946826763061294985e-01
9.950316765075669645e-01
9.953265976751318744e-01
9.955710904471336553e-01
9.957686585653188205e-01
9.959226629102293504e-01
9.960363256830159218e-01
9.961127346986419218e-01
9.961548477580690619e-01
9.961654970688629263e-01
9.961473936847795585e-01
9.961031319353980118e-01
9.960351938169219599e-01
9.959459533150754051e-01
9.958376806307822626e-01
9.957125462792650872e-01
9.955726250335322769e-01
9.954198996841204794e-01
9.952562645885593140e-01
9.950835289864075062e-01
9.949034200589103039e-01
9.947175857162978696e-01
9.945275971004252646e-01
9.943349507956826816e-01
9.941410707467309704e-01
9.939473098874396229e-01
9.937549514912030757e-01
9.935652102583978351e-01
9.933792331618990223e-01
9.931981000761471723e-01
9.930228242190831667e-01
9.928543524392606789e-01
9.926935653825204042e-01
9.925412775737545434e-01
9.923982374495055048e-01
9.922651273764941937e-01
9.921425636897255318e-01
9.920310967816984293e-01
9.919312112715701346e-01
9.918433262800366856e-01
9.917677958323295462e-01
9.917049094082410754e-01
9.916548926545936116e-01
9.916179082721777727e-01
9.915940570859782532e-01
9.915833793045509825e-01
9.915858559717288800e-01
9.916014106114324766e-01
9.916299110642171621e-01
9.916711715122639159e-01
9.917249546877717759e-01
9.917909742580768295e-01
9.918688973792634256e-01
9.919583474084974206e-01
9.920589067637906044e-01
9.921701199183754483e-01
9.922914965153613043e-01
9.924225145868725839e-01
9.925626238604938756e-01
9.927112491346125056e-01
9.928677937032142076e-01
9.930316428099055237e-01
9.932021671104506177e-01
9.933787261229410914e-01
9.935606716448893705e-01
9.937473511170197282e-01
9.939381109143249349e-01
9.941322995459936918e-01
9.943292707470690051e-01
9.945283864460894296e-01
9.947290195944569202e-01
9.949305568448069126e-01
9.951324010671784848e-01
9.953339736932804716e-01
9.955347168805891434e-01
9.957340954893943996e-01
9.959315988672411413e-01
9.961267424365005674e-01
9.963190690820694639e-01
9.965081503374619842e-01
9.966935873688375080e-01
9.968750117578221159e-01
9.970520860853341327e-01
9.972245043200191894e-01
9.973919920163208941e-01
9.975543063286479439e-01
9.977112358495091593e-01
9.978626002808410611e-01
9.980082499489983938e-01
9.981480651749674582e-01
9.982819555122396382e-01
9.984098588653986805e-01
9.985317405027834825e-01
9.986475919765510634e-01
9.987574299630702646e-01
9.988612950358161102e-01
9.989592503818384150e-01
9.990513804714977741e-01
9.991377896895630162e-01
9.992186009340574548e-01
9.992939541875347498e-01
9.993640050638977756e-01
9.994289233325656108e-01
9.994888914208837072e-01
9.995441028952478657e-01
9.995947609215622975e-01
9.996410767063972358e-01
9.996832679215446049e-01
9.997215571165296577e-01
9.997561701259033429e-01
9.997873344806674778e-01
