9.997992515083341525e-01
9.997700423508485423e-01
9.997376464919186523e-01
9.997018609807990508e-01
9.996624850882045443e-01
9.996193215782588348e-01
9.995721779289863385e-01
9.995208674912047231e-01
9.994652105792460883e-01
9.994050354903203370e-01
9.993401794523558701e-01
9.992704895026592871e-01
9.991958233016539070e-01
9.991160498872264650e-01
9.990310503758554894e-01
9.989407186167489350e-01
9.988449618047849921e-01
9.987437010572167706e-01
9.986368719580043241e-01
9.985244250723970261e-01
9.984063264331108911e-01
9.982825579982432807e-01
9.981531180800109482e-01
9.980180217425528300e-01
9.978773011664323622e-01
9.977310059771317130e-01
9.975792035347348374e-01
9.974219791821419268e-01
9.972594364495045438e-01
9.970916972130904332e-01
9.969189018074320341e-01
9.967412090903519095e-01
9.965587964612316885e-01
9.963718598336759324e-01
9.961806135644625249e-01
9.959852903413375369e-01
9.957861410327550900e-01
9.955834345030591948e-01
9.953774573968096062e-01
9.951685138959394106e-01
9.949569254531805962e-01
9.947430305046724985e-01
9.945271841638799737e-01
9.943097578978833395e-01
9.940911391857687462e-01
9.938717311572733415e-01
9.936519522080516920e-01
9.934322355859699361e-01
9.932130289407685719e-01
9.929947938273153696e-01
9.927780051505818992e-01
9.925631505384908682e-01
9.923507296269816758e-01
9.921412532401073792e-01
9.919352424467763329e-01
9.917332274749551813e-01
9.915357464637982732e-01
9.913433440343096814e-01
9.911565696597688380e-01
9.909759758182835609e-01
9.908021159114239751e-01
9.906355419349243130e-01
9.904768018898415516e-01
9.903264369252928745e-01
9.901849782068853356e-01
9.900529435081426577e-01
9.899308335255844193e-01
9.898191279215708960e-01
9.897182811025670990e-01
9.896287177440806770e-01
9.895508280771720955e-01
9.894849629551063508e-01
9.894314287223899829e-01
9.893904819120836747e-01
9.893623238008341092e-01
9.893470948544644816e-01
9.893448691000911177e-01
9.893556484634709047e-01
9.893793571124999131e-01
9.894158358493191363e-01
9.894648365942070312e-01
9.895260170042141645e-01
9.895989352682347251e-01
9.896830451178447730e-01
9.897776910897685410e-01
9.898821040712999508e-01
9.899953971545182307e-01
9.901165618188326745e-01
9.902444644544874386e-01
9.903778432323686598e-01
9.905153053180509870e-01
9.906553244207342290e-01
9.907962386608314409e-01
9.909362487336695891e-01
9.910734163412818765e-01
9.912056628597267771e-01
9.913307682059043779e-01
9.914463698654986112e-01
9.915499620424906846e-01
9.916388948906497136e-01
9.917103737884760406e-01
9.917614586211820349e-01
9.917890630363894733e-01
9.917899536442181807e-01
9.917607491372848472e-01
9.916979193117710922e-01
9.915977839771288327e-01
9.914565117491643820e-01
9.912701187291976801e-01
9.910344670807690326e-01
9.907452635250132422e-01
9.903980577863973345e-01
9.899882410320759440e-01
9.895110443606790485e-01
9.889615374098990053e-01
9.883346271667222682e-01
9.876250570794118389e-01
9.868274065861705191e-01
9.859360911914876180e-01
9.849453632370993583e-01
9.838493135297845527e-01
9.826418740023262766e-01
9.813168215963048446e-01
9.798677835653285539e-01
9.782882444042655390e-01
9.765715546134586811e-01
9.747109415063202054e-01
9.726995222637477845e-01
9.705303194292439484e-01
9.681962790243641148e-01
9.656902914451966913e-01
9.630052152771867435e-01
9.601339041380327899e-01
9.570692366270145968e-01
9.538041494244219320e-01
9.503316735472391308e-01
9.466449737274592602e-01
9.427373908378638978e-01
9.386024872473497371e-01
9.342340949443983522e-01
9.296263662235584313e-01
9.247738266862937095e-01
9.196714302646892270e-01
9.143146159347617097e-01
9.086993657459371265e-01
9.028222637551187590e-01
8.966805554181864757e-01
8.902722069592745591e-01
8.835959642093467181e-01
8.766514103810008063e-01
8.694390222267095458e-01
8.619602240134247584e-01
8.542174387382163170e-01
8.462141360079060703e-01
8.379548760109342131e-01
8.294453490223228087e-01
8.206924099027562702e-01
8.117041070805811609e-01
8.024897055407698154e-01
7.930597033873096890e-01
7.834258415945067888e-01
7.736011066176251560e-01
7.635997255931669114e-01
7.534371539228443826e-01
7.431300551016593037e-01
7.326962727181676183e-01
7.221547946226156700e-01
7.115257093248461562e-01
7.008301547474964366e-01
6.900902595199338574e-01
6.793290770537636636e-01
6.685705126909973206e-01
6.578392442607285950e-01
6.471606364194393279e-01
6.365606491840433145e-01
6.260657410959992175e-01
6.157027674799728789e-01
6.054988742824132242e-01
5.954813879949948374e-01
5.856777021860426480e-01
5.761151611806472062e-01
5.668209414479383756e-01
5.578219312723684542e-01
5.491446093051894906e-01
5.408149226125908982e-01
5.328581648578873953e-01
5.252988552762982710e-01
5.181606191213652401e-01
5.114660702810761572e-01
5.052366967781802831e-01
4.994927498818341194e-01
4.942531375655415671e-01
4.895353230481461759e-01
4.853552291495744075e-01
4.817271491802168626e-01
4.786636650618326660e-01
4.761755733482648800e-01
4.742718197760991128e-01
4.729594429288682678e-01
4.722435275439572644e-01
4.721271679296710211e-01
4.726114418918476723e-01
4.736953954958290636e-01
4.753760389116219454e-01
4.776483535086644139e-01
4.805053102828240608e-01
4.839378996129397592e-01
4.879351722583153972e-01
4.924842914227209878e-01
4.975705956253010376e-01
5.031776720348575260e-01
5.092874398416609161e-01
5.158802431606377414e-01
5.229349528818629800e-01
5.304290768091223240e-01
5.383388773553287043e-01
5.466394959953675414e-01
5.553050836130655199e-01
5.643089358202919570e-01
5.736236322734856730e-01
5.832211789672696600e-01
5.930731524471962723e-01
6.031508448553373203e-01
6.134254087043087278e-01
6.238680002685867976e-01
6.344499204874252118e-01
6.451427522921047153e-01
6.559184933020716368e-01
6.667496828799643893e-01
6.776095225944788192e-01
6.884719892119661733e-01
6.993119394218555440e-01
7.101052055962524534e-01
7.208286819889617725e-01
7.314604008919997069e-01
7.419795983864619915e-01
7.523667694472875311e-01
7.626037122858295714e-01
7.726735619379638820e-01
7.825608132265249317e-01
7.922513333430548643e-01
8.017323644032083862e-01
8.109925164308566803e-01
8.200217513164937966e-01
8.288113583745704283e-01
8.373539221909693797e-01
8.456432835051771457e-01
8.536744939114530029e-01
8.614437651893287473e-01
8.689484140862679951e-01
8.761868033747680640e-01
8.831582799933145322e-01
8.898631110563804958e-01
8.963024184842498521e-01
9.024781129601754381e-01
9.083928278716997262e-01
9.140498538364000281e-01
9.194530743514204296e-01
9.246069030424709512e-01
9.295162229229985140e-01
9.341863280093568589e-01
9.386228675742994687e-01
9.428317932600996931e-01
9.468193092150164469e-01
9.505918253634235704e-01
9.541559138712754073e-01
9.575182688250762908e-01
9.606856691043541563e-01
9.636649443948512861e-01
9.664629442621365252e-01
9.690865101828802786e-01
9.715424504132932348e-01
9.738375175608073864e-01
9.759783887155265569e-01
9.779716479918034722e-01
9.798237713270352423e-01
9.815411133839245794e-01
9.831298964035886101e-01
9.845962008596100823e-01
9.859459577670517394e-01
9.871849425053033089e-01
9.883187700191632397e-01
9.893528912685776167e-01
9.902925908038460179e-01
9.911429853497495390e-01
9.919090232889098413e-01
9.925954849416943615e-01
9.932069835471117880e-01
9.937479668563454771e-01
9.942227192577982597e-01
9.946353643596959060e-01
9.949898679633191190e-01
9.952900413666952995e-01
9.955395449449532252e-01
9.957418919593877815e-01
9.959004525524896012e-01
9.960184578906414732e-01
9.960990044198164695e-01
9.961450582023870792e-01
9.961594593051035229e-01
9.961449262094743684e-01
9.961040602163280244e-01
9.960393498163926385e-01
9.959531749985133242e-01
9.958478114668450898e-01
9.957254347382303861e-01
9.955881240912045627e-01
9.954378663388467885e-01
9.952765593991408366e-01
9.951060156387184774e-01
9.949279649688603788e-01
9.947440576763890707e-01
9.945558669765327542e-01
9.943648912798421780e-01
9.941725561706303838e-01
9.939802161000094172e-01
9.937891558022012850e-01
9.936005914482224366e-01
9.934156715560821249e-01
9.932354776811501695e-01
9.930610249141816892e-01
9.928932622175632439e-01
9.927330726325755972e-01
9.925812733918493169e-01
9.924386159717137890e-01
9.923057861188575579e-01
9.921834038846886195e-01
9.920720236991111829e-01
9.919721345132080925e-01
9.918841600376697709e-01
9.918084591008506923e-01
9.917453261471776971e-01
9.916949918933987140e-01
9.916576241569232675e-01
9.916333288673521151e-01
9.916221512692787732e-01
9.916240773215918569e-01
9.916390352958417420e-01
9.916668975737442659e-01
9.917074826415678279e-01
9.917605572769560007e-01
9.918258389216604298e-01
9.919029982316619476e-01
9.919916617942325932e-01
9.920914149996395981e-01
9.922018050534061606e-01
9.923223441133680600e-01
9.924525125342174015e-01
9.925917622008563201e-01
9.927395199307362805e-01
9.928951909244820850e-01
9.930581622435222799e-01
9.932278062931999552e-01
9.934034842899328588e-01
9.935845496914077479e-01
9.937703515695279766e-01
9.939602379068281923e-01
9.941535587982840427e-01
9.943496695418264641e-01
9.945479336023458350e-01
9.947477254355049370e-01
9.949484331592046704e-01
9.951494610620430503e-01
9.953502319395376441e-01
9.955501892502461869e-01
9.957487990852099680e-01
9.959455519453848105e-01
9.961399643229202905e-01
9.963315800833395519e-01
9.965199716468708946e-01
9.967047409684181014e-01
9.968855203169444401e-01
9.970619728563888673e-01
9.972337930316409471e-01
9.974007067645451752e-01
9.975624714663804404e-01
9.977188758747147501e-01
9.978697397239382205e-01
9.980149132600695250e-01
9.981542766115588661e-01
9.982877390287168140e-01
9.984152380050248521e-01
9.985367382938834524e-01
9.986522308342904442e-01
9.987617315984990141e-01
9.988652803738763408e-01
9.989629394900082504e-01
9.990547925006197927e-01
9.991409428281873284e-01
9.992215123773190433e-01
9.992966401211899052e-01
9.993664806636832765e-01
9.994312027785442476e-01
9.994909879259187280e-01
9.995460287462513138e-01
9.995965275317053589e-01
9.996426946760899046e-01
9.996847471057164203e-01
9.997229066955782839e-01
9.997573986776474575e-01
9.997884500507392413e-01
