9.997976644852490935e-01
9.997682241219496557e-01
9.997355735459764192e-01
9.996995089916915767e-01
9.996598291088937271e-01
9.996163362603596170e-01
9.995688377652680590e-01
9.995171470776570422e-01
9.994610848927084623e-01
9.994004801771461111e-01
9.993351711231682755e-01
9.992650060279921753e-01
9.991898441031465961e-01
9.991095562190813739e-01
9.990240255914555334e-01
9.989331484156710461e-01
9.988368344559128698e-01
9.987350075942417194e-01
9.986276063442772744e-01
9.985145843328356863e-01
9.983959107516465759e-01
9.982715707800842164e-01
9.981415659787793437e-01
9.980059146530960712e-01
9.978646521847999162e-01
9.977178313298290524e-01
9.975655224799085952e-01
9.974078138858051279e-01
9.972448118402842399e-01
9.970766408192650587e-01
9.969034435802391902e-01
9.967253812176796179e-01
9.965426331758809875e-01
9.963553972203955666e-01
9.961638893699121811e-01
9.959683437910383796e-01
9.957690126589333612e-01
9.955661659870758129e-01
9.953600914295825941e-01
9.951510940594120447e-01
9.949394961254394154e-01
9.947256367907848507e-01
9.945098718538848415e-01
9.942925734526364412e-01
9.940741297505187868e-01
9.938549446019475653e-01
9.936354371922678785e-01
9.934160416458102105e-01
9.931972065933734051e-01
9.929793946884315492e-01
9.927630820593661420e-01
9.925487576831816261e-01
9.923369226645427643e-01
9.921280894026555108e-01
9.919227806275600079e-01
9.917215282868694359e-01
9.915248722638994039e-01
9.913333589085197017e-01
9.911475393629151087e-01
9.909679676657463521e-01
9.907951986199278194e-01
9.906297854113309542e-01
9.904722769681331140e-01
9.903232150531995348e-01
9.901831310847539758e-01
9.900525426836231935e-01
9.899319499484788842e-01
9.898218314637462489e-01
9.897226400481626829e-01
9.896347982553803657e-01
9.895586936414836332e-01
9.894946738178613810e-01
9.894430413115068434e-01
9.894040482584833818e-01
9.893778909599516558e-01
9.893647043336954994e-01
9.893645562974185959e-01
9.893774421230492333e-01
9.894032788037427917e-01
9.894418994770227682e-01
9.894930479483938779e-01
9.895563733596384193e-01
9.896314250447449945e-01
9.897176476139581958e-01
9.898143763027339448e-01
9.899208326175116257e-01
9.900361203042477021e-01
9.901592216587881135e-01
9.902889941905862470e-01
9.904241676432812280e-01
9.905633413674989063e-01
9.907049820332439749e-01
9.908474216616808272e-01
9.909888559492376903e-01
9.911273428510242178e-01
9.912608013857315825e-01
9.913870106205987520e-01
9.915036087927866504e-01
9.916080925226141707e-01
9.916978160745831827e-01
9.917699906238903740e-01
9.918216834891275813e-01
9.918498172960032999e-01
9.918511690420787064e-01
9.918223690386024360e-01
9.917598997124508209e-01
9.916600942588675860e-01
9.915191351440935108e-01
9.913330524660542986e-01
9.910977221910325374e-01
9.908088642946905056e-01
9.904620408469725357e-01
9.900526540923109131e-01
9.895759445892008399e-01
9.890269894865865163e-01
9.884007010285305039e-01
9.876918253932187586e-01
9.868949419872750095e-01
9.860044633313487239e-01
9.850146356876491316e-01
9.839195405940956984e-01
9.827130974825371013e-01
9.813890675695384758e-01
9.799410592169787160e-01
9.783625349656011050e-01
9.766468204472076309e-01
9.747871153799531063e-01
9.727765068458231745e-01
9.706079850396542863e-01
9.682744616648476521e-01
9.657687911322840879e-01
9.630837946959774909e-01
9.602122876319760802e-01
9.571471095362664716e-01
9.538811577833488098e-01
9.504074241502105114e-01
9.467190345710789767e-01
9.428092919471058320e-01
9.386717218924859329e-01
9.343001212549557621e-01
9.296886092046008354e-01
9.248316806409320190e-01
9.197242616247250924e-01
9.143617664986551929e-01
9.087401563198248544e-01
9.028559981883914620e-01
8.967065250202463922e-01
8.902896952786474305e-01
8.836042521505003133e-01
8.766497816282388111e-01
8.694267689385809517e-01
8.619366527454763727e-01
8.541818765468336405e-01
8.461659366836550289e-01
8.378934263864160625e-01
8.293700752971908674e-01
8.206027839273350999e-01
8.115996525394743033e-01
8.023700039789395388e-01
7.929244000232803513e-01
7.832746508684953479e-01
7.734338174263705179e-01
7.634162061678977373e-01
7.532373563119734161e-01
7.429140192252938757e-01
7.324641299671774686e-01
7.219067709806350486e-01
7.112621279970782195e-01
7.005514382853343935e-01
6.897969314351215520e-01
6.790217629199177818e-01
6.682499407336700559e-01
6.575062454396937150e-01
6.468161440083658453e-01
6.362056978531059892e-01
6.257014655021051475e-01
6.153304003671149491e-01
6.051197440911268988e-01
5.950969159750119086e-01
5.852893990000562763e-01
5.757246229798247406e-01
5.664298453916281062e-01
5.574320304557696115e-01
5.487577270499857107e-01
5.404329460672721019e-01
5.324830378473608405e-01
5.249325703350973260e-01
5.178052086420611433e-01
5.111235967101557254e-01
5.049092417962851576e-01
4.991824025145971122e-01
4.939619811855922027e-01
4.892654212486184928e-01
4.851086104945313560e-01
4.815057908676728671e-01
4.784694755699131496e-01
4.760103741737401473e-01
4.741373264159238765e-01
4.728572452981342211e-01
4.721750700662592504e-01
4.720937295765745834e-01
4.726141164851523913e-01
4.737350726178611859e-01
4.754533857931401153e-01
4.777637982796358873e-01
4.806590269769770440e-01
4.841297953117904562e-01
4.881648767436085334e-01
4.927511496778851363e-01
4.978736634868645705e-01
5.035157152445645101e-01
5.096589366904655805e-01
5.162833908484025791e-01
5.233676776433376920e-01
5.308890477797582053e-01
5.388235240720127273e-01
5.471460293495409299e-01
5.558305199993418544e-01
5.648501241546807217e-01
5.741772834938020376e-01
5.837838975758298243e-01
5.936414696139842295e-01
6.037212525693256282e-01
6.139943944422646682e-01
6.244320816445714240e-01
6.350056793521874354e-01
6.456868677690525971e-01
6.564477732746617500e-01
6.672610934830114360e-01
6.781002153076816086e-01
6.889393252064508477e-01
6.997535108680852378e-01
7.105188537027218310e-01
7.212125116040495332e-01
7.318127915647243409e-01
7.422992118442760523e-01
7.526525535091959096e-01
7.628549012859437983e-01
7.728896737871765454e-01
7.827416432875680119e-01
7.923969453362070814e-01
8.018430785959171914e-01
8.110688953943123725e-01
8.200645835555515628e-01
8.288216401544393763e-01
8.373328378948123873e-01
8.455921848614516012e-01
8.535948784287342717e-01
8.613372541298652818e-01
8.688167302980425166e-01
8.760317492858552546e-01
8.829817160523549813e-01
8.896669348795755994e-01
8.960885449430101568e-01
9.022484554150101976e-01
9.081492807277307122e-01
9.137942765646074328e-01
9.191872770879840893e-01
9.243326338469243231e-01
9.292351567449050886e-01
9.339000573833605712e-01
9.383328950351481623e-01
9.425395254430044556e-01
9.465260525828411708e-01
9.502987834809866197e-01
9.538641861287198154e-01
9.572288504969792555e-01
9.603994526191054204e-01
9.633827216798547255e-01
9.661854100245572674e-01
9.688142659828750114e-01
9.712760093867791600e-01
9.735773096516522340e-01
9.757247662823332890e-01
9.777248916619374342e-01
9.795840959798870484e-01
9.813086741562765392e-01
9.829047946220015319e-01
9.843784898176000109e-01
9.857356482781237661e-01
9.869820081762903374e-01
9.881231522014458646e-01
9.891645036573283312e-01
9.901113236671740259e-01
9.909687093802871383e-01
9.917415930798021417e-01
9.924347420969956701e-01
9.930527594431804994e-01
9.936000850759413305e-01
9.940809977222528904e-01
9.944996171868122348e-01
9.948599070796844135e-01
9.951656779029981470e-01
9.954205904418488293e-01
9.956281594096415555e-01
9.957917573027263991e-01
9.959146184232254839e-01
9.959998430323535601e-01
9.960504015992405202e-01
9.960691391122701299e-01
9.960587794213117130e-01
9.960219295800248895e-01
9.959610841578157014e-01
9.958786294911736725e-01
9.957768478442372562e-01
9.956579214487054630e-01
9.955239363938381825e-01
9.953768863384343524e-01
9.952186760184620340e-01
9.950511245265341032e-01
9.948759683426942058e-01
9.946948640999705438e-01
9.945093910727920150e-01
9.943210533815163288e-01
9.941312819118246491e-01
9.939414359534068932e-01
9.937528045679976385e-01
9.935666077022291542e-01
9.933839970657454277e-01
9.932060567994220879e-01
9.930338039622158552e-01
9.928681888680233047e-01
9.927100953059039279e-01
9.925603406780982851e-01
9.924196760904456793e-01
9.922887864291530802e-01
9.921682904564427252e-01
9.920587409555335912e-01
9.919606249528042374e-01
9.918743640419814822e-01
9.918003148319385343e-01
9.917387695362980260e-01
9.916899567196501009e-01
9.916540422119136666e-01
9.916311301992768446e-01
9.916212644973084744e-01
9.916244300092699193e-01
9.916405543703761261e-01
9.916695097767433964e-01
9.917111149959796368e-01
9.917651375547718029e-01
9.918312960973502124e-01
9.919092629073016365e-01
9.919986665838300688e-01
9.920990948621728478e-01
9.922100975664776001e-01
9.923311896820198319e-01
9.924618545322250185e-01
9.926015470445807010e-01
9.927496970882436766e-01
9.929057128650118358e-01
9.930689843343942780e-01
9.932388866528266691e-01
9.934147836066818948e-01
9.935960310186291444e-01
9.937819801071162695e-01
9.939719807792711803e-01
9.941653848383124048e-01
9.943615490875937768e-01
9.945598383146352361e-01
9.947596281398582985e-01
9.949603077162166853e-01
9.951612822674317238e-01
9.953619754540871112e-01
9.955618315583772970e-01
9.957603174798217438e-01
9.959569245357567935e-01
9.961511700618841392e-01
9.963425988096134001e-01
9.965307841383826970e-01
9.967153290025947410e-01
9.968958667342663338e-01
9.970720616239666656e-01
9.972436093041052718e-01
9.974102369401165458e-01
9.975717032365526427e-01
9.977277982665152534e-01
9.978783431341873289e-01
9.980231894814358684e-01
9.981622188504817306e-01
9.982953419154469987e-01
9.984224975961150106e-01
9.985436520674645378e-01
9.986587976784058185e-01
9.987679517926575379e-01
9.988711555638543071e-01
9.989684726557919170e-01
9.990599879172590292e-01
9.991458060192482948e-01
9.992260500605802953e-01
9.993008601462485263e-01
9.993703919412146863e-01
9.994348152011003350e-01
9.994943122803450208e-01
9.995490766180461506e-01
9.995993112019175841e-01
9.996452270116459315e-01
9.996870414443567165e-01
9.997249767268567844e-01
9.997592583216835527e-01
9.997901133365981741e-01
