9.997975706907443749e-01
9.997681095241320870e-01
9.997354342716570086e-01
9.996993406207722588e-01
9.996596266331162495e-01
9.996160940456434441e-01
9.995685495189965408e-01
9.995168058222988483e-01
9.994606829471418541e-01
9.994000091469842362e-01
9.993346219012620990e-01
9.992643688061113583e-01
9.991891083956190300e-01
9.991087108989036292e-01
9.990230589390871607e-01
9.989320481804023766e-01
9.988355879293595585e-01
9.987336016951848805e-01
9.986260277137498642e-01
9.985128194380629152e-01
9.983939459971985508e-01
9.982693926243966231e-01
9.981391610540577553e-01
9.980032698865372032e-01
9.978617549190531566e-01
9.977146694406698879e-01
9.975620844892091332e-01
9.974040890680531124e-01
9.972407903211151226e-01
9.970723136647187124e-01
9.968988028757244102e-01
9.967204201359165516e-01
9.965373460333755151e-01
9.963497795222757691e-01
9.961579378432184884e-01
9.959620564067910298e-01
9.957623886435068572e-01
9.955592058235831487e-01
9.953527968501166834e-01
9.951434680291033619e-01
9.949315428193786781e-01
9.947173615649306244e-01
9.945012812111273526e-01
9.942836750052362893e-01
9.940649321801788840e-01
9.938454576188104905e-01
9.936256714941672508e-01
9.934060088791304421e-01
9.931869193168878507e-01
9.929688663414895089e-01
9.927523269357698688e-01
9.925377909120262077e-01
9.923257601991793964e-01
9.921167480187675913e-01
9.919112779311082262e-01
9.917098827323623800e-01
9.915131031830872743e-01
9.913214865491895011e-01
9.911355849370088178e-01
9.909559534055386587e-01
9.907831478405190184e-01
9.906177225772502259e-01
9.904602277614434902e-01
9.903112064401705661e-01
9.901711913779475127e-01
9.900407015961395496e-01
9.899202386371513951e-01
9.898102825582487663e-01
9.897112876633124001e-01
9.896236779843488041e-01
9.895478425281631907e-01
9.894841303072327010e-01
9.894328451774794253e-01
9.893942405093040238e-01
9.893685137218479753e-01
9.893558007139170440e-01
9.893561702282205328e-01
9.893696181884227281e-01
9.893960620508172044e-01
9.894353352140555780e-01
9.894871815311424568e-01
9.895512499676942797e-01
9.896270894491554504e-01
9.897141439371869298e-01
9.898117477717869317e-01
9.899191213109049814e-01
9.900353668934714912e-01
9.901594651450448259e-01
9.902902716378861880e-01
9.904265139094469150e-01
9.905667888352734929e-01
9.907095603444711074e-01
9.908531574583984147e-01
9.909957726264390088e-01
9.911354603267348296e-01
9.912701358948485808e-01
9.913975745395849914e-01
9.915154105027261799e-01
9.916211363182722005e-01
9.917121021269140746e-01
9.917855150028850320e-01
9.918384382529619181e-01
9.918677906511554898e-01
9.918703455774458000e-01
9.918427300347143483e-01
9.917814235247026655e-01
9.916827567713549785e-01
9.915429102882096224e-01
9.913579127955908232e-01
9.911236395032058111e-01
9.908358102843795034e-01
9.904899877795935170e-01
9.900815754792336998e-01
9.896058158485095957e-01
9.890577885713393025e-01
9.884324090045281119e-01
9.877244269486613604e-01
9.869284258575738988e-01
9.860388226237531972e-01
9.850498680922173955e-01
9.839556484698258609e-01
9.827500878101298465e-01
9.814269517651967867e-01
9.799798528047810597e-01
9.784022571092054754e-01
9.766874933448586038e-01
9.748287635298512610e-01
9.728191561917841623e-01
9.706516620095206882e-01
9.683191921162476179e-01
9.658145992219719922e-01
9.631307016901148321e-01
9.602603106752825024e-01
9.571962603980014306e-01
9.539314415976193340e-01
9.504588381671930097e-01
9.467715669344939355e-01
9.428629205117901035e-01
9.387264130943017149e-01
9.343558290436608793e-01
9.297452740488247880e-01
9.248892286131301654e-01
9.197826035730182204e-01
9.144207973118473332e-01
9.087997542916352867e-01
9.029160244870377827e-01
8.967668232698938757e-01
8.903500912598441008e-01
8.836645536274125856e-01
8.767097783111827969e-01
8.694862325908933043e-01
8.619953374440371130e-01
8.542395191054777959e-01
8.462222572481767902e-01
8.379481292088468702e-01
8.294228496955108332e-01
8.206533054347706635e-01
8.116475842450993072e-01
8.024149980585323361e-01
7.929660994564031729e-01
7.833126913346587505e-01
7.734678293701044982e-01
7.634458170196471993e-01
7.532621928491300967e-01
7.429337100554377349e-01
7.324783081138140917e-01
7.219150765504254164e-01
7.112642109067610630e-01
7.005469610262582414e-01
6.897855718534535718e-01
6.790032169911577320e-01
6.682239253109911736e-01
6.574725009567623513e-01
6.467744371186242569e-01
6.361558239889280042e-01
6.256432513387235606e-01
6.152637061777126437e-01
6.050444659809510739e-01
5.950129879837837699e-01
5.851967950633076843e-01
5.756233587410493069e-01
5.663199798583202771e-01
5.573136674934506818e-01
5.486310167092092183e-01
5.402980857392583047e-01
5.323402732442874541e-01
5.247821962910914628e-01
5.176475697305071844e-01
5.109590876719640740e-01
5.047383077722189526e-01
4.990055390725255391e-01
4.937797341306913168e-01
4.890783862010414929e-01
4.849174322150617833e-01
4.813111623074871614e-01
4.782721366160432863e-01
4.758111100574173857e-01
4.739369657470515751e-01
4.726566576860423696e-01
4.719751632850286427e-01
4.718954462330244848e-01
4.724184301493644655e-01
4.735429833802435873e-01
4.752659152187185265e-01
4.775819837396202416e-01
4.804839153497372228e-01
4.839624360599519282e-01
4.880063143908788259e-01
4.926024157278773297e-01
4.977357678461198365e-01
5.033896372324326851e-01
5.095456157387160401e-01
5.161837170125632701e-01
5.232824820649419895e-01
5.308190932530758577e-01
5.387694958797157874e-01
5.471085265384614260e-01
5.558100472694926797e-01
5.648470845317967726e-01
5.741919719476029638e-01
5.838164957331999361e-01
5.936920416985316251e-01
6.037897426768727982e-01
6.140806252363638640e-01
6.245357545279399680e-01
6.351263761399285057e-01
6.458240538586264012e-01
6.566008022767426677e-01
6.674292132476097317e-01
6.782825752520391660e-01
6.891349848260723832e-01
6.999614492904411289e-01
7.107379801251958451e-01
7.214416764439185448e-01
7.320507981395742991e-01
7.425448283962443607e-01
7.529045253857504783e-01
7.631119630932554632e-01
7.731505613392237741e-01
7.830051051844633125e-01
7.926617540184149879e-01
8.021080407364918896e-01
8.113328615085192430e-01
8.203264567257260165e-01
8.290803837871927318e-01
8.375874824472476776e-01
8.458418334925213999e-01
8.538387115508692116e-01
8.615745328542424586e-01
8.690467987840744257e-01
8.762540360214614577e-01
8.831957341061651423e-01
8.898722811792652010e-01
8.962848986454028388e-01
9.024355754433238674e-01
9.083270025593443986e-01
9.139625083589772991e-01
9.193459952488290954e-01
9.244818781155543785e-01
9.293750249226288007e-01
9.340306997803375921e-01
9.384545087409330577e-01
9.426523485104766342e-01
9.466303582123467564e-01
9.503948742854961829e-01
9.539523885537858350e-01
9.573095094614451073e-01
9.604729264340625683e-01
9.634493772944604517e-01
9.662456186382013534e-01
9.688683990540128965e-01
9.713244350597035615e-01
9.736203896137214375e-01
9.757628530558511981e-01
9.777583263271254488e-01
9.796132063182969585e-01
9.813337731976615741e-01
9.829261795721547790e-01
9.843964413400365654e-01
9.857504300987507406e-01
9.869938669774019901e-01
9.881323177694874005e-01
9.891711892478796120e-01
9.901157265504737515e-01
9.909710115313068446e-01
9.917419619783084395e-01
9.924333316051386911e-01
9.930497107308141613e-01
9.935955275670085296e-01
9.940750500390382882e-01
9.944923880725535792e-01
9.948514962838128639e-01
9.951561770170233023e-01
9.954100836775017225e-01
9.956167243142350909e-01
9.957794654096927545e-01
9.959015358383891403e-01
9.959860309586379135e-01
9.960359168041692524e-01
9.960540343438140098e-01
9.960431037783560315e-01
9.960057288440471446e-01
9.959444010923002022e-01
9.958615041149294633e-01
9.957593176841793570e-01
9.956400217768857086e-01
9.955057004526318698e-01
9.953583455568553173e-01
9.951998602216564072e-01
9.950320621396175902e-01
9.948566865892904953e-01
9.946753891950980142e-01
9.944897484091455020e-01
9.943012677077073258e-01
9.941113775007749398e-01
9.939214367588412591e-01
9.937327343668374002e-01
9.935464902206456728e-01
9.933638560866883127e-01
9.931859162495798587e-01
9.930136879765877334e-01
9.928481218305809097e-01
9.926901018651904662e-01
9.925404457370402556e-01
9.923999047701395071e-01
9.922691640069223329e-01
9.921488422790309958e-01
9.920394923288958777e-01
9.919416010105701620e-01
9.918555895952710921e-01
9.917818142037975182e-01
9.917205663845658492e-01
9.916720738525577339e-01
9.916365014011037093e-01
9.916139519952271719e-01
9.916044680522946297e-01
9.916080329130048110e-01
9.916245725032941660e-01
9.916539571855520485e-01
9.916960037955637741e-01
9.917504778598255077e-01
9.918170959862312452e-01
9.918955284195880573e-01
9.919854017519350586e-01
9.920863017761947233e-01
9.921977764702745173e-01
9.923193390973598094e-01
9.924504714068286271e-01
9.925906269190094555e-01
9.927392342759271404e-01
9.928957006393013263e-01
9.930594151164009453e-01
9.932297521939601470e-01
9.934060751602414863e-01
9.935877394954921726e-01
9.937740962114808285e-01
9.939644951214812174e-01
9.941582880229736796e-01
9.943548317763974964e-01
9.945534912644844461e-01
9.947536422179724669e-01
9.949546738948142899e-01
9.951559916013194007e-01
9.953570190449854138e-01
9.955572005100741251e-01
9.957560028482714820e-01
9.959529172780460238e-01
9.961474609876063147e-01
9.963391785376638499e-01
9.965276430615565006e-01
9.967124572616863354e-01
9.968932542026837096e-01
9.970696979032207530e-01
9.972414837299604651e-01
9.974083385987053685e-01
9.975700209893956227e-01
9.977263207831398306e-01
9.978770589309146066e-01
9.980220869648784854e-01
9.981612863643675171e-01
9.982945677895141978e-01
9.984218701960074771e-01
9.985431598447548351e-01
9.986584292200776369e-01
9.987676958695645979e-01
9.988710011778267894e-01
9.989684090851738141e-01
9.990600047607317569e-01
9.991458932378143309e-01
9.992261980175651814e-01
9.993010596451269434e-01
9.993706342609868232e-01
9.994350921288602807e-01
9.994946161405904306e-01
9.995494002982044934e-01
9.995996481735113237e-01
9.996455713464994508e-01
9.996873878252662271e-01
9.997253204522082992e-01
9.997595953036085836e-01
9.997904400923985913e-01
