9.997975740522762056e-01
9.997681078712129521e-01
9.997354257296099389e-01
9.996993229011978954e-01
9.996595969745689647e-01
9.996160491505463597e-01
9.995684854873517766e-01
9.995167180829090947e-01
9.994605661872296709e-01
9.993998572412573500e-01
9.993344278416299575e-01
9.992641246334021954e-01
9.991888051347652677e-01
9.991083384991553684e-01
9.990226062208716895e-01
9.989315027904593913e-01
9.988349363057541508e-01
9.987328290437180733e-01
9.986251179971603609e-01
9.985117553792343115e-01
9.983927090973627738e-01
9.982679631970645673e-01
9.981375182751085484e-01
9.980013918605816770e-01
9.978596187618530289e-01
9.977122513770610990e-01
9.975593599656520372e-01
9.974010328786286905e-01
9.972373767455133819e-01
9.970685166165322855e-01
9.968945960591750755e-01
9.967157772090093903e-01
9.965322407753987033e-01
9.963441860035419095e-01
9.961518305949771390e-01
9.959554105893230203e-01
9.957551802105416572e-01
9.955514116813409808e-01
9.953443950094734705e-01
9.951344377495877636e-01
9.949218647439396213e-01
9.947070178446409949e-01
9.944902556192205534e-01
9.942719530400931927e-01
9.940525011570956471e-01
9.938323067505756558e-01
9.936117919606650695e-01
9.933913938863632165e-01
9.931715641459768484e-01
9.929527683883734301e-01
9.927354857424723900e-01
9.925202081905132312e-01
9.923074398489695191e-01
9.920976961395915339e-01
9.918915028320363092e-01
9.916893949389183893e-01
9.914919154439395532e-01
9.912996138440473004e-01
9.911130444873322842e-01
9.909327646896032293e-01
9.907593326142302148e-01
9.905933049018936787e-01
9.904352340392653664e-01
9.902856654583174212e-01
9.901451343608684841e-01
9.900141622660638685e-01
9.898932532817338315e-01
9.897828901039308347e-01
9.896835297524141373e-01
9.895955990534034408e-01
9.895194898845637299e-01
9.894555542008971472e-01
9.894040988639851708e-01
9.893653803008031211e-01
9.893395990220630321e-01
9.893268940336373829e-01
9.893273371779593983e-01
9.893409274452492630e-01
9.893675852968190076e-01
9.894071470443979166e-01
9.894593593302329904e-01
9.895238737525224870e-01
9.896002416794082990e-01
9.896879092922409304e-01
9.897862128951100402e-01
9.898943745227667401e-01
9.900114978731489046e-01
9.901365645839370622e-01
9.902684308651148459e-01
9.904058244916574827e-01
9.905473421524744193e-01
9.906914471438950098e-01
9.908364673885597940e-01
9.909805937538281873e-01
9.911218786379425438e-01
9.912582347873795108e-01
9.913874343051853888e-01
9.915071078077184463e-01
9.916147436861393327e-01
9.917076874291759214e-01
9.917831409651212127e-01
9.918381619836140750e-01
9.918696632014355474e-01
9.918744115412303497e-01
9.918490271976683204e-01
9.917899825719983520e-01
9.916936010631935972e-01
9.915560557118804352e-01
9.913733677020002411e-01
9.911414047346605027e-01
9.908558792989354824e-01
9.905123468754923888e-01
9.901062041208888997e-01
9.896326870932165010e-01
9.890868695934277310e-01
9.884636617111234314e-01
9.877578086786430456e-01
9.869638901527952868e-01
9.860763200592017608e-01
9.850893471496152687e-01
9.839970564372872985e-01
9.827933716889585281e-01
9.814720591637912106e-01
9.800267327989619082e-01
9.784508610481257307e-01
9.767377755820173535e-01
9.748806820596186418e-01
9.728726731732365574e-01
9.707067441612547976e-01
9.683758109681414039e-01
9.658727312125241493e-01
9.631903281009432938e-01
9.603214173975095358e-01
9.572588375284943885e-01
9.539954828662990938e-01
9.505243401997557351e-01
9.468385283578317768e-01
9.429313409120564371e-01
9.387962918398752299e-01
9.344271639871855051e-01
9.298180601240023657e-01
9.249634563430255696e-01
9.198582575073256384e-01
9.144978544108993690e-01
9.088781822749809614e-01
9.029957801642336523e-01
8.968478508708395136e-01
8.904323207816056129e-01
8.837478992141095668e-01
8.767941366832079364e-01
8.695714815395370056e-01
8.620813344075251017e-01
8.543260998424873076e-01
8.463092346250626896e-01
8.380352921170286518e-01
8.295099621156909464e-01
8.207401056647943838e-01
8.117337843082688131e-01
8.025002833089552867e-01
7.930501283974362714e-01
7.833950956656579034e-01
7.735482142754597223e-01
7.635237617124703835e-01
7.533372513799894143e-01
7.430054123942086974e-01
7.325461615101220847e-01
7.219785671753485845e-01
7.113228057755182077e-01
7.006001101986212287e-01
6.898327109056876516e-01
6.790437697504672077e-01
6.682573068408168560e-01
6.574981207788973547e-01
6.467917026560040528e-01
6.361641442111461986e-01
6.256420405908327265e-01
6.152523881716447374e-01
6.050224779279659293e-01
5.949797848456221949e-01
5.851518538992228624e-01
5.755661831275387108e-01
5.662501043581293914e-01
5.572306621503104740e-01
5.485344915446958014e-01
5.401876952281612354e-01
5.322157207449269567e-01
5.246432384070854882e-01
5.174940205806024540e-01
5.107908230446256415e-01
5.045552691417598545e-01
4.988077374535533348e-01
4.935672537475453980e-01
4.888513879486046099e-01
4.846761568868044323e-01
4.810559335657459412e-01
4.780033636782982098e-01
4.755292900706528103e-01
4.736426858201269185e-01
4.723505965473554502e-01
4.716580925296812721e-01
4.715682311202664678e-01
4.720820299074433013e-01
4.731984509721448573e-01
4.749143965188509231e-01
4.772247160686313716e-01
4.801222253126259387e-01
4.835977366318902071e-01
4.876401011959543563e-01
4.922362624587498514e-01
4.973713207775670719e-01
5.030286087892598124e-01
5.091897770886062435e-01
5.158348896672624306e-01
5.229425284885680369e-01
5.304899064941810405e-01
5.384529882636199805e-01
5.468066174779127042e-01
5.555246502742738901e-01
5.645800935208471483e-01
5.739452469898286280e-01
5.835918483645787802e-01
5.934912199826583024e-01
6.036144161929359875e-01
6.139323701920058607e-01
6.244160392039581620e-01
6.350365468788303769e-01
6.457653218093253322e-01
6.565742311030338119e-01
6.674357079984631902e-01
6.783228725774157475e-01
6.892096447031497153e-01
7.000708484024418254e-01
7.108823070088808871e-01
7.216209284930983348e-01
7.322647805213318151e-01
7.427931549048695237e-01
7.531866212273866656e-01
7.634270695627998204e-01
7.734977423208094782e-01
7.833832553785810004e-01
7.930696087729656174e-01
8.025441873363039491e-01
8.117957517584698524e-01
8.208144206468503956e-01
8.295916442331980889e-01
8.381201704407233999e-01
8.463940040758044514e-01
8.544083599458620615e-01
8.621596107282857302e-01
8.696452304249974175e-01
8.768637342338627683e-01
8.838146156524808728e-01
8.904982816029129999e-01
8.969159863288711509e-01
9.030697647711422027e-01
9.089623660740627775e-01
9.145971878172273195e-01
9.199782115039070174e-01
9.251099397724309448e-01
9.299973357305265642e-01
9.346457647467569796e-01
9.390609389689753561e-01
9.432488647782708568e-01
9.472157933291256438e-01
9.509681742731949106e-01
9.545126127158078955e-01
9.578558294113281857e-01
9.610046241660905597e-01
9.639658423857637715e-01
9.667463446775311775e-01
9.693529793961935814e-01
9.717925580067976465e-01
9.740718331242668171e-01
9.761974790822470771e-01
9.781760748784841253e-01
9.800140893419849730e-01
9.817178683674891992e-01
9.832936240649079451e-01
9.847474256749597643e-01
9.860851921068665149e-01
9.873126859593718274e-01
9.884355088922585075e-01
9.894590982218004482e-01
9.903887246200536731e-01
9.912294908045009567e-01
9.919863311112687709e-01
9.926640118519124423e-01
9.932671323605967162e-01
9.938001266453713178e-01
9.942672655641168200e-01
9.946726594525530096e-01
9.950202611383963669e-01
9.953138692821993372e-01
9.955571319915057504e-01
9.957535506605716957e-01
9.959064839929115953e-01
9.960191521682362215e-01
9.960946411188709160e-01
9.961359068834503283e-01
9.961457800075927960e-01
9.961269699624335505e-01
9.960820695524518209e-01
9.960135592841323771e-01
9.959238116668408525e-01
9.958150954170874591e-01
9.956895795373159608e-01
9.955493372406916119e-01
9.953963496942461742e-01
9.952325095543073097e-01
9.950596242704763394e-01
9.948794191375451845e-01
9.946935400786367509e-01
9.945035561474249164e-01
9.943109617424085167e-01
9.941171785317177712e-01
9.939235570926181484e-01
9.937313782755595737e-01
9.935418543080748455e-01
9.933561296588887535e-01
9.931752816870823564e-01
9.930003211049227563e-01
9.928321922859294490e-01
9.926717734518242242e-01
9.925198767731882032e-01
9.923772484189351539e-01
9.922445685891523315e-01
9.921224515645397091e-01
9.920114458036920491e-01
9.919120341169432864e-01
9.918246339425564884e-01
9.917495977478271163e-01
9.916872135743126648e-01
9.916377057430149078e-01
9.916012357320366233e-01
9.915779032360833023e-01
9.915677474142481351e-01
9.915707483298250580e-01
9.915868285834582574e-01
9.916158551387279640e-01
9.916576413372728549e-01
9.917119490987020836e-01
9.917784912988232282e-01
9.918569343180501097e-01
9.919469007502281777e-01
9.920479722605121120e-01
9.921596925793313426e-01
9.922815706179193285e-01
9.924130836893813035e-01
9.925536808178777592e-01
9.927027861172680323e-01
9.928598022195357364e-01
9.930241137325562795e-01
9.931950907063125111e-01
9.933720920865299897e-01
9.935544691349086355e-01
9.937415687956515642e-01
9.939327369888110164e-01
9.941273218120429966e-01
9.943246766336329978e-01
9.945241630610671679e-01
9.947251537709245195e-01
9.949270351873984453e-01
9.951292099982821382e-01
9.953310994987430993e-01
9.955321457546432162e-01
9.957318135785359070e-01
9.959295923127913230e-01
9.961249974155791387e-01
9.963175718466991126e-01
9.965068872515124854e-01
9.966925449425102501e-01
9.968741766793739467e-01
9.970514452497543090e-01
9.972240448544004154e-01
9.973917013017161715e-01
9.975541720182816707e-01
9.977112458833038433e-01
9.978627428963451340e-01
9.980085136889348396e-01
9.981484388917726269e-01
9.982824283701132728e-01
9.984104203405301803e-01
9.985323803825408850e-01
9.986483003585160390e-01
9.987581972548499332e-01
9.988621119565627149e-01
9.989601079663487093e-01
9.990522700776429676e-01
9.991387030096176014e-01
9.992195300102614253e-01
9.992948914319432774e-01
9.993649432822627743e-01
9.994298557516746451e-01
9.994898117184690678e-01
9.995450052313007427e-01
9.995956399696552808e-01
9.996419276834596079e-01
9.996840866144595106e-01
9.997223399039362191e-01
9.997569139936990368e-01
9.997880370299107033e-01
