9.997976857787804761e-01
9.997682336157879268e-01
9.997355666062208712e-01
9.996994800296719053e-01
9.996597714713635341e-01
9.996162421193458547e-01
9.995686980096553098e-01
9.995169512087718200e-01
9.994608209263062815e-01
9.994001345542823378e-01
9.993347286324530954e-01
9.992644497416744986e-01
9.991891553293487105e-01
9.991087144723093116e-01
9.990230085832416673e-01
9.989319320668764712e-01
9.988353929318297686e-01
9.987333133632032567e-01
9.986256302600189372e-01
9.985122957403688160e-01
9.983932776159183398e-01
9.982685598362247559e-01
9.981381429022919693e-01
9.980020442479407006e-01
9.978602985869711173e-01
9.977129582237455052e-01
9.975600933247164015e-01
9.974017921485647253e-01
9.972381612329532796e-01
9.970693255364151408e-01
9.968954285345392741e-01
9.967166322703473469e-01
9.965331173595286529e-01
9.963450829519727714e-01
9.961527466517620111e-01
9.959563443984247311e-01
9.957561303127568930e-01
9.955523765108553746e-01
9.953453728901430209e-01
9.951354268910643786e-01
9.949228632377746795e-01
9.947080236605141401e-01
9.944912666014505964e-01
9.942729669045867746e-01
9.940535154888882063e-01
9.938333190021091390e-01
9.936127994509316164e-01
9.933923938010275068e-01
9.931725535385670378e-01
9.929537441826074007e-01
9.927364447357633903e-01
9.925211470586782214e-01
9.923083551521385548e-01
9.920985843293047557e-01
9.918923602594981181e-01
9.916902178643693944e-01
9.914927000471013274e-01
9.913003562355890974e-01
9.911137407213108652e-01
9.909334107768236199e-01
9.907599245364734353e-01
9.905938386269566021e-01
9.904357055367467577e-01
9.902860707160767717e-01
9.901454694020628278e-01
9.900144231666484496e-01
9.898934361882806288e-01
9.897829912515885287e-01
9.896835454827931366e-01
9.895955258321331716e-01
9.895193243182272003e-01
9.894552930530149393e-01
9.894037390696870382e-01
9.893649189798036092e-01
9.893390334895441063e-01
9.893262218086391613e-01
9.893265559888946292e-01
9.893400352321833902e-01
9.893665802102019624e-01
9.894060274399916199e-01
9.894581237600519330e-01
9.895225209516876896e-01
9.895987705489140973e-01
9.896863188777331732e-01
9.897845023618874194e-01
9.898925431273221109e-01
9.900095449316803631e-01
9.901344894383572459e-01
9.902662328471862896e-01
9.904035028859611289e-01
9.905448961589911061e-01
9.906888758410293816e-01
9.908337696974737208e-01
9.909777684049602131e-01
9.911189241405889971e-01
9.912551494031792698e-01
9.913842160263048875e-01
9.915037543404653375e-01
9.916112524406434092e-01
9.917040555156763082e-01
9.917793651972834912e-01
9.918342388891748795e-01
9.918655890403431652e-01
9.918701823313198496e-01
9.918446387477788395e-01
9.917854305223217093e-01
9.916888809325288268e-01
9.915511629513745762e-01
9.913682977548702313e-01
9.911361531013284099e-01
9.908504416069590093e-01
9.905067189536422845e-01
9.901003820767064756e-01
9.896266673933812319e-01
9.890806491462674765e-01
9.884572379506122441e-01
9.877511796492405294e-01
9.869570545944966744e-01
9.860692774921701043e-01
9.850820979577732395e-01
9.839896019502336610e-01
9.827857142615649133e-01
9.814642022528092813e-01
9.800186810359463596e-01
9.784426203079465978e-01
9.767293530462064499e-01
9.748720862737692006e-01
9.728639140976536037e-01
9.706978332140490107e-01
9.683667610599621112e-01
9.658635567721494120e-01
9.631810450909850108e-01
9.603120433195442285e-01
9.572493914170090434e-01
9.539859852709267063e-01
9.505148131553790014e-01
9.468289953422475147e-01
9.429218267910077778e-01
9.387868227993860781e-01
9.344177674532485600e-01
9.298087646697880126e-01
9.249542915838905310e-01
9.198492539839948634e-01
9.144890434612858998e-01
9.088695958951793497e-01
9.029874508592881099e-01
8.968398114959377221e-01
8.904246043743854200e-01
8.837405388188025457e-01
8.767871651673599942e-01
8.695649314040663214e-01
8.620752375908903309e-01
8.543204875197476511e-01
8.463041370026210819e-01
8.380307382238569858e-01
8.295059795918495738e-01
8.207367205480701200e-01
8.117310208197726640e-01
8.024981636385472017e-01
7.930486724898753170e-01
7.833943210084204356e-01
7.735481356892217608e-01
7.635243911453259980e-01
7.533385977065623074e-01
7.430074812209310764e-01
7.325489549880885853e-01
7.219820838223021120e-01
7.113270403087150751e-01
7.006050533805152636e-01
6.898383494045872144e-01
6.790500860185404441e-01
6.682642790120442156e-01
6.575057225897696922e-01
6.467999033919484830e-01
6.361729086818039836e-01
6.256513291373833052e-01
6.152621567093873312e-01
6.050326780272763383e-01
5.949903638542297646e-01
5.851627551084384038e-01
5.755773459846551532e-01
5.662614647266664969e-01
5.572421526191093655e-01
5.485460417860885673e-01
5.401992324045579164e-01
5.322271699622025398e-01
5.246545232121218039e-01
5.175050634992912624e-01
5.108015461555912573e-01
5.045655946800440272e-01
4.988175884375584124e-01
4.935765546216983601e-01
4.888600652334914587e-01
4.846841398279861934e-01
4.810631547721057055e-01
4.780097597406192111e-01
4.755348021511717205e-01
4.736472602040890933e-01
4.723541851480639320e-01
4.716606533392196932e-01
4.715697285989235432e-01
4.720824353058908907e-01
4.731977425815497851e-01
4.749125598453510788e-01
4.772217439298975794e-01
4.801181178555739004e-01
4.835925012719204386e-01
4.876337524793933342e-01
4.922288218513888314e-01
4.973628163833256899e-01
5.030190750040142156e-01
5.091792541951167816e-01
5.158234233778742350e-01
5.229301694429475678e-01
5.304767097197956582e-01
5.384390126069436011e-01
5.467919250144747112e-01
5.555093057056574857e-01
5.645641635666016622e-01
5.739287997819743081e-01
5.835749528520304263e-01
5.934739453524007224e-01
6.035968313142288100e-01
6.139145430892762878e-01
6.243980365633700069e-01
6.350184335927753221e-01
6.457471605623689159e-01
6.565560820020724941e-01
6.674176282491026679e-01
6.783049162078250705e-01
6.891918623359375440e-01
7.000532870743884084e-01
7.108650100377273962e-01
7.216039353899763586e-01
7.322481269468834597e-01
7.427768726666104104e-01
7.531707383154581104e-01
7.634116102209003163e-01
7.734827271488198264e-01
7.833687014632013668e-01
7.930555298425403521e-01
8.025305939359570484e-01
8.117826514416759398e-01
8.208018181796332691e-01
8.295795418072742233e-01
8.381085678920887627e-01
8.463828991054769268e-01
8.543977483397600103e-01
8.621494865735050972e-01
8.696355863200675440e-01
8.768545614908889174e-01
8.838059044894170935e-01
8.904900213245471319e-01
8.969081654954381699e-01
9.030623713538024067e-01
9.089553875967837371e-01
9.145906114848953994e-01
9.199720243167456291e-01
9.251041286270333952e-01
9.299918875080032121e-01
9.346406663886593913e-01
9.390561775417877177e-01
9.432444275273503820e-01
9.472116677230367765e-01
9.509643480394098791e-01
9.545090738687503906e-01
9.578525662737129576e-01
9.610016253844698708e-01
9.639630969411306927e-01
9.667438418917593257e-01
9.693507089350105188e-01
9.717905098799066721e-01
9.740699976831435070e-01
9.761958470160586598e-01
9.781746372084965113e-01
9.800128374147559773e-01
9.817167938470801047e-01
9.832927189242959276e-01
9.847466821867859599e-01
9.860846028336229807e-01
9.873122437431026688e-01
9.884352068438336802e-01
9.894589297098107528e-01
9.903886832593676859e-01
9.912295704445290845e-01
9.919865258239805028e-01
9.926643159196618660e-01
9.932675402638199147e-01
9.938006330502302532e-01
9.942678653101751918e-01
9.946733475405812319e-01
9.950210327184119130e-01
9.953147196418590248e-01
9.955580565449730912e-01
9.957545449379862079e-01
9.959075436305901974e-01
9.960202728997348265e-01
9.960958187670276853e-01
9.961371373535243823e-01
9.961470592815976355e-01
9.961282940947466802e-01
9.960834346667608585e-01
9.960149615717512894e-01
9.959252473864027566e-01
9.958165608955863446e-01
9.956910711724402674e-01
9.955508515043547391e-01
9.953978831371882441e-01
9.952340588116104225e-01
9.950611860678060250e-01
9.948809902979058872e-01
9.946951175294125314e-01
9.945051369274603426e-01
9.943125430088848304e-01
9.941187575665764165e-01
9.939251313083028450e-01
9.937329452198622182e-01
9.935434116679026095e-01
9.933576752628049400e-01
9.931768135065150993e-01
9.930018372539821669e-01
9.928336910198233278e-01
9.926732531639117507e-01
9.925213359907596455e-01
9.923786857978489362e-01
9.922459829074998794e-01
9.921238417155386902e-01
9.920128107880307189e-01
9.919133730348103084e-01
9.918259459855909288e-01
9.917508821912162098e-01
9.916884697692452955e-01
9.916389331096725490e-01
9.916024337532706179e-01
9.915790714518896154e-01
9.915688854171103017e-01
9.915718557609551898e-01
9.915879051299282265e-01
9.916169005314465767e-01
9.916586553497338530e-01
9.917129315464062733e-01
9.917794420392588295e-01
9.918578532511042045e-01
9.919477878189030262e-01
9.920488274518169947e-01
9.921605159252342432e-01
9.922823621962517660e-01
9.924138436246064954e-01
9.925544092816492858e-01
9.927034833287250448e-01
9.928604684452962958e-01
9.930247492863907288e-01
9.931956959484893321e-01
9.933726674228413600e-01
9.935550150153930060e-01
9.937420857130364604e-01
9.939332254767051511e-01
9.941277824429097798e-01
9.943251100165764189e-01
9.945245698394640232e-01
9.947255346199311843e-01
9.949273908113607234e-01
9.951295411280737246e-01
9.953314068890547484e-01
9.955324301812429333e-01
9.957320758355200363e-01
9.959298332098419637e-01
9.961252177752465409e-01
9.963177725017252628e-01
9.965070690422128674e-01
9.966927087142311015e-01
9.968743232800434395e-01
9.970515755275444203e-01
9.972241596555170284e-01
9.973918014683321731e-01
9.975542583866237045e-01
9.977113192819033749e-01
9.978628041444524976e-01
9.980085635950950440e-01
9.981484782525493760e-01
9.982824579689441036e-01
9.984104409466832974e-01
9.985323927501430497e-01
9.986483052256113213e-01
9.987581953424481407e-01
9.988621039676340851e-01
9.989600945847262325e-01
9.990522519667954793e-01
9.991386808112698859e-01
9.992195043428455659e-01
9.992948628888816964e-01
9.993649124300981734e-01
9.994298231280790423e-01
9.994897778301808922e-01
9.995449705520512707e-01
9.995956049381604647e-01
9.996418927015596756e-01
9.996840520454935985e-01
9.997223060714371945e-01
9.997568811804893318e-01
9.997880054776659975e-01
