9.997987409687157934e-01
9.997694592043822048e-01
9.997369833991043286e-01
9.997011102872322974e-01
9.996616388624133265e-01
9.996183716546084286e-01
9.995711159551112779e-01
9.995196849793295257e-01
9.994638989606796642e-01
9.994035861723571390e-01
9.993385838767787632e-01
9.992687392050344508e-01
9.991939099706180771e-01
9.991139654230001277e-01
9.990287869472657123e-01
9.989382687161130203e-01
9.988423183000820771e-01
9.987408572410596541e-01
9.986338215930169460e-01
9.985211624326916224e-01
9.984028463416533272e-01
9.982788558599802187e-01
9.981491899107181043e-01
9.980138641934398480e-01
9.978729115446123288e-01
9.977263822621309508e-01
9.975743443912786779e-01
9.974168839695120026e-01
9.972541052278161011e-01
9.970861307468907864e-01
9.969131015670723572e-01
9.967351772516268582e-01
9.965525359038277520e-01
9.963653741389999485e-01
9.961739070134525420e-01
9.959783679128656475e-01
9.957790084032336342e-01
9.955760980478371991e-01
9.953699241938989140e-01
9.951607917325421271e-01
9.949490228353895516e-01
9.947349566705953050e-01
9.945189491002897064e-01
9.943013723603316700e-01
9.940826147219180564e-01
9.938630801330179398e-01
9.936431878358105152e-01
9.934233719543625885e-01
9.932040810447312351e-01
9.929857775975896583e-01
9.927689374814218093e-01
9.925540493123878871e-01
9.923416137352070177e-01
9.921321425979142683e-01
9.919261580021933034e-01
9.917241912102218171e-01
9.915267813886524673e-01
9.913344741704995799e-01
9.911478200163486019e-01
9.909673723574213833e-01
9.907936855046165503e-01
9.906273123096449584e-01
9.904688015667614254e-01
9.903186951462860099e-01
9.901775248540689578e-01
9.900458090142177925e-01
9.899240487757273721e-01
9.898127241471034177e-01
9.897122897666099650e-01
9.896231704193814149e-01
9.895457563163165826e-01
9.894803981533768500e-01
9.894274019736387649e-01
9.893870238581498056e-01
9.893594644752524703e-01
9.893448635214904252e-01
9.893432940903884587e-01
9.893547570081752118e-01
9.893791751777492038e-01
9.894163879737297718e-01
9.894661457321328735e-01
9.895281043779451391e-01
9.896018202325387314e-01
9.896867450404114308e-01
9.897822212511619977e-01
9.898874775879494825e-01
9.900016249280555458e-01
9.901236525147347756e-01
9.902524245124831870e-01
9.903866769104439083e-01
9.905250147711356368e-01
9.906659098143133502e-01
9.908076983187945608e-01
9.909485793187442493e-01
9.910866130654015782e-01
9.912197197207089916e-01
9.913456782458778260e-01
9.914621254456628119e-01
9.915665551280414824e-01
9.916563173390873231e-01
9.917286176340557313e-01
9.917805163479842534e-01
9.918089278323978242e-01
9.918106196288997145e-01
9.917822115554764117e-01
9.917201746871783241e-01
9.916208302194294832e-01
9.914803482095588816e-01
9.912947462002388299e-01
9.910598877374011684e-01
9.907714808049231658e-01
9.904250762089881199e-01
9.900160659565787613e-01
9.895396816850796640e-01
9.889909932134369752e-01
9.883649072996919527e-01
9.876561667048263660e-01
9.868593496785249553e-01
9.859688699983721882e-01
9.849789777097595067e-01
9.838837607289190323e-01
9.826771474854760768e-01
9.813529107931359130e-01
9.799046731469873706e-01
9.783259136528210664e-01
9.766099767972707957e-01
9.747500832670255022e-01
9.727393430204561708e-01
9.705707708055109073e-01
9.682373043035513716e-01
9.657318250599596920e-01
9.630471823390166497e-01
9.601762200130125047e-01
9.571118065641965877e-01
9.538468682434557699e-01
9.503744253920471952e-01
9.466876318928241218e-01
9.427798176757332671e-01
9.386445341594410463e-01
9.342756024672925763e-01
9.296671642118843337e-01
9.248137345988359792e-01
9.197102575573076200e-01
9.143521625629166261e-01
9.087354227783959182e-01
9.028566140991184374e-01
8.967129746549828972e-01
8.903024642876602446e-01
8.836238234934075120e-01
8.766766312971424613e-01
8.694613615038526699e-01
8.619794367592541473e-01
8.542332798435033903e-01
8.462263616202051475e-01
8.379632450683850431e-01
8.294496248378651071e-01
8.206923617887806888e-01
8.116995120038693612e-01
8.024803497975337985e-01
7.930453842881761695e-01
7.834063691494278503e-01
7.735763052109021487e-01
7.635694356390467785e-01
7.534012334924752308e-01
7.430883815125746139e-01
7.326487440778914895e-01
7.221013313184161397e-01
7.114662554521344884e-01
7.007646794698016990e-01
6.900187583537800151e-01
6.792515730721074840e-01
6.684870576390792296e-01
6.577499195782490204e-01
6.470655541628127505e-01
6.364599528421073238e-01
6.259596062919168258e-01
6.155914025511346477e-01
6.053825207289688093e-01
5.953603207861986046e-01
5.855522299119505503e-01
5.759856260349505153e-01
5.666877190259004271e-01
5.576854301661275937e-01
5.490052704772192538e-01
5.406732185269844670e-01
5.327145983486085701e-01
5.251539581316466698e-01
5.180149503649085219e-01
5.113202141312278570e-01
5.050912602715921240e-01
4.993483601498626134e-01
4.941104387582166968e-01
4.893949729062950782e-01
4.852178952328841666e-01
4.815935047669539504e-01
4.785343847443555010e-01
4.760513283572518350e-01
4.741532730751354396e-01
4.728472441294794271e-01
4.721383076989721372e-01
4.720295342696673169e-01
4.725219725750489097e-01
4.736146344459823965e-01
4.753044908208351460e-01
4.775864790828364681e-01
4.804535218060130841e-01
4.838965569038496950e-01
4.879045790870433219e-01
4.924646924491351552e-01
4.975621739121478537e-01
5.031805471790704587e-01
5.093016667567312750e-01
5.159058115315604542e-01
5.229717873024131158e-01
5.304770375993943521e-01
5.383977620458482161e-01
5.467090414530033637e-01
5.553849687736382990e-01
5.643987849834317672e-01
5.737230189071480524e-01
5.833296299624136649e-01
5.931901527576950439e-01
6.032758424541110331e-01
6.135578197840836356e-01
6.240072146144663989e-01
6.345953069486056641e-01
6.452936642814459667e-01
6.560742742547607254e-01
6.669096716060554098e-01
6.777730584645094147e-01
6.886384171200247151e-01
6.994806144762457656e-01
7.102754974941406507e-01
7.209999790379737483e-01
7.316321136485199883e-01
7.421511628872586863e-01
7.525376500179479233e-01
7.627734039162112900e-01
7.728415922213681677e-01
7.827267438654935683e-01
7.924147612304969224e-01
8.018929222928918854e-01
8.111498732161384062e-01
8.201756119403886824e-01
8.289614633979199843e-01
8.375000470484543769e-01
8.457852374812651064e-01
8.538121188700701358e-01
8.615769340920652608e-01
8.690770293343482722e-01
8.763107950098222299e-01
8.832776037912450917e-01
8.899777465473688309e-01
8.964123669302489494e-01
9.025833953191491066e-01
9.084934827754643782e-01
9.141459356062598962e-01
9.195446510729397005e-01
9.246940547177499026e-01
9.295990397157898322e-01
9.342649085953219634e-01
9.386973176057262780e-01
9.429022239515311155e-01
9.468858360535200580e-01
9.506545669447067359e-01
9.542149908605582764e-01
9.575738030395989364e-01
9.607377827126409864e-01
9.637137592264054531e-01
9.665085812200895354e-01
9.691290887512821195e-01
9.715820882501928768e-01
9.738743301680221620e-01
9.760124891760070254e-01
9.780031467657516187e-01
9.798527760983756218e-01
9.815677289493410784e-01
9.831542245970699145e-01
9.846183405062567395e-01
9.859660046607514605e-01
9.872029894057361421e-01
9.883349066644231407e-01
9.893672044004649946e-01
9.903051642035735069e-01
9.911538998823984370e-01
9.919183569554650415e-01
9.926033129378719622e-01
9.932133783284767814e-01
9.937529982094047698e-01
9.942264543768565277e-01
9.946378679292927627e-01
9.949912022460362104e-01
9.952902662960481095e-01
9.955387182229767928e-01
9.957400691583992991e-01
9.958976872203759712e-01
9.960148016588846742e-01
9.960945071133403550e-01
9.961397679501980962e-01
9.961534226505949219e-01
9.961381882191941983e-01
9.960966645859558044e-01
9.960313389726458411e-01
9.959445901957071356e-01
9.958386928768601098e-01
9.957158215327024386e-01
9.955780545148422700e-01
9.954273777728990247e-01
9.952656884141852789e-01
9.950947980361162237e-01
9.949164358104208850e-01
9.947322513020129264e-01
9.945438170098404029e-01
9.943526306220545896e-01
9.941601169832339213e-01
9.939676297770069224e-01
9.937764529330187502e-01
9.935878017725942035e-01
9.934028239124722548e-01
9.932225999504680214e-01
9.930481439607129479e-01
9.928804038291484391e-01
9.927202614621206678e-01
9.925685329022394532e-01
9.924259683861179626e-01
9.922932523782541647e-01
9.921710036142179501e-01
9.920597751845665613e-01
9.919600546886305770e-01
9.918722644846227343e-01
9.917967620595307121e-01
9.917338405390970779e-01
9.916837293549595200e-01
9.916465950828219356e-01
9.916225424624268703e-01
9.916116156071455023e-01
9.916137994082352414e-01
9.916290211362319695e-01
9.916571522395514204e-01
9.916980103381286549e-01
9.917513614078226070e-01
9.918169221492968424e-01
9.918943625331481106e-01
9.919833085111657844e-01
9.920833448817647504e-01
9.921940182958475241e-01
9.923148403876501655e-01
9.924452910135403982e-01
9.925848215803165786e-01
9.927328584433499081e-01
9.928888063539730302e-01
9.930520519348757791e-01
9.932219671619667567e-01
9.933979128311996032e-01
9.935792419892423011e-01
9.937653033075688480e-01
9.939554443805328487e-01
9.941490149291913880e-01
9.943453698940288854e-01
9.945438724012262144e-01
9.947438965886679085e-01
9.949448302794309251e-01
9.951460774920218855e-01
9.953470607780829926e-01
9.955472233796772707e-01
9.957460311995751656e-01
9.959429745792192090e-01
9.961375698802583667e-01
9.963293608667381784e-01
9.965179198862392784e-01
9.967028488494940053e-01
9.968837800092917867e-01
9.970603765408294628e-01
9.972323329270520453e-01
9.973993751539781405e-01
9.975612607224568773e-01
9.977177784842585773e-01
9.978687483117890666e-01
9.980140206120066138e-01
9.981534756962424648e-01
9.982870230185275640e-01
9.984146002956570953e-01
9.985361725225253560e-01
9.986517308962061801e-01
9.987612916618159309e-01
9.988648948923801729e-01
9.989626032137555178e-01
9.990545004841983046e-01
9.991406904364832364e-01
9.992212952886899702e-01
9.992964543279915235e-01
9.993663224701498926e-01
9.994310687960822337e-01
9.994908750659294849e-01
9.995459342106559619e-01
9.995964488013943106e-01
9.996426294975639948e-01
9.996846934762202430e-01
9.997228628470473666e-01
9.997573630598060035e-01
9.997884213136819520e-01
