9.997977536872888482e-01
9.997683295256831748e-01
9.997356973372227840e-01
9.996996534985201910e-01
9.996599967820370969e-01
9.996165296476162698e-01
9.995690594797487227e-01
9.995173997599060556e-01
9.994613711669333433e-01
9.994008026019931545e-01
9.993355321376967693e-01
9.992654078936993312e-01
9.991902888430836960e-01
9.991100455552616166e-01
9.990245608818794087e-01
9.989337305923826626e-01
9.988374639655392961e-01
9.987356843424577413e-01
9.986283296455806813e-01
9.985153528669108436e-01
9.983967225274432700e-01
9.982724231085515765e-01
9.981424554549755968e-01
9.980068371481560785e-01
9.978656028479915285e-01
9.977188046006787436e-01
9.975665121101324750e-01
9.974088129705577233e-01
9.972458128580359293e-01
9.970776356794505135e-01
9.969044236776833934e-01
9.967263374927123332e-01
9.965435561789893759e-01
9.963562771802358942e-01
9.961647162635095532e-01
9.959691074150298640e-01
9.957697027007627044e-01
9.955667720951074662e-01
9.953606032811778137e-01
9.951515014260776670e-01
9.949397889342371792e-01
9.947258051812539748e-01
9.945099062297979575e-01
9.942924645279718199e-01
9.940738685890992965e-01
9.938545226502698560e-01
9.936348463051312141e-01
9.934152741044652846e-01
9.931962551160393726e-01
9.929782524331934868e-01
9.927617426196578831e-01
9.925472150762790768e-01
9.923351713137384955e-01
9.921261241140482134e-01
9.919205965626577415e-01
9.917191209324562884e-01
9.915222374008437756e-01
9.913304925813795077e-01
9.911444378523120990e-01
9.909646274655200537e-01
9.907916164210278653e-01
9.906259580942632370e-01
9.904682016055345040e-01
9.903188889237862780e-01
9.901785516994889846e-01
9.900477078244872553e-01
9.899268577197420926e-01
9.898164803551439128e-01
9.897170290089121192e-01
9.896289267775620901e-01
9.895525618509752874e-01
9.894882825707760343e-01
9.894363922939604095e-01
9.893971440875044543e-01
9.893707352834428814e-01
9.893573019275503366e-01
9.893569131581596565e-01
9.893695655546679291e-01
9.893951774977405300e-01
9.894335835849569216e-01
9.894845291464769987e-01
9.895476649051039297e-01
9.896225418237556415e-01
9.897086061807734980e-01
9.898051949096866586e-01
9.899115312350570406e-01
9.900267206299880884e-01
9.901497471139476536e-01
9.902794699019750180e-01
9.904146204083712490e-01
9.905537995998980882e-01
9.906954756856304334e-01
9.908379821232015106e-01
9.909795159145063925e-01
9.911181361582035443e-01
9.912517628217566434e-01
9.913781756924037181e-01
9.914950134643970570e-01
9.915997729191545762e-01
9.916898081555642896e-01
9.917623298295378254e-01
9.918144043649350650e-01
9.918429531020652723e-01
9.918447513550298078e-01
9.918164273550831300e-01
9.917544610638883151e-01
9.916551828479519548e-01
9.915147720136008314e-01
9.913292552106031108e-01
9.910945047219300585e-01
9.908062366672472088e-01
9.904600091585356036e-01
9.900512204578253428e-01
9.895751071993834636e-01
9.890267427518438792e-01
9.884010358096207982e-01
9.876927293174186939e-01
9.868963998465301035e-01
9.860064575566356293e-01
9.850171468916377737e-01
9.839225481722345679e-01
9.827165802609743039e-01
9.813930044868918179e-01
9.799454300259362594e-01
9.783673209397101278e-01
9.766520050780220785e-01
9.747926850499625262e-01
9.727824514632731345e-01
9.706142986224528535e-01
9.682811428621913574e-01
9.657758436743515418e-01
9.630912277639543939e-01
9.602201161426945353e-01
9.571553543377633311e-01
9.538898457595789138e-01
9.504165882348982741e-01
9.467287136721854734e-01
9.428195307845650408e-01
9.386825707527026719e-01
9.343116356660422506e-01
9.297008495364947889e-01
9.248447116344206131e-01
9.197381518530746147e-01
9.143765877650986695e-01
9.087559829936806555e-01
9.028729064821694461e-01
8.967245922098394662e-01
8.903089988686667677e-01
8.836248689870593864e-01
8.766717869620325176e-01
8.694502354419688661e-01
8.619616494884038138e-01
8.542084679377870415e-01
8.461941813833542270e-01
8.379233762035110944e-01
8.294017740767629654e-01
8.206362664443903610e-01
8.116349434107795746e-01
8.024071166073976080e-01
7.929633355895248092e-01
7.833153973844482199e-01
7.734763488651660301e-01
7.634604816838029828e-01
7.532833195628116929e-01
7.429615978084147532e-01
7.325132349783052277e-01
7.219572967030429833e-01
7.113139517265442135e-01
7.006044202943242372e-01
6.898509150776787058e-01
6.790765748768688992e-01
6.683053913960375070e-01
6.575621294266440486e-01
6.468722408146754255e-01
6.362617726199336632e-01
6.257572699039100073e-01
6.153856736067551125e-01
6.051742139945897048e-01
5.951503001768245760e-01
5.853414062102357818e-01
5.757749543232566491e-01
5.664781958110591820e-01
5.574780901701624769e-01
5.488011830608856556e-01
5.404734837070628295e-01
5.325203423648603440e-01
5.249663285158814308e-01
5.178351104631090385e-01
5.111493370308529682e-01
5.049305220904118929e-01
4.991989326504304714e-01
4.939734812636075167e-01
4.892716235081732146e-01
4.851092613022056632e-01
4.815006528003419328e-01
4.784583296049721435e-01
4.759930219969523701e-01
4.741135928540520794e-01
4.728269808786508266e-01
4.721381537001625439e-01
4.720500713526132319e-01
4.725636605548590996e-01
4.736778001409536198e-01
4.753893179024381022e-01
4.776929990141167703e-01
4.805816061214710500e-01
4.840459110725851000e-01
4.880747381815288000e-01
4.926550188146712195e-01
4.977718569974398655e-01
5.034086056474063042e-01
5.095469529510777695e-01
5.161670183169808634e-01
5.232474572571268467e-01
5.307655744731595293e-01
5.386974443529746193e-01
5.470180380186340230e-01
5.557013560076962122e-01
5.647205656179664635e-01
5.740481419009235697e-01
5.836560112522788391e-01
5.935156965200254486e-01
6.035984625317600827e-01
6.138754609346845914e-01
6.243178732443105394e-01
6.348970510121256794e-01
6.455846520487752427e-01
6.563527716780216403e-01
6.671740680479325558e-01
6.780218805891689016e-01
6.888703407854810390e-01
6.996944745077474659e-01
7.104702952590123965e-01
7.211748877827024451e-01
7.317864815978237791e-01
7.422845141417603321e-01
7.526496833212279469e-01
7.628639893930259097e-01
7.729107662162769676e-01
7.827747020348255758e-01
7.924418500603309656e-01
8.018996292314832797e-01
8.111368156209792790e-01
8.201435250479376382e-01
8.289111875280770203e-01
8.374325142562900615e-01
8.457014578655145387e-01
8.537131667417241498e-01
8.614639341973234776e-01
8.689511433144945229e-01
8.761732082666047194e-01
8.831295129104099750e-01
8.898203474154672277e-01
8.962468436610899758e-01
9.024109100866848365e-01
9.083151666298375781e-01
9.139628803296061532e-01
9.193579021116620176e-01
9.245046052087282362e-01
9.294078256056436116e-01
9.340728048347087809e-01
9.385051353849624967e-01
9.427107089297637188e-01
9.466956675214212025e-01
9.504663578503169674e-01
9.540292886195391731e-01
9.573910910448089062e-01
9.605584824536020916e-01
9.635382329268487034e-01
9.663371349012672695e-01
9.689619756300216213e-01
9.714195123835858148e-01
9.737164502610530237e-01
9.758594224741304890e-01
9.778549729612302510e-01
9.797095411868713688e-01
9.814294489815781342e-01
9.830208892791224562e-01
9.844899166109180033e-01
9.858424392212725706e-01
9.870842126717722653e-01
9.882208348080707694e-01
9.892577419676533701e-01
9.902002063126266185e-01
9.910533341772062021e-01
9.918220653253194685e-01
9.925111730196004567e-01
9.931252648090552748e-01
9.936687839487929885e-01
9.941460113714548630e-01
9.945610681362647698e-01
9.949179182879094308e-01
9.952203720636246809e-01
9.954720893927936354e-01
9.956765836389211977e-01
9.958372255388946437e-01
9.959572472988690306e-01
9.960397468098118878e-01
9.960876919486849612e-01
9.961039249334017187e-01
9.960911667011456139e-01
9.960520212804648832e-01
9.959889801279186994e-01
9.959044264001289948e-01
9.958006391320962658e-01
9.956797972927777796e-01
9.955439836894049987e-01
9.953951886930175741e-01
9.952353137593322741e-01
9.950661747214545327e-01
9.948895048340868907e-01
9.947069575527796026e-01
9.945201090363159357e-01
9.943304603654044005e-01
9.941394394762936848e-01
9.939484028135487925e-01
9.937586367118240727e-01
9.935713585218454158e-01
9.933877175007707061e-01
9.932087954914879946e-01
9.930356074190791471e-01
9.928691016355341015e-01
9.927101601457898328e-01
9.925595987492490391e-01
9.924181671311453901e-01
9.922865489374926851e-01
9.921653618659850293e-01
9.920551578031943096e-01
9.919564230358748347e-01
9.918695785612612337e-01
9.917949805180726885e-01
9.917329207566500937e-01
9.916836275633684750e-01
9.916472665512913176e-01
9.916239417260452882e-01
9.916136967331399266e-01
9.916165162904744257e-01
9.916323278075488412e-01
9.916610031909142142e-01
9.917023608336079654e-01
9.917561677846803425e-01
9.918221420933598376e-01
9.918999553208832642e-01
9.919892352114830780e-01
9.920895685124606622e-01
9.922005039316609265e-01
9.923215552190357558e-01
9.924522043573479335e-01
9.925919048455053018e-01
9.927400850565595292e-01
9.928961516511418672e-01
9.930594930260878694e-01
9.932294827772889523e-01
9.934054831554288700e-01
9.935868484932487421e-01
9.937729285833248882e-01
9.939630719860303998e-01
9.941566292483358103e-01
9.943529560153455682e-01
9.945514160179030894e-01
9.947513839211624687e-01
9.949522480206700603e-01
9.951534127741623603e-01
9.953543011589341960e-01
9.955543568462319470e-01
9.957530461856602955e-01
9.959498599940675989e-01
9.961443151447835209e-01
9.963359559544513466e-01
9.965243553660401155e-01
9.967091159279545254e-01
9.968898705705037111e-01
9.970662831823527972e-01
9.972380489909670187e-01
9.974048947524604136e-01
9.975665787576628585e-01
9.977228906625973393e-01
9.978736511528703002e-01
9.980187114526825054e-01
9.981579526902166766e-01
9.982912851319905023e-01
9.984186472993368255e-01
9.985400049804314948e-01
9.986553501512112074e-01
9.987646998180728097e-01
9.988680947944370558e-01
9.989655984221178509e-01
9.990572952470008206e-01
9.991432896569021338e-01
9.992237044877296803e-01
9.992986796023450857e-01
9.993683704449383143e-01
9.994329465724308692e-01
9.994925901635269838e-01
9.995474945056501692e-01
9.995978624601984386e-01
9.996439049073637673e-01
9.996858391731655580e-01
9.997238874432807787e-01
9.997582751705978987e-01
9.997892294860145634e-01
