9.997978030140143302e-01
9.997683878822352099e-01
9.997357659939356544e-01
9.996997338317764603e-01
9.996600902710994774e-01
9.996166378693549515e-01
9.995691841011874468e-01
9.995175425285662829e-01
9.994615338990181508e-01
9.994009871685154422e-01
9.993357404487197559e-01
9.992656418809159335e-01
9.991905504410173444e-01
9.991103366814160225e-01
9.990248834162006597e-01
9.989340863564216688e-01
9.988378547017130460e-01
9.987361116938067163e-01
9.986287951364047899e-01
9.985158578846395905e-01
9.983972683060564624e-01
9.982730107138231279e-01
9.981430857717559224e-01
9.980075108698540642e-01
9.978663204683551058e-01
9.977195664079148152e-01
9.975673181833500935e-01
9.974096631784672429e-01
9.972467068597896667e-01
9.970785729274737053e-01
9.969054034223104876e-01
9.967273587884230013e-01
9.965446178920185361e-01
9.963573779973248223e-01
9.961658547015553866e-01
9.959702818313933559e-01
9.957709113039887594e-01
9.955680129558186486e-01
9.953618743428985782e-01
9.951528005157515011e-01
9.949411137721952958e-01
9.947271533904006313e-01
9.945112753437757025e-01
9.942938519980794032e-01
9.940752717897461954e-01
9.938559388827683527e-01
9.936362727996581601e-01
9.934167080200627664e-01
9.931976935385758987e-01
9.929796923712701506e-01
9.927631809985170142e-01
9.925486487298569305e-01
9.923365969750939097e-01
9.921275384044860868e-01
9.919219959799561170e-01
9.917205018386839876e-01
9.915235960103190305e-01
9.913318249493651146e-01
9.911457398650647121e-01
9.909658948323044614e-01
9.907928446686757873e-01
9.906271425647936724e-01
9.904693374572662856e-01
9.903199711362690172e-01
9.901795750824525788e-01
9.900486670308817905e-01
9.899277472628124075e-01
9.898172946293545271e-01
9.897177623144395309e-01
9.896295733479805179e-01
9.895531158837084229e-01
9.894887382598572811e-01
9.894367438646444191e-01
9.893973858323031889e-01
9.893708615992051758e-01
9.893573073532712092e-01
9.893567924132751212e-01
9.893693135776588932e-01
9.893947894849243196e-01
9.894330550293772841e-01
9.894838558768098702e-01
9.895468431244665020e-01
9.896215681482408710e-01
9.897074776774351657e-01
9.898039091335667505e-01
9.899100862646981192e-01
9.900251151007022354e-01
9.901479802479495884e-01
9.902775415343298970e-01
9.904125310075782007e-01
9.905515502818421636e-01
9.906930682195950189e-01
9.908354189286601166e-01
9.909768000474986627e-01
9.911152712862665304e-01
9.912487531866118751e-01
9.913750260598994668e-01
9.914917290615619105e-01
9.915963593586184510e-01
9.916862713480378844e-01
9.917586758854912699e-01
9.918106394870609410e-01
9.918390834705401726e-01
9.918407830079762899e-01
9.918123660669675434e-01
9.917503122248578773e-01
9.916509513472953063e-01
9.915104621306144450e-01
9.913248705161398222e-01
9.910900479938070662e-01
9.908017098224877195e-01
9.904554132051243132e-01
9.900465554682718050e-01
9.895703723079269931e-01
9.890219361766030559e-01
9.883961549004163238e-01
9.876877706293875070e-01
9.868913592390230471e-01
9.860013303162808995e-01
9.850119278778620702e-01
9.839172319829957436e-01
9.827111614159930175e-01
9.813874776252825560e-01
9.799397901148537704e-01
9.783615634904501146e-01
9.766461263659523828e-01
9.747866823347054455e-01
9.727763232057144993e-01
9.706080446953956331e-01
9.682747647517904177e-01
9.657693446698355499e-01
9.630846131335386584e-01
9.602133932939872496e-01
9.571485329613420578e-01
9.538829379547425491e-01
9.504096086168638546e-01
9.467216794601839291e-01
9.428124618703936921e-01
9.386754897493132521e-01
9.343045679356920541e-01
9.296938231978788547e-01
9.248377575480615231e-01
9.197313035840841700e-01
9.143698815222915943e-01
9.087494575439114541e-01
9.028666030387320074e-01
8.967185542938057585e-01
8.903032721421855200e-01
8.836195010578665743e-01
8.766668271587606531e-01
8.694457345602623066e-01
8.619576595083373594e-01
8.542050417136207718e-01
8.461913723072196358e-01
8.379212378451790233e-01
8.294003598021661983e-01
8.206356290160403688e-01
8.116351345736059208e-01
8.024081866638348437e-01
7.929653329678617579e-01
7.833183682045399276e-01
7.734803365055977764e-01
7.634655263544702919e-01
7.532894578866975444e-01
7.429688624160781796e-01
7.325216541182821839e-01
7.219668938710264161e-01
7.113247453158413336e-01
7.006164232697433825e-01
6.898641346746366976e-01
6.790910123271844956e-01
6.683210416815665855e-01
6.575789810616257114e-01
6.468902756573968738e-01
6.362809657140989783e-01
6.257775893498833675e-01
6.154070804626875502e-01
6.051966622073094992e-01
5.951737365422817838e-01
5.853657703632788589e-01
5.758001787565759644e-01
5.665042059232781035e-01
5.575048043433115108e-01
5.488285127678668163e-01
5.405013336502006993e-01
5.325486106472590020e-01
5.249949068480013192e-01
5.178638844078049530e-01
5.111781862909410279e-01
5.049593208436825575e-01
4.992275499377989423e-01
4.940017814367466675e-01
4.892994667434099609e-01
4.851365041876166684e-01
4.815271490028062429e-01
4.784839306233090728e-01
4.760175780062171347e-01
4.741369536444649535e-01
4.728489968906087748e-01
4.721586771541826932e-01
4.720689574701215641e-01
4.725807688623884228e-01
4.736929958467518409e-01
4.754024733308067630e-01
4.777039950791490686e-01
4.805903338184207563e-01
4.840522729620083675e-01
4.880786498387810202e-01
4.926564102154654679e-01
4.977706738090735827e-01
5.034048103950780062e-01
5.095405260294709748e-01
5.161579588190365886e-01
5.232357835946030988e-01
5.307513247671908907e-01
5.386806765771887662e-01
5.469988298824510764e-01
5.556798045729358648e-01
5.646967866477565767e-01
5.740222689458358563e-01
5.836281944845023162e-01
5.934861013319880918e-01
6.035672679207592095e-01
6.138428576996433073e-01
6.242840620245999617e-01
6.348622402013974764e-01
6.455490556188707707e-01
6.563166069492363253e-01
6.671375534422299136e-01
6.779852334023737104e-01
6.888337750131313664e-01
6.996581987572051409e-01
7.104345107777334523e-01
7.211397866293561831e-01
7.317522449793638639e-01
7.422513109356572159e-01
7.526176687980482560e-01
7.628333041504308243e-01
7.728815353314552050e-01
7.827470344384344081e-01
7.924158381312523813e-01
8.018753486082079718e-01
8.111143252222041689e-01
8.201228672920746199e-01
8.288923887388381928e-01
8.374155852393210253e-01
8.456863946392585429e-01
8.536999514042570292e-01
8.614525359098431645e-01
8.689415193814479244e-01
8.761653052920892470e-01
8.831232680104795785e-01
8.898156894662874183e-01
8.962436945635058327e-01
9.024091860286576061e-01
9.083147793293557815e-01
9.139637382420489065e-01
9.193599115871490257e-01
9.245076715867069916e-01
9.294118542357910906e-01
9.340777020151361798e-01
9.385108092106494437e-01
9.427170700460999475e-01
9.467026297796359291e-01
9.504738388634148549e-01
9.540372102190994852e-01
9.573993796406096157e-01
9.605670692994936477e-01
9.635470542975913544e-01
9.663461321861634978e-01
9.689710953500960677e-01
9.714287061397991474e-01
9.737256746215730008e-01
9.758686388090292985e-01
9.778641472331341955e-01
9.797186437060678710e-01
9.814384541338961876e-01
9.830297752345551476e-01
9.844986650204722300e-01
9.858510349089251168e-01
9.870926433277026346e-01
9.882290906885587978e-01
9.892658156061920893e-01
9.902080922459336465e-01
9.910610286889518505e-01
9.918295662095414356e-01
9.925184793649801662e-01
9.931323768044942879e-01
9.936757027100838746e-01
9.941527387882874711e-01
9.945676067383643071e-01
9.949242711287693552e-01
9.952265426200679332e-01
9.954780814784733867e-01
9.956824013298416487e-01
9.958428731090850361e-01
9.959627291644584934e-01
9.960450674799266046e-01
9.960928559817898709e-01
9.961089368979373360e-01
9.960960311395418154e-01
9.960567426758420995e-01
9.959935628730011148e-01
9.959088747680906462e-01
9.958049572492271295e-01
9.956839891129998232e-01
9.955480529707830817e-01
9.953991389764921260e-01
9.952391483499642977e-01
9.950698966725040062e-01
9.948931169342616343e-01
9.947104623169837900e-01
9.945235087002032293e-01
9.943337568840004970e-01
9.941426345268992160e-01
9.939514978030680181e-01
9.937616327885872014e-01
9.935742565919052360e-01
9.933905182485619489e-01
9.932114994046357115e-01
9.930382148170380230e-01
9.928716127016368187e-01
9.927125749621731332e-01
9.925619173340289869e-01
9.924203894771164158e-01
9.922886750515447218e-01
9.921673918083648847e-01
9.920570917256891219e-01
9.919582612179750347e-01
9.918713214433599878e-01
9.917966287307991013e-01
9.917344751454972851e-01
9.916850892078835633e-01
9.916486367782303413e-01
9.916252221160626323e-01
9.916148891207805516e-01
9.916176227574496904e-01
9.916333506695078626e-01
9.916619449781512996e-01
9.917032242663723629e-01
9.917569557439541716e-01
9.918228575881433695e-01
9.919006014531571713e-01
9.919898151400968755e-01
9.920900854172233219e-01
9.922009609788772222e-01
9.923219555296389771e-01
9.924525509786403799e-01
9.925922007273255687e-01
9.927403330324734432e-01
9.928963544250053452e-01
9.930596531640762947e-01
9.932296027052363030e-01
9.934055651610907978e-01
9.935868947329046241e-01
9.937729410919791118e-01
9.939630526903610042e-01
9.941565799814863214e-01
9.943528785326476438e-01
9.945513120126616702e-01
9.947512550397218378e-01
9.949520958760945666e-01
9.951532389580114435e-01
9.953541072507633425e-01
9.955541444206089663e-01
9.957528168166375204e-01
9.959496152571838401e-01
9.961440566167817368e-01
9.963356852109883643e-01
9.965240739777212475e-01
9.967088254550614534e-01
9.968895725567892274e-01
9.970659791482636702e-01
9.972377404266224987e-01
9.974045831106692628e-01
9.975662654472098323e-01
9.977225770419716477e-01
9.978733385245538434e-01
9.980184010580650522e-01
9.981576457051571927e-01
9.982909826630109729e-01
9.984183503804054949e-01
9.985397145702766819e-01
9.986550671310999716e-01
9.987644249899877424e-01
9.988678288795976856e-01
9.989653420598028077e-01
9.990570489936498877e-01
9.991430539854956328e-01
9.992234797874670615e-01
9.992984661786601386e-01
9.993681685199086173e-01
9.994327562856488711e-01
9.994924115735051018e-01
9.995473275918327349e-01
9.995977071256439972e-01
9.996437609821469117e-01
9.996857064185256103e-01
9.997237655565209824e-01
9.997581637907075880e-01
9.997891281999576885e-01
