-0.14028
-0.14028
-0.14028
-0.14028
-0.14028
-0.14028
-0.14028
-0.14028
-0.14028
-0.14028
-0.14028
-0.14028
-0.14028
-0.14028
-0.14028
-0.14028
-0.14028
-0.14028
-0.14028
-0.14028
-0.14028
-0.14028
-0.13651
-0.12094
-0.10818
-0.07139
-0.045098
-0.0013807
0.059262
0.11876
0.19096
0.26694
0.33158
0.41045
0.4529
0.51753
0.56881
0.60541
0.64543
0.66309
0.68074
0.68924
0.6978
0.66832
0.63818
0.62093
0.57925
0.52523
0.47507
0.40612
0.33904
0.27116
0.20774
0.13784
0.065405
0.0011483
-0.062093
-0.12256
-0.16994
-0.21443
-0.25103
-0.28028
-0.30594
-0.32039
-0.33083
-0.33218
-0.32468
-0.31962
-0.30195
-0.28613
-0.26167
-0.23655
-0.21691
-0.19373
-0.17735
-0.16734
-0.15331
-0.14804
-0.14176
-0.14028
-0.14028
-0.14028
-0.14028
-0.14028
-0.14028
-0.14028
-0.14028
-0.14028
-0.14028
-0.14028
-0.14028
-0.14028
-0.14028
-0.14028
-0.14028
-0.14028
-0.14028
-0.14028
-0.14028
-0.14028
