9.998000547707254215e-01
9.997709099173753833e-01
9.997385762899135830e-01
9.997028495625220890e-01
9.996635275164976742e-01
9.996204113299815841e-01
9.995733068193357607e-01
9.995220256215093801e-01
9.994663863102148937e-01
9.994062154420410016e-01
9.993413485316077205e-01
9.992716309573584921e-01
9.991969188015185077e-01
9.991170796290578249e-01
9.990319932112073920e-01
9.989415521992213165e-01
9.988456627537388721e-01
9.987442451343838679e-01
9.986372342532534585e-01
9.985245801948228195e-01
9.984062487036229339e-01
9.982822216399479531e-01
9.981524974028842534e-01
9.980170913191843685e-01
9.978760359959738535e-01
9.977293816349911415e-01
9.975771963060100500e-01
9.974195661772775612e-01
9.972565957011736426e-01
9.970884077538385570e-01
9.969151437281728034e-01
9.967369635803541295e-01
9.965540458307858840e-01
9.963665875211585865e-01
9.961748041300156897e-01
9.959789294498350154e-01
9.957792154291198461e-01
9.955759319833101806e-01
9.953693667784304644e-01
9.951598249912693150e-01
9.949476290495024022e-01
9.947331183545189415e-01
9.945166489887854455e-01
9.942985934083770072e-01
9.940793401198514401e-01
9.938592933389605033e-01
9.936388726268191585e-01
9.934185124971484093e-01
9.931986619861236099e-01
9.929797841742736830e-01
9.927623556478506472e-01
9.925468658852155679e-01
9.923338165521297105e-01
9.921237206884722104e-01
9.919171017679008218e-01
9.917144926113650172e-01
9.915164341352223909e-01
9.913234739150132979e-01
9.911361645467122727e-01
9.909550617884956836e-01
9.907807224676927760e-01
9.906137021396005382e-01
9.904545524871680717e-01
9.903038184531580690e-01
9.901620350992033082e-01
9.900297241891645728e-01
9.899073904973135773e-01
9.897955178450984492e-01
9.896945648735810952e-01
9.896049605620640399e-01
9.895270995069471720e-01
9.894613369784692747e-01
9.894079837766768248e-01
9.893673009116974448e-01
9.893394941371104201e-01
9.893247083688320176e-01
9.893230220253411700e-01
9.893344413281390803e-01
9.893588946038989196e-01
9.893962266316597143e-01
9.894461930794904436e-01
9.895084550751466201e-01
9.895825739542568611e-01
9.896680062274267886e-01
9.897640988043235888e-01
9.898700845083261424e-01
9.899850779098080533e-01
9.901080714996847165e-01
9.902379322177292664e-01
9.903733983425500043e-01
9.905130767423020455e-01
9.906554404774345901e-01
9.907988267393161852e-01
9.909414351016772038e-01
9.910813260556778914e-01
9.912164197942260335e-01
9.913444952070665783e-01
9.914631890452451080e-01
9.915699952118511851e-01
9.916622641354979617e-01
9.917372021837737028e-01
9.917918710758639733e-01
9.918231872566420915e-01
9.918279211986895660e-01
9.918026966038803183e-01
9.917439894822790425e-01
9.916481270931282177e-01
9.915112867405903030e-01
9.913294944256686447e-01
9.910986233653494848e-01
9.908143924004991776e-01
9.904723643254422782e-01
9.900679441844307815e-01
9.895963775934061291e-01
9.890527491594869325e-01
9.884319810854148569e-01
9.877288320616014472e-01
9.869378965642109369e-01
9.860536046935949317e-01
9.850702227029843883e-01
9.839818543821832186e-01
9.827824434745965343e-01
9.814657773177081213e-01
9.800254919065340964e-01
9.784550785860768318e-01
9.767478925818708912e-01
9.748971635769280164e-01
9.728960085383977496e-01
9.707374469878521372e-01
9.684144188951633314e-01
9.659198053575066556e-01
9.632464522022211595e-01
9.603871966253600956e-01
9.573348969470948377e-01
9.540824655311126445e-01
9.506229048782329771e-01
9.469493468651303258e-01
9.430550950578051594e-01
9.389336699867751879e-01
9.345788572273528994e-01
9.299847580843232375e-01
9.251458426363020626e-01
9.200570048515313015e-01
9.147136194443162838e-01
9.091116001002681468e-01
9.032474586594654298e-01
8.971183648101783703e-01
8.907222058124518727e-01
8.840576457412419042e-01
8.771241837135228536e-01
8.699222105434727403e-01
8.624530632550656550e-01
8.547190768727326304e-01
8.467236329087082236e-01
8.384712039706584408e-01
8.299673939255550748e-01
8.212189730756767059e-01
8.122339078301505921e-01
8.030213843904572268e-01
7.935918260104976030e-01
7.839569034406297376e-01
7.741295382198376540e-01
7.641238985399524397e-01
7.539553874695771318e-01
7.436406233918193553e-01
7.331974125778544238e-01
7.226447138863594244e-01
7.120025956456659255e-01
7.012921848398683267e-01
6.905356087809626509e-01
6.797559295055113360e-01
6.689770711856755092e-01
6.582237408902980036e-01
6.475213430720233587e-01
6.368958881912412107e-01
6.263738959175118026e-01
6.159822933745366935e-01
6.057483089165901502e-01
5.956993619434101106e-01
5.858629492778471004e-01
5.762665286469041970e-01
5.669373998229387812e-01
5.579025839983886570e-01
5.491887019847538909e-01
5.408218518449342538e-01
5.328274865872444366e-01
5.252302925691842983e-01
5.180540692787368728e-01
5.113216111797949104e-01
5.050545923253271230e-01
4.992734544560523124e-01
4.939972993125348877e-01
4.892437858936559136e-01
4.850290333933712228e-01
4.813675305395421766e-01
4.782720520427761191e-01
4.757535828390524468e-01
4.738212507772046056e-01
4.724822683609802842e-01
4.717418841056576495e-01
4.716033440114475450e-01
4.720678635907725740e-01
4.731346108147963525e-01
4.748007002671281729e-01
4.770611987104487195e-01
4.799091421858965312e-01
4.833355646763747293e-01
4.873295382744851079e-01
4.918782247044193312e-01
4.969669379556915789e-01
5.025792176957686319e-01
5.086969130391998384e-01
5.153002761633131978e-01
5.223680651755855386e-01
5.298776555560237300e-01
5.378051594198770546e-01
5.461255517725518427e-01
5.548128028603467321e-01
5.638400156585292589e-01
5.731795674831797749e-01
5.828032546661991997e-01
5.926824391948848358e-01
6.027881961896413010e-01
6.130914610766757811e-01
6.235631753078987316e-01
6.341744294884565925e-01
6.448966027940579160e-01
6.557014975957278224e-01
6.665614682591171070e-01
6.774495431485847430e-01
6.883395389425147615e-01
6.992061664548350208e-01
7.100251272571571626e-01
7.207732005049838353e-01
7.314283194881205930e-01
7.419696375479118977e-01
7.523775831299729377e-01
7.626339038685212568e-01
7.727216997249488628e-01
7.826254453266725530e-01
7.923310017704302544e-01
8.018256182650647101e-01
8.110979240906324161e-01
8.201379114418677618e-01
8.289369098032915995e-01
8.374875525696148237e-01
8.457837366778199195e-01
8.538205760560650948e-01
8.615943497192467548e-01
8.691024453519424764e-01
8.763432992170362423e-01
8.833163332134226220e-01
8.900218898797699341e-01
8.964611661046881785e-01
9.026361462580967387e-01
9.085495354056833950e-01
9.142046932096236089e-01
9.196055690557906059e-01
9.247566388821075734e-01
9.296628441159864309e-01
9.343295330623714312e-01
9.387624050190500613e-01
9.429674573337207821e-01
9.469509355587790722e-01
9.507192868056515422e-01
9.542791163513401065e-01
9.576371475060273530e-01
9.608001847123289751e-01
9.637750798141004882e-01
9.665687014055056592e-01
9.691879071490788755e-01
9.716395189344383398e-01
9.739303007366922893e-01
9.760669390249533395e-01
9.780560255662220648e-01
9.799040424677035732e-01
9.816173493008548689e-01
9.832021721526635893e-01
9.846645944533679584e-01
9.860105494346765864e-01
9.872458140782012226e-01
9.883760044200126105e-01
9.894065720837875721e-01
9.903428019217747069e-01
9.911898106496890293e-01
9.919525463685967548e-01
9.926357888738289725e-01
9.932441506579657853e-01
9.937820785219135811e-01
9.942538557150468748e-01
9.946636045322290176e-01
9.950152893021980693e-01
9.953127197082016764e-01
9.955595543877775455e-01
9.957593047640881379e-01
9.959153390661056315e-01
9.960308864991256339e-01
9.961090415304837409e-01
9.961527682579441878e-01
9.961649048300368348e-01
9.961481678887146307e-01
9.961051570052068538e-01
9.960383590800078180e-01
9.959501526777729818e-01
9.958428122676868943e-01
9.957185123398500926e-01
9.955793313685866730e-01
9.954272555944871925e-01
9.952641825985873991e-01
9.950919246444351884e-01
9.949122117669327858e-01
9.947266945907293767e-01
9.945369468655106404e-01
9.943444677106403340e-01
9.941506835671164444e-01
9.939569498605030917e-01
9.937645523842131290e-01
9.935747084180277522e-01
9.933885676018773259e-01
9.932072125894930714e-01
9.930316595104430322e-01
9.928628582721660267e-01
9.927016927358596199e-01
9.925489808014115178e-01
9.924054744370052195e-01
9.922718596886063169e-01
9.921487567033193677e-01
9.920367197986954544e-01
9.919362376075744336e-01
9.918477333250992345e-01
9.917715650812809480e-01
9.917080264590459882e-01
9.916573471742047285e-01
9.916196939303367763e-01
9.915951714582967869e-01
9.915838237469628558e-01
9.915856354690241181e-01
9.916005336030390138e-01
9.916283892506930764e-01
9.916690196461024343e-01
9.917221903521215021e-01
9.917876176368524144e-01
9.918649710218997440e-01
9.919538759923022253e-01
9.920539168565050137e-01
9.921646397431814757e-01
9.922855557202032717e-01
9.924161440196020978e-01
9.925558553510210880e-01
9.927041152849525041e-01
9.928603276860733517e-01
9.930238781762481537e-01
9.931941376063238014e-01
9.933704655157167274e-01
9.935522135589864856e-01
9.937387288791105222e-01
9.939293574079774984e-01
9.941234470756727948e-01
9.943203509113871519e-01
9.945194300201763982e-01
9.947200564212933527e-01
9.949216157353367729e-01
9.951235097089923265e-01
9.953251585676315960e-01
9.955260031874780813e-01
9.957255070804363895e-01
9.959231581860172877e-01
9.961184704660887013e-01
9.963109852994592730e-01
9.965002726745828543e-01
9.966859321799652616e-01
9.968675937931867903e-01
9.970449184708207735e-01
9.972175985429323486e-01
9.973853579172790029e-01
9.975479520997652116e-01
9.977051680391179067e-01
9.978568238050951056e-01
9.980027681107681570e-01
9.981428796904892042e-01
9.982770665460065640e-01
9.984052650737682555e-01
9.985274390867291405e-01
9.986435787438981970e-01
9.987536994004235780e-01
9.988578403902167446e-01
9.989560637519816488e-01
9.990484529081047338e-01
9.991351113042427068e-01
9.992161610157266338e-01
9.992917413251968251e-01
9.993620072743292226e-01
9.994271281912343596e-01
9.994872861942410980e-01
9.995426746724028755e-01
9.995934967432751339e-01
9.996399636893252838e-01
9.996822933757415486e-01
9.997207086543300480e-01
9.997554357605311637e-01
9.997867027131646100e-01
