9.997995900991822893e-01
9.997703682729754959e-01
9.997379484492314727e-01
9.997021257647188408e-01
9.996626975078350963e-01
9.996194644173189703e-01
9.995722319317948967e-01
9.995208113792553029e-01
9.994650210990916328e-01
9.994046874926455493e-01
9.993396460012684557e-01
9.992697420134315500e-01
9.991948317044095917e-01
9.991147828134320230e-01
9.990294753639523684e-01
9.989388023328807931e-01
9.988426702743203878e-01
9.987409999026666263e-01
9.986337266389616607e-01
9.985208011232833414e-01
9.984021896947822272e-01
9.982778748398700719e-01
9.981478556080887188e-01
9.980121479943915297e-01
9.978707852860120298e-01
9.977238183717674902e-01
9.975713160115635691e-01
9.974133650640039095e-01
9.972500706703476547e-01
9.970815563935531145e-01
9.969079643117682021e-01
9.967294550663340358e-01
9.965462078651043942e-01
9.963584204426302326e-01
9.961663089794440262e-01
9.959701079832923298e-01
9.957700701356394513e-01
9.955664661070865451e-01
9.953595843454641212e-01
9.951497308402501574e-01
9.949372288666027409e-01
9.947224187116660010e-01
9.945056573849097026e-01
9.942873183130820358e-01
9.940677910189318345e-01
9.938474807811950029e-01
9.936268082714930783e-01
9.934062091618062196e-01
9.931861336941157914e-01
9.929670462017313737e-01
9.927494245698028630e-01
9.925337596206352808e-01
9.923205544077542406e-01
9.921103234012873529e-01
9.919035915461784647e-01
9.917008931741170263e-01
9.915027707498456078e-01
9.913097734327662724e-01
9.911224554354729488e-01
9.909413741620005656e-01
9.907670881101706684e-01
9.906001545243856565e-01
9.904411267875351532e-01
9.902905515432813832e-01
9.901489655428267200e-01
9.900168922132995819e-01
9.898948379480906334e-01
9.897832881227913715e-01
9.896827028438391904e-01
9.895935124405227379e-01
9.895161127146688829e-01
9.894508599660882808e-01
9.893980658156952268e-01
9.893579918520936101e-01
9.893308441312755885e-01
9.893167675628246061e-01
9.893158402195298962e-01
9.893280676104659888e-01
9.893533769602053107e-01
9.893916115387398902e-01
9.894425250877296740e-01
9.895057763887085134e-01
9.895809240177586563e-01
9.896674213288194633e-01
9.897646117042180336e-01
9.898717241062283678e-01
9.899878689575914992e-01
9.901120343721084849e-01
9.902430827488799547e-01
9.903797477357503265e-01
9.905206315593030331e-01
9.906642027106369319e-01
9.908087939684119272e-01
9.909526007335487385e-01
9.910936796437326279e-01
9.912299474306879299e-01
9.913591799792088599e-01
9.914790115442285723e-01
9.915869340808413090e-01
9.916802966421477405e-01
9.917563048010482607e-01
9.918120200545862408e-01
9.918443591730765618e-01
9.918500934609412178e-01
9.918258479018373652e-01
9.917681001672160601e-01
9.916731794748349094e-01
9.915372652919218766e-01
9.913563858866186740e-01
9.911264167410422932e-01
9.908430788497792907e-01
9.905019369389164163e-01
9.900983976528259234e-01
9.896277077688698798e-01
9.890849525139427945e-01
9.884650540712747180e-01
9.877627703810248905e-01
9.869726943537173725e-01
9.860892536312269030e-01
9.851067110454383435e-01
9.840191659394575963e-01
9.828205565298251400e-01
9.815046635000298503e-01
9.800651150251786792e-01
9.784953934343638693e-01
9.767888437205735075e-01
9.749386841074452192e-01
9.729380188774008342e-01
9.707798536564710146e-01
9.684571133372947838e-01
9.659626628033670670e-01
9.632893305947367590e-01
9.604299356282773870e-01
9.573773170547078548e-01
9.541243673001560399e-01
9.506640683026982286e-01
9.469895309144964468e-01
9.430940373984016967e-01
9.389710869047167563e-01
9.346144437697336826e-01
9.300181884331761850e-01
9.251767707272693375e-01
9.200850652463248291e-01
9.147384284629512807e-01
9.091327572157730241e-01
9.032645481543962740e-01
8.971309576908261807e-01
8.907298619731986999e-01
8.840599163681022166e-01
8.771206139125757861e-01
8.699123421766379316e-01
8.624364379625606425e-01
8.546952392585953628e-01
8.466921338630108984e-01
8.384316040995387631e-01
8.299192670579873532e-01
8.211619098140792161e-01
8.121675191105471869e-01
8.029453050170478612e-01
7.935057181292398676e-01
7.838604599168591536e-01
7.740224858861131096e-01
7.640060012822756930e-01
7.538264491228785502e-01
7.435004904191602204e-01
7.330459765120622695e-01
7.224819135177171781e-01
7.118284189446587584e-01
7.011066706096336087e-01
6.903388480397768534e-01
6.795480666050843777e-01
6.687583046759022487e-01
6.579943241451731151e-01
6.472815846942958640e-01
6.366461522149036156e-01
6.261146018271019908e-01
6.157139159584025245e-01
6.054713779676738072e-01
5.954144618158427882e-01
5.855707183008491690e-01
5.759676583894886015e-01
5.666326341941148037e-01
5.575927181583910652e-01
5.488745810338835351e-01
5.405043692484454709e-01
5.325075822879146159e-01
5.249089507343795979e-01
5.177323156263269333e-01
5.110005098276786395e-01
5.047352421127940802e-01
4.989569846918876506e-01
4.936848649146252654e-01
4.889365618977028483e-01
4.847282088237562236e-01
4.810743016529916982e-01
4.779876149745513336e-01
4.754791257012978001e-01
4.735579452790027455e-01
4.722312610388506027e-01
4.715042872708847810e-01
4.713802265360580446e-01
4.718602416665433896e-01
4.729434388288825675e-01
4.746268619433312574e-01
4.769054986666214635e-01
4.797722980553779104e-01
4.832181999347552326e-01
4.872321759026364552e-01
4.918012818049288803e-01
4.969107214230279457e-01
5.025439210212840901e-01
5.086826143109557385e-01
5.153069372983825058e-01
5.223955323995912448e-01
5.299256611217719737e-01
5.378733245347498970e-01
5.462133906832629116e-01
5.549197280243116648e-01
5.639653439137972679e-01
5.733225271139887891e-01
5.829629932489344135e-01
5.928580320997419717e-01
6.029786556066378811e-01
6.132957454308343159e-01
6.237801989273441539e-01
6.344030723907027047e-01
6.451357204596599448e-01
6.559499306046056022e-01
6.668180516728356988e-01
6.777131155315128108e-01
6.886089509257509178e-01
6.994802887587748819e-01
7.103028581013053344e-01
7.210534723467922902e-01
7.317101050459996481e-01
7.422519550768220675e-01
7.526595009309604567e-01
7.629145440259769151e-01
7.730002410770360211e-01
7.829011256851545753e-01
7.926031194158691395e-01
8.020935327519544966e-01
8.113610564044113627e-01
8.203957435558630884e-01
8.291889836884991372e-01
8.377334687137872882e-01
8.460231521727172854e-01
8.540532023129366879e-01
8.618199498727792118e-01
8.693208314121022573e-01
8.765543290265747078e-01
8.835199072663931785e-01
8.902179480533594091e-01
8.966496843530592509e-01
9.028171333129109133e-01
9.087230295235853017e-01
9.143707590023224530e-01
9.197642944335482351e-01
9.249081321365105746e-01
9.298072311629249631e-01
9.344669548612447585e-01
9.388930151794392387e-01
9.430914199162075962e-01
9.470684230723038777e-01
9.508304783998835497e-01
9.543841961990403577e-01
9.577363033673823578e-01
9.608936066707668422e-01
9.638629591711990185e-01
9.666512297212801474e-01
9.692652754131868553e-01
9.717119168536254570e-01
9.739979161240879257e-01
9.761299572775388178e-01
9.781146292178604096e-01
9.799584108064550714e-01
9.816676580408163488e-01
9.832485931521744993e-01
9.847072954730395900e-01
9.860496939302469954e-01
9.872815610246356011e-01
9.884085081645129778e-01
9.894359822264013893e-01
9.903692632230872706e-01
9.912134629656396134e-01
9.919735246127765471e-01
9.926542230077159967e-01
9.932601657094501935e-01
9.937957946322052427e-01
9.942653882136559540e-01
9.946730640392301703e-01
9.950227818564465476e-01
9.953183469196273947e-01
9.955634136113628019e-01
9.957614892926726080e-01
9.959159383387918840e-01
9.960299863217869643e-01
9.961067243047254660e-01
9.961491132148309058e-01
9.961599882649733173e-01
9.961420633940366587e-01
9.960979356972797794e-01
9.960300898179270668e-01
9.959409022710790094e-01
9.958326456708312957e-01
9.957074928314567641e-01
9.955675207138336980e-01
9.954147141891808159e-01
9.952509695937213907e-01
9.950780980502259565e-01
9.948978285355168927e-01
9.947118106769221590e-01
9.945216172652654452e-01
9.943287464771410900e-01
9.941346238047845674e-01
9.939406036976103920e-01
9.937479709252527993e-01
9.935579416774961148e-01
9.933716644216284974e-01
9.931902205423230878e-01
9.930146247929977354e-01
9.928458255906235097e-01
9.926847051880743900e-01
9.925320797593049083e-01
9.923886994329319533e-01
9.922552483092093034e-01
9.921323444940272074e-01
9.920205401815200830e-01
9.919203218142748080e-01
9.918321103471207101e-01
9.917562616371936590e-01
9.916930669795382958e-01
9.916427538040714085e-01
9.916054865463652668e-01
9.915813677015309358e-01
9.915704390675171842e-01
9.915726831814436482e-01
9.915880249501467514e-01
9.916163334739205304e-01
9.916574240604516532e-01
9.917110604241237137e-01
9.917769570641583599e-01
9.918547818134237914e-01
9.919441585481325596e-01
9.920446700470616497e-01
9.921558609873403212e-01
9.922772410622978656e-01
9.924082882053559818e-01
9.925484519025573604e-01
9.926971565750737359e-01
9.928538050120071512e-01
9.930177818330271355e-01
9.931884569599147561e-01
9.933651890759478409e-01
9.935473290522530698e-01
9.937342233207714370e-01
9.939252171743042652e-01
9.941196579751749862e-01
9.943168982553244328e-01
9.945162986920758064e-01
9.947172309453190531e-01
9.949190803434090347e-01
9.951212484066183084e-01
9.953231551984802472e-01
9.955242414968122899e-01
9.957239707775848991e-01
9.959218310061281887e-01
9.961173362314480473e-01
9.963100279806759163e-01
9.964994764519221615e-01
9.966852815050715186e-01
9.968670734513485066e-01
9.970445136438176315e-01
9.972172948723568853e-01
9.973851415680498045e-01
9.975478098233609980e-01
9.977050872358590450e-01
9.978567925846011377e-01
9.980027753495370746e-01
9.981429150853857735e-01
9.982771206623245464e-01
9.984053293864669776e-01
9.985275060134293224e-01
9.986436416682803463e-01
9.987537526847987124e-01
9.988578793762346031e-01
9.989560847487092277e-01
9.990484531670288382e-01
9.991350889811269065e-01
9.992161151196555791e-01
9.992916716555647616e-01
9.993619143469448796e-01
9.994270131551068470e-01
9.994871507409535116e-01
9.995425209402644118e-01
9.995933272186384722e-01
9.996397811075639073e-01
9.996821006243845620e-01
9.997205086807602337e-01
9.997552314864528444e-01
9.997864969577670013e-01
