9.997974743870813308e-01
9.997679961107572844e-01
9.997353009921496891e-01
9.996991843153383295e-01
9.996594436880397172e-01
9.996158803389365577e-01
9.995683003626375518e-01
9.995165159016191625e-01
9.994603462581044262e-01
9.993996189322779111e-01
9.993341705863161284e-01
9.992638479363000759e-01
9.991885085760714436e-01
9.991080217384503692e-01
9.990222689999582739e-01
9.989311449353249772e-01
9.988345577276973586e-01
9.987324297396985573e-01
9.986246980494438708e-01
9.985113149544229127e-01
9.983922484449067047e-01
9.982674826473627583e-01
9.981370182373108246e-01
9.980008728202086621e-01
9.978590812783532105e-01
9.977116960814225166e-01
9.975587875581850561e-01
9.974004441270296617e-01
9.972367724833116620e-01
9.970678977420113220e-01
9.968939635348439410e-01
9.967151320616826071e-01
9.965315840969205530e-01
9.963435189521687718e-01
9.961511543974006511e-01
9.959547265432930896e-01
9.957544896880154983e-01
9.955507161320584775e-01
9.953436959648314097e-01
9.951337368266632843e-01
9.949211636494953437e-01
9.947063183789308649e-01
9.944895596794116610e-01
9.942712626231183792e-01
9.940518183617613746e-01
9.938316337787655996e-01
9.936111311175018779e-01
9.933907475792158603e-01
9.931709348822345129e-01
9.929521587719358777e-01
9.927348984689413625e-01
9.925196460410988797e-01
9.923069056831530510e-01
9.920971928866095801e-01
9.918910334812687246e-01
9.916889625292746313e-01
9.914915230523447809e-01
9.912992645731306673e-01
9.911127414524198986e-01
9.909325110051133700e-01
9.907591313795636179e-01
9.905931591869104880e-01
9.904351468694388982e-01
9.902856397996629978e-01
9.901451731047525850e-01
9.900142682140207206e-01
9.898934291304377631e-01
9.897831384305039171e-01
9.896838530002830536e-01
9.895959995189567149e-01
9.895199697048974175e-01
9.894561153429716205e-01
9.894047431155456040e-01
9.893661092634338239e-01
9.893404141067582147e-01
9.893277964592613882e-01
9.893283279729518931e-01
9.893420074528909147e-01
9.893687551843174388e-01
9.894084073159833403e-01
9.894607103443650020e-01
9.895253157432077895e-01
9.896017747815205601e-01
9.896895335706140662e-01
9.897879283770580905e-01
9.898961812335618227e-01
9.900133958738762674e-01
9.901385540110401173e-01
9.902705119708534731e-01
9.904079976846245081e-01
9.905496080372631074e-01
9.906938065589752096e-01
9.908389214414090596e-01
9.909831438523799552e-01
9.911245265174524199e-01
9.912609825318726697e-01
9.913902843627337980e-01
9.915100629989055392e-01
9.916178072051897718e-01
9.917108628373707546e-01
9.917864321762652757e-01
9.918415732414777031e-01
9.918731990492474226e-01
9.918780767834513012e-01
9.918528268544151150e-01
9.917939218266195178e-01
9.916976852036063494e-01
9.915602900663728070e-01
9.913777575702680256e-01
9.911459553148956880e-01
9.908605956118032854e-01
9.905172336858339976e-01
9.901112658579692694e-01
9.896379277702983535e-01
9.890922927274109488e-01
9.884692702429335176e-01
9.877636048949975933e-01
9.869698756099281045e-01
9.860824955090776722e-01
9.850957124691355205e-01
9.840036105609603068e-01
9.828001125455050335e-01
9.814789836171513571e-01
9.800338365941885233e-01
9.784581387626657412e-01
9.767452205829110223e-01
9.748882864671689630e-01
9.728804278317222387e-01
9.707146386172700314e-01
9.683838334571431838e-01
9.658808686541511257e-01
9.631985661036311930e-01
9.603297402728736554e-01
9.572672283158762951e-01
9.540039233677828356e-01
9.505328110258539631e-01
9.468470089839285952e-01
9.429398097455706784e-01
9.388047262979875018e-01
9.344355405848543406e-01
9.298263545718825629e-01
9.249716436548054421e-01
9.198663121159140754e-01
9.145057502928288784e-01
9.088858930823394688e-01
9.030032793634108490e-01
8.968551118873523409e-01
8.904393171502698046e-01
8.837546047338326050e-01
8.768005255756989857e-01
8.695775286112528146e-01
8.620870152142020570e-01
8.543313908556352532e-01
8.463141133998224319e-01
8.380397374608156147e-01
8.295139542570594271e-01
8.207436264219643007e-01
8.117368172567498430e-01
8.025028139476786393e-01
7.930521443127844794e-01
7.833965866927206090e-01
7.735491726557858216e-01
7.635241822474942985e-01
7.533371315792036782e-01
7.430047526170198147e-01
7.325449651001740836e-01
7.219768405859112725e-01
7.113205586843446282e-01
7.005973556104565514e-01
6.898294652403786920e-01
6.790400529143922892e-01
6.682531422791313513e-01
6.574935355058826314e-01
6.467867272606391271e-01
6.361588128349056070e-01
6.256363908746698232e-01
6.152464611691482732e-01
6.050163179818246473e-01
5.949734394247865321e-01
5.851453733945297664e-01
5.755596206040702878e-01
5.662435152632333546e-01
5.572241039769583182e-01
5.485280234507531327e-01
5.401813776131126899e-01
5.322096147866537397e-01
5.246374055623912458e-01
5.174885220542724262e-01
5.107857192329003926e-01
5.045506190570901994e-01
4.988035981384165707e-01
4.935636796858592357e-01
4.888484304838475181e-01
4.846738636563310276e-01
4.810543479609309392e-01
4.780025243400441992e-01
4.755292304294586048e-01
4.736434336893222685e-01
4.723521737772921059e-01
4.716605147296457634e-01
4.715715074536632745e-01
4.720861629644488300e-01
4.732034367225572691e-01
4.749202243463379602e-01
4.772313688860168046e-01
4.801296797563424645e-01
4.836059633322291607e-01
4.876490651184063330e-01
4.922459233104757859e-01
4.973816334719829424e-01
5.030395239608146385e-01
5.092012416491559224e-01
5.158468473949429089e-01
5.229549206397944294e-01
5.305026724293147034e-01
5.384660660769512441e-01
5.468199446228970695e-01
5.555381641754000288e-01
5.645937321640910334e-01
5.739589494843502226e-01
5.836055554691075287e-01
5.935048745908761969e-01
6.036279637730783687e-01
6.139457591768384681e-01
6.244292213282502946e-01
6.350494774623750560e-01
6.457779599844892804e-01
6.565865399866974705e-01
6.674476548090553241e-01
6.783344286985122373e-01
6.892207856958315615e-01
7.000815539692273326e-01
7.108925609126195422e-01
7.216307184346678616e-01
7.322740979803779027e-01
7.428019949481177164e-01
7.531949822892667346e-01
7.634349532032330687e-01
7.735051529650579516e-01
7.833902000439969537e-01
7.930760967873639045e-01
8.025502300524789412e-01
8.118013622691249154e-01
8.208196135038922092e-01
8.295964351749829380e-01
8.381245761304502162e-01
8.463980418538152861e-01
8.544120475981701324e-01
8.621629662731890020e-01
8.696482719191849231e-01
8.768664795989699057e-01
8.838170825226200344e-01
8.905004871932974408e-01
8.969179473252746337e-01
9.030714972395947893e-01
9.089638853898798221e-01
9.145985086122163654e-01
9.199793476303834705e-01
9.251109042825096385e-01
9.299981408690404239e-01
9.346464219560872699e-01
9.390614589040494620e-01
9.432492573300024219e-01
9.472160676546267366e-01
9.509683388311755969e-01
9.545126753056958346e-01
9.578557972147770938e-01
9.610045037897017028e-01
9.639656399040055224e-01
9.667460656750128667e-01
9.693526290086150743e-01
9.717921409600573934e-01
9.740713537713605596e-01
9.761969414377276166e-01
9.781754826503711309e-01
9.800134459611153925e-01
9.817171770143822140e-01
9.832928876942819141e-01
9.847466470380837888e-01
9.860843737719563462e-01
9.873118303302547139e-01
9.884346182255304702e-01
9.894581746426875934e-01
9.903877701371716080e-01
9.912285073236779542e-01
9.919853204485706843e-01
9.926629757459732861e-01
9.932660724843257460e-01
9.937990446170766878e-01
9.942661629580519245e-01
9.946715378088676340e-01
9.950191219724459080e-01
9.953127140931486982e-01
9.955559622701459777e-01
9.957523678962555413e-01
9.959052896795110854e-01
9.960179478090203098e-01
9.960934282302094100e-01
9.961346869972569351e-01
9.961445546724382316e-01
9.961257407432778654e-01
9.960808380289715158e-01
9.960123270476468615e-01
9.959225803158749946e-01
9.958138665516428345e-01
9.956883547519596034e-01
9.955481181166069282e-01
9.953951377904273201e-01
9.952313063981096386e-01
9.950584313477627285e-01
9.948782378826910300e-01
9.946923718646715207e-01
9.945024022765927008e-01
9.943098234374289079e-01
9.941160569280140802e-01
9.939224532317582073e-01
9.937302931001209538e-01
9.935407886581041348e-01
9.933550842700780148e-01
9.931742571907254957e-01
9.929993180296603494e-01
9.928312110612261820e-01
9.926708144130640399e-01
9.925189401682165125e-01
9.923763344158265109e-01
9.922436772849423381e-01
9.921215829946266052e-01
9.920105999515974604e-01
9.919112109241156050e-01
9.918238333179065780e-01
9.917488195767097947e-01
9.916864577266972791e-01
9.916369720806318400e-01
9.916005241143366344e-01
9.915772135249011354e-01
9.915670794771199725e-01
9.915701020419641631e-01
9.915862038284477542e-01
9.916152518080358913e-01
9.916570593287327151e-01
9.917113883141341901e-01
9.917779516409895857e-01
9.918564156871444437e-01
9.919464030401045074e-01
9.920474953548420460e-01
9.921592363478648480e-01
9.922811349129997405e-01
9.924126683428359241e-01
9.925532856383774138e-01
9.927024108882175346e-01
9.928594466975271260e-01
9.930237776463906041e-01
9.931947737565722800e-01
9.933717939456661039e-01
9.935541894477902813e-01
9.937413071805186737e-01
9.939324930385636803e-01
9.941270950958013275e-01
9.943244666985020519e-01
9.945239694340488601e-01
9.947249759609222419e-01
9.949268726872694257e-01
9.951290622869015667e-01
9.953309660430487149e-01
9.955320260116399256e-01
9.957317069972431156e-01
9.959294983361206555e-01
9.961249154821334439e-01
9.963175013924869816e-01
9.965068277115697315e-01
9.966924957524225803e-01
9.968741372766937170e-01
9.970514150753027049e-01
9.972240233534471754e-01
9.973916879250300793e-01
9.975541662230446027e-01
9.977112471338875910e-01
9.978627506649508927e-01
9.980085274561041331e-01
9.981484581467829909e-01
9.982824526112811236e-01
9.984104490754480699e-01
9.985324131282863336e-01
9.986483366418729135e-01
9.987582366125857813e-01
9.988621539358101264e-01
9.989601521251328942e-01
9.990523159855947410e-01
9.991387502489021966e-01
9.992195781767406748e-01
9.992949401365758266e-01
9.993649921527281155e-01
9.994299044341928839e-01
9.994898598797683498e-01
9.995450525606687231e-01
9.995956861809999205e-01
9.996419725172925874e-01
9.996841298397107778e-01
9.997223813195097453e-01
9.997569534296826266e-01
9.997880743483653632e-01
