9.997975522332215315e-01
9.997680863179029265e-01
9.997354050525414371e-01
9.996993038266126508e-01
9.996595803506378441e-01
9.996160359521547578e-01
9.995684768193051628e-01
9.995167151814136064e-01
9.994605704195423934e-01
9.993998701034437770e-01
9.993344509544148657e-01
9.992641597361423544e-01
9.991888540776179273e-01
9.991084032335577625e-01
9.990226887884812168e-01
9.989316053107371030e-01
9.988350609623968257e-01
9.987329780701663662e-01
9.986252936614196107e-01
9.985119599682535929e-01
9.983929449012198809e-01
9.982682324932000695e-01
9.981378233128460620e-01
9.980017348461608373e-01
9.978600018441876607e-01
9.977126766344188713e-01
9.975598293934325733e-01
9.974015483783962299e-01
9.972379401154123357e-01
9.970691295431901580e-01
9.968952601111616962e-01
9.967164938318879841e-01
9.965330112883641345e-01
9.963450115976010268e-01
9.961527123325782940e-01
9.959563494052976473e-01
9.957561769141733965e-01
9.955524669593321940e-01
9.953455094295390326e-01
9.951356117643717081e-01
9.949230986949225697e-01
9.947083119656917605e-01
9.944916100394438629e-01
9.942733677856350205e-01
9.940539761515924111e-01
9.938338418139780472e-01
9.936133868062159147e-01
9.933930481155784920e-01
9.931732772415511334e-01
9.929545397050120181e-01
9.927373144957352125e-01
9.925220934438372389e-01
9.923093804991072187e-01
9.920996909007727682e-01
9.918935502192111064e-01
9.916914932504750091e-01
9.914940627443166177e-01
9.913018079466608956e-01
9.911152829382325891e-01
9.909350447522506933e-01
9.907616512557479993e-01
9.905956587811157732e-01
9.904376194968570468e-01
9.902880785092057492e-01
9.901475706891840201e-01
9.900166172227732320e-01
9.898957218851219819e-01
9.897853670430930562e-01
9.896860093939219283e-01
9.895980754513269417e-01
9.895219567940538585e-01
9.894580050955579242e-01
9.894065269572863697e-01
9.893677785717973627e-01
9.893419602456702266e-01
9.893292108157394349e-01
9.893296019955046816e-01
9.893431326914975399e-01
9.893697233317569895e-01
9.894092102502329844e-01
9.894613401717211598e-01
9.895257648417125074e-01
9.896020358441983689e-01
9.896895996479447843e-01
9.897877929180357581e-01
9.898958381246202309e-01
9.900128394749072580e-01
9.901377791876907475e-01
9.902695141222762620e-01
9.904067727658614206e-01
9.905481525754876726e-01
9.906921176628840087e-01
9.908369968031576214e-01
9.909809817415863309e-01
9.911221257669524665e-01
9.912583425150893746e-01
9.913874049627268148e-01
9.915069445693779349e-01
9.916144505239524731e-01
9.917072690529842305e-01
9.917826027487944840e-01
9.918375098784965038e-01
9.918689036384125135e-01
9.918735513231216050e-01
9.918480733839196706e-01
9.917889423578669650e-01
9.916924816557831646e-01
9.915548642054871076e-01
9.913721109552676714e-01
9.911400892520129124e-01
9.908545111186652932e-01
9.905109314667257525e-01
9.901047462914430719e-01
9.896311909101104254e-01
9.890853383175182145e-01
9.884620977470253145e-01
9.877562135407699229e-01
9.869622644480350315e-01
9.860746634864319127e-01
9.850876585159815679e-01
9.839953336909166293e-01
9.827916119675674800e-01
9.814702588584830467e-01
9.800248876323802705e-01
9.784489661660495941e-01
9.767358256574348863e-01
9.748786714082955385e-01
9.728705958797961850e-01
9.707045942147939366e-01
9.683735824064135800e-01
9.658704182737193333e-01
9.631879253820719855e-01
9.603189200183541718e-01
9.572562413000217374e-01
9.539927844623290465e-01
9.505215373305637705e-01
9.468356199442231613e-01
9.429283272583053321e-01
9.387931748037752211e-01
9.344239471453246182e-01
9.298147489302600599e-01
9.249600582782147029e-01
9.198547822178558819e-01
9.144943138343538669e-01
9.088745907505544341e-01
9.029921545260948257e-01
8.968442105226464012e-01
8.904286877506122355e-01
8.837442981835587075e-01
8.767905950019846406e-01
8.695680292083645124e-01
8.620780040413016376e-01
8.543229266086755924e-01
8.463062561583495347e-01
8.380325484107540301e-01
8.295074953908014859e-01
8.207379602172937272e-01
8.117320063363194782e-01
8.024989207209125563e-01
7.930492306021882376e-01
7.833947133466832025e-01
7.735483991500037293e-01
7.635245662771927844e-01
7.533387286443251618e-01
7.430076156025515743e-01
7.325491438537551359e-01
7.219823814948229668e-01
7.113275042539408677e-01
7.006057440460389252e-01
6.898393300344757284e-01
6.790514224413475297e-01
6.682660393988664183e-01
6.575079771786769278e-01
6.468027241747530409e-01
6.361763690488996259e-01
6.256555034762987244e-01
6.152671199528146895e-01
6.050385051466788955e-01
5.949971292957436653e-01
5.851705321686883066e-01
5.755862061252861039e-01
5.662714768279151212e-01
5.572533821745008220e-01
5.485585500424057237e-01
5.402130754534721913e-01
5.322423977923387284e-01
5.246711787328115495e-01
5.175231815496917909e-01
5.108211525151591381e-01
5.045867050984573776e-01
4.988402077039187921e-01
4.936006756941798690e-01
4.888856684514125694e-01
4.847111922284877972e-01
4.810916095331910780e-01
4.780395557711881738e-01
4.755658638468951427e-01
4.736794973854839830e-01
4.723874931940688082e-01
4.716949135259295156e-01
4.716048086490726154e-01
4.721181901502717881e-01
4.732340153289533724e-01
4.749491829529454145e-01
4.772585405614002685e-01
4.801549034102009506e-01
4.836290850631316252e-01
4.876699395389179070e-01
4.922644148311001722e-01
4.973976175252674548e-01
5.030528881473139702e-01
5.092118867877399868e-01
5.158546884611072691e-01
5.229598875771941380e-01
5.305047108216440765e-01
5.384651376694780112e-01
5.468160276853795132e-01
5.555312537006920071e-01
5.645838398994356133e-01
5.739461037950688294e-01
5.835898010370765832e-01
5.934862719527718156e-01
6.036065887058025270e-01
6.139217019397766872e-01
6.244025857740060914e-01
6.350203800293438006e-01
6.457465285860614079e-01
6.565529128130016545e-01
6.674119790579436939e-01
6.782968592529812213e-01
6.891814837652543435e-01
7.000406857116644455e-01
7.108502960550866501e-01
7.215872289076249446e-01
7.322295565818379703e-01
7.427565740517296788e-01
7.531488526095121427e-01
7.633882826295236290e-01
7.734581054750467866e-01
7.833429347048859182e-01
7.930287668523747779e-01
8.025029821580472733e-01
8.117543357367350554e-01
8.207729397488843226e-01
8.295502372231020605e-01
8.380789682414282460e-01
8.463531292498791547e-01
8.543679262940828689e-01
8.621197230032644487e-01
8.696059841556859071e-01
8.768252156554112720e-01
8.837769017347661960e-01
8.904614401700650106e-01
8.968800762613294841e-01
9.030348362811699836e-01
9.089284610452280644e-01
9.145643401981398135e-01
9.199464477464540657e-01
9.250792793048777662e-01
9.299677914561368386e-01
9.346173435590091616e-01
9.390336422750069634e-01
9.432226890228352367e-01
9.471907305120887965e-01
9.509442124544084107e-01
9.544897365020402757e-01
9.578340204208121156e-01
9.609838614671166734e-01
9.639461029066103137e-01
9.667276035858414218e-01
9.693352104466863572e-01
9.717757338569059655e-01
9.740559256179337488e-01
9.761824595026599161e-01
9.781619141709920751e-01
9.800007583088172769e-01
9.817053378361721983e-01
9.832818650324776089e-01
9.847364094301737092e-01
9.860748903326618242e-01
9.873030708177861214e-01
9.884265530939486677e-01
9.894507750821658343e-01
9.903810081038110225e-01
9.912223555603736358e-01
9.919797524982567616e-01
9.926579659584098270e-01
9.932615960174263625e-01
9.937950774336221649e-01
9.942626818184950865e-01
9.946685202608117615e-01
9.950165463372704355e-01
9.953105594501691078e-01
9.955542084386215240e-01
9.957509954155076004e-01
9.959042797873691732e-01
9.960172824187942808e-01
9.960930899063645816e-01
9.961346589299686638e-01
9.961448206512022452e-01
9.961262851297617571e-01
9.960816457293062420e-01
9.960133834843709622e-01
9.959238713997632386e-01
9.958153786536666496e-01
9.956900746756441878e-01
9.955500330710624901e-01
9.953972353643429916e-01
9.952335745350041618e-01
9.950608583227864568e-01
9.948808122812664578e-01
9.946950825632444593e-01
9.945052384257457856e-01
9.943127744475750429e-01
9.941191124578494520e-01
9.939256031796050994e-01
9.937335275982346339e-01
9.935440980699556945e-01
9.933584591905567640e-01
9.931776884491333446e-01
9.930027966953001162e-01
9.928347284513120430e-01
9.926743621026197228e-01
9.925225100015642177e-01
9.923799185192206940e-01
9.922472680798636313e-01
9.921251732112283950e-01
9.920141826417878672e-01
9.919147794737683821e-01
9.918273814577200920e-01
9.917523413912768815e-01
9.916899476614099429e-01
9.916404249461193698e-01
9.916039350882206449e-01
9.915805781507469607e-01
9.915703936605606561e-01
9.915733620440758678e-01
9.915894062565451250e-01
9.916183936041466085e-01
9.916601377560808617e-01
9.917144009420213457e-01
9.917808963285017487e-01
9.918592905661332004e-01
9.919492064978902013e-01
9.920502260170659392e-01
9.921618930618812948e-01
9.922837167321454377e-01
9.924151745118494627e-01
9.925557155801685294e-01
9.927047641921111776e-01
9.928617231090300921e-01
9.930259770584584089e-01
9.931968962022902359e-01
9.933738395922037112e-01
9.935561585914489680e-01
9.937432002426641597e-01
9.939343105622191477e-01
9.941288377426774625e-01
9.943261352462468006e-01
9.945255647735211646e-01
9.947264990933183393e-01
9.949283247209633751e-01
9.951304444338922028e-01
9.953322796149439711e-01
9.955332724151372270e-01
9.957328877290981817e-01
9.959306149776209205e-01
9.961259696931137331e-01
9.963184949049400663e-01
9.965077623229168235e-01
9.966933733185125988e-01
9.968749597046038247e-01
9.970521843160090603e-01
9.972247413944310690e-01
9.973923567828785197e-01
9.975547879360954218e-01
9.977118237549612578e-01
9.978632842542048964e-01
9.980090200740359130e-01
9.981489118474043964e-01
9.982828694354807242e-01
9.984108310445564127e-01
9.985327622378584733e-01
9.986486548557008680e-01
9.987585258569594560e-01
9.988624160940444696e-01
9.989603890323854873e-01
9.990525294239996912e-01
9.991389419430518615e-01
9.992197497895484171e-01
9.992950932655534357e-01
9.993651283267156460e-01
9.994300251105725508e-01
9.994899664421935670e-01
9.995451463173353757e-01
9.995957683634763002e-01
9.996420442799208717e-01
9.996841922595812724e-01
9.997224353969985655e-01
9.997570000895368292e-01
9.997881144413052201e-01
