9.997975097624617336e-01
9.997680370168261499e-01
9.997353480815849291e-01
9.996992382847165182e-01
9.996595052764245537e-01
9.996159503258900125e-01
9.995683795656532533e-01
9.995166051729897916e-01
9.994604464812449907e-01
9.993997310175374293e-01
9.993342954663190225e-01
9.992639865608685668e-01
9.991886619067852360e-01
9.991081907429075759e-01
9.990224546458040811e-01
9.989313481841175513e-01
9.988347795286817155e-01
9.987326710235573390e-01
9.986249597220934193e-01
9.985115978909172574e-01
9.983925534835116355e-01
9.982678105838524996e-01
9.981373698195361577e-01
9.980012487429811285e-01
9.978594821786785918e-01
9.977121225341137878e-01
9.975592400718767960e-01
9.974009231406097964e-01
9.972372783627765358e-01
9.970684307777475386e-01
9.968945239393288693e-01
9.967157199675908963e-01
9.965321995556152279e-01
9.963441619325472676e-01
9.961518247850603691e-01
9.959554241399707353e-01
9.957552142112502391e-01
9.955514672150184152e-01
9.953444731562414161e-01
9.951345395907649216e-01
9.949219913659687053e-01
9.947071703427082801e-01
9.944904351003154286e-01
9.942721606252619138e-01
9.940527379826598064e-01
9.938325739681178606e-01
9.936120907356177367e-01
9.933917253950825810e-01
9.931719295712351236e-01
9.929531689132543582e-01
9.927359225427091483e-01
9.925206824253604010e-01
9.923079526507442294e-01
9.920982486020607505e-01
9.918920959978563268e-01
9.916900297863525671e-01
9.914925928730908833e-01
9.913003346628428414e-01
9.911138093974882768e-01
9.909335742727863883e-01
9.907601873186094865e-01
9.905942050292609879e-01
9.904361797328812278e-01
9.902866566916274094e-01
9.901461709272244560e-01
9.900152437695881602e-01
9.898943791294696481e-01
9.897840594994417041e-01
9.896847416910201645e-01
9.895968523192698596e-01
9.895207830498917723e-01
9.894568856274983393e-01
9.894054667075441456e-01
9.893667825181534647e-01
9.893410333818025704e-01
9.893283581303962126e-01
9.893288284506014385e-01
9.893424431992341450e-01
9.893691227308749614e-01
9.894087032815591654e-01
9.894609314531792599e-01
9.895254588430257847e-01
9.896018368615481231e-01
9.896895117788989671e-01
9.897878200371049706e-01
9.898959838598434535e-01
9.900131071859047394e-01
9.901381719456521235e-01
9.902700346923624108e-01
9.904074235925059977e-01
9.905489357710649534e-01
9.906930350001789121e-01
9.908380497120232722e-01
9.909821713101061302e-01
9.911234527473375966e-01
9.912598073344446314e-01
9.913890077387031985e-01
9.915086851306106341e-01
9.916163284350532070e-01
9.917092836437293446e-01
9.917847531470200817e-01
9.918397950460935419e-01
9.918713224096975534e-01
9.918761024447658725e-01
9.918507555555308164e-01
9.917917542722599622e-01
9.916954220379329277e-01
9.915579318491385408e-01
9.913753047561849607e-01
9.911434082368829612e-01
9.908579544687257101e-01
9.905144985352675180e-01
9.901084366144414783e-01
9.896350042093556842e-01
9.890892744957557881e-01
9.884661568747638016e-01
9.877603958345689827e-01
9.869665702402460328e-01
9.860790931865178743e-01
9.850922125636963900e-01
9.840000125017586141e-01
9.827964158710498221e-01
9.814751880298704378e-01
9.800299420186289190e-01
9.784541454067573474e-01
9.767411290016574377e-01
9.748840976281170079e-01
9.728761431815591276e-01
9.707102601488981630e-01
9.683793637765872875e-01
9.658763110466602742e-01
9.631939245983425213e-01
9.603250197054062909e-01
9.572624343882231157e-01
9.539990627048610117e-01
9.505278912280676895e-01
9.468420386750839857e-01
9.429347986154725803e-01
9.387996851390392195e-01
9.344304813219735939e-01
9.298212902850540029e-01
9.249665885936003695e-01
9.198612817053336554e-01
9.145007611298676675e-01
9.088809629227186937e-01
9.029984270980010441e-01
8.968503575078881074e-01
8.904346817040545981e-01
8.837501102672409292e-01
8.767961950663943904e-01
8.695733858891614432e-01
8.620830848714030603e-01
8.543276981454438479e-01
8.463106841254580681e-01
8.380365978541515215e-01
8.295111308480433987e-01
8.207411458993852937e-01
8.117347063210897939e-01
8.025010991568555241e-01
7.930508519216200591e-01
7.833957424870108266e-01
7.735488017818644702e-01
7.635243090381904629e-01
7.533377793770913433e-01
7.430059435958593639e-01
7.325467200854235417e-01
7.219791788751781514e-01
7.113234978686258092e-01
7.006009113969957625e-01
6.898336512779571494e-01
6.790448806218514211e-01
6.682586206779113081e-01
6.574996710573659531e-01
6.467935237090869371e-01
6.361662710568001255e-01
6.256445087352990875e-01
6.152552333873246848e-01
6.050257360037001320e-01
5.949834913078038134e-01
5.851560437026656070e-01
5.755708903156583345e-01
5.662553616927812339e-01
5.572365007125552605e-01
5.485409403088034042e-01
5.401947806123119644e-01
5.322234661432683200e-01
5.246516637090226087e-01
5.175031416844035892e-01
5.108006513735394716e-01
5.045658111718384076e-01
4.988189942631828799e-01
4.935792205992757253e-01
4.888640539141846375e-01
4.846895045263327484e-01
4.810699386715443504e-01
4.780179950934493327e-01
4.755445095911539077e-01
4.736584481882929465e-01
4.723668495424983016e-01
4.716747771602253225e-01
4.715852819193844248e-01
4.720993753321079955e-01
4.732160139031865720e-01
4.749320948573343415e-01
4.772424634216407835e-01
4.801399317594733374e-01
4.836153095598550999e-01
4.876574461930566207e-01
4.922532842497124861e-01
4.973879241881524749e-01
5.030446997235131779e-01
5.092052635033041952e-01
5.158496825279526021e-01
5.229565426920630422e-01
5.305030617431580886e-01
5.384652098800712938e-01
5.468178371435300500e-01
5.555348066874240542e-01
5.645891329615035925e-01
5.739531237856519974e-01
5.835985252532611689e-01
5.934966683675300114e-01
6.036186162907354325e-01
6.139353110735347174e-01
6.244177187300636866e-01
6.350369715357471190e-01
6.457645064488526376e-01
6.565721985943042682e-01
6.674324887991505140e-01
6.783185042331234538e-01
6.892041712844617640e-01
7.000643198896128183e-01
7.108747786344939978e-01
7.216124600531672595e-01
7.322554356652981600e-01
7.427830004147715215e-01
7.531757262961236155e-01
7.634155050809566800e-01
7.734855801808911968e-01
7.833705678048094034e-01
7.930564676839806371e-01
8.025306637472411353e-01
8.117819152279430739e-01
8.208003387734026379e-01
8.295773822047781687e-01
8.381057906397513246e-01
8.463795657413939466e-01
8.543939188938174389e-01
8.621452191285684519e-01
8.696309366355086112e-01
8.768495826886002487e-01
8.838006468014284467e-01
8.904845319004052184e-01
8.969024882666623011e-01
9.030565469519910016e-01
9.089494533213282601e-01
9.145846013157640231e-01
9.199659689674355434e-01
9.250980556325412163e-01
9.299858213425512554e-01
9.346346286079088017e-01
9.390501869443759198e-01
9.432385003307965921e-01
9.472058177493467568e-01
9.509585869060797059e-01
9.545034111812867872e-01
9.578470098162578106e-01
9.609961813056082658e-01
9.639577699324665128e-01
9.667386353573504953e-01
9.693456251502388099e-01
9.717855501388226180e-01
9.740651624337449688e-01
9.761911359833400637e-01
9.781700495054290734e-01
9.800083716416277957e-01
9.817124481798374935e-01
9.832884911926820237e-01
9.847425699431768820e-01
9.860806034135154441e-01
9.873083543182168409e-01
9.884314244687724127e-01
9.894552513631557078e-01
9.903851058800203777e-01
9.912260909640049356e-01
9.919831411952619860e-01
9.926610231431071130e-01
9.932643364105149253e-01
9.937975152830681447e-01
9.942648309028486731e-01
9.946703938945892221e-01
9.950181573781040623e-01
9.953119203074816124e-01
9.955553310836281478e-01
9.957518913923827375e-01
9.959049602254443911e-01
9.960177580456671675e-01
9.960933710618133929e-01
9.961347555805694087e-01
9.961447424055472899e-01
9.961260412541730336e-01
9.960812451639308174e-01
9.960128348595373993e-01
9.959231830524681861e-01
9.958145586440502184e-01
9.956891308033032351e-01
9.955489728910419389e-01
9.953960662026397621e-01
9.952323035034114085e-01
9.950594923329066921e-01
9.948793580575231443e-01
9.946935466547288662e-01
9.945036272167462332e-01
9.943110941666523095e-01
9.941173691853436578e-01
9.939238028534839176e-01
9.937316760182250963e-01
9.935422008999362786e-01
9.933565219592227491e-01
9.931757165489938366e-01
9.930007953801002207e-01
9.928327028320224068e-01
9.926723171421700798e-01
9.925204505085378770e-01
9.923778491407573288e-01
9.922451932940441477e-01
9.921230973192326497e-01
9.920121097601275473e-01
9.919127135268930306e-01
9.918253261712871582e-01
9.917503002863536921e-01
9.916879240498454040e-01
9.916384219272822431e-01
9.916019555472554980e-01
9.915786247584442714e-01
9.915684688748810371e-01
9.915714681133106501e-01
9.915875452240381360e-01
9.916165673144485826e-01
9.916583478623636205e-01
9.917126489145369206e-01
9.917791834638470805e-01
9.918576179970618467e-01
9.919475752034075944e-01
9.920486368325527327e-01
9.921603466890052125e-01
9.922822137483494620e-01
9.924137153792393917e-01
9.925543006536647894e-01
9.927033937267700781e-01
9.928603972664880040e-01
9.930246959124935380e-01
9.931956597435354084e-01
9.933726477320790060e-01
9.935550111654095629e-01
9.937420970128770792e-01
9.939332512197975866e-01
9.941278219096006952e-01
9.943251624770965691e-01
9.945246345571515656e-01
9.947256108545667885e-01
9.949274778224893589e-01
9.951296381782148703e-01
9.953315132467269732e-01
9.955325451237519996e-01
9.957321986514764411e-01
9.959299632013934866e-01
9.961253542600181365e-01
9.963179148144688524e-01
9.965072165361721357e-01
9.966928607622277392e-01
9.968744792752901596e-01
9.970517348841874128e-01
9.972243218089088534e-01
9.973919658750377559e-01
9.975544245241598773e-01
9.977114866482177380e-01
9.978629722571559224e-01
9.980087319904678012e-01
9.981486464843568607e-01
9.982826256071074544e-01
9.984106075758688581e-01
9.985325579683433928e-01
9.986484686428062085e-01
9.987583565794384555e-01
9.988622626551473260e-01
9.989602503628877139e-01
9.990524044850509489e-01
9.991388297288293918e-01
9.992196493296950921e-01
9.992950036273816616e-01
9.993650486171553604e-01
9.994299544778427746e-01
9.994899040771808574e-01
9.995450914546601950e-01
9.995957202822366439e-01
9.996420023041048264e-01
9.996841557581448434e-01
9.997224037836126564e-01
9.997569728220119245e-01
9.997880910207085359e-01
