9.997975783908223946e-01
9.997681175479479210e-01
9.997354421497834931e-01
9.996993476730883232e-01
9.996596319189724467e-01
9.996160963080328310e-01
9.995685471229887042e-01
9.995167966882008148e-01
9.994606644790791083e-01
9.993999781578184471e-01
9.993345745349924147e-01
9.992643004591158506e-01
9.991890136382841625e-01
9.991085833993493814e-01
9.990228913908114627e-01
9.989318322357410018e-01
9.988353141406706159e-01
9.987332594656284090e-01
9.986256052594288946e-01
9.985123037631360443e-01
9.983933228833575813e-01
9.982686466358428046e-01
9.981382755588030786e-01
9.980022270945290153e-01
9.978605359372613171e-01
9.977132543449207525e-01
9.975604524121906014e-01
9.974022183025803567e-01
9.972386584374317575e-01
9.970698976403346014e-01
9.968960792360621603e-01
9.967173651038520044e-01
9.965339356856344200e-01
9.963459899505660022e-01
9.961537453179544199e-01
9.959574375412888481e-01
9.957573205565939389e-01
9.955536662986695928e-01
9.953467644889095745e-01
9.951369223983063117e-01
9.949244645888979388e-01
9.947097326363015801e-01
9.944930848350826968e-01
9.942748958875476939e-01
9.940555565751241218e-01
9.938354734098464593e-01
9.936150682616177177e-01
9.933947779549421320e-01
9.931750538267548611e-01
9.929563612349000534e-01
9.927391790047938036e-01
9.925239987999235902e-01
9.923113244001704469e-01
9.921016708705550080e-01
9.918955636019712863e-01
9.916935372048374386e-01
9.914961342364008168e-01
9.913039037427040512e-01
9.911173995969613237e-01
9.909371786172964658e-01
9.907637984484253257e-01
9.905978151938955589e-01
9.904397807878648763e-01
9.902902400980617692e-01
9.901497277544740738e-01
9.900187647014014880e-01
9.898978544737555563e-01
9.897874792018547252e-01
9.896880953524417324e-01
9.896001292172128538e-01
9.895239721638011687e-01
9.894599756678823521e-01
9.894084461488390492e-01
9.893696396352068545e-01
9.893437562898507176e-01
9.893309348284043958e-01
9.893312468678377991e-01
9.893446912449386232e-01
9.893711883468770951e-01
9.894105744976713357e-01
9.894625964451594369e-01
9.895269059928436528e-01
9.896030548196180776e-01
9.896904895278516578e-01
9.897885469565608219e-01
9.898964497915331284e-01
9.900133024983573948e-01
9.901380875975422935e-01
9.902696622934948900e-01
9.904067554613102953e-01
9.905479649873955017e-01
9.906917554521696978e-01
9.908364561357343447e-01
9.909802593207354127e-01
9.911212188608471418e-01
9.912572489785793639e-01
9.913861232525524869e-01
9.915054737520788697e-01
9.916127902758619106e-01
9.917054196518617637e-01
9.917805650568306541e-01
9.918352853166321204e-01
9.918664941521341261e-01
9.918709593401250357e-01
9.918453017642651082e-01
9.917859943374750520e-01
9.916893607843348946e-01
9.915515742799855259e-01
9.913686559506864615e-01
9.911364732505986153e-01
9.908507382395578267e-01
9.905070057976260722e-01
9.901006718240756843e-01
9.896269714811983809e-01
9.890809775569190387e-01
9.884575990345576546e-01
9.877515799730995916e-01
9.869574988167927332e-01
9.860697682685043430e-01
9.850826358766606727e-01
9.839901855003210240e-01
9.827863398304690357e-01
9.814648641573965326e-01
9.800193715835067154e-01
9.784433298874209983e-01
9.767300702483923125e-01
9.748727980392544179e-01
9.728646058911072370e-01
9.706984892234103990e-01
9.683673644190105012e-01
9.658640898048860279e-01
9.631814895762006445e-01
9.603123807738754847e-01
9.572496033946801264e-01
9.539860536782376332e-01
9.505147205778254893e-01
9.468287253819446248e-01
9.429213644118509263e-01
9.387861546771176791e-01
9.344168823273356628e-01
9.298076536937569525e-01
9.249529486705331260e-01
9.198476761416772840e-01
9.144872311174586654e-01
9.088675532031362803e-01
9.029851859842438211e-01
8.968373368766118237e-01
8.904219369564825293e-01
8.837377002570677709e-01
8.767841819932575831e-01
8.695618351565660431e-01
8.620720649083339904e-01
8.543172801912938263e-01
8.463009419783094067e-01
8.380276075828768656e-01
8.295029704691180283e-01
8.207338950197146099e-01
8.117284457485456350e-01
8.024959104805622356e-01
7.930468170643524273e-01
7.833929432323167852e-01
7.735473192787429841e-01
7.635242232863123091e-01
7.533391686956585342e-01
7.430088840792594684e-01
7.325512850488590244e-01
7.219854382934269843e-01
7.113315178110456438e-01
7.006107534618055688e-01
6.898453720287378577e-01
6.790585310290950805e-01
6.682742455683321481e-01
6.575173085735512846e-01
6.468132047819596941e-01
6.361880188932258484e-01
6.256683383230754458e-01
6.152811510197140343e-01
6.050537388255905480e-01
5.950135668856020299e-01
5.851881696200420535e-01
5.756050337973738218e-01
5.662914792590176827e-01
5.572745378664001326e-01
5.485808312599143033e-01
5.402364480401884439e-01
5.322668210040866210e-01
5.246966050905516044e-01
5.175495567141497055e-01
5.108484151859087330e-01
5.046147869407306974e-01
4.988690333070148197e-01
4.936301625658855441e-01
4.889157270534013611e-01
4.847417260581147191e-01
4.811225152574368780e-01
4.780707234187087096e-01
4.755971770641130858e-01
4.737108337624303944e-01
4.724187246652004069e-01
4.717259068503719677e-01
4.716354259737217669e-01
4.721482896578576005e-01
4.732634519716200083e-01
4.749778092701032461e-01
4.772862075786499236e-01
4.801814616140562819e-01
4.836543854441057722e-01
4.876938346934484025e-01
4.922867601107296931e-01
4.974182722196499595e-01
5.030717166859914879e-01
5.092287599442930635e-01
5.158694845423300590e-01
5.229724935793715890e-01
5.305150235358551125e-01
5.384730647181631413e-01
5.468214884731208425e-01
5.555341802633253501e-01
5.645841776371425258e-01
5.739438120769688734e-01
5.835848536670251718e-01
5.934786574884323151e-01
6.035963106256183597e-01
6.139087786551002957e-01
6.243870504862747417e-01
6.350022804347914551e-01
6.457259264329426873e-01
6.565298833186095084e-01
6.673866101948104923e-01
6.782692509155120453e-01
6.891517468296122217e-01
7.000089410030154724e-01
7.108166732372952490e-01
7.215518653111563374e-01
7.321925959860096089e-01
7.427181654375409892e-01
7.531091488990895311e-01
7.633474394278046971e-01
7.734162798286534635e-01
7.833002838922873412e-01
7.929854472184056924e-01
8.024591480046677772e-01
8.117101382806164445e-01
8.207285261550086863e-01
8.295057497221054454e-01
8.380345433369080776e-01
8.463088970203609396e-01
8.543240097928318511e-01
8.620762377576303148e-01
8.695630377662334487e-01
8.767829074937227851e-01
8.837353227375169817e-01
8.904206727257991671e-01
8.968401941853081372e-01
9.029959048727357329e-01
9.088905372213443856e-01
9.145274726961238887e-01
9.199106773884291322e-01
9.250446393161306791e-01
9.299343078293687004e-01
9.345850354564155804e-01
9.390025224602015497e-01
9.431927643148340090e-01
9.471620022538908001e-01
9.509166769891190807e-01
9.544633856499888935e-01
9.578088419516810337e-01
9.609598395617331423e-01
9.639232186037097749e-01
9.667058352098119034e-01
9.693145340129987186e-01
9.717561234526390646e-01
9.740373537554791739e-01
9.761648974453472905e-01
9.781453322299829001e-01
9.799851261111768297e-01
9.816906245645306006e-01
9.832680396371247245e-01
9.847234408148020091e-01
9.860627475152641264e-01
9.872917230684362666e-01
9.884159700513491797e-01
9.894409268509291033e-01
9.903718653344661949e-01
9.912138895140630845e-01
9.919719350980104045e-01
9.926507698287730941e-01
9.932549945140787262e-01
9.937890446644624953e-01
9.942571926575034524e-01
9.946635503558223235e-01
9.950120721126265444e-01
9.953065581050690724e-01
9.955506579418247348e-01
9.957478744969382456e-01
9.959015679270497579e-01
9.960149598334483434e-01
9.960911375339567275e-01
9.961330584123947451e-01
9.961435543153038807e-01
9.961253359668129637e-01
9.960809973731058475e-01
9.960130201880703638e-01
9.959237780115635097e-01
9.958155405915266600e-01
9.956904779011576112e-01
9.955506640626797799e-01
9.953980810901332799e-01
9.952346224251749085e-01
9.950620962421997673e-01
9.948822285022115297e-01
9.946966657387441568e-01
9.945069775636905529e-01
9.943146588859878010e-01
9.941211318415897891e-01
9.939277474388186207e-01
9.937357869288429013e-01
9.935464629164630912e-01
9.933609202314215292e-01
9.931802365849123904e-01
9.930054230397263870e-01
9.928374243254094456e-01
9.926771190318918192e-01
9.925253197162228203e-01
9.923827729573428957e-01
9.922501593932857578e-01
9.921280937739089811e-01
9.920171250602931590e-01
9.919177365994676920e-01
9.918303464002179437e-01
9.917553075325639123e-01
9.916929086701834484e-01
9.916433747917126063e-01
9.916068680535875535e-01
9.915834888439770678e-01
9.915732770244458649e-01
9.915762133633203579e-01
9.915922211622910654e-01
9.916211680755877556e-01
9.916628681190425842e-01
9.917170838644978614e-01
9.917835288132507143e-01
9.918618699405363781e-01
9.919517304013800718e-01
9.920526923865000679e-01
9.921643001153036545e-01
9.922860629514149711e-01
9.924174586246276020e-01
9.925579365417533939e-01
9.927069211675725313e-01
9.928638154560536222e-01
9.930280043112399424e-01
9.931988580567467917e-01
9.933757358926840197e-01
9.935579893190440437e-01
9.937449655051344699e-01
9.939360105854844196e-01
9.941304728637473387e-01
9.943277059074258073e-01
9.945270715176806053e-01
9.947279425600106251e-01
9.949297056431442021e-01
9.951317636350264229e-01
9.953335380062837690e-01
9.955344709929914160e-01
9.957340275719396283e-01
9.959316972429166359e-01
9.961269956137963622e-01
9.963194657854747005e-01
9.965086795349483717e-01
9.966942382961067048e-01
9.968757739391144179e-01
9.970529493506242735e-01
9.972254588184588098e-01
9.973930282258389735e-01
9.975554150616879889e-01
9.977124082549735373e-01
9.978638278424202257e-01
9.980095244801930887e-01
9.981493788112507648e-01
9.982833007009506154e-01
9.984112283540982347e-01
9.985331273269244523e-01
9.986489894474074314e-01
9.987588316569204760e-01
9.988626947853773697e-01
9.989606422708900979e-01
9.990527588335114118e-01
9.991391491109733458e-01
9.992199362625698855e-01
9.992952605455794890e-01
9.993652778670191195e-01
9.994301583122063848e-01
9.994900846506947767e-01
9.995452508197593122e-01
9.995958603858028368e-01
9.996421249848730373e-01
9.996842627448938590e-01
9.997224966941711255e-01
9.997570531630955992e-01
9.997881601885919567e-01
