9.997975810750286962e-01
9.997681206067895454e-01
9.997354456166654968e-01
9.996993515814676101e-01
9.996596363019051301e-01
9.996161011976918420e-01
9.995685525501579738e-01
9.995168026817581319e-01
9.994606710654760917e-01
9.993999853605706196e-01
9.993345823741875966e-01
9.992643089509538612e-01
9.991890227946562675e-01
9.991085932274664794e-01
9.990229018928887816e-01
9.989318434087451903e-01
9.988353259761338920e-01
9.987332719495317646e-01
9.986256183721566870e-01
9.985123174795000889e-01
9.983933371726896322e-01
9.982686614621504306e-01
9.981382908809864896e-01
9.980022428666507350e-01
9.978605521088643737e-01
9.977132708613868362e-01
9.975604692151327502e-01
9.974022353302615107e-01
9.972386756252014095e-01
9.970699149210786594e-01
9.968960965406549191e-01
9.967173823616072292e-01
9.965339528247442180e-01
9.963460068985235951e-01
9.961537620019516037e-01
9.959574538885811457e-01
9.957573364948274497e-01
9.955536817561602136e-01
9.953467793948703735e-01
9.951369366830147278e-01
9.949244781837992546e-01
9.947097454740437827e-01
9.944930968494812840e-01
9.942749070134796474e-01
9.940555667483553792e-01
9.938354825667957693e-01
9.936150763390684260e-01
9.933947848897104471e-01
9.931750595553308081e-01
9.929563656930778803e-01
9.927391821273096051e-01
9.925240005201212412e-01
9.923113246497157203e-01
9.921016695792179707e-01
9.918955606974940720e-01
9.916935326129050488e-01
9.914961278807244982e-01
9.913038955452271317e-01
9.911173894781898364e-01
9.909371664967532300e-01
9.907637842452212684e-01
9.905977988274078383e-01
9.904397621785072658e-01
9.902902191681300925e-01
9.901497044290480387e-01
9.900187389092829360e-01
9.898978261484233654e-01
9.897874482824197129e-01
9.896880617845843497e-01
9.896000929540907931e-01
9.895239331669177796e-01
9.894599339079074296e-01
9.894084016063783293e-01
9.893695923015173310e-01
9.893437061674992261e-01
9.893308819318691327e-01
9.893311912240484451e-01
9.893446328937500756e-01
9.893711273414677043e-01
9.894105109048541014e-01
9.894625303455869547e-01
9.895268374810867185e-01
9.896029840040919678e-01
9.896904165305616674e-01
9.897884719126357478e-01
9.898963728485180580e-01
9.900132238152354880e-01
9.901380073434618012e-01
9.902695806461824235e-01
9.904066726051597991e-01
9.905478811112322646e-01
9.906916707466983940e-01
9.908363707906963080e-01
9.909801735218068952e-01
9.911211327863289622e-01
9.912571627959357867e-01
9.913860371148699446e-01
9.915053877945235739e-01
9.916127046122227284e-01
9.917053343712668445e-01
9.917804802207315085e-01
9.918352009561444138e-01
9.918664102658217852e-01
9.918708758923082680e-01
9.918452186839212814e-01
9.917859115177917184e-01
9.916892780829588139e-01
9.915514915199973300e-01
9.913685729223128407e-01
9.911363897136560297e-01
9.908506539266065394e-01
9.905069204177912034e-01
9.901005850674798880e-01
9.896268830239318692e-01
9.890808870664620223e-01
9.884575061755572767e-01
9.877514844133959970e-01
9.869574002335848029e-01
9.860696663545422957e-01
9.850825303463572880e-01
9.839900760956760140e-01
9.827862263267119758e-01
9.814647463682618644e-01
9.800192493660705439e-01
9.784432031464428414e-01
9.767299389401179477e-01
9.748726621746529597e-01
9.728644655385284556e-01
9.706983445106592834e-01
9.683672155348443944e-01
9.658639369999494351e-01
9.631813331634124786e-01
9.603122211282867360e-01
9.572494409528171655e-01
9.539858889369431383e-01
9.505145540926037695e-01
9.468285577648124507e-01
9.429211963286888709e-01
9.387859868445155298e-01
9.344167155089174726e-01
9.298074886959772911e-01
9.249527863379343184e-01
9.198475173516020842e-01
9.144870767742243611e-01
9.088674042316808865e-01
9.029850433232725626e-01
8.968372014712793217e-01
8.904218097506643170e-01
8.837375821852838653e-01
8.767840739723253840e-01
8.695617380770670479e-01
8.620719796259883605e-01
8.543172075183380620e-01
8.463008826749762736e-01
8.380275623490721637e-01
8.295029399363857969e-01
8.207338797435725919e-01
8.117284462012612778e-01
8.024959270444359527e-01
7.930468500255514197e-01
7.833929927752989464e-01
7.735473854812933148e-01
7.635243061152062749e-01
7.533392680029542543e-01
7.430089995992149587e-01
7.325514163954611746e-01
7.219855849585152807e-01
7.113316791630106550e-01
7.006109287448427647e-01
6.898455603626288957e-01
6.790587314095006821e-01
6.682744568675734742e-01
6.575175295418744792e-01
6.468134340492633916e-01
6.361882549712616353e-01
6.256685796081256079e-01
6.152813957957745661e-01
6.050539852680905106e-01
5.950138130657197655e-01
5.851884135096903083e-01
5.756052732749492584e-01
5.662917121160264688e-01
5.572747618151109306e-01
5.485810439421771045e-01
5.402366470376065433e-01
5.322670038497168132e-01
5.246967692823163443e-01
5.175496997301425317e-01
5.108485345017508283e-01
5.046148800491139230e-01
4.988690977395072723e-01
4.936301959170433795e-01
4.889157270071442518e-01
4.847416904162402673e-01
4.811224419700769195e-01
4.780706106164149816e-01
4.755970230911666929e-01
4.737106372108783603e-01
4.724184844090120183e-01
4.717256220790438936e-01
4.716350962245758893e-01
4.721479148462384146e-01
4.732630324181571480e-01
4.749773457242217889e-01
4.772857012375173458e-01
4.801809141362211042e-01
4.836537989571614293e-01
4.876932117951617851e-01
4.922861038632087016e-01
4.974175861362679640e-01
5.030710047109532290e-01
5.092280264249064992e-01
5.158687341942186366e-01
5.229717314450266219e-01
5.305142549371122396e-01
5.384722952033171861e-01
5.468207237595347214e-01
5.555334261764923731e-01
5.645834400472451442e-01
5.739430968340261119e-01
5.835841665357466290e-01
5.934780040838965043e-01
6.035956963508546380e-01
6.139082086416052242e-01
6.243865295383995706e-01
6.350018129788661536e-01
6.457255164718540552e-01
6.565295343924575366e-01
6.673863253481173707e-01
6.782690326713292084e-01
6.891515971707361521e-01
7.000088613603898668e-01
7.108166644855478111e-01
7.215519277711125445e-01
7.321927294339032333e-01
7.427183691205532234e-01
7.531094215567668559e-01
7.633477793188246929e-01
7.734166847623590302e-01
7.833007512643563874e-01
7.929859740499985987e-01
8.024597309843628512e-01
8.117107738084458068e-01
8.207292103879022527e-01
8.295064786200655460e-01
8.380353127092572407e-01
8.463097025714417798e-01
8.543248471665698673e-01
8.620771025804249144e-01
8.695639256876893652e-01
8.767838142247947886e-01
8.837362440857023937e-01
8.904216046270791995e-01
8.968411327326020199e-01
9.029968463407026524e-01
9.088914780874329802e-01
9.145284096578317756e-01
9.199116073768000001e-01
9.250455595055713243e-01
9.299352156439200101e-01
9.345859285726610954e-01
9.390033988070357607e-01
9.431936220703487361e-01
9.471628398396626514e-01
9.509174930622037447e-01
9.544641790929405678e-01
9.578096118609240595e-01
9.609605852346082555e-01
9.639239395245178255e-01
9.667065310351632412e-01
9.693152045567600128e-01
9.717567686707485608e-01
9.740379737308783037e-01
9.761654923732470124e-01
9.781459024036531780e-01
9.799856719084181211e-01
9.816911464349524774e-01
9.832685380903249950e-01
9.847239164095106245e-01
9.860632008494860656e-01
9.872921547706009493e-01
9.884163807724509754e-01
9.894413172576237425e-01
9.903722361030705690e-01
9.912142413253938189e-01
9.919722686329885963e-01
9.926510857647156127e-01
9.932552935215958057e-01
9.937893274048827941e-01
9.942574597807504189e-01
9.946638024986715898e-01
9.950123098972799562e-01
9.953067821379915081e-01
9.955508688127949757e-01
9.957480727782743735e-01
9.959017541729797696e-01
9.960151345795995592e-01
9.960913012969483393e-01
9.961332116895218469e-01
9.961436975843052100e-01
9.961254696857201330e-01
9.960811219801738448e-01
9.960131361017928731e-01
9.959238856307750520e-01
9.958156402955985476e-01
9.956905700502918233e-01
9.955507489983055347e-01
9.953981591354121861e-01
9.952346938856161396e-01
9.950621614063875908e-01
9.948822876426448580e-01
9.946967191127848995e-01
9.945070254146147759e-01
9.943147014441314768e-01
9.941211693255764814e-01
9.939277800568542265e-01
9.937358148800583546e-01
9.935464863922843781e-01
9.933609394169411466e-01
9.931802516602369346e-01
9.930054341812720731e-01
9.928374317071161359e-01
9.926771228263279179e-01
9.925253200955529431e-01
9.923827700941333374e-01
9.922501534611275487e-01
9.921280849478385511e-01
9.920171135170023913e-01
9.919177225172944867e-01
9.918303299589210642e-01
9.917552889128895544e-01
9.916928880532394075e-01
9.916433523581733578e-01
9.916068439827588898e-01
9.915834633127552644e-01
9.915732502062111209e-01
9.915761854268041464e-01
9.915921922704623581e-01
9.916211383845979777e-01
9.916628377772700453e-01
9.917170530117239702e-01
9.917834975799995068e-01
9.918618384475960115e-01
9.919516987595206059e-01
9.920526606963920857e-01
9.921642684676337254e-01
9.922860314271843007e-01
9.924174272956157727e-01
9.925579054711208826e-01
9.927068904105724734e-01
9.928637850608188486e-01
9.930279743196132047e-01
9.931988285051198684e-01
9.933757068128165058e-01
9.935579607388339562e-01
9.937449374493201315e-01
9.939359830762595216e-01
9.941304459212807476e-01
9.943276795502787868e-01
9.945270457631238958e-01
9.947279174242447120e-01
9.949296811414327646e-01
9.951317397817533994e-01
9.953335148149490275e-01
9.955344484761572410e-01
9.957340057411439016e-01
9.959316761085653669e-01
9.961269751850468923e-01
9.963194460701209065e-01
9.965086605393151942e-01
9.966942200249591099e-01
9.968757563955864542e-01
9.970529325361683348e-01
9.972254427328157700e-01
9.973930128670286388e-01
9.975554004260176466e-01
9.977123943370600490e-01
9.978638146352257765e-01
9.980095119750687083e-01
9.981493669979861760e-01
9.982832895678279694e-01
9.984112178879477328e-01
9.985331175131811898e-01
9.986489802701681295e-01
9.987588230990029903e-01
9.988626868283809745e-01
9.989606348952606574e-01
9.990527520186114341e-01
9.991391428351605875e-01
9.992199305032848367e-01
9.992952552794445165e-01
9.993652730699499331e-01
9.994301539595358275e-01
9.994900807173103807e-01
9.995452472802515143e-01
9.995958572146237398e-01
9.996421221565020554e-01
9.996842602340083594e-01
9.997224944758168474e-01
9.997570512128549636e-01
9.997881584827438273e-01
