9.997975646430802277e-01
9.997681017351467414e-01
9.997354240545384130e-01
9.996993270697087652e-01
9.996596085751692229e-01
9.996160699868511523e-01
9.995685175849372550e-01
9.995167636935458066e-01
9.994606277902620128e-01
9.993999375419567732e-01
9.993345297664155691e-01
9.992642513218922273e-01
9.991889599286902790e-01
9.991085249282378733e-01
9.990228279858361926e-01
9.989317637434010910e-01
9.988352404281425345e-01
9.987331804223585907e-01
9.986255207984692239e-01
9.985122138222073396e-01
9.983932274256358541e-01
9.982685456504681865e-01
9.981381690611169644e-01
9.980021151260501933e-01
9.978604185654169623e-01
9.977131316625498236e-01
9.975603245368431793e-01
9.974020853756347949e-01
9.972385206230564014e-01
9.970697551243208334e-01
9.968959322245549703e-01
9.967172138220093958e-01
9.965337803762425173e-01
9.963458308726425017e-01
9.961535827453719127e-01
9.959572717614507686e-01
9.957571518691983314e-01
9.955534950145950024e-01
9.953465909292594782e-01
9.951367468936453964e-01
9.949242874787134205e-01
9.947095542687180991e-01
9.944929055668529916e-01
9.942747160843350418e-01
9.940553766120828749e-01
9.938352936724931252e-01
9.936148891469768207e-01
9.933945998729324378e-01
9.931748772017717775e-01
9.929561865075339222e-01
9.927390066336132524e-01
9.925238292632435622e-01
9.923111581977169804e-01
9.921015085249371701e-01
9.918954056598706659e-01
9.916933842378327091e-01
9.914959868413528721e-01
9.913037625416414311e-01
9.911172652364226288e-01
9.909370517671034495e-01
9.907636797998825573e-01
9.905977054574285345e-01
9.904396806901299977e-01
9.902901503785745962e-01
9.901496491618163587e-01
9.900186979890742700e-01
9.898978003957492611e-01
9.897874385080094317e-01
9.896880687836621115e-01
9.896001175005976203e-01
9.895239760077367830e-01
9.894599957571387217e-01
9.894084831396958712e-01
9.893696941506301412e-01
9.893438289147334919e-01
9.893310261048848808e-01
9.893313572907087572e-01
9.893448212571742673e-01
9.893713383353099911e-01
9.894107447888755846e-01
9.894627873016101915e-01
9.895271176094476706e-01
9.896032873207304403e-01
9.896907429649123289e-01
9.897888213065008101e-01
9.898967449561096865e-01
9.900136183045789018e-01
9.901384237993401394e-01
9.902700185747804751e-01
9.904071314405350490e-01
9.905483602236955232e-01
9.906921694531350964e-01
9.908368883667969529e-01
9.909807092161114772e-01
9.911216858359180870e-01
9.912577324435355441e-01
9.913866226270690030e-01
9.915059884807412294e-01
9.916133198440153507e-01
9.917059636015185253e-01
9.917811230022448576e-01
9.918358569591327889e-01
9.918670792938025782e-01
9.918715578959113044e-01
9.918459137721542529e-01
9.917866199663466498e-01
9.916900003392001839e-01
9.915522282043365276e-01
9.913693248257543500e-01
9.911371577913808961e-01
9.908514392875511501e-01
9.905077243102720086e-01
9.901014088610055053e-01
9.896277281874363840e-01
9.890817551432754540e-01
9.884583987555032314e-01
9.877524031024741413e-01
9.869583466217399792e-01
9.860706419820591817e-01
9.850835366694346007e-01
9.839911144517334840e-01
9.827872978999652176e-01
9.814658521560664095e-01
9.800203901464898948e-01
9.784443794474367850e-01
9.767311510106858607e-01
9.748739099581984480e-01
9.728657486486479433e-01
9.706996622094985483e-01
9.683685667141176401e-01
9.658653201646748565e-01
9.631827464183959631e-01
9.603136621673734608e-01
9.572509070509317430e-01
9.539873769449542795e-01
9.505160604350695319e-01
9.468300784406914472e-01
9.429227269151294610e-01
9.387875225038609939e-01
9.344182509990859309e-01
9.298090183843789047e-01
9.249543042190896402e-01
9.198490170686020040e-01
9.144885516441414453e-01
9.088688472749930636e-01
9.029864472972992662e-01
8.968385589075617004e-01
8.904231129961441837e-01
8.837388234470595627e-01
8.767852453656842515e-01
8.695628316764293375e-01
8.620729875183303914e-01
8.543181218586241021e-01
8.463016957430895548e-01
8.380282666077222276e-01
8.295035280894702545e-01
8.207343447944812631e-01
8.117287815106472015e-01
8.024961263870058481e-01
7.930469076454831345e-01
7.833929034399386149e-01
7.735471445328454543e-01
7.635239095201673543e-01
7.533387123991071022e-01
7.430082823400259162e-01
7.325505355917707462e-01
7.219845395174390168e-01
7.113304688239857621e-01
7.006095541127764781e-01
6.898440229381113120e-01
6.790570336160448583e-01
6.682726020758440466e-01
6.575155220908474041e-01
6.468112792642475295e-01
6.361859591786711565e-01
6.256661501468622211e-01
6.152788410250080720e-01
6.050513145711785556e-01
5.950110368499031965e-01
5.851855432011208169e-01
5.756023213084876522e-01
5.662886919191414403e-01
5.572716877850716344e-01
5.485779314156351560e-01
5.402335122515431465e-01
5.322638638926393551e-01
5.246936420345549301e-01
5.175466037920553042e-01
5.108454891087099714e-01
5.046119049722259664e-01
4.988662131712008341e-01
4.936274223408940731e-01
4.889130850516199001e-01
4.847392006924491348e-01
4.811201248940373265e-01
4.780684862168920191e-01
4.755951108046549969e-01
4.737089556658874434e-01
4.724170512023727619e-01
4.717244535474991451e-01
4.716342072154144915e-01
4.721473184911396670e-01
4.732627399147445457e-01
4.749773661300205063e-01
4.772860412810793207e-01
4.801815780501119679e-01
4.836547883372657175e-01
4.876945254904021532e-01
4.922877378992519537e-01
4.974195336761514374e-01
5.030732560548105692e-01
5.092305690501455206e-01
5.158715528366002445e-01
5.229748082201918224e-01
5.305175695011755677e-01
5.384758249502703542e-01
5.468244440523837291e-01
5.555373106083181245e-01
5.645874607277554524e-01
5.739472246966528246e-01
5.835883716599925553e-01
5.934822560273926850e-01
6.035999644855178925e-01
6.139124624883156578e-01
6.243907390948215674e-01
6.350059490353020530e-01
6.457295509104323816e-01
6.565334404654272760e-01
6.673900779315542486e-01
6.782726084911594455e-01
6.891549749985941276e-01
7.000120221774517315e-01
7.108195916131239134e-01
7.215546069673757223e-01
7.321951489567284366e-01
7.427205197569857198e-01
7.531112966201430892e-01
7.633493746150252779e-01
7.734179985270809299e-01
7.833017840736370418e-01
7.929867287065200943e-01
8.024602123823030286e-01
8.117109887798225065e-01
8.207291675334829062e-01
8.295061881279883753e-01
8.380347861645300878e-01
8.463089527594533923e-01
8.543238878736728603e-01
8.620759483945277246e-01
8.695625918016322009e-01
8.767823162450850694e-01
8.837345978489549170e-01
8.904198260262468079e-01
8.968392375548051021e-01
9.029948501181679354e-01
9.088893959627485364e-01
9.145262562644179694e-01
9.199093967351880119e-01
9.250433049357837945e-01
9.299329296939652378e-01
9.345836229628849967e-01
9.390010843898293214e-01
9.431913088044935334e-01
9.471605367784030616e-01
9.509152083539766931e-01
9.544619199935601150e-01
9.578073847559243070e-01
9.609583956703805496e-01
9.639217922468443778e-01
9.667044300337421792e-01
9.693131531143449608e-01
9.717547694155728166e-01
9.740360286911078358e-01
9.761636030323016522e-01
9.781440697553465125e-01
9.799838965109919364e-01
9.816894284632156076e-01
9.832668773852483168e-01
9.847223125247700493e-01
9.860616530945846003e-01
9.872906622503356822e-01
9.884149424226111869e-01
9.894399318769180329e-01
9.903709023813780377e-01
9.912129578685099363e-01
9.919710339841019131e-01
9.926498984228947497e-01
9.932541519575938116e-01
9.937882300745792818e-01
9.942564051365507805e-01
9.946627889991703775e-01
9.950113360154723141e-01
9.953058463682905588e-01
9.955499696770768736e-01
9.957472088311414282e-01
9.959009240063928514e-01
9.960143368269989139e-01
9.960905346369490765e-01
9.961324748492411674e-01
9.961429893423547899e-01
9.961247888748728796e-01
9.960804674897000277e-01
9.960125068794432046e-01
9.959232806843812957e-01
9.958150586942521310e-01
9.956900109250588216e-01
9.955502115424335052e-01
9.953976426039868874e-01
9.952341975946291663e-01
9.950616847311832824e-01
9.948818300157233896e-01
9.946962800209503408e-01
9.945066043954705615e-01
9.943142980819416055e-01
9.941207832465278615e-01
9.939274109237745680e-01
9.937354623866634373e-01
9.935461502570460679e-01
9.933606193766870707e-01
9.931799474636088254e-01
9.930051455821811146e-01
9.928371584583475240e-01
9.926768646734487334e-01
9.925250767712807676e-01
9.923825413133179341e-01
9.922499389164857186e-01
9.921278843065686193e-01
9.920169264183794633e-01
9.919175485713238594e-01
9.918301687460905347e-01
9.917551399850302873e-01
9.916927509354643844e-01
9.916432265518251299e-01
9.916067289692614972e-01
9.915833585582302101e-01
9.915731551666889798e-01
9.915760995538390743e-01
9.915921150169431098e-01
9.916210692105401625e-01
9.916627761553798992e-01
9.917169984325354681e-01
9.917834495564069597e-01
9.918617965186357077e-01
9.919516624932896987e-01
9.920526296920335607e-01
9.921642423563596935e-01
9.922860098723531586e-01
9.924174099919176317e-01
9.925578921429636381e-01
9.927068808097890829e-01
9.928637789638405931e-01
9.930279715242649186e-01
9.931988288271985654e-01
9.933757100826123843e-01
9.935579667977385565e-01
9.937449461466505429e-01
9.939359942664032221e-01
9.941304594612394574e-01
9.943276952976635163e-01
9.945270635746238375e-01
9.947279371545700855e-01
9.949297026427083024e-01
9.951317629033210599e-01
9.953335394035267569e-01
9.955344743762906123e-01
9.957340327958851267e-01
9.959317041603121812e-01
9.961270040764818035e-01
9.963194756451929646e-01
9.965086906442183201e-01
9.966942505090710114e-01
9.968757871123377079e-01
9.970529633438269812e-01
9.972254734951765398e-01
9.973930434540060341e-01
9.975554307141465404e-01
9.977124242099147944e-01
9.978638439837664853e-01
9.980095406979301309e-01
9.981493950017203964e-01
9.982833167671121277e-01
9.984112442057659909e-01
9.985331428809856025e-01
9.986490046280214194e-01
9.987588463957002283e-01
9.988627090215462800e-01
9.989606559514105921e-01
9.990527719131746531e-01
9.991391615524418679e-01
9.992199480363630482e-01
9.992952716299918769e-01
9.993652882479636679e-01
9.994301679829766805e-01
9.994900936116427603e-01
9.995452590778876045e-01
9.995958679542767955e-01
9.996421318824563196e-01
9.996842689953208128e-01
9.997225023254664444e-01
9.997570582068576739e-01
9.997881646792563526e-01
