9.997975700416611433e-01
9.997681079889614297e-01
9.997354312642213747e-01
9.996993353421345097e-01
9.996596180230743478e-01
9.996160807283536176e-01
9.995685297429568461e-01
9.995167773951296741e-01
9.994606431658251688e-01
9.993999547244462045e-01
9.993345488904100682e-01
9.992642725226505984e-01
9.991889833411631283e-01
9.991085506860557519e-01
9.990228562202910778e-01
9.989317945824339740e-01
9.988352739953523241e-01
9.987332168360441020e-01
9.986255601707171303e-01
9.985122562580351913e-01
9.983932730221997121e-01
9.982685944963400893e-01
9.981382212356398886e-01
9.980021706987711738e-01
9.978604775956018136e-01
9.977131941987794628e-01
9.975603906166902179e-01
9.974021550254187352e-01
9.972385938576735498e-01
9.970698319471449356e-01
9.968960126274034605e-01
9.967172977851687099e-01
9.965338678685459195e-01
9.963459218515920979e-01
9.961536771572966353e-01
9.959573695416887862e-01
9.957572529422952234e-01
9.955535992945040435e-01
9.953466983195323747e-01
9.951368572875999297e-01
9.949244007595654526e-01
9.947096703096636183e-01
9.944930242310898727e-01
9.942748372250119759e-01
9.940555000721684742e-01
9.938354192845586521e-01
9.936150167328914318e-01
9.933947292434720522e-01
9.931750081561474541e-01
9.929563188328531798e-01
9.927391401042872099e-01
9.925239636403609955e-01
9.923112932284092746e-01
9.921016439417604804e-01
9.918955411802328204e-01
9.916935195634950517e-01
9.914961216580350234e-01
9.913038965187559448e-01
9.911173980269631922e-01
9.909371830077062793e-01
9.907638091110758660e-01
9.905978324440809502e-01
9.904398049421005990e-01
9.902902714715651200e-01
9.901497666584195834e-01
9.900188114400089168e-01
9.898979093412697550e-01
9.897875424794750909e-01
9.896881673052517758e-01
9.896002100911539534e-01
9.895240621827277039e-01
9.894600750307215309e-01
9.894085550268765239e-01
9.893697581695072296e-01
9.893438845888198330e-01
9.893310729655000468e-01
9.893313948794357771e-01
9.893448491283687307e-01
9.893713560586504530e-01
9.894107519519363958e-01
9.894627835124325532e-01
9.895271024990790476e-01
9.896032605456925868e-01
9.896907042095536289e-01
9.897887702851786429e-01
9.898966814151456406e-01
9.900135420239229989e-01
9.901383345938794545e-01
9.902699162952282030e-01
9.904070159738387336e-01
9.905482314929093812e-01
9.906920274167120288e-01
9.908367330172657139e-01
9.909805405781212384e-01
9.911215039636486202e-01
9.912575374174885656e-01
9.913864145502758740e-01
9.915057674744427452e-01
9.916130860428852278e-01
9.917057171485232914e-01
9.917808640432451694e-01
9.918355856373481938e-01
9.918667957442688365e-01
9.918712622400704948e-01
9.918456061127182144e-01
9.917863003825776458e-01
9.916896688827466777e-01
9.915518848957576292e-01
9.913689696518513950e-01
9.911367907034455138e-01
9.908510602006176393e-01
9.905073331034441875e-01
9.901010053789057741e-01
9.896273122428022040e-01
9.890813265207017979e-01
9.884579572163105787e-01
9.877519483906519460e-01
9.869578784709001074e-01
9.860701601233106128e-01
9.850830408400771399e-01
9.839906044046529132e-01
9.827867734136056521e-01
9.814653130448502960e-01
9.800198362715533129e-01
9.784438107275517105e-01
9.767305674332456000e-01
9.748733115901502266e-01
9.728651356472647338e-01
9.706990348328933260e-01
9.683679253314095847e-01
9.658646652657284504e-01
9.631820786230580467e-01
9.603129822341365252e-01
9.572502158849559573e-01
9.539866756053768659e-01
9.505153501415301021e-01
9.468293605789931400e-01
9.429220030419549481e-01
9.387867943504526469e-01
9.344175204737961149e-01
9.298082875739942521e-01
9.249535753888291634e-01
9.198482926606956767e-01
9.144878342748974376e-01
9.088681397302744713e-01
9.029857525263447204e-01
8.968378800150993424e-01
8.904224532327700281e-01
8.837381861978733655e-01
8.767846341372008689e-01
8.695622500818018796e-01
8.620724392609547815e-01
8.543176107142065323e-01
8.463012255402837525e-01
8.380278412074601002e-01
8.295031513631192510e-01
8.207340206009764438e-01
8.117285136727468986e-01
8.024959186668290112e-01
7.930467637194797970e-01
7.833928268734494660e-01
7.735471387543907396e-01
7.635239777956166485e-01
7.533388578058543006e-01
7.430085077413046690e-01
7.325508436112262434e-01
7.219849325140693663e-01
7.113309488675645387e-01
7.006101229598509228e-01
6.898446820086797659e-01
6.790577839710032482e-01
6.682734443952933479e-01
6.575164566533491239e-01
6.468123059271211339e-01
6.361870773594239248e-01
6.256673588058486724e-01
6.152801386494277658e-01
6.050526991605298388e-01
5.950125059030273444e-01
5.851870937049934440e-01
5.756039497289378026e-01
5.662903941937067476e-01
5.572734593182346874e-01
5.485797670767176282e-01
5.402354063755648861e-01
5.322658102844963768e-01
5.246956339768842348e-01
5.175486340571877619e-01
5.108475499751187199e-01
5.046139882458806625e-01
4.988683102122278834e-01
4.936295240958892272e-01
4.889151820919350744e-01
4.847412832586688314e-01
4.811221829467947630e-01
4.780705094940259636e-01
4.755970888846047240e-01
4.737108780370439254e-01
4.724189073379615467e-01
4.717262329853935121e-01
4.716358996421019523e-01
4.721489138289183263e-01
4.732642284110509800e-01
4.749787384476759078e-01
4.772872885881230820e-01
4.801826921078125032e-01
4.836557615848583458e-01
4.876953511250908813e-01
4.922884099500451915e-01
4.974200470701689580e-01
5.030736066748145996e-01
5.092307537821809671e-01
5.158715696068092438e-01
5.229746560200632111e-01
5.305172484007081302e-01
5.384753360987646342e-01
5.468237896668038944e-01
5.555364939494076282e-01
5.645864860643138305e-01
5.739460972585990195e-01
5.835870975810237837e-01
5.934808422782302806e-01
6.035984187988584493e-01
6.139107932767398079e-01
6.243889553629733413e-01
6.350040602877184970e-01
6.457275670564233128e-01
6.565313717223906220e-01
6.673879347280891050e-01
6.782704013712823610e-01
6.891527145282776434e-01
7.000097188546265947e-01
7.108172557821641480e-01
7.215522487389773865e-01
7.321927781339621077e-01
7.427181457681736321e-01
7.531089284590768429e-01
7.633470207889097026e-01
7.734156670124535671e-01
7.832994822803931445e-01
7.929844634500406997e-01
8.024579898635774144e-01
8.117088145733444282e-01
8.207270465826048689e-01
8.295041247473240453e-01
8.380327840489278923e-01
8.463070149989881941e-01
8.543220169740561865e-01
8.620741463022920659e-01
8.695608599334160305e-01
8.767806555203316865e-01
8.837330087253286726e-01
8.904183085370832584e-01
8.968377913479249619e-01
9.029934744954166703e-01
9.088880899196596364e-01
9.145250185294423462e-01
9.199082258079858132e-01
9.250421991241297714e-01
9.299318871488823079e-01
9.345826417116800400e-01
9.390001623667747488e-01
9.431904438789546763e-01
9.471597267802821518e-01
9.509144510963956076e-01
9.544612132927656756e-01
9.578067264484488863e-01
9.609577836275381424e-01
9.639212243866803753e-01
9.667039043305929447e-01
9.693126676061887270e-01
9.717543222093738553e-01
9.740356179663729463e-01
9.761632270430729008e-01
9.781437268308590394e-01
9.799835850552184313e-01
9.816891469535125037e-01
9.832666243703038766e-01
9.847220866220376401e-01
9.860614529873636958e-01
9.872904866846422545e-01
9.884147902039555067e-01
9.894398018670860218e-01
9.903707934952865610e-01
9.912128690711917711e-01
9.919709642878503653e-01
9.926498468845866840e-01
9.932541176761940926e-01
9.937882121888185205e-01
9.942564028227616202e-01
9.946628014692602271e-01
9.950113625150118768e-01
9.953058861746907349e-01
9.955500220978334980e-01
9.957472732021264150e-01
9.959009996901743156e-01
9.960144232111778351e-01
9.960906311325042894e-01
9.961325808888779054e-01
9.961431043788565587e-01
9.961249123794623239e-01
9.960805989504154523e-01
9.960126457995429616e-01
9.959234265807883624e-01
9.958152110960573067e-01
9.956901693720984214e-01
9.955503755839624214e-01
9.953978117974651152e-01
9.952343715046435557e-01
9.950618629285218342e-01
9.948820120766216357e-01
9.946964655265249089e-01
9.945067929313535782e-01
9.943144892381253763e-01
9.941209766174259332e-01
9.939276061084999503e-01
9.937356589895200987e-01
9.935463478882231581e-01
9.933608176531411038e-01
9.931801460101115087e-01
9.930053440325063985e-01
9.928373564565655673e-01
9.926770618752895903e-01
9.925252728455282725e-01
9.923827359431903750e-01
9.922501318009603333e-01
9.921280751616055049e-01
9.920171149780045994e-01
9.919177345885323849e-01
9.918303519935380841e-01
9.917553202554861835e-01
9.916929280420078152e-01
9.916434003277756482e-01
9.916068992678427341e-01
9.915835252519776821e-01
9.915733181466195312e-01
9.915762587284109308e-01
9.915922703108407399e-01
9.916212205633275767e-01
9.916629235200659087e-01
9.917171417741004191e-01
9.917835888503384600e-01
9.918619317495193100e-01
9.919517936534961722e-01
9.920527567805373925e-01
9.921643653777174610e-01
9.922861288358590937e-01
9.924175249109485897e-01
9.925580030345114713e-01
9.927069876941747584e-01
9.928638818645918462e-01
9.930280704681371251e-01
9.931989238443112988e-01
9.933758012066715715e-01
9.935580540663131455e-01
9.937450296014738171e-01
9.939360739536693412e-01
9.941305354318712428e-01
9.943277676075303884e-01
9.945271322846936934e-01
9.947280023309852393e-01
9.949297643567799332e-01
9.951318212314406164e-01
9.953335944269977587e-01
9.955345261810883972e-01
9.957340814723514288e-01
9.959317498027974169e-01
9.961270467829448361e-01
9.963195155167702266e-01
9.965087277847736180e-01
9.966942850247346719e-01
9.968758191110446143e-01
9.970529929348597165e-01
9.972255007887194100e-01
9.973930685607126367e-01
9.975554537447243186e-01
9.977124452747264671e-01
9.978638631924492408e-01
9.980095581590315845e-01
9.981494108223502026e-01
9.982833310526084691e-01
9.984112570593751679e-01
9.985331544035549456e-01
9.986490149177055242e-01
9.987588555476796248e-01
9.988627171277617567e-01
9.989606631003132842e-01
9.990527781894956716e-01
9.991391670369843547e-01
9.992199528058193225e-01
9.992952757567895583e-01
9.993652918001449947e-01
9.994301710241122461e-01
9.994900962007836620e-01
9.995452612695573391e-01
9.995958697985025676e-01
9.996421334248415391e-01
9.996842702771550071e-01
9.997225033838722519e-01
9.997570590749703667e-01
9.997881653864315599e-01
