9.997975132947356514e-01
9.997680418561983862e-01
9.997353545522872365e-01
9.996992467659950865e-01
9.996595162074863872e-01
9.996159642105822973e-01
9.995683969767503729e-01
9.995166267559594253e-01
9.994604729573698387e-01
9.993997631862748809e-01
9.993343342067938506e-01
9.992640328324059462e-01
9.991887167484124754e-01
9.991082552717718279e-01
9.990225300544759435e-01
9.989314357367764519e-01
9.988348805561996224e-01
9.987327869175229855e-01
9.986250919278419902e-01
9.985117478996474727e-01
9.983927228235921492e-01
9.982680008114312997e-01
9.981375825085796460e-01
9.980014854748725517e-01
9.978597445315137149e-01
9.977124120718284805e-01
9.975595583333393135e-01
9.974012716288069846e-01
9.972376585342156430e-01
9.970688440321866519e-01
9.968949716099420044e-01
9.967162033116631070e-01
9.965327197458555553e-01
9.963447200490966882e-01
9.961524218082640214e-01
9.959560609439731538e-01
9.957558915584623360e-01
9.955521857514947337e-01
9.953452334079896380e-01
9.951353419609977324e-01
9.949228361332879134e-01
9.947080576601899926e-01
9.944913649954426615e-01
9.942731330006249202e-01
9.940537526173175431e-01
9.938336305194865883e-01
9.936131887417281039e-01
9.933928642770242234e-01
9.931731086355902738e-01
9.929543873543109633e-01
9.927371794442446662e-01
9.925219767617924349e-01
9.923092832874650382e-01
9.920996142948007579e-01
9.918934953909597230e-01
9.916914614098991665e-01
9.914940551388496948e-01
9.913018258591023146e-01
9.911153276828693626e-01
9.909351176691983953e-01
9.907617537035654509e-01
9.905957921278071288e-01
9.904377851094319229e-01
9.902882777420134452e-01
9.901478048712704094e-01
9.900168876445236688e-01
9.898960297844602296e-01
9.897857135914938098e-01
9.896863956824701880e-01
9.895985024770267424e-01
9.895224254465518898e-01
9.894585161444084953e-01
9.894070810398475357e-01
9.893683761818236055e-01
9.893426017226468749e-01
9.893298963350032338e-01
9.893303315592050229e-01
9.893439061204793994e-01
9.893705402584891395e-01
9.894100701129532327e-01
9.894622422100298742e-01
9.895267080939047499e-01
9.896030191466804737e-01
9.896906216371273990e-01
9.897888520351233455e-01
9.898969326237276878e-01
9.900139674349169860e-01
9.901389385282213240e-01
9.902707026240574750e-01
9.904079880957148418e-01
9.905493923159798264e-01
9.906933793465749760e-01
9.908382779512019400e-01
9.909822799062689702e-01
9.911234385775664624e-01
9.912596677263927347e-01
9.913887405050585411e-01
9.915082885993755646e-01
9.916158014747045168e-01
9.917086256823733903e-01
9.917839641847432386e-01
9.918388756598253142e-01
9.918702737500539879e-01
9.918749262245097897e-01
9.918494540294853223e-01
9.917903302087165418e-01
9.916938786818165763e-01
9.915562728774154344e-01
9.913735342262126604e-01
9.911415305286146449e-01
9.908559742218672195e-01
9.905124205826556505e-01
9.901062659130487331e-01
9.896327457704312547e-01
9.890869333156793175e-01
9.884637378682101794e-01
9.877579037715635835e-01
9.869640096886244107e-01
9.860764684611967867e-01
9.850895276840114789e-01
9.839972711579422215e-01
9.827936214007060300e-01
9.814723434050680595e-01
9.800270498439854761e-01
9.784512079286350472e-01
9.767381481283455846e-01
9.748810749606517945e-01
9.728730800546243618e-01
9.707071576810823998e-01
9.683762229291400514e-01
9.658731326897918024e-01
9.631907095840591682e-01
9.603217689458511952e-01
9.572591489385056107e-01
9.539957438493906761e-01
9.505245405694616734e-01
9.468386582247733108e-01
9.429313908851908455e-01
9.387962532324197751e-01
9.344270290255174416e-01
9.298178221577343416e-01
9.249631100543622697e-01
9.198577991177101509e-01
9.144972818828799310e-01
9.088774955071632355e-01
9.029949811771477153e-01
8.968469439815432986e-01
8.904313127648790793e-01
8.837467994481630340e-01
8.767929572779462610e-01
8.695702374455720474e-01
8.620800435043328713e-01
8.543247830043350088e-01
8.463079157635948757e-01
8.380339981996877130e-01
8.295087231594439059e-01
8.207389547049367406e-01
8.117327573423682718e-01
8.024994192162646645e-01
7.930494688343487919e-01
7.833946849379740396e-01
7.735480991883891821e-01
7.635239913993843164e-01
7.533378771109784378e-01
7.430064873654758095e-01
7.325477406151541526e-01
7.219807067586638816e-01
7.113255633695906299e-01
7.006035442443422356e-01
6.898368804564452006e-01
6.790487341596270765e-01
6.682631254320876568e-01
6.575048524987640031e-01
6.467994057071471126e-01
6.361728756655682382e-01
6.256518559812394020e-01
6.152633410596082264e-01
6.050346194474232053e-01
5.949931632204860099e-01
5.851665139341848398e-01
5.755821656716615387e-01
5.662674457414800244e-01
5.572493935947144816e-01
5.485546385506970823e-01
5.402092769414179596e-01
5.322387493065574571e-01
5.246677182938734862e-01
5.175199479424201776e-01
5.108181850479238673e-01
5.045840433294218608e-01
4.988378911327883136e-01
4.935987434187210088e-01
4.888841587889454221e-01
4.847101423036388468e-01
4.810910548344258242e-01
4.780395296799802018e-01
4.755663971447838811e-01
4.736806177456841516e-01
4.723892246656450356e-01
4.716972760197963854e-01
4.716078174361423292e-01
4.721218553828968600e-01
4.732383415973477891e-01
4.749541688884640900e-01
4.772641784983824298e-01
4.801611791175338650e-01
4.836359775557258489e-01
4.876774209779899394e-01
4.922724505204680856e-01
4.974061660089295067e-01
5.030619014113778542e-01
5.092213105674145979e-01
5.158644626510257014e-01
5.229699467408965852e-01
5.305149847936709850e-01
5.384755522413221529e-01
5.468265053645472440e-01
5.555417145304316628e-01
5.645942023253327502e-01
5.739562855636981542e-01
5.835997201113212185e-01
5.934958474281870622e-01
6.036157417126045699e-01
6.139303565155608267e-01
6.244106696931839284e-01
6.350278255764552071e-01
6.457532732615212101e-01
6.565588999614414556e-01
6.674171584110444311e-01
6.783011873805204761e-01
6.891849244299423916e-01
7.000432101251874428e-01
7.108518830345789130e-01
7.215878649334852568e-01
7.322292357594073486e-01
7.427552979807978684e-01
7.531466301669114127e-01
7.633851296712157453e-01
7.734540444650506164e-01
7.833379942791932615e-01
7.930229813265980976e-01
8.024963909879897495e-01
8.117469829413358484e-01
8.207648733051035039e-01
8.295415084422653740e-01
8.380696311363604600e-01
8.463432399018333552e-01
8.543575422280241805e-01
8.621089025795073413e-01
8.695947859852231066e-01
8.768136980455333296e-01
8.837651221707513161e-01
8.904494548378530938e-01
8.968679396151926220e-01
9.030226006594606059e-01
9.089161763363641233e-01
9.145520535580687893e-01
9.199342033679561714e-01
9.250671182382291802e-01
9.299557514798697522e-01
9.346054590988008837e-01
9.390219443680907219e-01
9.432112053247845296e-01
9.471794853423716187e-01
9.509332268767488605e-01
9.544790284353623644e-01
9.578236047763738492e-01
9.609737503073696452e-01
9.639363056213309244e-01
9.667181270811832094e-01
9.693260593429735561e-01
9.717669106912345534e-01
9.740474310479462217e-01
9.761742925082151912e-01
9.781540722508386132e-01
9.799932376697987335e-01
9.816981335729257907e-01
9.832749712960225930e-01
9.847298195842193458e-01
9.860685970968727787e-01
9.872970663976277095e-01
9.884208292970845244e-01
9.894453234216820103e-01
9.903758198887989694e-01
9.912174219746112680e-01
9.919750646678817674e-01
9.926535150095825433e-01
9.932573731250382565e-01
9.937910738621192897e-01
9.942588889558642284e-01
9.946649296467189316e-01
9.950131496862703040e-01
9.953073486708019502e-01
9.955511756491151054e-01
9.957481329566877370e-01
9.959015802332782386e-01
9.960147385854085655e-01
9.960906948587101573e-01
9.961324059878470250e-01
9.961427033936639530e-01
9.961242973984035798e-01
9.960797816304159946e-01
9.960116373899047248e-01
9.959222379471104336e-01
9.958138527441379173e-01
9.956886514716063452e-01
9.955487079916434112e-01
9.953960040796323572e-01
9.952324329586906826e-01
9.950598026031914900e-01
9.948798387907595853e-01
9.946941878860612318e-01
9.945044193442634795e-01
9.943120279271486783e-01
9.941184356303521819e-01
9.939249933258692549e-01
9.937329821296344567e-01
9.935436145094206362e-01
9.933580351533433106e-01
9.931773216237234081e-01
9.930024848248124592e-01
9.928344693158372980e-01
9.926741535028857921e-01
9.925223497443305121e-01
9.923798044047726918e-01
9.922471978919378266e-01
9.921251447096397502e-01
9.920141935579622761e-01
9.919148275092981581e-01
9.918274642859683521e-01
9.917524566619585480e-01
9.916900930079730614e-01
9.916405979956537386e-01
9.916041334735254953e-01
9.915807995241094908e-01
9.915706357087296086e-01
9.915736225038696006e-01
9.915896829305078652e-01
9.916186843756689129e-01
9.916604406034249530e-01
9.917147139507435094e-01
9.917812177018364705e-01
9.918596186329955433e-01
9.919495397182603869e-01
9.920505629846350093e-01
9.921622325039557433e-01
9.922840575069223901e-01
9.924155156032817837e-01
9.925560560907281671e-01
9.927051033338312180e-01
9.928620601932559575e-01
9.930263114847632799e-01
9.931972274470105555e-01
9.933741671970310883e-01
9.935564821524713874e-01
9.937435194001935646e-01
9.939346249916717335e-01
9.941291471466979779e-01
9.943264393481917596e-01
9.945258633123372771e-01
9.947267918197888470e-01
9.949286113952333643e-01
9.951307248241398895e-01
9.953325534970314248e-01
9.955335395730540160e-01
9.957331479560067589e-01
9.959308680773139022e-01
9.961262154817104308e-01
9.963187332126685058e-01
9.965079929958535754e-01
9.966935962201822763e-01
9.968751747173667521e-01
9.970523913421941442e-01
9.972249403571964432e-01
9.973925476268004076e-01
9.975549706275045336e-01
9.977119982820578103e-01
9.978634506269871141e-01
9.980091783240837566e-01
9.981490620275562664e-01
9.982830116194353343e-01
9.984109653264284789e-01
9.985328887317033164e-01
9.986487736950172556e-01
9.987586371941683527e-01
9.988625200999307063e-01
9.989604858954864719e-01
9.990526193499144059e-01
9.991390251536442779e-01
9.992198265220172404e-01
9.992951637713433088e-01
9.993651928702496079e-01
9.994300839677933146e-01
9.994900198989105089e-01
9.995451946673831189e-01
9.995958119067042125e-01
9.996420833200403422e-01
9.996842271019080739e-01
9.997224663461373728e-01
9.997570274470563012e-01
9.997881385034590451e-01
