9.997974902561769239e-01
9.997680148781934450e-01
9.997353230969725502e-01
9.996992102456467855e-01
9.996594739834573362e-01
9.996159155927289985e-01
9.995683412234015464e-01
9.995165630744698992e-01
9.994604005052951656e-01
9.993996810731906599e-01
9.993342414967731901e-01
9.992639285471571764e-01
9.991885998710652306e-01
9.991081247512881847e-01
9.990223848106515314e-01
9.989312746657845743e-01
9.988347025366214327e-01
9.987325908167991040e-01
9.986248766090713991e-01
9.985115122286577494e-01
9.983924656761979932e-01
9.982677210808003077e-01
9.981372791126215116e-01
9.980011573635728661e-01
9.978593906941344294e-01
9.977120315439050868e-01
9.975591502034081293e-01
9.974008350448044791e-01
9.972371927094995092e-01
9.970683482511347728e-01
9.968944452330961159e-01
9.967156457803904024e-01
9.965321305865099122e-01
9.963440988766717465e-01
9.961517683295362247e-01
9.959553749601436357e-01
9.957551729673134178e-01
9.955514345490866779e-01
9.953444496899320759e-01
9.951345259233391749e-01
9.949219880730741927e-01
9.947071779757532539e-01
9.944904541864882930e-01
9.942721916681896976e-01
9.940527814636799242e-01
9.938326303481093138e-01
9.936121604573149302e-01
9.933918088857693895e-01
9.931720272456913134e-01
9.929532811768064793e-01
9.927360497942228079e-01
9.925208250599993898e-01
9.923081110623204193e-01
9.920984231848055668e-01
9.918922871474560310e-01
9.916902379001160117e-01
9.914928183491450442e-01
9.913005778982901806e-01
9.911140707854987353e-01
9.909338541986399962e-01
9.907604861547468778e-01
9.905945231294381870e-01
9.904365174255591597e-01
9.902870142727528968e-01
9.901465486525773407e-01
9.900156418468777364e-01
9.898947977103631501e-01
9.897844986716980431e-01
9.896852014708841239e-01
9.895973326442604190e-01
9.895212837720928079e-01
9.894574065074320801e-01
9.894060074086862278e-01
9.893673426021281081e-01
9.893416123042846344e-01
9.893289552377424467e-01
9.893294429772400145e-01
9.893430742658544386e-01
9.893697693434830853e-01
9.894093643314905151e-01
9.894616057181959690e-01
9.895261449896539663e-01
9.896025334488418590e-01
9.896902172638397666e-01
9.897885327818569667e-01
9.898967021410828293e-01
9.900138292064282197e-01
9.901388958484307334e-01
9.902707585771624021e-01
9.904081455351275709e-01
9.905496538451685762e-01
9.906937473015793305e-01
9.908387543852260615e-01
9.909828665767603795e-01
9.911241369361729614e-01
9.912604789121655102e-01
9.913896653412234139e-01
9.915093275939422801e-01
9.916169548251082544e-01
9.917098932842606240e-01
9.917853456449211569e-01
9.918403703132886440e-01
9.918718806808982658e-01
9.918766442904293212e-01
9.918512818894479333e-01
9.917922663533014216e-01
9.916959214656096977e-01
9.915584205527713246e-01
9.913757849776215769e-01
9.911438825068613623e-01
9.908584255771315519e-01
9.905149694956901785e-01
9.901089106235752002e-01
9.896354846019235207e-01
9.890897646957489409e-01
9.884666603438804211e-01
9.877609160188035586e-01
9.869671105156196944e-01
9.860796568049506883e-01
9.850928025999996507e-01
9.840006318026767174e-01
9.827970670072051496e-01
9.814758732513617634e-01
9.800306632149191621e-01
9.784549040713528267e-01
9.767419262019461090e-01
9.748849339806011649e-01
9.728770188325862600e-01
9.707111747608879737e-01
9.683803165196581686e-01
9.658773005954875979e-01
9.631949491340389136e-01
9.603260769221924065e-01
9.572635215046588764e-01
9.540001764794290295e-01
9.505290279789342378e-01
9.468431943039042897e-01
9.429359686351518333e-01
9.388008647053944777e-01
9.344316652692737923e-01
9.298224731654178843e-01
9.249677647202296793e-01
9.198624451995244256e-01
9.145019059716904541e-01
9.088820830051935751e-01
9.029995162845007028e-01
8.968514096924125045e-01
8.904356908739201604e-01
8.837510705676253631e-01
8.767971008660997434e-01
8.695742318468764331e-01
8.620838660016959532e-01
8.543284098836916307e-01
8.463113223909076721e-01
8.380371591103401574e-01
8.295116121598484771e-01
8.207415449860487877e-01
8.117350216046488320e-01
8.025013298055192479e-01
7.930509978877370303e-01
7.833958045393926151e-01
7.735487815323319749e-01
7.635242089623229811e-01
7.533376028292382287e-01
7.430056948185590482e-01
7.325464042134316456e-01
7.219788019343507113e-01
7.113230667699309562e-01
7.006004339259377378e-01
6.898331360796925438e-01
6.790443371822525442e-01
6.682580593008087266e-01
6.574991028381390601e-01
6.467929605047157970e-01
6.361657254524154537e-01
6.256439940071520933e-01
6.152547634620170180e-01
6.050253254133479697e-01
5.949831551406895569e-01
5.851557975487701180e-01
5.755707502062821224e-01
5.662553440333260024e-01
5.572366222073545927e-01
5.485412178767741231e-01
5.401952312920850208e-01
5.322241069864052099e-01
5.246525116599399796e-01
5.175042134457032983e-01
5.108019632556257683e-01
5.045673789259741415e-01
4.988208328975135553e-01
4.935813441778434951e-01
4.888664753395242091e-01
4.846922353069319511e-01
4.810729886761853091e-01
4.780213722952441069e-01
4.755482198049013620e-01
4.736624948055841999e-01
4.723712332697331817e-01
4.716794957653722697e-01
4.715903299938377646e-01
4.721047440743577628e-01
4.732216909312016995e-01
4.749380640565102896e-01
4.772487048348921235e-01
4.801464215255353274e-01
4.836220199051267654e-01
4.876643454813377465e-01
4.922603370930450639e-01
4.973950916206437700e-01
5.030519394385954968e-01
5.092125301533576565e-01
5.158569280836966531e-01
5.229637168576153350e-01
5.305101124212342478e-01
5.384720836805035882e-01
5.468244799271733125e-01
5.555411641365768372e-01
5.645951511673076295e-01
5.739587498424936207e-01
5.836037078500098119e-01
5.935013583655434077e-01
6.036227672788898602e-01
6.139388798910681011e-01
6.244206659488038547e-01
6.350392618942042322e-01
6.457661092317372731e-01
6.565730879521909369e-01
6.674326440042430697e-01
6.783179098683618236e-01
6.892028173644502154e-01
7.000622019131099716e-01
7.108718975693714137e-01
7.216088222558415533e-01
7.322510527376558942e-01
7.427778890024858693e-01
7.531699078330548192e-01
7.634090054849647089e-01
7.734784295069295768e-01
7.833627998615592114e-01
7.930481196205697580e-01
8.025217756167448702e-01
8.117725295344158098e-01
8.207905000091215708e-01
8.295671363842199719e-01
8.380951848365716383e-01
8.463686476343356135e-01
8.543827363270661834e-01
8.621338196915926400e-01
8.696193672668856012e-01
8.768378893077533043e-01
8.837888739715831221e-01
8.904727225254368550e-01
8.968906833238577958e-01
9.030447852620977489e-01
9.089377713566252348e-01
9.145730330462719104e-01
9.199545457447976249e-01
9.250868061105620432e-01
9.299747714328839843e-01
9.346238014689384199e-01
9.390396030009674488e-01
9.432281773222576104e-01
9.471957708027054501e-01
9.509488286315925798e-01
9.544939517869777124e-01
9.578378572382330036e-01
9.609873413509064655e-01
9.639492464312695574e-01
9.667304303215005223e-01
9.693377389351813811e-01
9.717779816063019105e-01
9.740579091128271916e-01
9.761841942276123785e-01
9.781634146445169486e-01
9.800020381254772595e-01
9.817064097145222767e-01
9.832827408667996760e-01
9.847371003441975912e-01
9.860754067337238471e-01
9.873034224501485712e-01
9.884267490902709508e-01
9.894508240123774945e-01
9.903809180208755780e-01
9.912221340426518035e-01
9.919794066883658168e-01
9.926575025986311696e-01
9.932610214818402561e-01
9.937943977572386567e-01
9.942619027237105112e-01
9.946676471815522058e-01
9.950155844411907591e-01
9.953095136592606806e-01
9.955530834485545322e-01
9.957497957139878064e-01
9.959030096717428338e-01
9.960159460130779685e-01
9.960916911778221472e-01
9.961332017053042831e-01
9.961433086323860930e-01
9.961247219094602201e-01
9.960800348058450604e-01
9.960117282761270507e-01
9.959221752588486298e-01
9.958136448787472395e-01
9.956883065237166486e-01
9.955482337680062743e-01
9.953954081140568011e-01
9.952317225269435852e-01
9.950589847377300234e-01
9.948789202951557886e-01
9.946931753489726136e-01
9.945033191528024341e-01
9.943108462794989499e-01
9.941171785474880451e-01
9.939236666622354166e-01
9.937315915826567814e-01
9.935421656277325653e-01
9.933565333436316092e-01
9.931757721561174090e-01
9.930008928367725085e-01
9.928328398145238598e-01
9.926724913660253113e-01
9.925206597196301050e-01
9.923780911079697065e-01
9.922454658036070629e-01
9.921233981709138838e-01
9.920124367653544439e-01
9.919130645088398701e-01
9.918256989669005375e-01
9.917506927502266478e-01
9.916883340597867358e-01
9.916388473913683166e-01
9.916023944120976319e-01
9.915790750183572921e-01
9.915689285816048359e-01
9.915719353859130392e-01
9.915880182586211955e-01
9.916170443932882383e-01
9.916588273621360639e-01
9.917131293133250036e-01
9.917796633466715583e-01
9.918580960597458418e-01
9.919480502546540457e-01
9.920491077941900881e-01
9.921608125944313405e-01
9.922826737392776986e-01
9.924141687009155888e-01
9.925547466487764092e-01
9.927038318283140095e-01
9.928608269898874239e-01
9.930251168472679080e-01
9.931960715448213683e-01
9.933730501122848278e-01
9.935554038862520754e-01
9.937424798780128965e-01
9.939336240682105084e-01
9.941281846098596331e-01
9.943255149225440626e-01
9.945249766620370968e-01
9.947259425510935893e-01
9.949277990587078735e-01
9.951299489166667289e-01
9.953318134637235692e-01
9.955328348091606605e-01
9.957324778088857409e-01
9.959302318485304673e-01
9.961256124293048630e-01
9.963181625536171593e-01
9.965074539087355188e-01
9.966930878480463329e-01
9.968746961707867227e-01
9.970519417024880093e-01
9.972245186797802363e-01
9.973921529446445611e-01
9.975546019546589482e-01
9.977116546172103417e-01
9.978631309570260566e-01
9.980088816276351249e-01
9.981487872784711168e-01
9.982827577902090299e-01
9.984107313915344672e-01
9.985326736708307616e-01
9.986485764962045319e-01
9.987584568568254051e-01
9.988623556377475010e-01
9.989603363392226543e-01
9.990524837500681654e-01
9.991389025829934267e-01
9.992197160780276199e-01
9.992950645784349772e-01
9.993651040819098164e-01
9.994300047685221733e-01
9.994899495059847983e-01
9.995451323324204829e-01
9.995957569170097479e-01
9.996420349997187094e-01
9.996841848127245855e-01
9.997224294881140727e-01
9.997569954587925967e-01
9.997881108621712309e-01
