9.997975340018045998e-01
9.997680660784314943e-01
9.997353827590488295e-01
9.996992794674072202e-01
9.996595539547284970e-01
9.996160075957269964e-01
9.995684466321036465e-01
9.995166833528810191e-01
9.994605372045591851e-01
9.993998358275191229e-01
9.993344160181817371e-01
9.992641246190269166e-01
9.991888193405658036e-01
9.991083695207225723e-01
9.990226568278036678e-01
9.989315759133685635e-01
9.988350350209481698e-01
9.987329565557896416e-01
9.986252776197561687e-01
9.985119505143066343e-01
9.983929432132315762e-01
9.982682398056293982e-01
9.981378409085613912e-01
9.980017640479712515e-01
9.978600440058422727e-01
9.977127331312101166e-01
9.975599016125380469e-01
9.974016377090926255e-01
9.972380479392913832e-01
9.970692572244999052e-01
9.968954089873932611e-01
9.967166652047197983e-01
9.965332064150710378e-01
9.963452316830303523e-01
9.961529585217878680e-01
9.959566227769474089e-01
9.957564784747526820e-01
9.955527976382989586e-01
9.953458700754334032e-01
9.951360031419539398e-01
9.949235214833653806e-01
9.947087667578343728e-01
9.944920973420862120e-01
9.942738880208193963e-01
9.940545296587842694e-01
9.938344288530180926e-01
9.936140075608809186e-01
9.933937026975490081e-01
9.931739656945566264e-01
9.929552620088974990e-01
9.927380705701795982e-01
9.925228831514513184e-01
9.923102036476486587e-01
9.921005472442401274e-01
9.918944394576134638e-01
9.916924150281276606e-01
9.914950166465686943e-01
9.913027934950311426e-01
9.911162995839977174e-01
9.909360918686032083e-01
9.907627281287066934e-01
9.905967645994278037e-01
9.904387533411793676e-01
9.902892393408834204e-01
9.901487573389611274e-01
9.900178283797671508e-01
9.898969560863805084e-01
9.897866226640190668e-01
9.896872846398123702e-01
9.895993683502218863e-01
9.895232651910436106e-01
9.894593266486465533e-01
9.894078591348665075e-01
9.893691186517610259e-01
9.893433053161617696e-01
9.893305577775498572e-01
9.893309475661217212e-01
9.893444734108455263e-01
9.893710555697026177e-01
9.894105302159711401e-01
9.894626439252048877e-01
9.895270483073318468e-01
9.896032948269487539e-01
9.896908298523440228e-01
9.897889899700492711e-01
9.898969975968306967e-01
9.900139569151163998e-01
9.901388501510656193e-01
9.902705342070479144e-01
9.904077376524649257e-01
9.905490580688847135e-01
9.906929597376573637e-01
9.908377716508066646e-01
9.909816858192936895e-01
9.911227558469456467e-01
9.912588957335930484e-01
9.913878788673973208e-01
9.915073371640401589e-01
9.916147603094230822e-01
9.917074950627704499e-01
9.917827445784995755e-01
9.918375677078520303e-01
9.918688782449791574e-01
9.918734440868635094e-01
9.918478862820468978e-01
9.917886779495636018e-01
9.916921430566740803e-01
9.915544550519530542e-01
9.913716353589727692e-01
9.911395517452715742e-01
9.908539165915192237e-01
9.905102850968356965e-01
9.901040534681057048e-01
9.896304571538853123e-01
9.890845691970843179e-01
9.884612987949817908e-01
9.877553901701335848e-01
9.869614218711836306e-01
9.860738066381792288e-01
9.850867919823605989e-01
9.839944616450899684e-01
9.827907381140866816e-01
9.814693863868892976e-01
9.800240191808884394e-01
9.784481037957946103e-01
9.767349708375011597e-01
9.748778250115047728e-01
9.728697581890057844e-01
9.707037649392715739e-01
9.683727607077057264e-01
9.658696028003288525e-01
9.631871143122014978e-01
9.603181111099550193e-01
9.572554319474121387e-01
9.539919717586904380e-01
9.505207181356944979e-01
9.468347909570045129e-01
9.429274850934055152e-01
9.387923160721728388e-01
9.344230685382719503e-01
9.298138473063081166e-01
9.249591307528947093e-01
9.198538262555537859e-01
9.144933273418197617e-01
9.088735721713743221e-01
9.029911029353193674e-01
8.968431257206304075e-01
8.904275703549853205e-01
8.837431497181256201e-01
8.767894179812607547e-01
8.695668272163935564e-01
8.620767818033824303e-01
8.543216900546550807e-01
8.463050124762108162e-01
8.380313060893482824e-01
8.295062642507307071e-01
8.207367514291432631e-01
8.117308324256511387e-01
8.024977955596613866e-01
7.930481693863359327e-01
7.833937325603086421e-01
7.735475165160219380e-01
7.635238006952783651e-01
7.533381001166838953e-01
7.430071451483297729e-01
7.325488534129751539e-01
7.219822938227978826e-01
7.113276428071626523e-01
7.006061328605349692e-01
6.898399935976120556e-01
6.790523855580146151e-01
6.682673270529189136e-01
6.575096143904008983e-01
6.468047358550363946e-01
6.361787798506318703e-01
6.256583376433811905e-01
6.152704011669609674e-01
6.050422563719983771e-01
5.950013726208607245e-01
5.851752886459189451e-01
5.755914956061420895e-01
5.662773177939861569e-01
5.572597915625481235e-01
5.485655430623350703e-01
5.402206653977634776e-01
5.322505958355026046e-01
5.246799937195294472e-01
5.175326197705384379e-01
5.108312174691783669e-01
5.045973972423742904e-01
4.988515241884721174e-01
4.936126100888735824e-01
4.888982104599552958e-01
4.847243273982526635e-01
4.811053189631644411e-01
4.780538158240394964e-01
4.755806458719233909e-01
4.736947674602449698e-01
4.724032118933794155e-01
4.717110357276322885e-01
4.716212833863707710e-01
4.721349605205642508e-01
4.732510184688559773e-01
4.749663500885927814e-01
4.772757971421283107e-01
4.801721693323703910e-01
4.836462749891298207e-01
4.876869633144090832e-01
4.922811780013126581e-01
4.974140219487075409e-01
5.030688327027873497e-01
5.092272681680215518e-01
5.158694020441823014e-01
5.229738283637148655e-01
5.305177744252264072e-01
5.384772213447748257e-01
5.468270313775189795e-01
5.555410810988002934e-01
5.645923994764879827e-01
5.739533098163247526e-01
5.835955745198181388e-01
5.934905415609356139e-01
6.036092915643747059e-01
6.139227843554421193e-01
6.244020038504318748e-01
6.350181001676022952e-01
6.457425278629791432e-01
6.565471792325670020e-01
6.674045116732933991e-01
6.782876681588303480e-01
6.891705899628771670e-01
7.000281208506389241e-01
7.108361020579508915e-01
7.215714574853013819e-01
7.322122686491794319e-01
7.427378390537855424e-01
7.531287477700933097e-01
7.633668921344082259e-01
7.734355196026492241e-01
7.833192489174838347e-01
7.930040808610202552e-01
8.024773989741182945e-01
8.117279607227190219e-01
8.207458796804435464e-01
8.295225993737749270e-01
8.380508595004806383e-01
8.463246552828707081e-01
8.543391907546523667e-01
8.620908268035083477e-01
8.695770248013068304e-01
8.767962866505860653e-01
8.837480920604274814e-01
8.904328338380470553e-01
8.968517519456036258e-01
9.030068670262112462e-01
9.089009140504346052e-01
9.145372766761824534e-01
9.199199228524782557e-01
9.250533421326345707e-01
9.299424850963817768e-01
9.345927052148974568e-01
9.390097034287246958e-01
9.431994756473437436e-01
9.471682633216308433e-01
9.509225071873068647e-01
9.544688042293356656e-01
9.578138678743968182e-01
9.609644913812482869e-01
9.639275143669941981e-01
9.667097923808688487e-01
9.693181694158691242e-01
9.717594532320683598e-01
9.740403933532745251e-01
9.761676615903833731e-01
9.781478349398040617e-01
9.799873807031789230e-01
9.816926436747921425e-01
9.832698352450774948e-01
9.847250242720902991e-01
9.860641295773204806e-01
9.872929139275018473e-01
9.884169793698736051e-01
9.894417637944934452e-01
9.903725386035755474e-01
9.912144073743461847e-01
9.919723054085364256e-01
9.926510000683466117e-01
9.932550918054996458e-01
9.937890157968410909e-01
9.942570441067922760e-01
9.946632883037788142e-01
9.950117024644464792e-01
9.953060865059393247e-01
9.955500897926339299e-01
9.957472149693619157e-01
9.959008219781965154e-01
9.960141322202122893e-01
9.960902328271837858e-01
9.961320810109266510e-01
9.961425084599229152e-01
9.961242257540705580e-01
9.960798267689862096e-01
9.960117930414058574e-01
9.959224980670923211e-01
9.958142115024632979e-01
9.956891032411275821e-01
9.955492473368569017e-01
9.953966257454136546e-01
9.952331318592163578e-01
9.950605738111625298e-01
9.948806775270432334e-01
9.946950895098711776e-01
9.945053793439975198e-01
9.943130419119973196e-01
9.941194993227887577e-01
9.939261025551179296e-01
9.937341328262008222e-01
9.935448027007536265e-01
9.933592569606740641e-01
9.931785732601046135e-01
9.930037625943577417e-01
9.928357696141296707e-01
9.926754728184961074e-01
9.925236846613602060e-01
9.923811516063042459e-01
9.922485541642509510e-01
9.921265069470280862e-01
9.920155587679666542e-01
9.919161928181556842e-01
9.918288269440711513e-01
9.917538140491101162e-01
9.916914426382390513e-01
9.916419375216124488e-01
9.916054606897438672e-01
9.915821123696967332e-01
9.915719322688512083e-01
9.915749010101391203e-01
9.915909417602173370e-01
9.916199220498538303e-01
9.916616557838070500e-01
9.917159054356275982e-01
9.917823844210768014e-01
9.918607596421739059e-01
9.919506541922430420e-01
9.920516502106896395e-01
9.921632918746150498e-01
9.922850885127825205e-01
9.924165178259085618e-01
9.925570291958319968e-01
9.927060470648441104e-01
9.928629743654171502e-01
9.930271959797891679e-01
9.931980822083908977e-01
9.933749922259634824e-01
9.935572775044148042e-01
9.937442851819966450e-01
9.939353613592118997e-01
9.941298543029485346e-01
9.943271175416281693e-01
9.945265128355869066e-01
9.947274130084312604e-01
9.949292046266635658e-01
9.951312905164166889e-01
9.953330921076453119e-01
9.955340515975635851e-01
9.957336339265067116e-01
9.959313285607124255e-01
9.961266510778084005e-01
9.963191445520418466e-01
9.965083807375546554e-01
9.966939610492785429e-01
9.968755173423442528e-01
9.970527124922552442e-01
9.972252407794809370e-01
9.973928280835612226e-01
9.975552318932648932e-01
9.977122411407748359e-01
9.978636758692436270e-01
9.980093867443254885e-01
9.981492544213875773e-01
9.982831887809845428e-01
9.984111280457887982e-01
9.985330377924551692e-01
9.986489098718348556e-01
9.987587612505121060e-01
9.988626327858306508e-01
9.989605879454166448e-01
9.990527114807670195e-01
9.991391080628069243e-01
9.992199008855642273e-01
9.992952302423515620e-01
9.993652520772514647e-01
9.994301365133809734e-01
9.994900663585076783e-01
9.995452355881988549e-01
9.995958478068831532e-01
9.996421146880223318e-01
9.996842543960091643e-01
9.997224899943568666e-01
9.997570478471151656e-01
9.997881560230673648e-01
