9.997975183391387688e-01
9.997680477609247607e-01
9.997353614335845462e-01
9.996992547505434423e-01
9.996595254325465474e-01
9.996159748240324161e-01
9.995684091370024005e-01
9.995166406317467223e-01
9.994604887274015637e-01
9.993997810387534875e-01
9.993343543387945838e-01
9.992640554491215577e-01
9.991887420622672655e-01
9.991082835014122310e-01
9.990225614236475371e-01
9.989314704730987149e-01
9.988349188898528741e-01
9.987328290798620500e-01
9.986251381499524626e-01
9.985117984108626832e-01
9.983927778499869232e-01
9.982680605743102786e-01
9.981376472229767094e-01
9.980015553480775514e-01
9.978598197616405097e-01
9.977124928464387033e-01
9.975596448281340844e-01
9.974013640063955632e-01
9.972377569429715649e-01
9.970689486051972361e-01
9.968950824640572250e-01
9.967163205466469389e-01
9.965328434436414584e-01
9.963448502731482304e-01
9.961525586030375301e-01
9.959562043344808435e-01
9.957560415499291384e-01
9.955523423291022800e-01
9.953453965366992895e-01
9.951355115854415567e-01
9.949230121777149494e-01
9.947082400284545933e-01
9.944915535710197041e-01
9.942733276466347858e-01
9.940539531765454351e-01
9.938338368143774249e-01
9.936134005743423314e-01
9.933930814289386735e-01
9.931733308677308525e-01
9.929546144067079583e-01
9.927374110357030101e-01
9.925222125894761493e-01
9.923095230263966338e-01
9.920998575972842515e-01
9.918937418859411492e-01
9.916917107022797939e-01
9.914943068087778144e-01
9.913020794612678044e-01
9.911155827458325573e-01
9.909353736947854596e-01
9.907620101663620060e-01
9.905960484747848849e-01
9.904380407597387359e-01
9.902885320869563301e-01
9.901480572745164910e-01
9.900171374425411619e-01
9.898962762872162147e-01
9.897859560834192383e-01
9.896866334237004459e-01
9.895987347049204352e-01
9.895226513774854071e-01
9.894587349758421357e-01
9.894072919526571974e-01
9.893685783428872726e-01
9.893427942876772407e-01
9.893300784516158020e-01
9.893305023702093637e-01
9.893440647673834576e-01
9.893706858852026054e-01
9.894102018696770973e-01
9.894623592573147386e-01
9.895268096068587926e-01
9.896031043193019849e-01
9.896906896867313508e-01
9.897889022068255827e-01
9.898969641949415532e-01
9.900139797198089786e-01
9.901389308820658375e-01
9.902706744474211176e-01
9.904079388383943972e-01
9.905493214806144753e-01
9.906932864918477355e-01
9.908381626945454990e-01
9.909821419259936537e-01
9.911232776143324985e-01
9.912594835839578788e-01
9.913885330502416604e-01
9.915080577611944390e-01
9.916155472426609885e-01
9.917083481038778681e-01
9.917836633616936570e-01
9.918385517443772947e-01
9.918699269396402673e-01
9.918745567561917387e-01
9.918490621737394708e-01
9.917899162627793475e-01
9.916934429627297654e-01
9.915558157149262364e-01
9.913730559556984678e-01
9.911410314842069580e-01
9.908554547299545101e-01
9.905118809559431137e-01
9.901057064453491208e-01
9.896321667323513260e-01
9.890863349513510094e-01
9.884631203932003896e-01
9.877572673720735885e-01
9.869633545220661830e-01
9.860757946582070499e-01
9.850888353519374752e-01
9.839965603858029652e-01
9.827928922656055111e-01
9.814715959800098810e-01
9.800262842070136537e-01
9.784504241732000507e-01
9.767373463747804907e-01
9.748802553686216621e-01
9.728722428364037222e-01
9.707063031155056532e-01
9.683753513760633425e-01
9.658722446049046173e-01
9.631898055338824483e-01
9.603208496227618740e-01
9.572582151756292568e-01
9.539947966352090303e-01
9.505235810619828696e-01
9.468376877651186740e-01
9.429304110104480552e-01
9.387952656876192847e-01
9.344260357745832746e-01
9.298168253932610483e-01
9.249621122060683875e-01
9.198568028594154011e-01
9.144962901378550502e-01
9.088765114517001198e-01
9.029940082422027725e-01
8.968459858523124550e-01
8.904303733781715469e-01
8.837458829874567101e-01
8.767920681660215099e-01
8.695693803346437045e-01
8.620792232636222963e-01
8.543240047050506547e-01
8.463071846613196003e-01
8.380333197141978108e-01
8.295081028520161492e-01
8.207383982532299171e-01
8.117322705129885740e-01
8.024990078351560419e-01
7.930491387551663607e-01
7.833944420086212945e-01
7.735479492159132997e-01
7.635239401134383819e-01
7.533379301260658689e-01
7.430066501421989100e-01
7.325480184206901724e-01
7.219811046266934040e-01
7.113260860598981106e-01
7.006041962023058511e-01
6.898376657726279504e-01
6.790496565296741949e-01
6.682641881171247356e-01
6.575060582864884484e-01
6.468007568738005642e-01
6.361743739389531527e-01
6.256535025049666521e-01
6.152651363587284816e-01
6.050365633956159561e-01
5.949952550089635528e-01
5.851687520424877498e-01
5.755845478405132720e-01
5.662699689478927212e-01
5.572520540295536895e-01
5.485574315989256711e-01
5.402121971652757981e-01
5.322417904319678428e-01
5.246708732003899645e-01
5.175232086570802359e-01
5.108215427434049660e-01
5.045874883269449995e-01
4.988414129102336503e-01
4.936023306244660125e-01
4.888877992619384827e-01
4.847138231002350306e-01
4.810947622624989206e-01
4.780432493407956729e-01
4.755701139830581514e-01
4.736843161081878417e-01
4.723928883686088209e-01
4.717008884252443801e-01
4.716113615371414491e-01
4.721253138975368691e-01
4.732416970710839887e-01
4.749574038042603252e-01
4.772672753938724810e-01
4.801641207082438800e-01
4.836387468631606623e-01
4.876800014612397982e-01
4.922748262097932370e-01
4.974083216396582019e-01
5.030638225563350829e-01
5.092229837660284808e-01
5.158658755332320434e-01
5.229710881439632031e-01
5.305158448701244867e-01
5.384761225562622045e-01
5.468267789807552681e-01
5.555416860798815248e-01
5.645938680658963982e-01
5.739556434200943080e-01
5.835987696995987850e-01
5.934945900633210591e-01
6.036141803990433541e-01
6.139284959208635151e-01
6.244085161051371458e-01
6.350253868443325178e-01
6.457505587223850707e-01
6.565559203526030174e-01
6.674139257699862604e-01
6.782977149337543477e-01
6.891812264723922166e-01
7.000393018917943078e-01
7.108477805658788284e-01
7.215835849369478527e-01
7.322247954683193116e-01
7.427507150124449398e-01
7.531419223817631403e-01
7.633803150347221456e-01
7.734491409135766382e-01
7.833330195914780525e-01
7.930179530020072809e-01
8.024913261326600544e-01
8.117418981631793207e-01
8.207597846184484514e-01
8.295364311827648773e-01
8.380645798866150908e-01
8.463382284280208667e-01
8.543525834276560760e-01
8.621040084402842307e-01
8.695899675548102170e-01
8.768089654119392007e-01
8.837604844528730297e-01
8.904449201856377005e-01
8.968635152187657278e-01
9.030182927664990311e-01
9.089119902769184911e-01
9.145479937759981581e-01
9.199302734581012997e-01
9.250633209884383534e-01
9.299520889169874405e-01
9.346019325377439291e-01
9.390185544631628467e-01
9.432079521224179253e-01
9.471763683345335583e-01
9.509302450543082319e-01
9.544761803407740830e-01
9.578208885551122709e-01
9.609711637576104915e-01
9.639338462414628328e-01
9.667157921148006317e-01
9.693238458210826636e-01
9.717648154714725317e-01
9.740454508506877218e-01
9.761724239495008781e-01
9.781523118721223709e-01
9.799915819645608206e-01
9.816965790102470946e-01
9.832735143412508760e-01
9.847284567168913538e-01
9.860673248260793944e-01
9.872958812750242119e-01
9.884197279277581183e-01
9.894443024730925629e-01
9.903748760980045640e-01
9.912165521539846313e-01
9.919742657095111937e-01
9.926527838885373933e-01
9.932567069016623451e-01
9.937904696834981566e-01
9.942583440565938568e-01
9.946644413490869363e-01
9.950127153999419605e-01
9.953069658920888907e-01
9.955508419598916303e-01
9.957478460230048123e-01
9.959013378037180342e-01
9.960145384892125087e-01
9.960905350037077000e-01
9.961322843582077757e-01
9.961426180474923786e-01
9.961242464651943740e-01
9.960797633083863234e-01
9.960116499432217774e-01
9.959222797030310437e-01
9.958139220900806832e-01
9.956887468521772311e-01
9.955488279056375900e-01
9.953961470770377185e-01
9.952325976377202066e-01
9.950599876073717986e-01
9.948800428061066459e-01
9.946944096383731893e-01
9.945046575965619251e-01
9.943122814772978879e-01
9.941187033088864089e-01
9.939252739940550585e-01
9.937332746777922665e-01
9.935439178555263151e-01
9.933583482419260369e-01
9.931776434250697561e-01
9.930028143344820091e-01
9.928348055544868878e-01
9.926744955163928630e-01
9.925226966041991172e-01
9.923801552087982980e-01
9.922475517650984900e-01
9.921255008051763635e-01
9.920145510586051429e-01
9.919151856285896018e-01
9.918278222696322866e-01
9.917528137892609452e-01
9.916904485930218005e-01
9.916409513885847682e-01
9.916044840615269029e-01
9.915811467322406259e-01
9.915709790004991753e-01
9.915739613815426345e-01
9.915900169351262727e-01
9.916190130867729158e-01
9.916607636384804358e-01
9.917150309642848161e-01
9.917815283843474106e-01
9.918599227095586945e-01
9.919498369470108878e-01
9.920508531550629172e-01
9.921625154351018105e-01
9.922843330455154431e-01
9.924157836218633344e-01
9.925563164858083320e-01
9.927053560241154706e-01
9.928623051179744641e-01
9.930265486021297994e-01
9.931974567328282211e-01
9.933743886434549530e-01
9.935566957669306198e-01
9.937437252044667435e-01
9.939348230211058066e-01
9.941293374495532298e-01
9.943266219850928067e-01
9.945260383558087725e-01
9.947269593538516919e-01
9.949287715150388900e-01
9.951308776356215802e-01
9.953326991165537541e-01
9.955336781270442970e-01
9.957332795805563519e-01
9.959309929177404541e-01
9.961263336920765932e-01
9.963188449552532466e-01
9.965080984405795261e-01
9.966936955439997803e-01
9.968752681036012753e-01
9.970524789798635990e-01
9.972250224403035324e-01
9.973926243536096470e-01
9.975550421998098383e-01
9.977120649044474154e-01
9.978635125061126043e-01
9.980092356679374221e-01
9.981491150447612259e-01
9.982830605185526451e-01
9.984110103152821214e-01
9.985329300167261612e-01
9.986488114806186811e-01
9.987586716821239552e-01
9.988625514887963242e-01
9.989605143800349696e-01
9.990526451205988812e-01
9.991390483960870261e-01
9.992198474165270294e-01
9.992951824924638515e-01
9.993652095863411189e-01
9.994300988406511488e-01
9.994900330834244340e-01
9.995452063112406638e-01
9.995958221501424212e-01
9.996420922956485988e-01
9.996842349344859935e-01
9.997224731526097585e-01
9.997570333364462769e-01
9.997881435769204739e-01
