9.997974993162486168e-01
9.997680254896030849e-01
9.997353354727653851e-01
9.996992246189763121e-01
9.996594906080932263e-01
9.996159347433769549e-01
9.995683631958128812e-01
9.995165881853215195e-01
9.994604290918241984e-01
9.993997134925715065e-01
9.993342781252287921e-01
9.992639697788018305e-01
9.991886461164811717e-01
9.991081764358417105e-01
9.990224423725615477e-01
9.989313385539597689e-01
9.988347732082869523e-01
9.987326687349371568e-01
9.986249622397050940e-01
9.985116060380071490e-01
9.983925681277417974e-01
9.982678326322761420e-01
9.981374002129987932e-01
9.980012884500312209e-01
9.978595321890797454e-01
9.977121838520535135e-01
9.975593137089661111e-01
9.974010101087708025e-01
9.972373796671106794e-01
9.970685474094741485e-01
9.968946568688824561e-01
9.967158701379580377e-01
9.965323678759900883e-01
9.963443492723812467e-01
9.961520319685742697e-01
9.959556519411973952e-01
9.957554633496656926e-01
9.955517383518186492e-01
9.953447668913084634e-01
9.951348564603597069e-01
9.949223318411734018e-01
9.947075348286237295e-01
9.944908239360030766e-01
9.942725740843936233e-01
9.940531762748189282e-01
9.938330372406647406e-01
9.936125790760095278e-01
9.933922388335117981e-01
9.931724680834294050e-01
9.929537324232607931e-01
9.927365109254797648e-01
9.925212955089478539e-01
9.923085902179240581e-01
9.920989103912127849e-01
9.918927817029588034e-01
9.916907390559791535e-01
9.914933253083380027e-01
9.913010898141619842e-01
9.911145867604472803e-01
9.909343732828311824e-01
9.907610073449477639e-01
9.905950453680270051e-01
9.904370395997801335e-01
9.902875352142788135e-01
9.901470671374396071e-01
9.900161565958196519e-01
9.898953073896609167e-01
9.897850018944889250e-01
9.896856967990288467e-01
9.895978185907599034e-01
9.895217588040668977e-01
9.894578690496633744e-01
9.894064558477223548e-01
9.893677752909304512e-01
9.893420275674068565e-01
9.893293513770204939e-01
9.893298182779699523e-01
9.893434270034361377e-01
9.893700977905027782e-01
9.894096667652173549e-01
9.894618804284601721e-01
9.895263902870731210e-01
9.896027476733546546e-01
9.896903987934976277e-01
9.897886800418133069e-01
9.898968136127100914e-01
9.900139034364734414e-01
9.901389314581118262e-01
9.902707542710854627e-01
9.904081001098955506e-01
9.905495661975364241e-01
9.906936164359982921e-01
9.908385794206163721e-01
9.909826467523453752e-01
9.911238716162114049e-01
9.912601675894270326e-01
9.913893076390666304e-01
9.915089232668735653e-01
9.916165037577281405e-01
9.917093954885346507e-01
9.917848012557481940e-01
9.918397795823806762e-01
9.918712439690291482e-01
9.918759620581523162e-01
9.918505546864267997e-01
9.917914948064450176e-01
9.916951062662372474e-01
9.915575624430735813e-01
9.913748847367149786e-01
9.911429409367569221e-01
9.908574434889581006e-01
9.905139476965222345e-01
9.901078499042175185e-01
9.896343857259979337e-01
9.890886283904132270e-01
9.884654872924852897e-01
9.877597068557625315e-01
9.869658658237255855e-01
9.860783771153295296e-01
9.850914883948403977e-01
9.839992835208227762e-01
9.827956850526358146e-01
9.814744580045386968e-01
9.800292150469144259e-01
9.784534233606270170e-01
9.767404133535950717e-01
9.748833894478504680e-01
9.728754431402759639e-01
9.707095685306640354e-01
9.683786804965643924e-01
9.658756356756398320e-01
9.631932563930554192e-01
9.603243576440513296e-01
9.572617772106580825e-01
9.539984089569262249e-01
9.505272393095539618e-01
9.468413868909041353e-01
9.429341452296484682e-01
9.387990284311530376e-01
9.344298196457685446e-01
9.298206221288756179e-01
9.249659126423618316e-01
9.198605969036606211e-01
9.145000667460188026e-01
9.088802586128186256e-01
9.029977129700287319e-01
8.968496341847881359e-01
8.904339503852398696e-01
8.837493727876848393e-01
8.767954539524431823e-01
8.695726444101588015e-01
8.620823470862005733e-01
8.543269689428912850e-01
8.463099692580116074e-01
8.380359039638136665e-01
8.295104654839589031e-01
8.207405175265389818e-01
8.117341243197047085e-01
8.025005738122426013e-01
7.930503944043935105e-01
7.833953648237409473e-01
7.735485168163909186e-01
7.635241303839480631e-01
7.533377213609243617e-01
7.430060211938859238e-01
7.325469488515923278e-01
7.219795748632001908e-01
7.113240775479978684e-01
7.006016915638328957e-01
6.898346489613387256e-01
6.790461129863537559e-01
6.682601049229541790e-01
6.575014243139312153e-01
6.467955629342909685e-01
6.361686129267083434e-01
6.256471695362506580e-01
6.152582289059316256e-01
6.050290814155114827e-01
5.949872010645146370e-01
5.851601314175585156e-01
5.755753686468226826e-01
5.662602422235065713e-01
5.572417938281439831e-01
5.485466550689599430e-01
5.402009246181972424e-01
5.322300453982991009e-01
5.246586824725814058e-01
5.175106023177571402e-01
5.108085541775322369e-01
5.045741542162656135e-01
4.988277732082077032e-01
4.935884285098079971e-01
4.888736810687797085e-01
4.846995382228901361e-01
4.810803630328334135e-01
4.780287908762881344e-01
4.755556540038206048e-01
4.736699147214576966e-01
4.723786078195850724e-01
4.716867928135712873e-01
4.715975164988922552e-01
4.721117862531577503e-01
4.732285544404406519e-01
4.749447141906901759e-01
4.772551067399163349e-01
4.801525404265141184e-01
4.836278213466129738e-01
4.876697955778145355e-01
4.922654027871189442e-01
4.973997409460525487e-01
5.030561417848384842e-01
5.092162565285310860e-01
5.158601513719417442e-01
5.229664120674883954e-01
5.305122569213107653e-01
5.384736574185873259e-01
5.468254656296493987e-01
5.555415474846859825e-01
5.645949209474331321e-01
5.739578980679402864e-01
5.836022298521967855e-01
5.934992528530254052e-01
6.036200363631318844e-01
6.139355290784707098e-01
6.244167040989900830e-01
6.350347011451529244e-01
6.457609648928503976e-01
6.565673783668843910e-01
6.674263903841008982e-01
6.783111361012812424e-01
6.891955497995725377e-01
7.000544691255922158e-01
7.108637301082889604e-01
7.216002523786606559e-01
7.322421141348041118e-01
7.427686165155817921e-01
7.531603371703170513e-01
7.633991729372449075e-01
7.734683716676631349e-01
7.833525533537541996e-01
7.930377208337260342e-01
8.025112604563373608e-01
8.117619331862963028e-01
8.207798567208843821e-01
8.295564792652535546e-01
8.380845456781905733e-01
8.463580567510513575e-01
8.543722224197167758e-01
8.621234097327283852e-01
8.696090864084874417e-01
8.768277608110615073e-01
8.837789191585263548e-01
8.904629607508993683e-01
8.968811319677808536e-01
9.030354597402114880e-01
9.089286851484281726e-01
9.145641977387335420e-01
9.199459710901466414e-01
9.250785000964447669e-01
9.299667403631277640e-01
9.346160500531424109e-01
9.390321344511504131e-01
9.432209934548384522e-01
9.471888721441511505e-01
9.509422145261597903e-01
9.544876205050751850e-01
9.578318060840584902e-01
9.609815667681407270e-01
9.639437441057564504e-01
9.667251952799896797e-01
9.693327656393613267e-01
9.717732640415023271e-01
9.740534408709189407e-01
9.761799685837713181e-01
9.781594246276571480e-01
9.799982765822772279e-01
9.817028693670837303e-01
9.832794143640731788e-01
9.847339803073970055e-01
9.860724857960179168e-01
9.873006932909752509e-01
9.884242044646583958e-01
9.894484567756829385e-01
9.903787211493670917e-01
9.912201006503570389e-01
9.919775300406059593e-01
9.926557761226394438e-01
9.932594387748410192e-01
9.937929525923315799e-01
9.942605890538752655e-01
9.946664591420512069e-01
9.950145163506139978e-01
9.953085600194235827e-01
9.955522389434265929e-01
9.957490552078006596e-01
9.959023682064012117e-01
9.960153988049743612e-01
9.960912336141369838e-01
9.961328293398593603e-01
9.961430171811068712e-01
9.961245072454936178e-01
9.960798929543771552e-01
9.960116554089359919e-01
9.959221676886339525e-01
9.958136990532718835e-01
9.956884190198028728e-01
9.955484012854270981e-01
9.953956274693700479e-01
9.952319906473177102e-01
9.950592986548129071e-01
9.948792771390445600e-01
9.946935723423421249e-01
9.945037536052520055e-01
9.943113155821796667e-01
9.941176801680700059e-01
9.939241981402748838e-01
9.937321505254176346e-01
9.935427497065130176e-01
9.933571402906390402e-01
9.931763997619269535e-01
9.930015389483929367e-01
9.928335023340851828e-01
9.926731682500866683e-01
9.925213489790957189e-01
9.923787908085829335e-01
9.922461740669802355e-01
9.921241131760375476e-01
9.920131567505134917e-01
9.919137877738560816e-01
9.918264238756075990e-01
9.917514177330770675e-01
9.916890576164869575e-01
9.916395680934350088e-01
9.916031109052296788e-01
9.915797860245261219e-01
9.915696329007713805e-01
9.915726318972942765e-01
9.915887059214434363e-01
9.916177222469823027e-01
9.916594945259473715e-01
9.917137849853346898e-01
9.917803068022409407e-01
9.918587266494199861e-01
9.919486674015755012e-01
9.920497109910887401e-01
9.921614014002709814e-01
9.922832477756456937e-01
9.924147276482478963e-01
9.925552902425097690e-01
9.927043598550546744e-01
9.928613392836771467e-01
9.930256132860179052e-01
9.931965520469729913e-01
9.933735146337396849e-01
9.935558524176004713e-01
9.937429124420730231e-01
9.939340407178767212e-01
9.941285854262448263e-01
9.943259000133911618e-01
9.945253461603648093e-01
9.947262966140361096e-01
9.949281378665058018e-01
9.951302726717642377e-01
9.953321223899306291e-01
9.955331291508408009e-01
9.957327578301350401e-01
9.959304978323221258e-01
9.961258646765760449e-01
9.963184013822861118e-01
9.965076796526393110e-01
9.966933008557994356e-01
9.968748968045617609e-01
9.970521303367277932e-01
9.972246956998500611e-01
9.973923187454389883e-01
9.975547569391741698e-01
9.977117991950986697e-01
9.978632655431436405e-01
9.980090066405954419e-01
9.981489031392160038e-01
9.982828649206045846e-01
9.984108302129998114e-01
9.985327646030053295e-01
9.986486599556575472e-01
9.987585332558098772e-01
9.988624253830017397e-01
9.989603998308200783e-01
9.990525413803160726e-01
9.991389547353844991e-01
9.992197631262436097e-01
9.992951068854080132e-01
9.993651419989435514e-01
9.994300386344789899e-01
9.994899796465444020e-01
9.995451590594159885e-01
9.995957805278494757e-01
9.996420557768993520e-01
9.996842030234444065e-01
9.997224453839903546e-01
9.997570092756897786e-01
9.997881228201416226e-01
