9.997974696164052544e-01
9.997679907205029304e-01
9.997352949385037713e-01
9.996991775574392003e-01
9.996594361891089076e-01
9.996158720674602760e-01
9.995682912935764941e-01
9.995165060176205429e-01
9.994603355506918030e-01
9.993996074029904975e-01
9.993341582477709428e-01
9.992638348131522852e-01
9.991884947058481403e-01
9.991080071722368006e-01
9.990222538029189803e-01
9.989311291870462961e-01
9.988345415223400803e-01
9.987324131859564025e-01
9.986246812703074571e-01
9.985112980867502097e-01
9.983922316388103013e-01
9.982674660654226040e-01
9.981370020536274312e-01
9.980008572193139749e-01
9.978590664539972455e-01
9.977116822352557479e-01
9.975587748983585357e-01
9.974004328667341879e-01
9.972367628392770911e-01
9.970678899329886713e-01
9.968939577800915997e-01
9.967151285794773052e-01
9.965315831031146265e-01
9.963435206588128201e-01
9.961511590114532355e-01
9.959547342654365698e-01
9.957545007115957691e-01
9.955507306421683689e-01
9.953437141375520714e-01
9.951337588284800972e-01
9.949211896368974628e-01
9.947063484982026083e-01
9.944895940666189649e-01
9.942713014042858788e-01
9.940518616532307838e-01
9.938316816877188487e-01
9.936111837426239157e-01
9.933908050114652610e-01
9.931709972056842473e-01
9.929522260646379550e-01
9.927349708037682685e-01
9.925197234865092977e-01
9.923069883038307948e-01
9.920972807439266683e-01
9.918911266335272980e-01
9.916890610316912991e-01
9.914916269567489726e-01
9.912993739273597837e-01
9.911128562994080404e-01
9.909326313816799736e-01
9.907592573149239801e-01
9.905932907009405985e-01
9.904352839707357692e-01
9.902857824834506717e-01
9.901453213506901108e-01
9.900144219839677184e-01
9.898935883662343116e-01
9.897833030518192743e-01
9.896840229025807290e-01
9.895961745716154168e-01
9.895201497495220710e-01
9.894563001919189915e-01
9.894049325506796277e-01
9.893663030351242949e-01
9.893406119331279447e-01
9.893279980256876049e-01
9.893285329318282084e-01
9.893422154236592991e-01
9.893689657537878546e-01
9.894086200389621277e-01
9.894609247446268796e-01
9.895255313148505483e-01
9.896019909907531886e-01
9.896897498580312647e-01
9.897881441604597930e-01
9.898963959113726840e-01
9.900136088292171843e-01
9.901387646164907519e-01
9.902707195939308704e-01
9.904082016939829147e-01
9.905498078095954506e-01
9.906940014865694977e-01
9.908391109402852059e-01
9.909833273709006685e-01
9.911247035452734888e-01
9.912611526090715497e-01
9.913904470889300935e-01
9.915102180421691003e-01
9.916179543105184679e-01
9.917110018345131062e-01
9.917865629866630117e-01
9.918416958841109743e-01
9.918733136451789445e-01
9.918781835588890150e-01
9.918529261421388243e-01
9.917940140656508197e-01
9.916977709370408123e-01
9.915603699373324309e-01
9.913778323159788686e-01
9.911460257589399525e-01
9.908606626546402341e-01
9.905172982937295867e-01
9.901113290505134668e-01
9.896379906067284127e-01
9.890923562919879952e-01
9.884693356296463396e-01
9.877636731918840729e-01
9.869699478833126038e-01
9.860825727880233593e-01
9.850957957304008472e-01
9.840037007147318660e-01
9.828002104221518209e-01
9.814790899552147119e-01
9.800339520297836060e-01
9.784582638204295524e-01
9.767453556685898874e-01
9.748884318618976641e-01
9.728805836880063396e-01
9.707148049566507453e-01
9.683840101694949354e-01
9.658810554985400865e-01
9.631987627106508576e-01
9.603299461483650878e-01
9.572674428459430063e-01
9.540041458250142492e-01
9.505330405766835300e-01
9.468472446970634948e-01
9.429400506014432581e-01
9.388049711991914847e-01
9.344357883675351584e-01
9.298266040180559466e-01
9.249718935055770697e-01
9.198665610855643049e-01
9.145059970837126073e-01
9.088861364005358379e-01
9.030035179350279773e-01
8.968553444753724069e-01
8.904395425717909207e-01
8.837548218775356235e-01
8.768007334193499425e-01
8.695777262390279594e-01
8.620872018336138698e-01
8.543315658138302959e-01
8.463142761990269936e-01
8.380398877727119888e-01
8.295140919358972020e-01
8.207437515162314678e-01
8.117369300192592840e-01
8.025029148439619675e-01
7.930522340277103011e-01
7.833966661353009009e-01
7.735492429621610988e-01
7.635242447821206646e-01
7.533371879342906086e-01
7.430048046102933901e-01
7.325450147710538262e-01
7.219768901902055003e-01
7.113206106875686885e-01
7.005974126798850676e-01
6.898295302359382930e-01
6.790401288784955192e-01
6.682532324255328060e-01
6.574936432076282644e-01
6.467868560371622388e-01
6.361589663382858362e-01
6.256365728750498123e-01
6.152466755392764775e-01
6.050165686806303622e-01
5.949737304798830007e-01
5.851457088834652875e-01
5.755600046341275977e-01
5.662439519495113815e-01
5.572245974184439898e-01
5.485285777040426192e-01
5.401819966634313630e-01
5.322103025158038125e-01
5.246381657132610510e-01
5.174893581915926966e-01
5.107866346999644369e-01
5.045516169282566743e-01
4.988046811673261249e-01
4.935648502494320855e-01
4.888496905223119748e-01
4.846752146097206282e-01
4.810557907027017688e-01
4.780040591086948121e-01
4.755308567592598790e-01
4.736451503414792485e-01
4.723539786730747148e-01
4.716624048871905783e-01
4.715734789302815644e-01
4.720882108063702010e-01
4.732055549240538062e-01
4.749224058201497733e-01
4.772336054468868660e-01
4.801319621192929876e-01
4.836082811269883930e-01
4.876514069210704516e-01
4.922482766931526310e-01
4.973839850707535426e-01
5.030418595619245981e-01
5.092035462928963252e-01
5.158491054962364153e-01
5.229571161240554877e-01
5.305047888817584489e-01
5.384680869031531758e-01
5.468218532180930680e-01
5.555399440997719207e-01
5.645953673211128176e-01
5.739604242991571681e-01
5.836068550638473518e-01
5.935059849540413879e-01
6.036288719199516262e-01
6.139464532983853751e-01
6.244296909260325101e-01
6.350497134673733779e-01
6.457779548580552254e-01
6.565862878022296067e-01
6.674471513133783951e-01
6.783336713523204775e-01
6.892197736929648322e-01
7.000802882348950984e-01
7.108910440810662923e-01
7.216289548070859983e-01
7.322720934641766544e-01
7.427997569789084320e-01
7.531925197371515113e-01
7.634322762651728489e-01
7.735022730452197903e-01
7.833871296241045057e-01
7.930728492891251369e-01
8.025468196942072696e-01
8.117978039186470873e-01
8.208159225298172768e-01
8.295926272983240590e-01
8.381206672785038725e-01
8.463940480180784931e-01
8.544079846979378834e-01
8.621588500263128729e-01
8.696441177212974605e-01
8.768623024122964571e-01
8.838128967752965082e-01
8.904963066899189705e-01
8.969137851691915131e-01
9.030673657672720900e-01
9.089597961174428198e-01
9.145944721941119404e-01
9.199753738299152328e-01
9.251070019538361056e-01
9.299943179500853585e-01
9.346426854716728405e-01
9.390578149784623019e-01
9.432457112081086281e-01
9.472126237305809049e-01
9.509650006837278013e-01
9.545094457390668197e-01
9.578526783040686166e-01
9.610014969298189547e-01
9.639627458610984245e-01
9.667432846394882207e-01
9.693499606488283904e-01
9.717895844758691615e-01
9.740689079468178857e-01
9.761946046922236331e-01
9.781732530877275122e-01
9.800113214161317865e-01
9.817151550964907658e-01
9.832909658280437615e-01
9.847448225003535560e-01
9.860826437256287047e-01
9.873101918545831301e-01
9.884330683430785358e-01
9.894567103430341737e-01
9.903863883975349003e-01
9.912272051266676209e-01
9.919840947972980993e-01
9.926618236767703607e-01
9.932649910773275748e-01
9.937980310049223664e-01
9.942652143329488990e-01
9.946706514282509515e-01
9.950182951634426454e-01
9.953119442560384167e-01
9.955552468809821809e-01
9.957517045087906915e-01
9.959046759265415272e-01
9.960173814032486916e-01
9.960929069646973222e-01
9.961342087455268279e-01
9.961441173882644717e-01
9.961253424601947959e-01
9.960804768595167280e-01
9.960120011823475616e-01
9.959222880219810170e-01
9.958136061716045262e-01
9.956881247016476921e-01
9.955479168832701564e-01
9.953949639303841801e-01
9.952311585341738764e-01
9.950583081664067242e-01
9.948781381309541594e-01
9.946922943468275990e-01
9.945023458505983793e-01
9.943097870111818892e-01
9.941160394554562352e-01
9.939224537088713340e-01
9.937303105608641385e-01
9.935408221703559972e-01
9.933551329316467893e-01
9.931743201254985554e-01
9.929993943839654502e-01
9.928313000004774791e-01
9.926709151187639302e-01
9.925190518353798064e-01
9.923764562508855525e-01
9.922438085041802580e-01
9.921217228231757890e-01
9.920107476230233257e-01
9.919113656805880197e-01
9.918239944109469297e-01
9.917489862684778501e-01
9.916866292917685399e-01
9.916371478081953406e-01
9.916007033107289148e-01
9.915773955163800224e-01
9.915672636127694783e-01
9.915702876966205892e-01
9.915863904055318701e-01
9.916154387421821648e-01
9.916572460881142304e-01
9.917115744023938806e-01
9.917781365987052844e-01
9.918565990927746823e-01
9.919465845103843105e-01
9.920476745446187294e-01
9.921594129493885861e-01
9.922813086547042083e-01
9.924128389876637479e-01
9.925534529817207074e-01
9.927025747555549007e-01
9.928596069418483827e-01
9.930239341455006086e-01
9.931949264103652197e-01
9.933719426734539670e-01
9.935543341857611122e-01
9.937414478793868966e-01
9.939326296614603429e-01
9.941272276164365707e-01
9.943245950996165705e-01
9.945240937061572417e-01
9.947250961013365256e-01
9.949269886993816758e-01
9.951291741796941537e-01
9.953310738307978855e-01
9.955321297137715852e-01
9.957318066383015198e-01
9.959295939458127078e-01
9.961250070954124070e-01
9.963175890496456244e-01
9.965069114583186005e-01
9.966925756399345193e-01
9.968742133616016465e-01
9.970514874196432231e-01
9.972240920245483142e-01
9.973917529953447714e-01
9.975542277699348537e-01
9.977113052393673520e-01
9.978628054153957372e-01
9.980085789419366193e-01
9.981485064621439252e-01
9.982824978536927185e-01
9.984104913454765473e-01
9.985324525292080811e-01
9.986483732793457468e-01
9.987582705943285344e-01
9.988621853712861265e-01
9.989601811252372121e-01
9.990523426623399983e-01
9.991387747151001530e-01
9.992196005456732699e-01
9.992949605216531195e-01
9.993650106671303490e-01
9.994299211904936753e-01
9.994898749895396728e-01
9.995450661340700149e-01
9.995956983263537543e-01
9.996419833406531286e-01
9.996841394444321294e-01
9.997223898058210656e-01
9.997569608942812325e-01
9.997880808840351463e-01
