9.997973022300479240e-01
9.997678013360888905e-01
9.997350817505474829e-01
9.996989387768293600e-01
9.996591700696917382e-01
9.996155769344803321e-01
9.995679655735248970e-01
9.995161482689731702e-01
9.994599444949651135e-01
9.993991819555020362e-01
9.993336975474695905e-01
9.992633382508755435e-01
9.991879619503820642e-01
9.991074381935880488e-01
9.990216488922611937e-01
9.989304889728790604e-01
9.988338669824835536e-01
9.987317056551072714e-01
9.986239424429926848e-01
9.985105300156306152e-01
9.983914367284021374e-01
9.982666470614209864e-01
9.981361620281212765e-01
9.979999995522785827e-01
9.978581948115307076e-01
9.977108005450933126e-01
9.975578873232405774e-01
9.973995437762341876e-01
9.972358767806982494e-01
9.970670116019280105e-01
9.968930919912364352e-01
9.967142802381542266e-01
9.965307571780489537e-01
9.963427221564874481e-01
9.961503929523758405e-01
9.959540056625417748e-01
9.957538145509272631e-01
9.955500918659001552e-01
9.953431276293336349e-01
9.951332294010157842e-01
9.949207220216093051e-01
9.947059473367685367e-01
9.944892639041345017e-01
9.942710466837642036e-01
9.940516867111293120e-01
9.938315907501673596e-01
9.936111809220226077e-01
9.933908943031253269e-01
9.931711824841900071e-01
9.929525110796300069e-01
9.927353591748627748e-01
9.925202186970971674e-01
9.923075936935237262e-01
9.920979994994477691e-01
9.918919617778708675e-01
9.916900154114037802e-01
9.914927032272111695e-01
9.913005745359735332e-01
9.911141834666115091e-01
9.909340870797372913e-01
9.907608432444505731e-01
9.905950082651384658e-01
9.904371342473285988e-01
9.902877661943176868e-01
9.901474388292068607e-01
9.900166731400767972e-01
9.898959726492759792e-01
9.897858194111683883e-01
9.896866697461498275e-01
9.895989497223063314e-01
9.895230503997299865e-01
9.894593228562225118e-01
9.894080730168869353e-01
9.893695563138870108e-01
9.893439722063829267e-01
9.893314585942483141e-01
9.893320861625081175e-01
9.893458526963873068e-01
9.893726774092507226e-01
9.894123953273944450e-01
9.894647517764498801e-01
9.895293970139437123e-01
9.896058810512118331e-01
9.896936487053261677e-01
9.897920349179500921e-01
9.899002603731444916e-01
9.900174274401997154e-01
9.901425164607566831e-01
9.902743823919972765e-01
9.904117518098005668e-01
9.905532202677435061e-01
9.906972499999600057e-01
9.908421679484329392e-01
9.909861640885292422e-01
9.911272900207186431e-01
9.912634577916094036e-01
9.913924389038205609e-01
9.915118634718601554e-01
9.916192194801314308e-01
9.917118520994231412e-01
9.917869630197240216e-01
9.918416097598590220e-01
9.918727049181979005e-01
9.918770153334487416e-01
9.918511611302297526e-01
9.917916146306507974e-01
9.916946991204613759e-01
9.915565874664136192e-01
9.913733005903219153e-01
9.911407058148919980e-01
9.908545151067522649e-01
9.905102832532964863e-01
9.901034060219403576e-01
9.896291183632404120e-01
9.890824927329794347e-01
9.884584376227211200e-01
9.877516964033570268e-01
9.869568466015803399e-01
9.860682997447609566e-01
9.850803019249770864e-01
9.839869352475412168e-01
9.827821203427303809e-01
9.814596201310383794e-01
9.800130450415351913e-01
9.784358598892848313e-01
9.767213926207143349e-01
9.748628451348855251e-01
9.728533063834546857e-01
9.706857679424544250e-01
9.683531422348065076e-01
9.658482835636722497e-01
9.631640120935308635e-01
9.602931408884971543e-01
9.572285060862061323e-01
9.539630002510255391e-01
9.504896089129004633e-01
9.468014502582755565e-01
9.428918178978156206e-01
9.387542265925529206e-01
9.343824607761521683e-01
9.297706256666814495e-01
9.249132007170914882e-01
9.198050951100393835e-01
9.144417049601981651e-01
9.088189718463002276e-01
9.029334422563728424e-01
8.967823274934887401e-01
8.903635635564421946e-01
8.836758704806597642e-01
8.767188105999810244e-01
8.694928451702830241e-01
8.619993887818955258e-01
8.542408609798846086e-01
8.462207345101098177e-01
8.379435796148709814e-01
8.294151038152962618e-01
8.206421866385498198e-01
8.116329087764861949e-01
8.023965751984125649e-01
7.929437317837602084e-01
7.832861750902139208e-01
7.734369549284221268e-01
7.634103694748756164e-01
7.532219527188066532e-01
7.428884541057824142e-01
7.324278103086940828e-01
7.218591091247489322e-01
7.112025455635058169e-01
7.004793702547119638e-01
6.897118303646381232e-01
6.789231032648503916e-01
6.681372232473434813e-01
6.573790016242603285e-01
6.466739405890958858e-01
6.360481412494611853e-01
6.255282062697632428e-01
6.151411375861745023e-01
6.049142296769922655e-01
5.948749588897558338e-01
5.850508693434691709e-01
5.754694559407232957e-01
5.661580450413239429e-01
5.571436733668182484e-01
5.484529657244117118e-01
5.401120121593014911e-01
5.321462451662695159e-01
5.245803176139660629e-01
5.174379820580037315e-01
5.107419721407909785e-01
5.045138867958824935e-01
4.987740779912496203e-01
4.935415427580602810e-01
4.888338202580013725e-01
4.846668946418010160e-01
4.810551044433801771e-01
4.780110592371907829e-01
4.755455642603316768e-01
4.736675536655876595e-01
4.723840330267604637e-01
4.717000316637425250e-01
4.716185652923743366e-01
4.721406094338930215e-01
4.732650839417600341e-01
4.749888489208723419e-01
4.773067122267654616e-01
4.802114486416181327e-01
4.836938307307708795e-01
4.877426712892215521e-01
4.923448771931152601e-01
4.974855143775990252e-01
5.031478835702426489e-01
5.093136063194139140e-01
5.159627207700041573e-01
5.230737865554494492e-01
5.306239980955321789e-01
5.385893055146326880e-01
5.469445423254180039e-01
5.556635589591898405e-01
5.647193611668352986e-01
5.740842522644460377e-01
5.837299781559952550e-01
5.936278740328646553e-01
6.037490116275017193e-01
6.140643458868175752e-01
6.245448599310723381e-01
6.351617071765032208e-01
6.458863495254458797e-01
6.566906905664096072e-01
6.675472027785992468e-01
6.784290478003924818e-01
6.893101888987839265e-01
7.001654948658742050e-01
7.109708346679206592e-01
7.217031622808055547e-01
7.323405912613065727e-01
7.428624587243037869e-01
7.532493785200042868e-01
7.634832835301983422e-01
7.735474571263193377e-01
7.834265539524984945e-01
7.931066103118149524e-01
8.025750445416350853e-01
8.118206478625710210e-01
8.208335662736975236e-01
8.296052741429716937e-01
8.381285402054101663e-01
8.463973867317823307e-01
8.544070426670690166e-01
8.621538915606608011e-01
8.696354151194684023e-01
8.768501332113340929e-01
8.837975411301383089e-01
8.904780449068274706e-01
8.968928954134243181e-01
9.030441219613138948e-01
9.089344660421909694e-01
9.145673158015570348e-01
9.199466417721462452e-01
9.250769343296869618e-01
9.299631432674675402e-01
9.346106198206506344e-01
9.390250614074553415e-01
9.432124592932666918e-01
9.471790493263964050e-01
9.509312658413248132e-01
9.544756987773413970e-01
9.578190540179425394e-01
9.609681169192922923e-01
9.639297189645279484e-01
9.667107074545578937e-01
9.693179181249805820e-01
9.717581505625089155e-01
9.740381462823549663e-01
9.761645693199438867e-01
9.781439891855631119e-01
9.799828660285894166e-01
9.816875378582812228e-01
9.832642096702933765e-01
9.847189443316556323e-01
9.860576550815727259e-01
9.872860995107647364e-01
9.884098748879168728e-01
9.894344147079806584e-01
9.903649863434337286e-01
9.912066896860922682e-01
9.919644566736404157e-01
9.926430516016616634e-01
9.932470721286426052e-01
9.937809508881229048e-01
9.942489576288853215e-01
9.946552018107477355e-01
9.950036355900628848e-01
9.952980571353615691e-01
9.955421142195599593e-01
9.957393080406851116e-01
9.958929972280213816e-01
9.960064019948452474e-01
9.960826084024256843e-01
9.961245727026807328e-01
9.961351257288150185e-01
9.961169773044780129e-01
9.960727206425975533e-01
9.960048367052051210e-01
9.959156984954798952e-01
9.958075752530960445e-01
9.956826365239855869e-01
9.955429560760225005e-01
9.953905156330665749e-01
9.952272084014154307e-01
9.950548423650743546e-01
9.948751433293989699e-01
9.946897576965638699e-01
9.945002549608743525e-01
9.943081299170422049e-01
9.941148045800256572e-01
9.939216298206917655e-01
9.937298867272035263e-01
9.935407877074592387e-01
9.933554773529276183e-01
9.931750330886750522e-01
9.930004656381163919e-01
9.928327193339566703e-01
9.926726723088538096e-01
9.925211366004942359e-01
9.923788582060603103e-01
9.922465171205125944e-01
9.921247273917964682e-01
9.920140372241101900e-01
9.919149291578578387e-01
9.918278203519866887e-01
9.917530629912059137e-01
9.916909448372336344e-01
9.916416899398392548e-01
9.916054595201420074e-01
9.915823530354758164e-01
9.915724094321893833e-01
9.915756085900578887e-01
9.915918729595378789e-01
9.916210693908913409e-01
9.916630111522056756e-01
9.917174601315034144e-01
9.917841292164174538e-01
9.918626848432696708e-01
9.919527497057871734e-01
9.920539056121147059e-01
9.921656964772134213e-01
9.922876314362004679e-01
9.924191880627086793e-01
9.925598156749682044e-01
9.927089387110882290e-01
9.928659601540013036e-01
9.930302649857657427e-01
9.932012236504563774e-01
9.933781955047235046e-01
9.935605322352760727e-01
9.937475812230494032e-01
9.939386888346023463e-01
9.941332036223367030e-01
9.943304794163747573e-01
9.945298782923239767e-01
9.947307734006393121e-01
9.949325516448190854e-01
9.951346161971889037e-01
9.953363888425225126e-01
9.955373121411796866e-01
9.957368514048337005e-01
9.959344964791831956e-01
9.961297633293428877e-01
9.963221954248803192e-01
9.965113649227401726e-01
9.966968736475974033e-01
9.968783538705111580e-01
9.970554688881244632e-01
9.972279134060773043e-01
9.973954137317436741e-01
9.975577277828645562e-01
9.977146449200844369e-01
9.978659856127686245e-01
9.980116009487445261e-01
9.981513719997020528e-01
9.982852090548663959e-01
9.984130507361581586e-01
9.985348630083394905e-01
9.986506380975725961e-01
9.987603933313740079e-01
9.988641699121324491e-01
9.989620316352009199e-01
9.990540635611282472e-01
9.991403706499348836e-01
9.992210763635789306e-01
9.992963212410054252e-01
9.993662614485810947e-01
9.994310673073993900e-01
9.994909217980425531e-01
9.995460190430026648e-01
9.995965627671620224e-01
9.996427647375603076e-01
9.996848431850887673e-01
9.997230212127093951e-01
9.997575251971581034e-01
9.997885831937112222e-01
