9.997972248193326417e-01
9.997677153961971319e-01
9.997349869573233239e-01
9.996988348994008122e-01
9.996590569881713684e-01
9.996154546574694821e-01
9.995678342549871864e-01
9.995160082240316379e-01
9.994597962141814618e-01
9.993990261172168710e-01
9.993335350278158558e-01
9.992631701311327497e-01
9.991877895213981953e-01
9.991072629570751928e-01
9.990214725588526523e-01
9.989303134569241793e-01
9.988336943936483303e-01
9.987315382869346170e-01
9.986237827586593729e-01
9.985103806312120023e-01
9.983913003940162456e-01
9.982665266406721694e-01
9.981360604762957722e-01
9.979999198937608007e-01
9.978581401169109855e-01
9.977107739084192239e-01
9.975578918398392281e-01
9.973995825214869715e-01
9.972359527901011322e-01
9.970671278527081238e-01
9.968932513857340361e-01
9.967144855891091337e-01
9.965310111958668449e-01
9.963430274384937890e-01
9.961507519740064875e-01
9.959544207703645569e-01
9.957542879573411110e-01
9.955506256453197089e-01
9.953437237156350648e-01
9.951338895859992428e-01
9.949214479542182188e-01
9.947067405228010584e-01
9.944901257061858901e-01
9.942719783211465545e-01
9.940526892595316077e-01
9.938326651408400103e-01
9.936123279402940822e-01
9.933921145860903357e-01
9.931724765174361202e-01
9.929538791929048980e-01
9.927368015366142551e-01
9.925217353078519267e-01
9.923091843780996735e-01
9.920996638980204008e-01
9.918936993359412924e-01
9.916918253687311280e-01
9.914945846057893197e-01
9.913025261271412036e-01
9.911162038173910727e-01
9.909361744784979109e-01
9.907629957059889136e-01
9.905972235152662453e-01
9.904394097070488012e-01
9.902900989636628237e-01
9.901498256708074486e-01
9.900191104625192251e-01
9.898984564903103855e-01
9.897883454208216136e-01
9.896892331698087242e-01
9.896015453838431508e-01
9.895256726847596607e-01
9.894619656956037401e-01
9.894107298706107390e-01
9.893722201555306128e-01
9.893466355083534447e-01
9.893341133140860499e-01
9.893347237305748498e-01
9.893484640053149537e-01
9.893752528055782536e-01
9.894149246058655534e-01
9.894672241774783439e-01
9.895318012247734663e-01
9.896082052113007732e-01
9.896958804164612822e-01
9.897941612595555494e-01
9.899022679231693767e-01
9.900193023018707406e-01
9.901442442953489742e-01
9.902759484576202365e-01
9.904131410060144081e-01
9.905544171856243141e-01
9.906982389770162545e-01
9.908429331275576679e-01
9.909866894799529424e-01
9.911275595657134119e-01
9.912634554265029596e-01
9.913921486227047497e-01
9.915112693862448978e-01
9.916183058736981470e-01
9.917106034759891608e-01
9.917853641425435907e-01
9.918396456804664529e-01
9.918703609931441845e-01
9.918742772275040975e-01
9.918480148049126921e-01
9.917880463173033290e-01
9.916906952775057515e-01
9.915521347208958725e-01
9.913683856643499270e-01
9.911353154381001840e-01
9.908486359164534463e-01
9.905039016844826572e-01
9.900965081897675768e-01
9.896216899410384960e-01
9.890745188291621970e-01
9.884499026602162619e-01
9.877425840053175587e-01
9.869471394871770498e-01
9.860579796387863860e-01
9.850693494848198339e-01
9.839753300108239342e-01
9.827698406985596602e-01
9.814466433174051652e-01
9.799993471709453896e-01
9.784214160042179476e-01
9.767061767800111483e-01
9.748468305316817517e-01
9.728364654948156165e-01
9.706680727104390893e-01
9.683345642783069973e-01
9.658287944200424358e-01
9.631435834887380754e-01
9.602717450342949101e-01
9.572061160026348325e-01
9.539395901123879362e-01
9.504651544152222797e-01
9.467759290061281696e-01
9.428652098082458410e-01
9.387265143137107914e-01
9.343536301180281889e-01
9.297406660411425827e-01
9.248821055841547345e-01
9.197728624270132824e-01
9.144083376299924071e-01
9.087844781608378497e-01
9.028978363306667809e-01
8.967456296855701448e-01
8.903258008679871827e-01
8.836370769328620867e-01
8.766790275789881903e-01
8.694521217363759824e-01
8.619577819365500382e-01
8.541984358849395997e-01
8.461775646534628326e-01
8.378997469174551682e-01
8.293706986745355003e-01
8.205973079040490559e-01
8.115876636543744027e-01
8.023510790814911697e-01
7.928981080054209318e-01
7.832405546009457709e-01
7.733914758946112133e-01
7.633651768005031979e-01
7.531771974915574264e-01
7.428442929699563546e-01
7.323844047681890013e-01
7.218166247802002555e-01
7.111611512884612463e-01
7.004392373164464169e-01
6.896731314958732817e-01
6.788860116932405875e-01
6.681019116900813737e-01
6.573456412555708228e-01
6.466426999886707438e-01
6.360191853400809503e-01
6.255016952523819729e-01
6.151172258806829607e-01
6.048930648766250862e-01
5.948566807367819953e-01
5.850356087333010713e-01
5.754573339609747595e-01
5.661491720516655946e-01
5.571381481246824308e-01
5.484508745608049907e-01
5.401134282081525573e-01
5.321512276499636984e-01
5.245889111870214450e-01
5.174502162102667668e-01
5.107578606611314909e-01
5.045334272971603307e-01
4.987972514973691984e-01
4.935683133542002610e-01
4.888641348056543823e-01
4.847006825610290504e-01
4.810922775656614192e-01
4.780515117333977715e-01
4.755891726495913296e-01
4.737141769120347679e-01
4.724335127323541217e-01
4.717521923663157146e-01
4.716732148787865508e-01
4.721975396785069723e-01
4.733240711803397005e-01
4.750496548693484700e-01
4.773690849531049274e-01
4.802751236972095938e-01
4.837585324453326230e-01
4.878081142302853612e-01
4.924107677877080924e-01
4.975515526899110252e-01
5.032137652250010529e-01
5.093790245564664421e-01
5.160273686114467129e-01
5.231373590626520187e-01
5.306861946897827309e-01
5.386498323319903747e-01
5.470031145738664113e-01
5.557199032444133380e-01
5.647732177520077279e-01
5.741353772293562585e-01
5.837781454216450783e-01
5.936728772193893278e-01
6.037906657157634527e-01
6.141024886573258623e-01
6.245793531577727986e-01
6.351924375574646842e-01
6.459132293372886746e-01
6.567136580344419272e-01
6.675662221598103185e-01
6.784441091816263425e-01
6.893213077174089598e-01
7.001727111649604929e-01
7.109742121022326611e-01
7.217027868937324619e-01
7.323365700560964253e-01
7.428549180556083265e-01
7.532384623337515794e-01
7.634691514811582369e-01
7.735302826034621271e-01
7.834065220423426235e-01
7.930839157294945485e-01
8.025498895584298742e-01
8.117932402571722550e-01
8.208041173326201534e-01
8.295739967333226605e-01
8.380956469407475629e-01
8.463630882491317564e-01
8.543715460303642484e-01
8.621173988029968704e-01
8.695981219336765822e-01
8.768122277955385790e-01
8.837592031922081315e-01
8.904394448290104958e-01
8.968541935759970496e-01
9.030054682218299211e-01
9.088959993648744184e-01
9.145291640296041580e-01
9.199089215341629266e-01
9.250397510702225157e-01
9.299265913906048509e-01
9.345747829348719504e-01
9.389900126595219776e-01
9.431782617786081957e-01
9.471457565634964215e-01
9.508989222977779487e-01
9.544443404356397487e-01
9.577887089695866774e-01
9.609388059765003876e-01
9.639014562796059948e-01
9.666835011378710485e-01
9.692917708534133370e-01
9.717330601712900195e-01
9.740141063341427596e-01
9.761415696460946645e-01
9.781220163955209879e-01
9.799619039843402435e-01
9.816675681117681407e-01
9.832452118626094917e-01
9.847008965536744318e-01
9.860405341964565418e-01
9.872698814394796907e-01
9.883945348594784797e-01
9.894199274766453112e-01
9.903513263754312179e-01
9.911938313187657057e-01
9.919523742500113705e-01
9.926317195834878371e-01
9.932364651909770803e-01
9.937710439982377908e-01
9.942397261121981300e-01
9.946466214061028266e-01
9.949956824963936963e-01
9.952907080514042937e-01
9.955353463779336165e-01
9.957330992373036871e-01
9.958873258474834067e-01
9.960012470321636391e-01
9.960779494812247448e-01
9.961203900898039088e-01
9.961314003451607890e-01
9.961136907318072220e-01
9.960698551260340761e-01
9.960023751511748458e-01
9.959136244648933989e-01
9.958058729496722661e-01
9.956812907777248256e-01
9.955419523219606326e-01
9.953898398855702823e-01
9.952268472243996911e-01
9.950547828386361315e-01
9.948753730134557438e-01
9.946902645921584796e-01
9.945010274698585784e-01
9.943091568008762815e-01
9.941160749184306811e-01
9.939231329708688722e-01
9.937316122842907440e-01
9.935427254668373065e-01
9.933576172749160049e-01
9.931773652660783602e-01
9.930029802670051753e-01
9.928354066879871986e-01
9.926755227173569285e-01
9.925241404305009674e-01
9.923820058483734385e-01
9.922497989798816365e-01
9.921281338812115713e-01
9.920175587631866465e-01
9.919185561752428271e-01
9.918315432916717800e-01
9.917568723225821392e-01
9.916948310686641843e-01
9.916456436354642578e-01
9.916094713195580113e-01
9.915864136758612002e-01
9.915765097723775456e-01
9.915797396359983251e-01
9.915960258905338609e-01
9.916252355859752621e-01
9.916671822160020300e-01
9.917216279189488004e-01
9.917882858557512948e-01
9.918668227567807305e-01
9.919568616278955364e-01
9.920579846044823569e-01
9.921697359406995709e-01
9.922916251196107762e-01
9.924231300684113188e-01
9.925637004615667225e-01
9.927127610934394220e-01
9.928697153009430343e-01
9.930339484159690366e-01
9.932048312268407786e-01
9.933817234278687902e-01
9.935639770362405532e-01
9.937509397559514124e-01
9.939419582692651245e-01
9.941363814372197183e-01
9.943335633919424543e-01
9.945328665049246730e-01
9.947336642169025689e-01
9.949353437165168179e-01
9.951373084564636429e-01
9.953389804973470367e-01
9.955398026708994763e-01
9.957392405556292347e-01
9.959367842592997677e-01
9.961319500039440555e-01
9.963242815104027539e-01
9.965133511806517630e-01
9.966987610774836748e-01
9.968801437024421563e-01
9.970571625742767896e-01
9.972295126116041963e-01
9.973969203249025695e-01
9.975591438244232334e-01
9.977159726520310468e-01
9.978672274463589176e-01
9.980127594519152545e-01
9.981524498838821868e-01
9.982862091612138000e-01
9.984139760212515924e-01
9.985357165293533566e-01
9.986514229969688516e-01
9.987611128211507650e-01
9.988648272576793330e-01
9.989626301388280227e-01
9.990546065453490554e-01
9.991408614406072086e-01
9.992215182730254108e-01
9.992967175512588174e-01
9.993666153949183339e-01
9.994313820623446087e-01
9.994912004560321250e-01
9.995462646059124490e-01
9.995967781308963129e-01
9.996429526798960019e-01
9.996850063549519438e-01
9.997231621210420638e-01
9.997576462095009164e-01
9.997886865245956267e-01
