9.997972564819385122e-01
9.997677501979329584e-01
9.997350249245612330e-01
9.996988760032726740e-01
9.996591011364391877e-01
9.996155016867194210e-01
9.995678839233681501e-01
9.995160602047581389e-01
9.994598500900085947e-01
9.993990813760825764e-01
9.993335910598165617e-01
9.992632262269670607e-01
9.991878448723768846e-01
9.991073166567498998e-01
9.990215236062718329e-01
9.989303607614790081e-01
9.988337367814231760e-01
9.987315745084366370e-01
9.986238114977634694e-01
9.985104005151229645e-01
9.983913100040291422e-01
9.982665245234932927e-01
9.981360451556789970e-01
9.979998898822168840e-01
9.978580939272529982e-01
9.977107100649282856e-01
9.975578088888531481e-01
9.973994790412471501e-01
9.972358273997227185e-01
9.970669792201738435e-01
9.968930782348484065e-01
9.967142867053854216e-01
9.965307854313522062e-01
9.963427737155708952e-01
9.961504692882369172e-01
9.959541081924638828e-01
9.957539446343948164e-01
9.955502508013637231e-01
9.953433166517360320e-01
9.951334496799729701e-01
9.949209746601274107e-01
9.947062333703704518e-01
9.944895843002653502e-01
9.942714023413429247e-01
9.940520784601195592e-01
9.938320193510445932e-01
9.936116470650234733e-01
9.933913986071789548e-01
9.931717254954420815e-01
9.929530932694835554e-01
9.927359809374789457e-01
9.925208803463104745e-01
9.923082954591445626e-01
9.920987415229369777e-01
9.918927441073870366e-01
9.916908379962333653e-01
9.914935659116026478e-01
9.913014770524042341e-01
9.911151254285213152e-01
9.909350679737675138e-01
9.907618624222267467e-01
9.905960649346372549e-01
9.904382274638673378e-01
9.902888948512020839e-01
9.901486016480728347e-01
9.900178686609569789e-01
9.898971992204229631e-01
9.897870751786652654e-01
9.896879526433418617e-01
9.896002574590909706e-01
9.895243804517481756e-01
9.894606724540069287e-01
9.894094391350353179e-01
9.893709356603443972e-01
9.893453612119397222e-01
9.893328534023817511e-01
9.893334826197255349e-01
9.893472463432519959e-01
9.893740634723032779e-01
9.894137687122077640e-01
9.894661070620788257e-01
9.895307284490481026e-01
9.896071825521416399e-01
9.896949138564572479e-01
9.897932569745477860e-01
9.899014322670047772e-01
9.900185417882814143e-01
9.901435655769605937e-01
9.902753583021812744e-01
9.904126462700358902e-01
9.905540247857238523e-01
9.906979558593697055e-01
9.908427662359703403e-01
9.909866457231650827e-01
9.911276457846553978e-01
9.912636783622956749e-01
9.913925148862727799e-01
9.915117854304547063e-01
9.916189779689559280e-01
9.917114376902287365e-01
9.917863663264928631e-01
9.918408214590102023e-01
9.918717157634928672e-01
9.918758161647309723e-01
9.918497428752485190e-01
9.917899682993622790e-01
9.916928157913867947e-01
9.915544582648463390e-01
9.913709166584154797e-01
9.911380582739197642e-01
9.908515950121004057e-01
9.905070815430206954e-01
9.900999134599836049e-01
9.896253254786484543e-01
9.890783897566696181e-01
9.884540144235394177e-01
9.877469424252895980e-01
9.869517508040741571e-01
9.860628505481412454e-01
9.850744871629256716e-01
9.839807421285321487e-01
9.827755354221983097e-01
9.814526292958946074e-01
9.800056335084540438e-01
9.784280122179610517e-01
9.767130927430559550e-01
9.748540764008644111e-01
9.728440516240903779e-01
9.706760095501748564e-01
9.683428622612049175e-01
9.658374638344781049e-01
9.631526343404309687e-01
9.602811868972831455e-01
9.572159578605854424e-01
9.539498401913119041e-01
9.504758200086956821e-01
9.467870162941529610e-01
9.428767236709230115e-01
9.387384581409546902e-01
9.343660056166229744e-01
9.297534730405403458e-01
9.248953418425299722e-01
9.197865234392366141e-01
9.144224164393363052e-01
9.087989651764045718e-01
9.029127191526891139e-01
8.967608929409043306e-01
8.903414260582500628e-01
8.836530422977760812e-01
8.766953079775585689e-01
8.694686885485394257e-01
8.619746029878883053e-01
8.542154753969415371e-01
8.461947832216528687e-01
8.379171015194728511e-01
8.293881427099655257e-01
8.206147912674721656e-01
8.116051328427296152e-01
8.023684773364464506e-01
7.929153754910223117e-01
7.832576286163828172e-01
7.734082911215047762e-01
7.633816655836929144e-01
7.531932901519484691e-01
7.428599181475938895e-01
7.323994897933352455e-01
7.218310960698629541e-01
7.111749347654823250e-01
7.004522588479780154e-01
6.896853173478254551e-01
6.788972889970672497e-01
6.681122089181151802e-01
6.573548887010152164e-01
6.466508302462870006e-01
6.360261337836350393e-01
6.255074005049777730e-01
6.151216302742492648e-01
6.048961148970277701e-01
5.948583274513062902e-01
5.850358081975615132e-01
5.754560476027068550e-01
5.661463670292412598e-01
5.571337976586525631e-01
5.484449582371844212e-01
5.401059322526076123e-01
5.321421451724257512e-01
5.245782423965759111e-01
5.174379686003992562e-01
5.107440491655337311e-01
5.045180744163098030e-01
4.987803873959667511e-01
4.935499759292928390e-01
4.888443697248717745e-01
4.846795432698633999e-01
4.810698252621199433e-01
4.780278153076988890e-01
4.755643085859021513e-01
4.736882291486013141e-01
4.724065724758031992e-01
4.717243578554864980e-01
4.716445910931887919e-01
4.721682379864871049e-01
4.732942089222810234e-01
4.750193548717903669e-01
4.773384749704873142e-01
4.802443357791296163e-01
4.837277022286400330e-01
4.877773801570285395e-01
4.923802702518640384e-01
4.975214331178544613e-01
5.031841650968001955e-01
5.093500843771728848e-01
5.159992268435591445e-01
5.231101510327514914e-01
5.306600514839037164e-01
5.386248796955219742e-01
5.469794718326352889e-01
5.556976822640260494e-01
5.647525219524933693e-01
5.741163006716678563e-01
5.837607719816372276e-01
5.936572798635277870e-01
6.037769058910700259e-01
6.140906158059959985e-01
6.245694043645746429e-01
6.351844373354967876e-01
6.459071895550526632e-01
6.567095779845166792e-01
6.675640887667888546e-01
6.784438973444729681e-01
6.893229807790427488e-01
7.001762214997788725e-01
7.109795018104410058e-01
7.217097885898249299e-01
7.323452077376242375e-01
7.428651080375190396e-01
7.532501142330517707e-01
7.634821692364683887e-01
7.735445655141501842e-01
7.834219658123395824e-01
7.931004135015725653e-01
8.025673329256191035e-01
8.118115202390947527e-01
8.208231253057605148e-01
8.295936253056266363e-01
8.381157907623788539e-01
8.463836447527122164e-01
8.543924160955260749e-01
8.621384873415621763e-01
8.696193383932248056e-01
8.768334865805029743e-01
8.837804240029367708e-01
8.904605529204181469e-01
8.968751199385153194e-01
9.030261496883104089e-01
9.089163786479250717e-01
9.145491896945158183e-01
9.199285479131298349e-01
9.250589381239667786e-01
9.299453045237806581e-01
9.345929927717755437e-01
9.390076947866476953e-01
9.431953964605070961e-01
9.471623284382006958e-01
9.509149200577842187e-01
9.544597565000892958e-01
9.578035391528740838e-01
9.609530491580831058e-01
9.639151140792932004e-01
9.666965776003543231e-01
9.693042721452710397e-01
9.717449942931615237e-01
9.740254828502411533e-01
9.761523994327039322e-01
9.781323114096287519e-01
9.799716770530744192e-01
9.816768327428656571e-01
9.832539820757297822e-01
9.847091867320019176e-01
9.860483589577103691e-01
9.872772555251733140e-01
9.884014730410498606e-01
9.894264444769109712e-01
9.903574368037111331e-01
9.911995496179726306e-01
9.919577146540035084e-01
9.926366960830400599e-01
9.932410915068258239e-01
9.937753335597975246e-01
9.942436920407170531e-01
9.946502765012151803e-01
9.949990392252289206e-01
9.952937785396150927e-01
9.955381424021978454e-01
9.957356322190329401e-01
9.958896068476241759e-01
9.960032867471043661e-01
9.960797582399160133e-01
9.961219778522660828e-01
9.961327767025828228e-01
9.961148649084503592e-01
9.960708359831288439e-01
9.960031711929626663e-01
9.959142438469065217e-01
9.958063234892780002e-01
9.956815799668878864e-01
9.955420873421034766e-01
9.953898276243402510e-01
9.952266942940913852e-01
9.950544955959605975e-01
9.948749575803109702e-01
9.946897268770287237e-01
9.945003731894554999e-01
9.943083915016405205e-01
9.941152039975245103e-01
9.939221616963196393e-01
9.937305458139783498e-01
9.935415688660627076e-01
9.933563755323315814e-01
9.931760433078100636e-01
9.930015829688374485e-01
9.928339388855259573e-01
9.926739892141198673e-01
9.925225460039158731e-01
9.923803552536893946e-01
9.922480969520207639e-01
9.921263851346049378e-01
9.920157679896567382e-01
9.919167280400108533e-01
9.918296824275926182e-01
9.917549833227288225e-01
9.916929184774165851e-01
9.916437119382850440e-01
9.916075249316752549e-01
9.915844569301087708e-01
9.915745469064779494e-01
9.915777747795956332e-01
9.915940630523035759e-01
9.916232786411400824e-01
9.916652348945780293e-01
9.917196937950204516e-01
9.917863683380392370e-01
9.918649250807154427e-01
9.919549868493514611e-01
9.920561355952570715e-01
9.921679153857565492e-01
9.922898355160312267e-01
9.924213737259404144e-01
9.925619795045838023e-01
9.927110774641406676e-01
9.928680707634959246e-01
9.930323445613888911e-01
9.932032694783384796e-01
9.933802050464369815e-01
9.935625031262723672e-01
9.937495112707237510e-01
9.939405760161563741e-01
9.941350460825794100e-01
9.943322754655709028e-01
9.945316264041605958e-01
9.947324722103488837e-01
9.949341999474644593e-01
9.951362129460867845e-01
9.953379331477587577e-01
9.955388032681566912e-01
9.957382887727748155e-01
9.959358796595192409e-01
9.961310920439047090e-01
9.963234695438270005e-01
9.965125844621618434e-01
9.966980387667426777e-01
9.968794648685990190e-01
9.970565262007159424e-01
9.972289176009899725e-01
9.973963655045048338e-01
9.975586279517052457e-01
9.977154944204831288e-01
9.978667854915590496e-01
9.980123523578031675e-01
9.981520761892338500e-01
9.982858673663064231e-01
9.984136645947098154e-01
9.985354339151677472e-01
9.986511676216739408e-01
9.987608831011467458e-01
9.988646216066738859e-01
9.989624469753650704e-01
9.990544443003830377e-01
9.991407185650655887e-01
9.992213932452947978e-01
9.992966088845153250e-01
9.993665216442134680e-01
9.994313018313503161e-01
9.994911324033439737e-01
9.995462074508069117e-01
9.995967306584451206e-01
9.996429137453414215e-01
9.996849748872657093e-01
9.997231371255993482e-01
9.997576267698268238e-01
9.997886718031563369e-01
