9.997981385290478640e-01
9.997687527816055963e-01
9.997361591533443503e-01
9.997001532412317371e-01
9.996605329105172633e-01
9.996170995865614195e-01
9.995696594952390157e-01
9.995180248413735313e-01
9.994620149182363855e-01
9.994014571445450912e-01
9.993361880284445942e-01
9.992660540605029507e-01
9.991909125397169245e-01
9.991106323378466936e-01
9.990250946081021821e-01
9.989341934443165538e-01
9.988378364963688139e-01
9.987359455468377556e-01
9.986284570528309867e-01
9.985153226557290651e-01
9.983965096603552025e-01
9.982720014839048250e-01
9.981417980739447637e-01
9.980059162939626249e-01
9.978643902743634664e-01
9.977172717264735091e-01
9.975646302170348978e-01
9.974065534008221823e-01
9.972431472093745697e-01
9.970745359943631314e-01
9.969008626247686244e-01
9.967222885377874375e-01
9.965389937441644364e-01
9.963511767894307480e-01
9.961590546732531637e-01
9.959628627297438808e-01
9.957628544720883434e-01
9.955593014051860035e-01
9.953524928101404878e-01
9.951427355043277467e-01
9.949303535804239207e-01
9.947156881271355111e-01
9.944990969334708275e-01
9.942809541772016368e-01
9.940616500967215385e-01
9.938415906438302638e-01
9.936211971131037046e-01
9.934009057415037480e-01
9.931811672697914428e-01
9.929624464552084806e-01
9.927452215228608212e-01
9.925299835413401439e-01
9.923172357064493632e-01
9.921074925155131119e-01
9.919012788137236969e-01
9.916991286933596328e-01
9.915015842265372248e-01
9.913091940124579837e-01
9.911225115208882608e-01
9.909420932148395034e-01
9.907684964370877534e-01
9.906022770472245886e-01
9.904439867983259038e-01
9.902941704450013427e-01
9.901533625774900926e-01
9.900220841795520643e-01
9.899008389111243478e-01
9.897901091200457246e-01
9.896903515905779436e-01
9.896019930399615472e-01
9.895254253778329456e-01
9.894610007469837321e-01
9.894090263676508235e-01
9.893697592112496997e-01
9.893434005331350756e-01
9.893300902975239453e-01
9.893299015310176303e-01
9.893428346440844567e-01
9.893688117622516653e-01
9.894076711104475841e-01
9.894591614947709779e-01
9.895229369257997343e-01
9.895985514262919391e-01
9.896854540636904618e-01
9.897829842442362747e-01
9.898903673007416470e-01
9.900067104003107410e-01
9.901309987916564470e-01
9.902620924043807893e-01
9.903987228048983793e-01
9.905394905058547694e-01
9.906828626182050401e-01
9.908271708278296730e-01
9.909706096719217427e-01
9.911112350845884267e-01
9.912469631763294320e-01
9.913755692084221804e-01
9.914946867208080938e-01
9.916018067708904926e-01
9.916942772406980300e-01
9.917693021711039281e-01
9.918239410841681591e-01
9.918551082581001932e-01
9.918595719237636166e-01
9.918339533569768829e-01
9.917747258470542837e-01
9.916782135290334033e-01
9.915405900748242018e-01
9.913578772470966749e-01
9.911259433291016441e-01
9.908405014538369526e-01
9.904971078670526952e-01
9.900911601705656429e-01
9.896178956052350539e-01
9.890723894467070565e-01
9.884495536015904804e-01
9.877441355069402906e-01
9.869507174515748105e-01
9.860637164535435151e-01
9.850773848436157332e-01
9.839858117195022791e-01
9.827829254491513566e-01
9.814624974132933888e-01
9.800181471868749661e-01
9.784433493655534386e-01
9.767314422464845602e-01
9.748756385717881612e-01
9.728690385379666905e-01
9.707046452649319424e-01
9.683753829040919747e-01
9.658741175461610373e-01
9.631936810661606563e-01
9.603268980157366741e-01
9.572666156417929395e-01
9.540057370759671418e-01
9.505372577021349301e-01
9.468543046694226639e-01
9.429501794766641520e-01
9.388184035113469328e-01
9.344527663823669617e-01
9.298473768418302754e-01
9.249967160471680439e-01
9.198956928714575598e-01
9.145397009275223477e-01
9.089246769306233986e-01
9.030471599858617138e-01
8.969043513503148768e-01
8.904941741870202598e-01
8.838153327987468000e-01
8.768673708047047821e-01
8.696507277035132599e-01
8.621667932514767152e-01
8.544179590770866195e-01
8.464076669511487738e-01
8.381404531374886391e-01
8.296219882621111985e-01
8.208591121591815032e-01
8.118598631802924626e-01
8.026335014890335628e-01
7.931905259055586077e-01
7.835426839151071743e-01
7.737029745095544975e-01
7.636856435910893692e-01
7.535061717309804452e-01
7.431812541428284291e-01
7.327287727974421960e-01
7.221677606741085942e-01
7.115183582092949877e-01
7.008017620674628079e-01
6.900401664186044393e-01
6.792566969624973527e-01
6.684753379898724646e-01
6.577208528153609679e-01
6.470186979562047025e-01
6.363949314644832267e-01
6.258761158495331767e-01
6.154892160520017974e-01
6.052614929524442466e-01
5.952203929164625595e-01
5.853934338960575801e-01
5.758080886240114493e-01
5.664916654554640330e-01
5.574711874290252389e-01
5.487732701390493073e-01
5.404239990312177389e-01
5.324488067550834369e-01
5.248723512293275162e-01
5.177183950973542892e-01
5.110096872716890504e-01
5.047678472842731523e-01
4.990132531750643974e-01
4.937649336620882901e-01
4.890404653411262181e-01
4.848558756614477216e-01
4.812255524145470087e-01
4.781621604549474158e-01
4.756765663454327608e-01
4.737777715832327541e-01
4.724728550189085663e-01
4.717669250262215286e-01
4.716630819196905300e-01
4.721623910476538954e-01
4.732638669133096831e-01
4.749644685955140000e-01
4.772591066560748496e-01
4.801406616320750276e-01
4.836000141213632197e-01
4.876260863778464349e-01
4.922058952414573030e-01
4.973246161364812679e-01
5.029656577820427188e-01
5.091107471705580423e-01
5.157400242844702998e-01
5.228321459390549153e-01
5.303643980601109309e-01
5.383128156304103351e-01
5.466523094685034057e-01
5.553567989385150838e-01
5.643993496307078139e-01
5.737523150006335060e-01
5.833874809105985548e-01
5.932762119819301461e-01
6.033895986410828804e-01
6.136986037280425244e-01
6.241742075325777961e-01
6.347875501335255022e-01
6.455100699390108332e-01
6.563136373616851316e-01
6.671706826128402934e-01
6.780543166623601570e-01
6.889384444874142588e-01
6.997978698206902548e-01
7.106083907076223838e-01
7.213468852900475348e-01
7.319913873492003287e-01
7.425211512620869536e-01
7.529167061498607261e-01
7.631598991227119821e-01
7.732339276507327330e-01
7.831233612120124254e-01
7.928141524857829081e-01
8.022936384677566979e-01
8.115505319851662458e-01
8.205749041788301668e-01
8.293581585976186332e-01
8.378929976159334991e-01
8.461733819366152876e-01
8.541944839796395961e-01
8.619526359810172345e-01
8.694452736367004331e-01
8.766708761235222358e-01
8.836289033140741767e-01
8.903197309759209865e-01
8.967445847089214883e-01
9.029054733290025059e-01
9.088051223540279944e-01
9.144469081889673445e-01
9.198347935449856516e-01
9.249732645619165305e-01
9.298672700373421529e-01
9.345221630996054518e-01
9.389436455977814289e-01
9.431377154200601964e-01
9.471106168940808256e-01
9.508687943692438749e-01
9.544188490324857499e-01
9.577674989657803950e-01
9.609215424159278651e-01
9.638878242150186182e-01
9.666732052631993310e-01
9.692845349637525532e-01
9.717286264837005083e-01
9.740122347007091896e-01
9.761420366885331656e-01
9.781246145880931886e-01
9.799664407090014073e-01
9.816738647064502388e-01
9.832531026803815744e-01
9.847102280473376545e-01
9.860511640399908240e-01
9.872816776947439532e-01
9.884073751937466623e-01
9.894336984339935359e-01
9.903659227027352685e-01
9.912091553451469750e-01
9.919683353170207774e-01
9.926482335221475939e-01
9.932534538410000557e-01
9.937884347643123339e-01
9.942574515521199752e-01
9.946646188457253235e-01
9.950138936668051493e-01
9.953090787443721332e-01
9.955538261164234015e-01
9.957516409587312545e-01
9.959058855982317882e-01
9.960197836727471277e-01
9.960964244022610936e-01
9.961387669396315481e-01
9.961496447704757395e-01
9.961317701330907326e-01
9.960877384297752712e-01
9.960200326009764904e-01
9.959310274334853830e-01
9.958229937736721160e-01
9.956981026166865645e-01
9.955584290428812766e-01
9.954059559735884966e-01
9.952425777199584989e-01
9.950701033009077268e-01
9.948902595093600532e-01
9.947046937098698027e-01
9.945149763552867395e-01
9.943226032152511218e-01
9.941289973148008663e-01
9.939355105870653073e-01
9.937434252496836207e-01
9.935539549200483878e-01
9.933682454895205183e-01
9.931873757812508252e-01
9.930123580200215239e-01
9.928441381455030967e-01
9.926835960024309458e-01
9.925315454424284978e-01
9.923887343725447119e-01
9.922558447850807761e-01
9.921334928020243416e-01
9.920222287654985038e-01
9.919225374031650500e-01
9.918348380946451215e-01
9.917594852618510926e-01
9.916967689027889055e-01
9.916469152850260205e-01
9.916100878116985706e-01
9.915863880697657340e-01
9.915758570672404959e-01
9.915784766633907177e-01
9.915941711934010971e-01
9.916228092867219734e-01
9.916642058762630274e-01
9.917181243936882273e-01
9.917842791442855743e-01
9.918623378531815638e-01
9.919519243730127167e-01
9.920526215415405025e-01
9.921639741760904796e-01
9.922854921901365088e-01
9.924166538158567530e-01
9.925569089151115021e-01
9.927056823600768354e-01
9.928623774637682642e-01
9.930263794399530886e-01
9.931970588715154369e-01
9.933737751662222726e-01
9.935558799790620288e-01
9.937427205808608832e-01
9.939336431537095784e-01
9.941279959948078337e-01
9.943251326116046007e-01
9.945244146925231732e-01
9.947252149390524156e-01
9.949269197465155923e-01
9.951289317223477315e-01
9.953306720321942747e-01
9.955315825655737250e-01
9.957311279142172511e-01
9.959287971575147003e-01
9.961241054507814496e-01
9.963165954133190727e-01
9.965058383145152243e-01
9.966914350575155623e-01
9.968730169613329029e-01
9.970502463436325957e-01
9.972228169078530824e-01
9.973904539397748792e-01
9.975529143201107285e-01
9.977099863611322839e-01
9.978614894767257049e-01
9.980072736965275304e-01
9.981472190358928742e-01
9.982812347343154036e-01
9.984092583755207473e-01
9.985312549027228757e-01
9.986472155424573893e-01
9.987571566499412468e-01
9.988611184880861193e-01
9.989591639511168353e-01
9.990513772422864314e-01
9.991378625135088898e-01
9.992187424729577216e-01
9.992941569649234079e-01
9.993642615246195460e-01
9.994292259093201514e-01
9.994892326063078425e-01
9.995444753177415986e-01
9.995951574227640579e-01
9.996414904180067618e-01
9.996836923390913787e-01
9.997219861677000274e-01
9.997565982311749089e-01
9.997877566042522313e-01
