9.997980800107997279e-01
9.997686915410965991e-01
9.997360958207884840e-01
9.997000885978407636e-01
9.996604678949854161e-01
9.996170352991742281e-01
9.995695971994027484e-01
9.995179659624343627e-01
9.994619610395378828e-01
9.994014100007595491e-01
9.993361494962919034e-01
9.992660261470521776e-01
9.991908973685326156e-01
9.991106321333036444e-01
9.990251116782370433e-01
9.989342301626175091e-01
9.988378952829198854e-01
9.987360288492378446e-01
9.986285673272929930e-01
9.985154623487381143e-01
9.983966811912285966e-01
9.982722072285480364e-01
9.981420403500437244e-01
9.980061973477947213e-01
9.978647122693476978e-01
9.977176367335205409e-01
9.975650402066970068e-01
9.974070102371899171e-01
9.972436526456155415e-01
9.970750916697544985e-01
9.969014700630394188e-01
9.967229491465552371e-01
9.965397088152335714e-01
9.963519474997022396e-01
9.961598820859961512e-01
9.959637477959782936e-01
9.957637980318411186e-01
9.955603041884019122e-01
9.953535554370481764e-01
9.951438584850967883e-01
9.949315373139747676e-01
9.947169328990043136e-01
9.945004029126631728e-01
9.942823214120077857e-01
9.940630785094974886e-01
9.938430800247787245e-01
9.936227471131183764e-01
9.934025158641576203e-01
9.931828368625672532e-01
9.929641747000803598e-01
9.927470074263368138e-01
9.925318259240769603e-01
9.923191331925423908e-01
9.921094435215511709e-01
9.919032815376886969e-01
9.917011811034261992e-01
9.915036840498152593e-01
9.913113387236968110e-01
9.911246983311465808e-01
9.909443190601114893e-01
9.907707579668670883e-01
9.906045706129891215e-01
9.904463084419355967e-01
9.902965158870232765e-01
9.901557272054976044e-01
9.900244630364922749e-01
9.899032266839044025e-01
9.897925001285586832e-01
9.896927397774615276e-01
9.896043719614637801e-01
9.895277881962356581e-01
9.894633402251061804e-01
9.894113348660192875e-01
9.893720286885607784e-01
9.893456225506681578e-01
9.893322560281576639e-01
9.893320017734792415e-01
9.893448598430039098e-01
9.893707520345061956e-01
9.894095162781645358e-01
9.894609011252071262e-01
9.895245603781400723e-01
9.896000479052048382e-01
9.896868126792530695e-01
9.897841940775968794e-01
9.898914174746350492e-01
9.900075901532802147e-01
9.901316975545860766e-01
9.902625998777053740e-01
9.903990290346494918e-01
9.905395859565356842e-01
9.906827382403722293e-01
9.908268181182109391e-01
9.909700207239279246e-01
9.911104026271824186e-01
9.912458805994156519e-01
9.913742305732005100e-01
9.914930867539031301e-01
9.915999408415061556e-01
9.916921413205437297e-01
9.917668927773816145e-01
9.918212552064655796e-01
9.918521432705956764e-01
9.918563254846762822e-01
9.918304232976776769e-01
9.917709100536623579e-01
9.916741098196447668e-01
9.915361960757411719e-01
9.913531902715361221e-01
9.911209602618608061e-01
9.908352186452878962e-01
9.904915210396256775e-01
9.900852643405859688e-01
9.896116850226084338e-01
9.890658575545303588e-01
9.884426930173099146e-01
9.877369380262182030e-01
9.869431740755696403e-01
9.860558174398846853e-01
9.850691197809685606e-01
9.839771696252904709e-01
9.827738948897372095e-01
9.814530666457143004e-01
9.800083043210937594e-01
9.784330825460965109e-01
9.767207398522987916e-01
9.748644894331387478e-01
9.728574321691912941e-01
9.706925721118636607e-01
9.683628346049257818e-01
9.658610872044639528e-01
9.631801635345972334e-01
9.603128901888909885e-01
9.572521167562167976e-01
9.539907490152738090e-01
9.505217853046009635e-01
9.468383560351766315e-01
9.429337662711396728e-01
9.388015412612974453e-01
9.344354747603911271e-01
9.298296799350660446e-01
9.249786426056069155e-01
9.198772765312092092e-01
9.145209804043498147e-01
9.089056961791618372e-01
9.030279683201341001e-01
8.968850035214656069e-01
8.904747304145766984e-01
8.837958587521985709e-01
8.768479375327269398e-01
8.696314115087543373e-01
8.621476755094641398e-01
8.543991259984575759e-01
8.463892092870944905e-01
8.381224658289821994e-01
8.296045700341765361e-01
8.208423650621505807e-01
8.118438920806654302e-01
8.026184135132347075e-01
7.931764298405108438e-01
7.835296895701768793e-01
7.736911920449911495e-01
7.636751828186157942e-01
7.534971413926565553e-01
7.431737611746911387e-01
7.327229215847055332e-01
7.221636523048737821e-01
7.115160897337466928e-01
7.008014257693957472e-01
6.900418491058375459e-01
6.792604792822672932e-01
6.684812937746644756e-01
6.577290484638469437e-01
6.470291918530332032e-01
6.364077734416205834e-01
6.258913466907780609e-01
6.155068670411669718e-01
6.052815854646567129e-01
5.952429380510830814e-01
5.854184321489521725e-01
5.758355295963870635e-01
5.665215275962551811e-01
5.575034378079258834e-01
5.488078642477686175e-01
5.404608806113783137e-01
5.324879076523935106e-01
5.249135912751612398e-01
5.177616820206489834e-01
5.110549166459692483e-01
5.048149025166118742e-01
4.990620055456784776e-01
4.938152424249978578e-01
4.890921778977076473e-01
4.849088278196755919e-01
4.812795687471544959e-01
4.782170547695394625e-01
4.757321422787266219e-01
4.738338233300400937e-01
4.725291682042266350e-01
4.718232777259258048e-01
4.717192458318941739e-01
4.722181328129082534e-01
4.733189495776588540e-01
4.750186532060629574e-01
4.773121539744261677e-01
4.801923339468474605e-01
4.836500771372100882e-01
4.876743111551112841e-01
4.922520601579132293e-01
4.973685088406873955e-01
5.030070771066950108e-01
5.091495049739441781e-01
5.157759471887060077e-01
5.228650769351919081e-01
5.303941979524091632e-01
5.383393642949672042e-01
5.466755069049592519e-01
5.553765660975540364e-01
5.644156290044554103e-01
5.737650709676496152e-01
5.833966998318798058e-01
5.932819020489916717e-01
6.033917894817125704e-01
6.136973457795626974e-01
6.241695711963426429e-01
6.347796247278207904e-01
6.454989624704755569e-01
6.562994711377801993e-01
6.671535957197149980e-01
6.780344603337482567e-01
6.889159813908738439e-01
6.997729722876659952e-01
7.105812389334538182e-01
7.213176655292222739e-01
7.319602901299240294e-01
7.424883696426374247e-01
7.528824340373013735e-01
7.631243296723901892e-01
7.731972517626668484e-01
7.830857661378092249e-01
7.927758205572037475e-01
8.022547459554960625e-01
8.115112480938861950e-01
8.205353901820489071e-01
8.293185671137035531e-01
8.378534720242687417e-01
8.461340559309966647e-01
8.541554812541394259e-01
8.619140700419715140e-01
8.694072477331113991e-01
8.766334832870550375e-01
8.835922264989413133e-01
8.902838432883110054e-01
8.967095497152033357e-01
9.028713454317298659e-01
9.087719472247559604e-01
9.144147232470477560e-01
9.198036284718293931e-01
9.249431418406524053e-01
9.298382055083722619e-01
9.344941665232117112e-01
9.389167212156805942e-01
9.431118625086070129e-01
9.470858303026687963e-01
9.508450650383423186e-01
9.543961644866587601e-01
9.577458437779510225e-01
9.609008986400597863e-01
9.638681717852783937e-01
9.666545223585136792e-01
9.692667983374776419e-01
9.717118117588521287e-01
9.739963166318552634e-01
9.761269893920057061e-01
9.781104117426299149e-01
9.799530557292672750e-01
9.816612708921153008e-01
9.832412733435467178e-01
9.846991366211060859e-01
9.860407841708942467e-01
9.872719833215597429e-01
9.883983406150015361e-01
9.894252983661612211e-01
9.903581323308120465e-01
9.912019503669586840e-01
9.919616919822819012e-01
9.926421286669838695e-01
9.932478649183666963e-01
9.937833398704986054e-01
9.942528294493414576e-01
9.946604489806634142e-01
9.950101561848635479e-01
9.953057544993805239e-01
9.955508966755240996e-01
9.957490886022317689e-01
9.959036933142836334e-01
9.960179351468160247e-01
9.960949040014741573e-01
9.961375596922111830e-01
9.961487363405999718e-01
9.961311467916330598e-01
9.960873870214782544e-01
9.960199405086930247e-01
9.959311825401754303e-01
9.958233844228686626e-01
9.956987175721492278e-01
9.955592574481291201e-01
9.954069873119649747e-01
9.952438017758231670e-01
9.950715101224807402e-01
9.948918393736819743e-01
9.947064370902648500e-01
9.945168738916640994e-01
9.943246456875203254e-01
9.941311756196399285e-01
9.939378157182416906e-01
9.937458482821031058e-01
9.935564869976762914e-01
9.933708778172922749e-01
9.931900996210499821e-01
9.930151646907551255e-01
9.928470190272404849e-01
9.926865425444965085e-01
9.925345491752478599e-01
9.923917869229448296e-01
9.922589378946412575e-01
9.921366183479762846e-01
9.920253787835767723e-01
9.919257041117478524e-01
9.918380139194665768e-01
9.917626628605503702e-01
9.916999411885790705e-01
9.916500754488041247e-01
9.916132293420026889e-01
9.915895047700820086e-01
9.915789430702931506e-01
9.915815264421781183e-01
9.915971795688856005e-01
9.916257714322139760e-01
9.916671173186637489e-01
9.917209810118592372e-01
9.917870771648943373e-01
9.918650738444235726e-01
9.919545952366416453e-01
9.920552245036338146e-01
9.921665067769595003e-01
9.922879522737456659e-01
9.924190395190645164e-01
9.925592186569798248e-01
9.927079148314291723e-01
9.928645316171123003e-01
9.930284544798227975e-01
9.931990542452358017e-01
9.933756905550595873e-01
9.935577152896920561e-01
9.937444759370704928e-01
9.939353188882380508e-01
9.941295926412377915e-01
9.943266508962201877e-01
9.945258555260683142e-01
9.947265794083386403e-01
9.949282091058473387e-01
9.951301473847508072e-01
9.953318155604458095e-01
9.955326556630451629e-01
9.957321324155461451e-01
9.959297350191244069e-01
9.961249787412637113e-01
9.963174063036890349e-01
9.965065890683387773e-01
9.966921280208980161e-01
9.968736545527483450e-01
9.970508310435627353e-01
9.972233512482001627e-01
9.973909404930094702e-01
9.975533556881199804e-01
9.977103851637445509e-01
9.978618483398998817e-01
9.980075952402217565e-01
9.981475058616495755e-01
9.982814894126339489e-01
9.984094834331195267e-01
9.985314528098283571e-01
9.986473887002862426e-01
9.987573073785739330e-01
9.988612490149457734e-01
9.989592764002850345e-01
9.990514736248868877e-01
9.991379447193845520e-01
9.992188122638459014e-01
9.992942159693030124e-01
9.993643112343644219e-01
9.994292676782420282e-01
9.994892676506184070e-01
9.995445047184031706e-01
9.995951821296387152e-01
9.996415112556583660e-01
9.996837100140438803e-01
9.997220012769120201e-01
9.997566112714606490e-01
9.997877679823582442e-01
