9.997971945713070019e-01
9.997676836560521751e-01
9.997349541430377018e-01
9.996988015491429236e-01
9.996590237708038451e-01
9.996154223817087514e-01
9.995678038768692764e-01
9.995159808523634837e-01
9.994597731136997121e-01
9.993990087092312624e-01
9.993335248881806132e-01
9.992631689854638566e-01
9.991877992375356454e-01
9.991072855348699377e-01
9.990215101174397816e-01
9.989303682197184786e-01
9.988337686713674168e-01
9.987316344590084771e-01
9.986239032534305338e-01
9.985105279053553273e-01
9.983914769116220000e-01
9.982667348524301154e-01
9.981363027991991821e-01
9.980001986917165224e-01
9.978584576825954011e-01
9.977111324466676479e-01
9.975582934527905676e-01
9.974000291956455211e-01
9.972364463854030969e-01
9.970676700936216275e-01
9.968938438543517577e-01
9.967151297201417570e-01
9.965317082733901044e-01
9.963437785942629299e-01
9.961515581871179803e-01
9.959552828680200420e-01
9.957552066164545579e-01
9.955516013947014464e-01
9.953447569384912264e-01
9.951349805224899425e-01
9.949225967038394236e-01
9.947079470463733308e-01
9.944913898272609298e-01
9.942732997266731099e-01
9.940540674996545256e-01
9.938340996277416073e-01
9.936138179460224373e-01
9.933936592393510789e-01
9.931740747993634821e-01
9.929555299318526540e-01
9.927385034020392851e-01
9.925234868033857571e-01
9.923109838339211342e-01
9.921015094626589592e-01
9.918955889676452919e-01
9.916937568265433711e-01
9.914965554404654435e-01
9.913045336720428535e-01
9.911182451794758874e-01
9.909382465295135667e-01
9.907650950739674833e-01
9.905993465763978101e-01
9.904415525780011498e-01
9.902922574944023060e-01
9.901519954379657262e-01
9.900212867633483294e-01
9.899006343372640515e-01
9.897905195368100761e-01
9.896913979841814868e-01
9.896036950291733358e-01
9.895278009945239761e-01
9.894640662028859612e-01
9.894127958079845797e-01
9.893742444563221605e-01
9.893486108095204123e-01
9.893360319609929565e-01
9.893365777839805419e-01
9.893502452509183032e-01
9.893769527664891816e-01
9.894165345583735283e-01
9.894687351704797296e-01
9.895332041031844605e-01
9.896094906437298278e-01
9.896970389273339608e-01
9.897951832657816418e-01
9.899031437753165186e-01
9.900200223296631297e-01
9.901447988571466796e-01
9.902763279933626261e-01
9.904133360929289198e-01
9.905544185958237158e-01
9.906980377359345669e-01
9.908425205720152729e-01
9.909860573145020668e-01
9.911266999158084845e-01
9.912623608869618463e-01
9.913908122998966732e-01
9.915096849324565031e-01
9.916164675121985628e-01
9.917085060154440246e-01
9.917830029796161906e-01
9.918370167896923828e-01
9.918674609034748846e-01
9.918711029852741445e-01
9.918445639233907096e-01
9.917843167134212656e-01
9.916866851968195729e-01
9.915478426522807975e-01
9.913638102463759871e-01
9.911304553594301181e-01
9.908434898129511170e-01
9.904984680359918414e-01
9.900907852197059489e-01
9.896156755220381074e-01
9.890682103979725470e-01
9.884432971449693683e-01
9.877356777680309508e-01
9.869399282840677357e-01
9.860504586005816030e-01
9.850615131188065199e-01
9.839671722258983566e-01
9.827613548540350408e-01
9.814378222958336506e-01
9.799901834747344331e-01
9.784119018753749675e-01
9.766963043419598645e-01
9.748365919517638645e-01
9.728258531658232622e-01
9.706570794493277754e-01
9.683231835401027165e-01
9.658170205248817197e-01
9.631314118599475504e-01
9.602591724454235811e-01
9.571931408313761880e-01
9.539262125993599462e-01
9.504513769255906741e-01
9.467617562920611629e-01
9.428506492701442809e-01
9.387115762580873213e-01
9.343383280097807830e-01
9.297250167478068317e-01
9.248661296095144202e-01
9.197565841312254076e-01
9.143917854331449213e-01
9.087676847266337177e-01
9.028808387267283075e-01
8.967284695167135888e-01
8.903085243787393077e-01
8.836197350754981805e-01
8.766616760434797762e-01
8.694348209388473858e-01
8.619405969631585007e-01
8.541814363885166239e-01
8.461608247007613715e-01
8.378833447854358019e-01
8.293547165947734445e-01
8.205818317550318541e-01
8.115727826021712499e-01
8.023368851699879123e-01
7.928846956980237781e-01
7.832280202763232113e-01
7.733799172996906890e-01
7.633546924645323584e-01
7.531678861055796093e-01
7.428362527365421908e-01
7.323777327266874915e-01
7.218114161131481410e-01
7.111574986150797084e-01
7.004372299793868439e-01
6.896728548475248299e-01
6.788875463879812111e-01
6.681053329888304582e-01
6.573510183488879832e-01
6.466500953444251909e-01
6.360286540813842038e-01
6.255132845710588141e-01
6.151309744910090638e-01
6.049090025134407078e-01
5.948748277013736763e-01
5.850559754896735853e-01
5.754799207843324105e-01
5.661739687300944013e-01
5.571651337142549121e-01
5.484800171935966251e-01
5.401446849520671334e-01
5.321845444188009200e-01
5.246242226989500379e-01
5.174874459928140435e-01
5.107969211009864008e-01
5.045742197335135737e-01
4.988396663581897705e-01
4.936122303357353136e-01
4.889094230965110865e-01
4.847472011133892034e-01
4.811398754174359693e-01
4.781000283863406919e-01
4.756384385095001610e-01
4.737640137980498878e-01
4.724837344629452263e-01
4.718026054297383975e-01
4.717236191955105351e-01
4.722477294623350641e-01
4.733738359035893906e-01
4.750987803356200301e-01
4.774173544787460033e-01
4.803223193997564477e-01
4.838044366340108482e-01
4.878525108901620166e-01
4.924534441455274969e-01
4.975923008460556574e-01
5.032523838326374843e-01
5.094153205258605821e-01
5.160611588148233952e-01
5.231684720129543553e-01
5.307144721653714869e-01
5.386751309187494119e-01
5.470253070964534725e-01
5.557388800594587064e-01
5.647888878779468991e-01
5.741476692902078849e-01
5.837870083853259340e-01
5.936782809150109586e-01
6.037926011186276476e-01
6.141009679349019867e-01
6.245744094746763508e-01
6.351841246421671139e-01
6.459016208178975926e-01
6.566988465552262566e-01
6.675483182941042148e-01
6.784232401602525719e-01
6.892976159947095116e-01
7.001463528468969688e-01
7.109453552627438278e-01
7.216716098066452423e-01
7.323032593703509008e-01
7.428196669414383058e-01
7.532014686267602954e-01
7.634306158500454575e-01
7.734904067655046234e-01
7.833655070487233196e-01
7.930419603402556472e-01
8.025071887242736235e-01
8.117499837226324066e-01
8.207604883723389477e-01
8.295301710303437659e-01
8.380517916129692768e-01
8.463193610273604950e-01
8.543280945888557243e-01
8.620743602409757234e-01
8.695556224041343096e-01
8.767703822756417464e-01
8.837181153879217765e-01
8.903992072050644913e-01
8.968148875011179300e-01
9.029671642182004465e-01
9.088587574500983646e-01
9.144930341390079542e-01
9.198739440110684784e-01
9.250059572118497497e-01
9.298940040374868987e-01
9.345434170920901007e-01
9.389598761386309667e-01
9.431493558498434959e-01
9.471180766086669811e-01
9.508724584551573322e-01
9.544190782291290809e-01
9.577646299154258802e-01
9.609158881618162784e-01
9.638796749081038895e-01
9.666628290389671641e-01
9.692721789520732933e-01
9.717145179167571145e-01
9.739965820866105517e-01
9.761250310211897485e-01
9.781064305672038106e-01
9.799472379475012707e-01
9.816537889063891020e-01
9.832322867618612516e-01
9.846887932187368131e-01
9.860292208011622872e-01
9.872593267681006868e-01
9.883847083810889389e-01
9.894107993995109318e-01
9.903428676847952916e-01
9.911860138012316135e-01
9.919451705074728842e-01
9.926251030392475583e-01
9.932304100903283084e-01
9.937655254053907594e-01
9.942347199050254325e-01
9.946421042697730641e-01
9.949916319165809098e-01
9.952871023074171264e-01
9.955321645358097271e-01
9.957303211426763445e-01
9.958849321178492309e-01
9.959992190480673191e-01
9.960762693758231645e-01
9.961190407362771060e-01
9.961303653414885773e-01
9.961129543825256727e-01
9.960694024207050745e-01
9.960021917394479285e-01
9.959136966281884051e-01
9.958061875696627707e-01
9.956818353019447621e-01
9.955427147269830801e-01
9.953908086383108644e-01
9.952280112421763025e-01
9.950561314486660036e-01
9.948768959124916211e-01
9.946919518069571309e-01
9.945028693191414471e-01
9.943111438593843499e-01
9.941181979836000160e-01
9.939253830325663897e-01
9.937339804979559155e-01
9.935452031302767217e-01
9.933601958089105510e-01
9.931800361988762926e-01
9.930057352227046330e-01
9.928382373787509874e-01
9.926784209393582081e-01
9.925270980634621765e-01
9.923850148585336983e-01
9.922528514262070054e-01
9.921312219246396502e-01
9.920206746786737195e-01
9.919216923663497498e-01
9.918346923073900756e-01
9.917600268760531357e-01
9.916979840573980631e-01
9.916487881626090406e-01
9.916126007157214373e-01
9.915895215209453717e-01
9.915795899168594607e-01
9.915827862210785382e-01
9.915990333665922751e-01
9.916281987288104727e-01
9.916700961403998038e-01
9.917244880892116532e-01
9.917910880929342587e-01
9.918695632425013065e-01
9.919595369047174982e-01
9.920605915730005275e-01
9.921722718535758156e-01
9.922940875729127086e-01
9.924255169906855967e-01
9.925660101011317682e-01
9.927149920044080478e-01
9.928718663284761270e-01
9.930360186812348111e-01
9.932068201120938244e-01
9.933836305619956342e-01
9.935658022810308632e-01
9.937526831932715909e-01
9.939436201892187794e-01
9.941379623273062238e-01
9.943350639271535396e-01
9.945342875386672388e-01
9.947350067725976297e-01
9.949366089797053725e-01
9.951384977672408372e-01
9.953400953429559772e-01
9.955408446783314824e-01
9.957402114841049645e-01
9.959376859925312964e-01
9.961327845421138472e-01
9.963250509618204465e-01
9.965140577530809951e-01
9.966994070691501673e-01
9.968807314927512486e-01
9.970576946142811758e-01
9.972299914142629396e-01
9.973973484551781343e-01
9.975595238892521754e-01
9.977163072902027752e-01
9.978675193183235148e-01
9.980130112295363398e-01
9.981526642401421512e-01
9.982863887598758534e-01
9.984141235064795117e-01
9.985358345152991477e-01
9.986515140573403171e-01
9.987611794787893960e-01
9.988648719741919368e-01
9.989626553043372548e-01
9.990546144684471219e-01
9.991408543386214314e-01
9.992214982627217745e-01
9.992966866401291615e-01
9.993665754732067308e-01
9.994313348959777965e-01
9.994911476806171979e-01
9.995462077219554597e-01
9.995967185003822308e-01
9.996428915243413815e-01
9.996849447550160139e-01
9.997231010177384247e-01
9.997575864070163965e-01
9.997886286946722212e-01
