9.997979050861298678e-01
9.997684987712941451e-01
9.997358845721769915e-01
9.996998583771163904e-01
9.996602183671124964e-01
9.996167663032886619e-01
9.995693087622823381e-01
9.995176583091659461e-01
9.994616346010948282e-01
9.994010654182965414e-01
9.993357876220666514e-01
9.992656480419863652e-01
9.991905042965247841e-01
9.991102255525038389e-01
9.990246932295728799e-01
9.989338016559382583e-01
9.988374586811749056e-01
9.987355862511484439e-01
9.986281209489951127e-01
9.985150145048794501e-01
9.983962342759871156e-01
9.982717636970167563e-01
9.981416027003815472e-01
9.980057681044973705e-01
9.978642939679305268e-01
9.977172319068462469e-01
9.975646513731120102e-01
9.974066398905694353e-01
9.972433032473509984e-01
9.970747656426571792e-01
9.969011697870755473e-01
9.967226769562795852e-01
9.965394669987418519e-01
9.963517382988886784e-01
9.961597076978709886e-01
9.959636103747834257e-01
9.957636996916859884e-01
9.955602470061418741e-01
9.953535414551298866e-01
9.951438897141094975e-01
9.949316157346644873e-01
9.947170604635348079e-01
9.945005815449381448e-01
9.942825530069021589e-01
9.940633649308833197e-01
9.938434231022672538e-01
9.936231486374742516e-01
9.934029775813756347e-01
9.931833604666293613e-01
9.929647618244341611e-01
9.927476596341550108e-01
9.925325446973674026e-01
9.923199199201844234e-01
9.921102994863315594e-01
9.919042079024016356e-01
9.917021788960914686e-01
9.915047541480463966e-01
9.913124818382336167e-01
9.911259149885386366e-01
9.909456095845167178e-01
9.907721224609059574e-01
9.906060089375756661e-01
9.904478201949934446e-01
9.902981003809947502e-01
9.901573834435616339e-01
9.900261896874331669e-01
9.899050220556163682e-01
9.897943621402289782e-01
9.896946659305557725e-01
9.896063593097288447e-01
9.895298333150430725e-01
9.894654391805772775e-01
9.894134831844906275e-01
9.893742213270699803e-01
9.893478538692476176e-01
9.893345197648195644e-01
9.893342910228477560e-01
9.893471670395962425e-01
9.893730689416778690e-01
9.894118339837119080e-01
9.894632100445558409e-01
9.895268502659450016e-01
9.896023078760396441e-01
9.896890312378766597e-01
9.897863591590524424e-01
9.898935164941671250e-01
9.900096100657501674e-01
9.901336249227339348e-01
9.902644209482538429e-01
9.904007298208872268e-01
9.905411523256598683e-01
9.906841560035392069e-01
9.908280731209426762e-01
9.909710989342802590e-01
9.911112902189099794e-01
9.912465640272822842e-01
9.913746966376001390e-01
9.914933226520797893e-01
9.915999342029028218e-01
9.916918802241575515e-01
9.917663657494588669e-01
9.918204511974169080e-01
9.918510516106296970e-01
9.918549358183157416e-01
9.918287254980088230e-01
9.917688941178506301e-01
9.916717657478889558e-01
9.915335137364178486e-01
9.913501592557787401e-01
9.911175697312005761e-01
9.908314571762459888e-01
9.904873764692856408e-01
9.900807236171828007e-01
9.896067340650585020e-01
9.890604811246038741e-01
9.884368746078332491e-01
9.877306597683037648e-01
9.869364166674338135e-01
9.860485600993502686e-01
9.850613402232800686e-01
9.839688440674280168e-01
9.827649980820040154e-01
9.814435719310229400e-01
9.799981837220900216e-01
9.784223068800403933e-01
9.767092788734781372e-01
9.748523120025017752e-01
9.728445064508487450e-01
9.706788657961061828e-01
9.683483151574022729e-01
9.658457221411619331e-01
9.631639207222150167e-01
9.602957381700911732e-01
9.572340250990684085e-01
9.539716886859263001e-01
9.505017290618779091e-01
9.468172788453306232e-01
9.429116457404959073e-01
9.387783580839321740e-01
9.344112131773846253e-01
9.298043282012552480e-01
9.249521934591699024e-01
9.198497276608801343e-01
9.144923349086035991e-01
9.088759630113514287e-01
9.029971627133276391e-01
8.968531473866153680e-01
8.904418527056712218e-01
8.837619957921934999e-01
8.768131332943146505e-01
8.695957178444045921e-01
8.621111523256329567e-01
8.543618413694149538e-01
8.463512395044373582e-01
8.380838953835731964e-01
8.295654915279767616e-01
8.208028790481708414e-01
8.118041068300688723e-01
8.025784447094356233e-01
7.931364002009793079e-01
7.834897283975164051e-01
7.736514347097424027e-01
7.636357701771188111e-01
7.534582191441662191e-01
7.431354791627828860e-01
7.326854330487938549e-01
7.221271130883721856e-01
7.114806574560097463e-01
7.007672589690573384e-01
6.900091063634716804e-01
6.792293183304249915e-01
6.684518706032528401e-01
6.577015164285069382e-01
6.470037007936118023e-01
6.363844688170734454e-01
6.258703687358297962e-01
6.154883499489010035e-01
6.052656565979006587e-01
5.952297171840920109e-01
5.854080307395337357e-01
5.758280500873389496e-01
5.665170627438937956e-01
5.575020700346732250e-01
5.488096650152667344e-01
5.404659098105637494e-01
5.324962130073460642e-01
5.249252077584584120e-01
5.177766312793172787e-01
5.110732064389933438e-01
5.048365261671592386e-01
4.990869414137375504e-01
4.938434534088292915e-01
4.891236109752180594e-01
4.849434136434376263e-01
4.813172213090917140e-01
4.782576711531733027e-01
4.757756025181265613e-01
4.738799903951713688e-01
4.725778881321327507e-01
4.718743799160198815e-01
4.717725435216291174e-01
4.722734237471986063e-01
4.733760168817583436e-01
4.750772664672445744e-01
4.773720705329205227e-01
4.802533003912464737e-01
4.837118309941104144e-01
4.877365827573812984e-01
4.923145746708018633e-01
4.974309884202406939e-01
5.030692431608138060e-01
5.092110804930010115e-01
5.158366591100932430e-01
5.229246585045845830e-01
5.304523910439045142e-01
5.383959216526403857e-01
5.467301942697191386e-01
5.554291641854276484e-01
5.644659353054897188e-01
5.738129013383630461e-01
5.834418898585325142e-01
5.933243081636727645e-01
6.034312898182826457e-01
6.137338407616242941e-01
6.242029838545697373e-01
6.348099007489589329e-01
6.455260699850617900e-01
6.563234002580013993e-01
6.671743578427336008e-01
6.780520872292343793e-01
6.889305240943135455e-01
6.997844998232902736e-01
7.105898368922778374e-01
7.213234345287666827e-01
7.319633441826940423e-01
7.424888344604050339e-01
7.528804452977142514e-01
7.631200312734620628e-01
7.731907940893376630e-01
7.830773043630725461e-01
7.927655129983095517e-01
8.022427525035491502e-01
8.114977287327836963e-01
8.205205036102363181e-01
8.293024694796924390e-01
8.378363157843290443e-01
8.461159888349407687e-01
8.541366454627095095e-01
8.618946013770648618e-01
8.693872750599451749e-01
8.766131280254449987e-01
8.835716022591358909e-01
8.902630556253150473e-01
8.966886959942562685e-01
9.028505147965635302e-01
9.087512206594431374e-01
9.143941737216796373e-01
9.197833211618690052e-01
9.249231344096465746e-01
9.298185484436910508e-01
9.344749035146517890e-01
9.388978895670677671e-01
9.430934935729635704e-01
9.470679499320565631e-01
9.508276940401289012e-01
9.543793190786805658e-01
9.577295360358404341e-01
9.608851369308573087e-01
9.638529611823458687e-01
9.666398650336869292e-01
9.692526939273289344e-01
9.716982577028587809e-01
9.739833084811608810e-01
9.761145210883086509e-01
9.780984758675048685e-01
9.799416437249149903e-01
9.816503732551140615e-01
9.832308797936453182e-01
9.846892362474402027e-01
9.860313655582197967e-01
9.872630346591905193e-01
9.883898497911104419e-01
9.894172530499812934e-01
9.903505200450557489e-01
9.911947585524959470e-01
9.919549080567900967e-01
9.926357400789290741e-01
9.932418591973184441e-01
9.937777046744338261e-01
9.942475526092751092e-01
9.946555185426648737e-01
9.950055604492913375e-01
9.953014820569907606e-01
9.955469364399965881e-01
9.957454298385939317e-01
9.959003256627113609e-01
9.960148486413314961e-01
9.960920890831452823e-01
9.961350072165759961e-01
9.961464375791774239e-01
9.961290934275349729e-01
9.960855711392933021e-01
9.960183545789598192e-01
9.959298193988989079e-01
9.958222372466402073e-01
9.956977798495193488e-01
9.955585229479336773e-01
9.954064500493309264e-01
9.952434559765780397e-01
9.950713501866648159e-01
9.948918598388150070e-01
9.947066325949706078e-01
9.945172391401936318e-01
9.943251754156613442e-01
9.941318645624506178e-01
9.939386585800100704e-01
9.937468397089038730e-01
9.935576215528827415e-01
9.933721499603854754e-01
9.931915036900579308e-01
9.930166948886374190e-01
9.928486694125039369e-01
9.926883070262814135e-01
9.925364215130569878e-01
9.923937607310981956e-01
9.922610066514271354e-01
9.921387754093425881e-01
9.920276174010672632e-01
9.919280174542476347e-01
9.918403950981865558e-01
9.917651049565682220e-01
9.917024372821604539e-01
9.916526186496779083e-01
9.916158128197430921e-01
9.915921217837807555e-01
9.915815869967639085e-01
9.915841908020410767e-01
9.915998580500051673e-01
9.916284579101131147e-01
9.916698058736975741e-01
9.917236659430856971e-01
9.917897530007286910e-01
9.918677353502923788e-01
9.919572374199514542e-01
9.920578426164474717e-01
9.921690963168097177e-01
9.922905089830329484e-01
9.924215593834638804e-01
9.925616979032455545e-01
9.927103499249290142e-01
9.928669192593509996e-01
9.930307916061437146e-01
9.932013380228132959e-01
9.933779183812269098e-01
9.935598847905905417e-01
9.937465849665552131e-01
9.939373655269444496e-01
9.941315751956889546e-01
9.943285678978476261e-01
9.945277057300214718e-01
9.947283617919701060e-01
9.949299228667799477e-01
9.951317919384536914e-01
9.953333905372726553e-01
9.955341609047094753e-01
9.957335679710285214e-01
9.959311011400248104e-01
9.961262758766178393e-01
9.963186350942775382e-01
9.965077503405117554e-01
9.966932227799343291e-01
9.968746839757557376e-01
9.970517964719126658e-01
9.972242541794760218e-01
9.973917825724315511e-01
9.975541386994017934e-01
9.977111110193240817e-01
9.978625190704906167e-01
9.980082129836306271e-01
9.981480728508226319e-01
9.982820079629091126e-01
9.984099559286923053e-01
9.985318816894686034e-01
9.986477764423811188e-01
9.987576564856094352e-01
9.988615619975825810e-01
9.989595557612175325e-01
9.990517218427110713e-01
9.991381642327238355e-01
9.992190054560032841e-01
9.992943851537136046e-01
9.993644586411197794e-01
9.994293954419392056e-01
9.994893777997616580e-01
9.995445991665461438e-01
9.995952626684108111e-01
9.996415795497628487e-01
9.996837675982612748e-01
9.997220495550823705e-01
9.997566515173630375e-01
9.997878013423544541e-01
