9.997974521511064916e-01
9.997679706215373274e-01
9.997352719075442984e-01
9.996991512774431321e-01
9.996594063251381668e-01
9.996158382677781118e-01
9.995682531910231594e-01
9.995164632312616426e-01
9.994602876877297648e-01
9.993995540609217354e-01
9.993340990167677296e-01
9.992637692786403569e-01
9.991884224512488366e-01
9.991079277818377680e-01
9.990221668648339159e-01
9.989310342962232081e-01
9.988344382835773194e-01
9.987323012168846104e-01
9.986245602042987946e-01
9.985111675757187832e-01
9.983920913558710364e-01
9.982673157073805870e-01
9.981368413432754050e-01
9.980006859075213344e-01
9.978588843215783211e-01
9.977114890946137127e-01
9.975585705949027160e-01
9.974002172800777721e-01
9.972365358842225636e-01
9.970676515603146273e-01
9.968937079771551524e-01
9.967148673706495154e-01
9.965313105500653856e-01
9.963432368606648382e-01
9.961508641048207879e-01
9.959544284243656564e-01
9.957541841474222277e-01
9.955504036033065995e-01
9.953433769092280281e-01
9.951334117324205364e-01
9.949208330309865511e-01
9.947059827761177697e-01
9.944892196574557364e-01
9.942709187721853192e-01
9.940514712970202060e-01
9.938312841405788634e-01
9.936107795717941116e-01
9.933903948180026200e-01
9.931705816242841767e-01
9.929518057635293715e-01
9.927345464846880629e-01
9.925192958847613989e-01
9.923065581884261688e-01
9.920968489177962590e-01
9.918906939337926998e-01
9.916886283299700677e-01
9.914911951594626016e-01
9.912989439760060417e-01
9.911124291707495981e-01
9.909322080877973615e-01
9.907588389030734799e-01
9.905928782531545629e-01
9.904348786031035301e-01
9.902853853450152011e-01
9.901449336219010355e-01
9.900140448746345134e-01
9.898932231129327075e-01
9.897829509147074711e-01
9.896836851615957720e-01
9.895958525220290847e-01
9.895198446968430650e-01
9.894560134461425349e-01
9.894046654198932478e-01
9.893660568184862170e-01
9.893403879132451895e-01
9.893277974604258729e-01
9.893283570455937426e-01
9.893420653981969126e-01
9.893688427185457490e-01
9.894085250610817894e-01
9.894608588186187825e-01
9.895254953520284946e-01
9.896019858085028931e-01
9.896897761690053308e-01
9.897882025617951163e-01
9.898964868740438572e-01
9.900137326876463639e-01
9.901389215585514325e-01
9.902709096514904497e-01
9.904084247341391478e-01
9.905500635267687759e-01
9.906942893956151019e-01
9.908394303707862560e-01
9.909836774627979183e-01
9.911250832459712612e-01
9.912615606721415507e-01
9.913908820745074291e-01
9.915106783191035555e-01
9.916184380603048076e-01
9.917115070569818558e-01
9.917870875073667714e-01
9.918422373632936884e-01
9.918738695881643697e-01
9.918787513276774437e-01
9.918535029679560466e-01
9.917945970621528939e-01
9.916983571138423548e-01
9.915609562135041521e-01
9.913784155331382131e-01
9.911466026935578100e-01
9.908612300291889108e-01
9.905178527863148785e-01
9.901118673026627626e-01
9.896385092290453933e-01
9.890928518674352299e-01
9.884698047142733701e-01
9.877641123128874101e-01
9.869703535343830048e-01
9.860829414220096956e-01
9.850961237493968126e-01
9.840039844577644912e-01
9.828004461507198197e-01
9.814792738369916281e-01
9.800340801208545782e-01
9.784583320464805833e-01
9.767453598055028108e-01
9.748883675162324236e-01
9.728804462778639639e-01
9.707145896934151752e-01
9.683837120409425347e-01
9.658806692537890148e-01
9.631982828473955038e-01
9.603293669028092339e-01
9.572667581858064212e-01
9.540033494459483343e-01
9.505321259023891134e-01
9.468462048833604650e-01
9.429388785445058652e-01
9.388036595481202840e-01
9.344343295414044848e-01
9.298249902275419476e-01
9.249701167792399037e-01
9.198646133008290260e-01
9.145038700025627243e-01
9.088838217099002303e-01
9.030010072918088770e-01
8.968526295560208528e-01
8.904366151262899098e-01
8.837516737876043305e-01
8.767973567606193175e-01
8.695741133468797290e-01
8.620833453723073525e-01
8.543274588484686127e-01
8.463099122698468646e-01
8.380352609711129164e-01
8.295091969815586719e-01
8.207385838346137330e-01
8.117314858187335558e-01
8.024971911917804235e-01
7.930462289240090001e-01
7.833903785843152612e-01
7.735426730398479167e-01
7.635173936994061883e-01
7.533300580951978187e-01
7.429973996642649237e-01
7.325373396588465980e-01
7.219689511828137896e-01
7.113124154177221659e-01
7.005889701657554980e-01
6.898208508967937913e-01
6.790312245421321613e-01
6.682441163274239759e-01
6.574843299818213804e-01
6.467773616990429852e-01
6.361493082594338322e-01
6.256267697504693803e-01
6.152367473473621118e-01
6.050065366362971098e-01
5.949636169813140585e-01
5.851355374529807474e-01
5.755497998536822646e-01
5.662337393913298156e-01
5.572144035712733867e-01
5.485184298954857152e-01
5.401719229787284027e-01
5.322003317133907618e-01
5.246283271373173296e-01
5.174796816816926714e-01
5.107771504978233512e-01
5.045423555814527727e-01
4.987956734297442907e-01
4.935561269780660565e-01
4.888412825699655073e-01
4.846671527130594903e-01
4.810481053650761396e-01
4.779967804771273476e-01
4.755240144950381165e-01
4.736387734838743979e-01
4.723480954958453326e-01
4.716570427477163596e-01
4.715686641114266164e-01
4.720839683514542751e-01
4.732019084656521324e-01
4.749193774037966387e-01
4.772312153511485411e-01
4.801302286740428693e-01
4.836072205321138018e-01
4.876510330681567140e-01
4.922486009930047146e-01
4.973850162898407756e-01
5.030436036709986514e-01
5.092060063310966944e-01
5.158522814539776569e-01
5.229610048478694484e-01
5.305093840040220332e-01
5.384733787993321030e-01
5.468278289936903125e-01
5.555465876086930210e-01
5.646026592165942493e-01
5.739683421177883549e-01
5.836153733425912815e-01
5.935150753794932177e-01
6.036385035084583794e-01
6.139565926050116751e-01
6.244403022798273861e-01
6.350607592298613824e-01
6.457893957014775310e-01
6.565980830037084770e-01
6.674592590609272902e-01
6.783460490584922731e-01
6.892323783118512459e-01
7.000930765782488185e-01
7.109039731294274356e-01
7.216419820120119066e-01
7.322851770379367187e-01
7.428128561683511322e-01
7.532055950788216769e-01
7.634452898191752546e-01
7.735151886057701764e-01
7.833999129051498755e-01
7.930854680838765880e-01
8.025592440078640477e-01
8.118100060740315316e-01
8.208278772460283479e-01
8.296043117429081626e-01
8.381320610939744231e-01
8.464051333239273056e-01
8.544187460695465974e-01
8.621692744524005469e-01
8.696541945417292085e-01
8.768720232382215540e-01
8.838222553936994075e-01
8.905052989547292963e-01
8.969224088811378337e-01
9.030756205446641705e-01
9.089676832600325218e-01
9.146019945421242081e-01
9.199825356202515625e-01
9.251138086753423195e-01
9.300007761996439415e-01
9.346488028127331038e-01
9.390635998034583265e-01
9.432511726060430757e-01
9.472177713608780358e-01
9.509698446572731889e-01
9.545139965071723909e-01
9.578569465559226837e-01
9.610054934988068176e-01
9.639664816402159220e-01
9.667467705059128447e-01
9.693532073975738017e-01
9.717926027623142726e-01
9.740717082377913227e-01
9.761971972252218022e-01
9.781756478377634512e-01
9.800135280696433693e-01
9.817171830316898662e-01
9.832928241010517878e-01
9.847465198364537819e-01
9.860841885149639330e-01
9.873115921516399940e-01
9.884343318693262770e-01
9.894578444921224847e-01
9.903874002425048229e-01
9.912281014286823400e-01
9.919848820154617552e-01
9.926625079786661754e-01
9.932655783499707569e-01
9.937985268658844351e-01
9.942656241414700169e-01
9.946709802962098168e-01
9.950185479660995647e-01
9.953121256425073726e-01
9.955553612844173506e-01
9.957517561562966302e-01
9.959046688488305543e-01
9.960173194440758992e-01
9.960927937901068452e-01
9.961340478529366882e-01
9.961439121154105347e-01
9.961250959939452754e-01
9.960801922445551293e-01
9.960116813297099636e-01
9.959219357174237119e-01
9.958132240837666016e-01
9.956877153899649224e-01
9.955474828055912440e-01
9.953945074502366097e-01
9.952306819276250938e-01
9.950578136284662367e-01
9.948776277814670443e-01
9.946917702358128999e-01
9.945018099629913122e-01
9.943092412709465533e-01
9.941154857290428470e-01
9.939218938079991128e-01
9.937297462446219587e-01
9.935402551466179233e-01
9.933545648578117060e-01
9.931737526085704371e-01
9.929988289799999146e-01
9.928307382134293757e-01
9.926703583987812607e-01
9.925185015765962682e-01
9.923759137887755433e-01
9.922432751125497274e-01
9.921211997108694280e-01
9.920102359304396877e-01
9.919108664761011607e-01
9.918235086873384843e-01
9.917485149394911215e-01
9.916861731888945153e-01
9.916367076778037637e-01
9.916002798116512196e-01
9.915769892180443801e-01
9.915668749939765547e-01
9.915699171450348404e-01
9.915860382179427779e-01
9.916151051255708282e-01
9.916569311615356375e-01
9.917112781996610948e-01
9.917778590718376863e-01
9.918563401161478721e-01
9.919463438854976278e-01
9.920474520053795819e-01
9.921592081677972352e-01
9.922811212468143349e-01
9.924126685196901221e-01
9.925532989761672864e-01
9.927024366972442282e-01
9.928594842837418222e-01
9.930238263142201482e-01
9.931948328113394675e-01
9.933718626956370423e-01
9.935542672058909064e-01
9.937413932657708227e-01
9.939325867772959011e-01
9.941271958226896022e-01
9.943245737574962773e-01
9.945240821792323827e-01
9.947250937573494101e-01
9.949269949118135781e-01
9.951291883291395468e-01
9.953310953061983435e-01
9.955321579135553156e-01
9.957318409714687180e-01
9.959296338329934883e-01
9.961250519699214045e-01
9.963176383585425899e-01
9.965069646634819867e-01
9.966926322191419496e-01
9.968742728096118277e-01
9.970515492492648679e-01
9.972241557676811974e-01
9.973918182039772651e-01
9.975542940170800676e-01
9.977113721199230012e-01
9.978628725469144145e-01
9.980086459652950381e-01
9.981485730421015834e-01
9.982825636793350998e-01
9.984105561305394172e-01
9.985325160122809907e-01
9.986484352239566320e-01
9.987583307889105200e-01
9.988622436290301998e-01
9.989602372838338740e-01
9.990523965836128895e-01
9.991388262845339874e-01
9.992196496718394050e-01
9.992950071355322095e-01
9.993650547213339674e-01
9.994299626583842411e-01
9.994899138642499015e-01
9.995451024274207841e-01
9.995957320676727154e-01
9.996420145754968400e-01
9.996841682332168189e-01
9.997224162223693478e-01
9.997569850242951084e-01
9.997881028235083845e-01
