9.997973900652628032e-01
9.997679003189240410e-01
9.997351927008752970e-01
9.996990624828960836e-01
9.996593072722333995e-01
9.996157283100410851e-01
9.995681317172766533e-01
9.995163296773682537e-01
9.994601415485796503e-01
9.993993949024438939e-01
9.993339264877278971e-01
9.992635831219833786e-01
9.991882225147417085e-01
9.991077140277792035e-01
9.990219393786086144e-01
9.989307932935034273e-01
9.988341841160010004e-01
9.987320343760754948e-01
9.986242813241312799e-01
9.985108774327743353e-01
9.983917908680752795e-01
9.982670059308580424e-01
9.981365234674987041e-01
9.980003612488739240e-01
9.978585543154870896e-01
9.977111552864351696e-01
9.975582346297755532e-01
9.973998808919662951e-01
9.972362008843900227e-01
9.970673198254637049e-01
9.968933814374695279e-01
9.967145479979567790e-01
9.965310003463250244e-01
9.963429378469590425e-01
9.961505783110007339e-01
9.959541578794733896e-01
9.957539308709785209e-01
9.955501695975189635e-01
9.953431641521458539e-01
9.951332221720274873e-01
9.949206685801974537e-01
9.947058453086171648e-01
9.944891110042960447e-01
9.942708407190411490e-01
9.940514255819821177e-01
9.938312724523583608e-01
9.936108035482045242e-01
9.933904560445765419e-01
9.931706816328881304e-01
9.929519460308396939e-01
9.927347284303987829e-01
9.925195208693997628e-01
9.923068275106664560e-01
9.920971638111710789e-01
9.918910555627156178e-01
9.916890377849963967e-01
9.914916534517294044e-01
9.912994520308078261e-01
9.911129878202160626e-01
9.909328180626548743e-01
9.907595008234820755e-01
9.905935926186210105e-01
9.904356457814803560e-01
9.902862055606023173e-01
9.901458069426709585e-01
9.900149711986084844e-01
9.898942021537356917e-01
9.897839821863373411e-01
9.896847679624415361e-01
9.895969859181785733e-01
9.895210275047268134e-01
9.894572442145641578e-01
9.894059424115081436e-01
9.893673779908015442e-01
9.893417508992256026e-01
9.893291995488114887e-01
9.893297951610542373e-01
9.893435360814721857e-01
9.893703421067502335e-01
9.894100488683779115e-01
9.894624023174986016e-01
9.895270533554695325e-01
9.896035526532970250e-01
9.896913457005807047e-01
9.897897681208730480e-01
9.898980412854814226e-01
9.900152682518188474e-01
9.901404300456131402e-01
9.902723822988298563e-01
9.904098522473030464e-01
9.905514360840735888e-01
9.906955966565916816e-01
9.908406614885190145e-01
9.909848211001179852e-01
9.911261275953550109e-01
9.912624934790428277e-01
9.913916906637314508e-01
9.915113496237000223e-01
9.916189586523376231e-01
9.917118631794138439e-01
9.917872651061950817e-01
9.918422221189794330e-01
9.918736469453365290e-01
9.918783065220467821e-01
9.918528210493635644e-01
9.917936629126994363e-01
9.916971554601033967e-01
9.915594716319320323e-01
9.913766324478889835e-01
9.911445053661535054e-01
9.908588025396366517e-01
9.905150790055451404e-01
9.901087308564164857e-01
9.896349934536247117e-01
9.890889397580288067e-01
9.884654788668635339e-01
9.877593548610305030e-01
9.869651460824243605e-01
9.860772649765288111e-01
9.850899586508794492e-01
9.839973103146522071e-01
9.827932417780935737e-01
9.814715172021939438e-01
9.800257482983544266e-01
9.784494011842268524e-01
9.767358051049057632e-01
9.748781632277606635e-01
9.728695657140554731e-01
9.707030052608788262e-01
9.683713952926817914e-01
9.658675909629234058e-01
9.631844131030856682e-01
9.603146752289293264e-01
9.572512136826452078e-01
9.539869209549700635e-01
9.505147821938499941e-01
9.468279148663528710e-01
9.429196114987941080e-01
9.387833853769333992e-01
9.344130190441654049e-01
9.298026153913250269e-01
9.249466510875683500e-01
9.198400320582303946e-01
9.144781506731030074e-01
9.088569442677048027e-01
9.029729545813515168e-01
8.968233876597176968e-01
8.904061737366842921e-01
8.837200265811586686e-01
8.767645017698691978e-01
8.695400533274401100e-01
8.620480881609786650e-01
8.542910177084727108e-01
8.462723062190399270e-01
8.379965150888930570e-01
8.294693426901117439e-01
8.206976591501333740e-01
8.116895355683156899e-01
8.024542671918353243e-01
7.930023901162462918e-01
7.833456911256522215e-01
7.734972103429509360e-01
7.634712364209964575e-01
7.532832940697415935e-01
7.429501237811871883e-01
7.324896536819809345e-01
7.219209635113869039e-01
7.112642407887862506e-01
7.005407292985991186e-01
6.897726700804742705e-01
6.789832351678806166e-01
6.681964543682565871e-01
6.574371354222509067e-01
6.467307779183026906e-01
6.361034813721031522e-01
6.255818479088247619e-01
6.151928800101360562e-01
6.049638738088471968e-01
5.949223084324302135e-01
5.850957319137364276e-01
5.755116442038077373e-01
5.661973778386089062e-01
5.571799768294083410e-01
5.484860743657025139e-01
5.401417699402311090e-01
5.321725065274736099e-01
5.246029484696512757e-01
5.174568607469434145e-01
5.107569903304096659e-01
5.045249503358810728e-01
4.987811077136266036e-01
4.935444752206432639e-01
4.888326084287152318e-01
4.846615085208431095e-01
4.810455316202115750e-01
4.779973053788539872e-01
4.755276535269923333e-01
4.736455290484802294e-01
4.723579566028947019e-01
4.716699847608590845e-01
4.715846485567847246e-01
4.721029427930910627e-01
4.732238064530913668e-01
4.749441184972086338e-01
4.772587052300891752e-01
4.801603593357616218e-01
4.836398705853336422e-01
4.876860681278962772e-01
4.922858741813694872e-01
4.974243688468047431e-01
5.030848656779546291e-01
5.092489975484464360e-01
5.158968122722408234e-01
5.230068773497724699e-01
5.305563931328398652e-01
5.385213136264384026e-01
5.468764740759249898e-01
5.555957244238324266e-01
5.646520676630136792e-01
5.740178020624021604e-01
5.836646661994067120e-01
5.935639856997332320e-01
6.036868205621739314e-01
6.140041119335568620e-01
6.244868271984371777e-01
6.351061022599346906e-01
6.458333799130054897e-01
6.566405432495497907e-01
6.675000430863278211e-01
6.783850184713007270e-01
6.892694094012357109e-01
7.001280609723318227e-01
7.109368182850268614e-01
7.216726115325409197e-01
7.323135308184210990e-01
7.428388903693576850e-01
7.532292819338352041e-01
7.634666172825108621e-01
7.735341598504517080e-01
7.834165456822452800e-01
7.930997939565482824e-01
8.025713074748315190e-01
8.118198635982485367e-01
8.208355962051325783e-01
8.296099693184244561e-01
8.381357431163531935e-01
8.464069330902781463e-01
8.544187631504418512e-01
8.621676135033697896e-01
8.696509641340938179e-01
8.768673347227600168e-01
8.838162218093177369e-01
8.904980339928791899e-01
8.969140259152069694e-01
9.030662317319965160e-01
9.089573987226504670e-01
9.145909216306484790e-01
9.199707782639776621e-01
9.251014668199596391e-01
9.299879453326901357e-01
9.346355735755933480e-01
9.390500576875465688e-01
9.432373977297644485e-01
9.472038383230713121e-01
9.509558224620756617e-01
9.544999485546384888e-01
9.578429306922632280e-01
9.609915621197920865e-01
9.639526818410951714e-01
9.667331442711435407e-01
9.693397918237038891e-01
9.717794303075244500e-01
9.740588069918513225e-01
9.761845911939517340e-01
9.781633572364855089e-01
9.800015696205667259e-01
9.817055702606654055e-01
9.832815676296602359e-01
9.847356276659385843e-01
9.860736662990715606e-01
9.873014434559850283e-01
9.884245584154409681e-01
9.894484463848691735e-01
9.903783761800238894e-01
9.912194488945011983e-01
9.919765974528057528e-01
9.926545869473679673e-01
9.932580156666864779e-01
9.937913167285706839e-01
9.942587602392652935e-01
9.946644559059915069e-01
9.950123560370631726e-01
9.953062588701263591e-01
9.955498121751156226e-01
9.957465170840890112e-01
9.958997321050827578e-01
9.960126772814014151e-01
9.960884384612683773e-01
9.961299716454665720e-01
9.961401073825059127e-01
9.961215551820458147e-01
9.960769079178767305e-01
9.960086461918924439e-01
9.959191426303546368e-01
9.958106660835732704e-01
9.956853857001207730e-01
9.955453748470585174e-01
9.953926148485664482e-01
9.952289985169541220e-01
9.950563334523810921e-01
9.948763450907551764e-01
9.946906794831702481e-01
9.945009057948175357e-01
9.943085185164156625e-01
9.941149393866947070e-01
9.939215190301464720e-01
9.937295383199110654e-01
9.935402094811133233e-01
9.933546769549969069e-01
9.931740180486674507e-01
9.929992433990102452e-01
9.928312972822900262e-01
9.926710578030082388e-01
9.925193369967663104e-01
9.923768808821638032e-01
9.922443694962096439e-01
9.921224169464060161e-01
9.920115715106914145e-01
9.919123158139138141e-01
9.918250671065778068e-01
9.917501776684105597e-01
9.916879353559404642e-01
9.916385643099077107e-01
9.916022258350236651e-01
9.915790194614475528e-01
9.915689841944149707e-01
9.915720999557594562e-01
9.915882892186229647e-01
9.916174188344417662e-01
9.916593020492890931e-01
9.917137007048061337e-01
9.917803276172254545e-01
9.918588491263299334e-01
9.919488878045709113e-01
9.920500253149696634e-01
9.921618054048404467e-01
9.922837370208207330e-01
9.924152975292059864e-01
9.925559360241986706e-01
9.927050767054557134e-01
9.928621223053050171e-01
9.930264575452402154e-01
9.931974526008525705e-01
9.933744665542176833e-01
9.935568508129586363e-01
9.937439524757170073e-01
9.939351176245792008e-01
9.941296945260592599e-01
9.943270367235055307e-01
9.945265060051949879e-01
9.947274752338741699e-01
9.949293310250316713e-01
9.951314762627051502e-01
9.953333324431187235e-01
9.955343418378738152e-01
9.957339694697942001e-01
9.959317048958512553e-01
9.961270637928746341e-01
9.963195893430243366e-01
9.965088534172664714e-01
9.966944575563834174e-01
9.968760337503793645e-01
9.970532450185106699e-01
9.972257857935871161e-01
9.973933821156384383e-01
9.975557916414974358e-01
9.977128034782906107e-01
9.978642378501991761e-01
9.980099456091212629e-01
9.981498076009593934e-01
9.982837339001429111e-01
9.984116629255930242e-01
9.985335604516279995e-01
9.986494185272335455e-01
9.987592543166793346e-01
9.988631088736513730e-01
9.989610458599055276e-01
9.990531502180073353e-01
9.991395268060562218e-01
9.992202990005332186e-01
9.992956072716588922e-01
9.993656077340499211e-01
9.994304706741492517e-01
9.994903790550044853e-01
9.995455269985801250e-01
9.995961182459964789e-01
9.996423645969066962e-01
9.996844843306471606e-01
9.997227006137509031e-01
9.997572399007835786e-01
9.997883303380813436e-01
