9.997973686781338465e-01
9.997678761470272235e-01
9.997351655222331823e-01
9.996990320793632812e-01
9.996592734330992380e-01
9.996156908358730941e-01
9.995680904239444553e-01
9.995162844001762581e-01
9.994600921464326104e-01
9.993993412619616157e-01
9.993338685272222799e-01
9.992635207952110799e-01
9.991881558143484998e-01
9.991076429883535281e-01
9.990218640792731808e-01
9.989307138599798908e-01
9.988341007220981060e-01
9.987319472445609359e-01
9.986241907269665097e-01
9.985107836907037848e-01
9.983916943495814156e-01
9.982669070505049147e-01
9.981364226837053932e-01
9.980002590611706248e-01
9.978584512613176694e-01
9.977110519375811393e-01
9.975581315884800571e-01
9.973997787868443821e-01
9.972361003662084666e-01
9.970672215628751944e-01
9.968932861127813849e-01
9.967144563030068127e-01
9.965309129785303588e-01
9.963428555055939828e-01
9.961505016937477475e-01
9.959540876792818409e-01
9.957538677732518106e-01
9.955501142776419510e-01
9.953431172733492316e-01
9.951331843835811153e-01
9.949206405159093380e-01
9.947058275856116571e-01
9.944891042220341815e-01
9.942708454585432731e-01
9.940514424052079301e-01
9.938313019016967731e-01
9.936108461460235741e-01
9.933905122927865206e-01
9.931707520124682942e-01
9.929520310012840412e-01
9.927348284290377078e-01
9.925196363105592834e-01
9.923069587846299333e-01
9.920973112829140073e-01
9.918912195703883938e-01
9.916892186381349727e-01
9.914918514291805041e-01
9.912996673783558421e-01
9.911132207479086409e-01
9.909330687418237416e-01
9.907597693834602204e-01
9.905938791431618817e-01
9.904359503048844049e-01
9.902865280635591017e-01
9.901461473478270214e-01
9.900153293658708886e-01
9.898945778753226454e-01
9.897843751815880164e-01
9.896851778723979587e-01
9.895974122999544598e-01
9.895214698256785679e-01
9.894577018462837881e-01
9.894064146236591917e-01
9.893678639448250101e-01
9.893422496419478351e-01
9.893297100059940119e-01
9.893303161309309202e-01
9.893440662283315978e-01
9.893708799546292454e-01
9.894105927949438106e-01
9.894629505482077647e-01
9.895276039581024641e-01
9.896041035329776747e-01
9.896918945953957492e-01
9.897903125982133732e-01
9.898985787392282631e-01
9.900157959004945996e-01
9.901409449316111999e-01
9.902728812888230703e-01
9.904103320339147087e-01
9.905518931888692702e-01
9.906960274344230877e-01
9.908410621332155443e-01
9.909851876514856883e-01
9.911264559473986768e-01
9.912627793892851980e-01
9.913919297634583572e-01
9.915115374289152905e-01
9.916190905751703921e-01
9.917119345396825381e-01
9.917872711427966337e-01
9.918421580007503735e-01
9.918735077810114653e-01
9.918780873689339028e-01
9.918525169203615821e-01
9.917932687812966996e-01
9.916966662630318785e-01
9.915588822691914217e-01
9.913759377799163941e-01
9.911437002079840353e-01
9.908578816519831856e-01
9.905140370828177110e-01
9.901075625118018753e-01
9.896336932014495602e-01
9.890875019937338530e-01
9.884638978450185354e-01
9.877576246719157460e-01
9.869632606277869424e-01
9.860752179451980348e-01
9.850877434949798506e-01
9.839949202271944806e-01
9.827906696727410907e-01
9.814687556960085546e-01
9.800227896983034759e-01
9.784462374782003646e-01
9.767324279579413515e-01
9.748745639841073229e-01
9.728657354056333695e-01
9.706989346226041482e-01
9.683670747850409155e-01
9.658630108020819227e-01
9.631795632987332212e-01
9.603095456299629573e-01
9.572457940307138591e-01
9.539812009458189523e-01
9.505087515463267467e-01
9.468215633988700253e-01
9.429129292129712070e-01
9.387763625480861629e-01
9.344056463182421890e-01
9.297948838878365985e-01
9.249385525079893977e-01
9.198315587992917930e-01
9.144692959443196933e-01
9.088477022124110682e-01
9.029633204004342550e-01
8.968133577371526499e-01
8.903957457658878694e-01
8.837091996910777514e-01
8.767532766496403118e-01
8.695284323483607469e-01
8.620360754944538240e-01
8.542786194385372234e-01
8.462595304479996194e-01
8.379833720346010484e-01
8.294558447733841877e-01
8.206838210708231607e-01
8.116753743686085931e-01
8.024398023053938012e-01
7.929876434019247355e-01
7.833306868846242610e-01
7.734819753182302637e-01
7.634557997784938710e-01
7.532676873601791279e-01
7.429343808823836159e-01
7.324738107212200866e-01
7.219050587677975361e-01
7.112483145758681236e-01
7.005248238272446804e-01
6.897568293030462705e-01
6.789675046041103723e-01
6.681808809139195837e-01
6.574217671417637021e-01
6.467156638225519671e-01
6.360886711829738527e-01
6.255673918120177035e-01
6.151788283979938710e-01
6.049502770149712827e-01
5.949092164599589783e-01
5.850831941591677632e-01
5.754997091782703134e-01
5.661860928884647759e-01
5.571693878580146198e-01
5.484762255580981627e-01
5.401327034924181536e-01
5.321642623818476636e-01
5.245955640580206580e-01
5.174503707424310539e-01
5.107514264094132894e-01
5.045203409511379578e-01
4.987774778793134800e-01
4.935418463103644626e-01
4.888309979871670041e-01
4.846609300899126227e-01
4.810459945802968429e-01
4.779988148062290776e-01
4.755302100681484401e-01
4.736491288124992094e-01
4.723625910730694377e-01
4.716756407269598883e-01
4.715913080695617321e-01
4.721105831427769850e-01
4.732324001738495989e-01
4.749536333995658666e-01
4.772691044634890245e-01
4.801716014833468105e-01
4.836519097929792288e-01
4.876988542693300177e-01
4.922993530609141022e-01
4.974384824408731864e-01
5.030995524159227461e-01
5.092641926329193325e-01
5.159124480380281597e-01
5.230228836601378273e-01
5.305726978107684344e-01
5.385378429178449000e-01
5.468931531408919300e-01
5.556124778511919438e-01
5.646688200028441296e-01
5.740344783703879017e-01
5.836811925864783257e-01
5.935802898800248695e-01
6.037028323920980988e-01
6.140197639347246827e-01
6.245020550572342177e-01
6.351208452968505336e-01
6.458475815151973887e-01
6.566541512607255715e-01
6.675130101487128931e-01
6.783973023152729542e-01
6.892809730791200629e-01
7.001388730338153898e-01
7.109468528926501385e-01
7.216818485167566521e-01
7.323219556727080803e-01
7.428464941868504479e-01
7.532360612878392647e-01
7.634725740541122851e-01
7.735393010071638376e-01
7.834208830122805223e-01
7.931033437638185246e-01
8.025740902401911070e-01
8.118219036127671817e-01
8.208369211813606459e-01
8.296106099856539462e-01
8.381357328058125500e-01
8.464063073160457140e-01
8.544175591915994517e-01
8.621658699925893732e-01
8.696487206574481377e-01
8.768646314350884152e-01
8.838130990689785360e-01
8.904945320191894886e-01
8.969101844713198712e-01
9.030620898354055903e-01
9.089529943849579130e-01
9.145862916276876753e-01
9.199659579368608675e-01
9.250964899071268954e-01
9.299828438325774549e-01
9.346303776391228224e-01
9.390447955392661195e-01
9.432320956161469594e-01
9.471985204862052310e-01
9.509505111367607677e-01
9.544946639867321059e-01
9.578376911759975965e-01
9.609863840517167688e-01
9.639475797882680608e-01
9.667281310512104708e-01
9.693348785945588020e-01
9.717746266643257913e-01
9.740541210692880147e-01
9.761800297717875274e-01
9.781589258465707148e-01
9.799972726536796408e-01
9.817014110717312558e-01
9.832775486400896492e-01
9.847317504620195505e-01
9.860699317255510188e-01
9.872978517041648416e-01
9.884211091052998999e-01
9.894451386409005567e-01
9.903752087006403304e-01
9.912164200150084259e-01
9.919737052020758394e-01
9.926518290984585047e-01
9.932553897817392174e-01
9.937888201983974268e-01
9.942563903180746676e-01
9.946622097417411323e-01
9.950102306979287103e-01
9.953042513675699476e-01
9.955479194840135548e-01
9.957447361603397606e-01
9.958980599010704982e-01
9.960111107596375524e-01
9.960869746064785479e-01
9.961286074753312736e-01
9.961388399572124186e-01
9.961203816127581767e-01
9.960758253741871515e-01
9.960076519082834423e-01
9.959182339116742222e-01
9.958098403095070328e-01
9.956846403286352398e-01
9.955447074167886878e-01
9.953920229801249686e-01
9.952284799131506654e-01
9.950558858973569398e-01
9.948759664480540943e-01
9.946903676927907334e-01
9.945006588693084959e-01
9.943083345360997916e-01
9.941148164941215892e-01
9.939214554238918753e-01
9.937295322478509885e-01
9.935402592333099081e-01
9.933547808563365500e-01
9.931741744513933323e-01
9.929994506752851668e-01
9.928315538169221188e-01
9.926713619864619975e-01
9.925196872185700903e-01
9.923772755248151389e-01
9.922448069296648798e-01
9.921228955232312963e-01
9.920120895619376489e-01
9.919128716457685790e-01
9.918256589978338145e-01
9.917508038687805616e-01
9.916885940852375736e-01
9.916392537580959177e-01
9.916029441631337704e-01
9.915797648033377598e-01
9.915697546593434941e-01
9.915728936317187436e-01
9.915891041763710279e-01
9.916182531321526827e-01
9.916601537377260911e-01
9.917145678329131187e-01
9.917812082380204064e-01
9.918597413029787146e-01
9.919497896165174744e-01
9.920509348640018654e-01
9.921627208209775617e-01
9.922846564679209669e-01
9.924162192102068403e-01
9.925568581859217643e-01
9.927059976429299937e-01
9.928630403655797076e-01
9.930273711306842888e-01
9.931983601719533983e-01
9.933753666319106168e-01
9.935577419805307064e-01
9.937448333803395872e-01
9.939359869785272528e-01
9.941305511076788948e-01
9.943278793779857239e-01
9.945273336451968538e-01
9.947282868400605382e-01
9.949301256465294951e-01
9.951322530175245040e-01
9.953340905185390497e-01
9.955350804907981965e-01
9.957346880270642187e-01
9.959324027545058966e-01
9.961277404203330299e-01
9.963202442771669221e-01
9.965094862663883557e-01
9.966950679989947659e-01
9.968766215348274784e-01
9.970538099624037809e-01
9.972263277830025752e-01
9.973939011041019764e-01
9.975562876487276132e-01
9.977132765887020138e-01
9.978646882111691374e-01
9.980103734290206585e-01
9.981502131469583983e-01
9.982841174957992614e-01
9.984120249482352216e-01
9.985339013295452260e-01
9.986497387366841672e-01
9.987595543787322061e-01
9.988633893508693795e-01
9.989613073528850196e-01
9.990533933617838924e-01
9.991397522663884034e-01
9.992205074700758471e-01
9.992957994660387477e-01
9.993657843878581692e-01
9.994306325368672583e-01
9.994905268868813364e-01
9.995456615664861655e-01
9.995962403192771850e-01
9.996424749432675227e-01
9.996845837121024481e-01
9.997227897826742593e-01
9.997573195960977044e-01
9.997884012816299348e-01
