9.997974101516344803e-01
9.997679230485865265e-01
9.997352182912870866e-01
9.996990911495107213e-01
9.996593392252339783e-01
9.996157637508304994e-01
9.995681708347765593e-01
9.995163726441868013e-01
9.994601885171173761e-01
9.993994460010121594e-01
9.993339818167572552e-01
9.992636427504019148e-01
9.991882864766038486e-01
9.991077823192187068e-01
9.990220119551886935e-01
9.989308700680250563e-01
9.988342649568227039e-01
9.987321191059852499e-01
9.986243697197988434e-01
9.985109692247963187e-01
9.983918857416131942e-01
9.982671035268525506e-01
9.981366233844307656e-01
9.980004630450298730e-01
9.978586575116740187e-01
9.977112593690826703e-01
9.975583390543527607e-01
9.973999850866394068e-01
9.972363042538415767e-01
9.970674217547954576e-01
9.968934812961139924e-01
9.967146451435269228e-01
9.965310941283372914e-01
9.963430276103738548e-01
9.961506633995341753e-01
9.959542376386438800e-01
9.957540046508610576e-01
9.955502367551947174e-01
9.953432240538391262e-01
9.951332741949379113e-01
9.949207121140406507e-01
9.947058797568962829e-01
9.944891357853338221e-01
9.942708552668069188e-01
9.940514293467546114e-01
9.938312649012659428e-01
9.936107841656877104e-01
9.933904243328181005e-01
9.931706371122565047e-01
9.929518882403889357e-01
9.927346569284657418e-01
9.925194352343387205e-01
9.923067273417539580e-01
9.920970487297136042e-01
9.918909252133848442e-01
9.916888918374148210e-01
9.914914916023237490e-01
9.912992740049410001e-01
9.911127933746085583e-01
9.909326069880992627e-01
9.907592729478506000e-01
9.905933478101668355e-01
9.904353839524259184e-01
9.902859266710105635e-01
9.901455110045901398e-01
9.900146582804822959e-01
9.898938723850687627e-01
9.897836357626047521e-01
9.896844051502302619e-01
9.895966070605485276e-01
9.895206330267759531e-01
9.894568346291802152e-01
9.894055183252883356e-01
9.893669401101143901e-01
9.893413000363883159e-01
9.893287366283465278e-01
9.893293212259839375e-01
9.893430522996011778e-01
9.893698497768773636e-01
9.894095494263674961e-01
9.894618973421327457e-01
9.895265445739932497e-01
9.896030419465564609e-01
9.896908351076496579e-01
9.897892598430557687e-01
9.898975376895768896e-01
9.900147718725330614e-01
9.901399435870099630e-01
9.902719086347211430e-01
9.904093944204924727e-01
9.905509973043894467e-01
9.906951802976670107e-01
9.908402710833073002e-01
9.909844603351679604e-01
9.911258003039015163e-01
9.912622036330136499e-01
9.913914423648092500e-01
9.915111470936202043e-01
9.916188062226426458e-01
9.917117652809219752e-01
9.917872262584743748e-01
9.918422469201461089e-01
9.918737400625146083e-01
9.918784726828397957e-01
9.918530650346879529e-01
9.917939895513198101e-01
9.916975696251888461e-01
9.915599782399140416e-01
9.913772364598578690e-01
9.911452117919669069e-01
9.908596164448435495e-01
9.905160055211481573e-01
9.901097751914041956e-01
9.896361609101134160e-01
9.890902357487546537e-01
9.884669089346719284e-01
9.877609246999162762e-01
9.869668615595929007e-01
9.860791321548743049e-01
9.850919838112156546e-01
9.839994999769858808e-01
9.827956027212010337e-01
9.814740564807530321e-01
9.800284732568865786e-01
9.784523194671318480e-01
9.767389246619088139e-01
9.748814923141462252e-01
9.728731128851276777e-01
9.707067793601612538e-01
9.683754054334541284e-01
9.658718465027720246e-01
9.631889236112392005e-01
9.603194504462270187e-01
9.572562634740771070e-01
9.539922552548024681e-01
9.505204109434253201e-01
9.468338479447252487e-01
9.429258586464238645e-01
9.387899561127285297e-01
9.344199225762148675e-01
9.298098605217313128e-01
9.249542461118380743e-01
9.198479846597525933e-01
9.144864678133000080e-01
9.088656320725176929e-01
9.029820182247895177e-01
8.968328312452881201e-01
8.904160001775935918e-01
8.837302374802705751e-01
8.767750973004839743e-01
8.695510321160497824e-01
8.620594471732240249e-01
8.543027521396008295e-01
8.462844093902135434e-01
8.380089783507412848e-01
8.294821553349317478e-01
8.207108083341461136e-01
8.117030062453558514e-01
8.024680420597989361e-01
7.930164495775451350e-01
7.833600132628266710e-01
7.735117709104628592e-01
7.634860088540879053e-01
7.532982495110852605e-01
7.429652311258714281e-01
7.325048796411974816e-01
7.219362726949904996e-01
7.112795958066930879e-01
7.005560908808022846e-01
6.897879972152419770e-01
6.789984852575209340e-01
6.682115834016367772e-01
6.574520981630864735e-01
6.467455281080638496e-01
6.361179719462377591e-01
6.255960312248611821e-01
6.152067080861173265e-01
6.049772985704513495e-01
5.949352819670659098e-01
5.851082067298539746e-01
5.755235734936443581e-01
5.662087157425950146e-01
5.571906787004874406e-01
5.484960970318675244e-01
5.401510719636681834e-01
5.321810484587771173e-01
5.246106930956977443e-01
5.174637733311232557e-01
5.107630388440278502e-01
5.045301056796702710e-01
4.987853439284085644e-01
4.935477696862745622e-01
4.888349420505161413e-01
4.846628659027485408e-01
4.810459012238903487e-01
4.779966796680070740e-01
4.755260290959768543e-01
4.736429067343101984e-01
4.723543415795249389e-01
4.716653866145137375e-01
4.715790813409277416e-01
4.720964250614501090e-01
4.732163612690180043e-01
4.749357734175029266e-01
4.772494922613581547e-01
4.801503148613445182e-01
4.836290352608796361e-01
4.876744867438197462e-01
4.922735954906368727e-01
4.974114453568292404e-01
5.030713534058073311e-01
5.092349557391107062e-01
5.158823030802421883e-01
5.229919654851948874e-01
5.305411454734675347e-01
5.385057987985155670e-01
5.468607620068091091e-01
5.555798858705534027e-01
5.646361737214535825e-01
5.740019236624518406e-01
5.836488735919805881e-01
5.935483479419572106e-01
6.036714050073408444e-01
6.139889837325969157e-01
6.244720488196306984e-01
6.350917330334483468e-01
6.458194756064968844e-01
6.566271556806539955e-01
6.674872197772279137e-01
6.783728023498944992e-01
6.892578385526139106e-01
7.001171684434135400e-01
7.109266319442750781e-01
7.216631539857553124e-01
7.323048193806458439e-01
7.428309370920398447e-01
7.532220936854816529e-01
7.634601958802862409e-01
7.735285022394214893e-01
7.834116441583256485e-01
7.930956364286823046e-01
8.025678777614795312e-01
8.118171417529465028e-01
8.208335588656751058e-01
8.296085900741165808e-01
8.381349928877768196e-01
8.464067805161273883e-01
8.544191749761576027e-01
8.621685549665866199e-01
8.696523993422411447e-01
8.768692270185590720e-01
8.838185341203561585e-01
8.905007291619257970e-01
8.969170670084275487e-01
9.030695823227462560e-01
9.089610231490357073e-01
9.145947852255609245e-01
9.199748475568002570e-01
9.251057097096134774e-01
9.299923312321377589e-01
9.346400735283182382e-01
9.390546444568989015e-01
9.432420458623869131e-01
9.472085241878958062e-01
9.509605242666149261e-01
9.545046463404789350e-01
9.578476063118029904e-01
9.609961991963569261e-01
9.639572657146164847e-01
9.667376619315856123e-01
9.693442318344033248e-01
9.717837827205372259e-01
9.740630632573170633e-01
9.761887440653636006e-01
9.781674006736216231e-01
9.800054986916838518e-01
9.817093810453897396e-01
9.832852571238382966e-01
9.847391936895268927e-01
9.860771074079677234e-01
9.873047588585193157e-01
9.884277478940728390e-01
9.894515102234675563e-01
9.903813150969493773e-01
9.912222639815673197e-01
9.919792901200635837e-01
9.926571588735477736e-01
9.932604687550348199e-01
9.937936530677460301e-01
9.942609820689002342e-01
9.946665655864929123e-01
9.950143560232044271e-01
9.953081516879851431e-01
9.955516004019252518e-01
9.957482033306014335e-01
9.959013190000755023e-01
9.960141674580094140e-01
9.960898345448716551e-01
9.961312762429129775e-01
9.961413230725036927e-01
9.961226845066044611e-01
9.960779533747184944e-01
9.960096102277936625e-01
9.959200276354031045e-01
9.958114743863496487e-01
9.956861195638243567e-01
9.955460364666035566e-01
9.953932063486736759e-01
9.952295219512532487e-01
9.950567908035304887e-01
9.948767382715661967e-01
9.946910103387074376e-01
9.945011761054268762e-01
9.943087300016122398e-01
9.941150937098253149e-01
9.939216178037260097e-01
9.937295831115192657e-01
9.935402018197276863e-01
9.933546183376339433e-01
9.931739099472002286e-01
9.929990872670317881e-01
9.928310945618971095e-01
9.926708099313871214e-01
9.925190454124686035e-01
9.923765470309742209e-01
9.922439948365158191e-01
9.921220029539933316e-01
9.920111196828966804e-01
9.919118276730819472e-01
9.918245442027782133e-01
9.917496215813790261e-01
9.916873476962226874e-01
9.916379467191933639e-01
9.916015799856688906e-01
9.915783470551978729e-01
9.915682869603525962e-01
9.915713796475130737e-01
9.915875476108917397e-01
9.916166577189015063e-01
9.916585232299585106e-01
9.917129059929683521e-01
9.917795188260051242e-01
9.918580280650372005e-01
9.919480562729261486e-01
9.920491850973210957e-01
9.921609582644853598e-01
9.922828846945300763e-01
9.924144417220399639e-01
9.925550784046859309e-01
9.927042189011922035e-01
9.928612658990046969e-01
9.930256040712567289e-01
9.931966035421671002e-01
9.933736233398747784e-01
9.935560148159153782e-01
9.937431250110640990e-01
9.939342999480799135e-01
9.941288878329559431e-01
9.943262421475375090e-01
9.945257246177798827e-01
9.947267080434104569e-01
9.949285789762850607e-01
9.951307402362571386e-01
9.953326132548599992e-01
9.955336402385378536e-01
9.957332861445362671e-01
9.959310404638817005e-01
9.961264188071651260e-01
9.963189642901089105e-01
9.965082487171589287e-01
9.966938735626371670e-01
9.968754707503110213e-01
9.970527032336085060e-01
9.972252653801212396e-01
9.973928831654859106e-01
9.975553141831897674e-01
9.977123474782894075e-01
9.978638032143983816e-01
9.980095321845725564e-01
9.981494151778154134e-01
9.982833622138063134e-01
9.984113116590629389e-01
9.985332292380307839e-01
9.986491069525261777e-01
9.987589619225138993e-01
9.988628351603876521e-01
9.989607902897638114e-01
9.990529122183490207e-01
9.991393057727844251e-01
9.992200943016040782e-01
9.992954182506932348e-01
9.993654337140359667e-01
9.994303109612230340e-01
9.994902329422943321e-01
9.995453937700968794e-01
9.995959971805493671e-01
9.996422549720178630e-01
9.996843854264378937e-01
9.997226117167649084e-01
9.997571603077112234e-01
9.997882593593455658e-01
