0.000000000000000000e+00
0.000000000000000000e+00
0.000000000000000000e+00
0.000000000000000000e+00
0.000000000000000000e+00
0.000000000000000000e+00
0.000000000000000000e+00
0.000000000000000000e+00
0.000000000000000000e+00
0.000000000000000000e+00
0.000000000000000000e+00
0.000000000000000000e+00
0.000000000000000000e+00
0.000000000000000000e+00
0.000000000000000000e+00
0.000000000000000000e+00
0.000000000000000000e+00
0.000000000000000000e+00
0.000000000000000000e+00
0.000000000000000000e+00
0.000000000000000000e+00
0.000000000000000000e+00
0.000000000000000000e+00
9.000000000000001055e-03
4.100000000000000172e-02
7.399999999999999634e-02
1.250000000000000000e-01
1.979999999999999816e-01
2.999999999999999889e-01
3.970000000000000195e-01
4.959999999999999964e-01
5.950000000000000844e-01
6.970000000000000639e-01
8.170000000000000595e-01
8.989999999999999103e-01
1.002999999999999892e+00
1.082000000000000073e+00
1.145000000000000018e+00
1.191999999999999948e+00
1.227000000000000091e+00
1.256000000000000005e+00
1.252000000000000002e+00
1.260000000000000009e+00
1.211999999999999966e+00
1.168999999999999817e+00
1.104999999999999982e+00
1.033000000000000140e+00
9.539999999999999591e-01
8.450000000000000844e-01
7.510000000000000009e-01
6.380000000000000115e-01
5.220000000000000195e-01
4.040000000000000258e-01
2.939999999999999836e-01
1.810000000000000220e-01
7.599999999999999811e-02
-2.299999999999999961e-02
-1.150000000000000050e-01
-1.960000000000000075e-01
-2.599999999999999534e-01
-3.180000000000000049e-01
-3.579999999999999849e-01
-3.869999999999999551e-01
-4.040000000000000258e-01
-4.090000000000000302e-01
-4.009999999999999676e-01
-3.750000000000000000e-01
-3.549999999999999822e-01
-3.119999999999999996e-01
-2.720000000000000195e-01
-2.320000000000000118e-01
-1.890000000000000013e-01
-1.449999999999999900e-01
-9.700000000000000289e-02
-6.199999999999999956e-02
-3.600000000000000422e-02
-2.000000000000000042e-02
-4.000000000000000083e-03
0.000000000000000000e+00
0.000000000000000000e+00
0.000000000000000000e+00
0.000000000000000000e+00
0.000000000000000000e+00
0.000000000000000000e+00
0.000000000000000000e+00
0.000000000000000000e+00
0.000000000000000000e+00
0.000000000000000000e+00
0.000000000000000000e+00
0.000000000000000000e+00
0.000000000000000000e+00
0.000000000000000000e+00
0.000000000000000000e+00
0.000000000000000000e+00
0.000000000000000000e+00
0.000000000000000000e+00
0.000000000000000000e+00
0.000000000000000000e+00
0.000000000000000000e+00
0.000000000000000000e+00
