-0.99321
-0.99321
-0.99321
-0.99321
-0.99321
-0.99321
-0.99321
-0.99321
-0.99321
-0.99321
-0.99321
-0.99321
-0.99321
-0.99321
-0.99321
-0.99321
-0.99321
-0.99321
-0.99321
-0.99321
-0.99321
-0.99321
-0.99321
-0.99321
-0.99041
-0.96619
-0.90597
-0.80802
-0.66955
-0.49377
-0.27239
-0.033261
0.23949
0.54019
0.85045
1.1755
1.4886
1.7808
2.0874
2.3458
2.5547
2.7547
2.9042
3.0542
3.1036
3.1211
3.1487
3.0876
2.9979
2.8474
2.6769
2.5055
2.3187
2.084
1.8628
1.605
1.369
1.1516
0.91412
0.71283
0.52613
0.36825
0.22381
0.088926
-0.013651
-0.1072
-0.19208
-0.26729
-0.34161
-0.415
-0.48922
-0.58138
-0.67572
-0.77544
-0.87284
-0.95
-0.98819
-0.99321
-0.99321
-0.99321
-0.99321
-0.99321
-0.99321
-0.99321
-0.99321
-0.99321
-0.99321
-0.99321
-0.99321
-0.99321
-0.99321
-0.99321
-0.99321
-0.99321
-0.99321
-0.99321
-0.99321
-0.99321
-0.99321
-0.99321
