9.997974667544814453e-01
9.997679871095745963e-01
9.997352904339441571e-01
9.996991719956525024e-01
9.996594293864931036e-01
9.996158638195282720e-01
9.995682813742654549e-01
9.995164941788167168e-01
9.994603215219959313e-01
9.993995908917446824e-01
9.993341389393631813e-01
9.992638123716088838e-01
9.991884687747198956e-01
9.991079773757784999e-01
9.990222197475554511e-01
9.989310904631130139e-01
9.988344977060803487e-01
9.987323638417532345e-01
9.986246259531217362e-01
9.985112363447352646e-01
9.983921630160683680e-01
9.982673901048680909e-01
9.981369182999179079e-01
9.980007652218136904e-01
9.978589657697332083e-01
9.977115724318328382e-01
9.975586555567976799e-01
9.974003035842033960e-01
9.972366232316859369e-01
9.970677396374231227e-01
9.968937964570666610e-01
9.967149559149923732e-01
9.965313988104989029e-01
9.963433244803541200e-01
9.961509507198063051e-01
9.959545136648128016e-01
9.957542676387415304e-01
9.955504849671411582e-01
9.953434557643102698e-01
9.951334876953038533e-01
9.949209057166648051e-01
9.947060517985458761e-01
9.944892846299906441e-01
9.942709793079660407e-01
9.940515270093093214e-01
9.938313346430881490e-01
9.936108244790159416e-01
9.933904337455703448e-01
9.931706141893806850e-01
9.929518315853662624e-01
9.927345651850720820e-01
9.925193070887646796e-01
9.923065615251761562e-01
9.920968440213964179e-01
9.918906804443867742e-01
9.916886058949566651e-01
9.914911634348680947e-01
9.912989026280201177e-01
9.911123778774263426e-01
9.909321465409217655e-01
9.907587668101928147e-01
9.905927953397700714e-01
9.904347846150163281e-01
9.902852800508191722e-01
9.901448168156099516e-01
9.900139163784323904e-01
9.898930827800292986e-01
9.897827986322833560e-01
9.896835208538153905e-01
9.895956761530987356e-01
9.895196562740925517e-01
9.894558130231014825e-01
9.894044530993366671e-01
9.893658327554226695e-01
9.893401523178156909e-01
9.893275506006877773e-01
9.893280992501582993e-01
9.893417970586919630e-01
9.893685642918750300e-01
9.894082370714510910e-01
9.894605618593017571e-01
9.895251900868434758e-01
9.896016729729757433e-01
9.896894565711901182e-01
9.897878770827321926e-01
9.898961564678309122e-01
9.900133983811073568e-01
9.901385844504876355e-01
9.902705709115061650e-01
9.904080856010405443e-01
9.905497253065422836e-01
9.906939534590003538e-01
9.908390981504702211e-01
9.909833504502673085e-01
9.911247629880735044e-01
9.912612487674150596e-01
9.913905801693593256e-01
9.915103881039200040e-01
9.916181612655958766e-01
9.917112454496727070e-01
9.917868428873551911e-01
9.918420115604031917e-01
9.918736644596273244e-01
9.918785687562839959e-01
9.918533448610049597e-01
9.917944653513334208e-01
9.916982537561693789e-01
9.915608831934125122e-01
9.913783748658255845e-01
9.911465964296410913e-01
9.908612602607099751e-01
9.905179216541012410e-01
9.901119770050103019e-01
9.896386620316524052e-01
9.890930501144740150e-01
9.884700508404460351e-01
9.877644088562675950e-01
9.869707031498085037e-01
9.860833468947511893e-01
9.850965880087987347e-01
9.840045105905238509e-01
9.828010374134535931e-01
9.814799336677270114e-01
9.800348121490730646e-01
9.784591401013517098e-01
9.767462479219534144e-01
9.748893399385156755e-01
9.728815074603197610e-01
9.707157442981430018e-01
9.683849649321447650e-01
9.658820254885805978e-01
9.631997476629206023e-01
9.603309456995442472e-01
9.572684565069756735e-01
9.540051729530167890e-01
9.505340803466398869e-01
9.468482960736034348e-01
9.429411123109971982e-01
9.388060417028106786e-01
9.344368658346631218e-01
9.298276863015364491e-01
9.249729781181814658e-01
9.198676451783225350e-01
9.145070774263321933e-01
9.088872093641909844e-01
9.030045794778038815e-01
8.968563901306398911e-01
8.904405674397820603e-01
8.837558206203792732e-01
8.768017002598033072e-01
8.695786549631219220e-01
8.620880857973975964e-01
8.543323979543651081e-01
8.463150490497379774e-01
8.380405934831639536e-01
8.295147222960104205e-01
8.207442979849045583e-01
8.117373837573182982e-01
8.025032667513052331e-01
7.930524747844758249e-01
7.833967862468458332e-01
7.735492328076056801e-01
7.635240946661869810e-01
7.533368881421484975e-01
7.430043454651147350e-01
7.325443866939704840e-01
7.219760837623778738e-01
7.113196167140751758e-01
7.005962222551656016e-01
6.898281348105339550e-01
6.790385203268569647e-01
6.682514031146822298e-01
6.574915860664910516e-01
6.467845646263796766e-01
6.361564349203596702e-01
6.256337964846554467e-01
6.152436500535809483e-01
6.050132908894585437e-01
5.949701981555344243e-01
5.851419208499724078e-01
5.755559608356968226e-01
5.662396535178414458e-01
5.572200467385519662e-01
5.485237784781598069e-01
5.401769539724365909e-01
5.322050228775851988e-01
5.246326571372825764e-01
5.174836302288488010e-01
5.107806984873834999e-01
5.045454852265325307e-01
4.987983683910297561e-01
4.935583724881866807e-01
4.888430655517310708e-01
4.846684618907662889e-01
4.810489313680871293e-01
4.779971159349710730e-01
4.755238541232711391e-01
4.736381141599675937e-01
4.723469363243442132e-01
4.716553851139284603e-01
4.715665117228691194e-01
4.720813272662947035e-01
4.731987871073589647e-01
4.749157865612192442e-01
4.772271681632562768e-01
4.801257405985966953e-01
4.836023092975764159e-01
4.876457186082541195e-01
4.922429053634531648e-01
4.973789635669085829e-01
5.030372198317600851e-01
5.091993191154564613e-01
5.158453202087998068e-01
5.229538003538281021e-01
5.305019682861000785e-01
5.384657849222046488e-01
5.468200908435714158e-01
5.555387396635222963e-01
5.645947363067627123e-01
5.739603791798659760e-01
5.836074051687625275e-01
5.935071363656012622e-01
6.036306274036846720e-01
6.139488122663118164e-01
6.244326494342309353e-01
6.350532642477114686e-01
6.457820873835393716e-01
6.565909883848995987e-01
6.674524032331698997e-01
6.783394550148844626e-01
6.892260668139993385e-01
7.000870660482272356e-01
7.108982795674152477e-01
7.216366189402227960e-01
7.322801554710429706e-01
7.428081846101528551e-01
7.532012795445257591e-01
7.634413338822427786e-01
7.735115934679488436e-01
7.833966774879902450e-01
7.930825891397572658e-01
8.025567162483344674e-01
8.118078223131035553e-01
8.208260285559276781e-01
8.296027876197318296e-01
8.381308496306687505e-01
8.464042213880388354e-01
8.544181194832540793e-01
8.621689181724552231e-01
8.696540928370612988e-01
8.768721598631515901e-01
8.838226137548765848e-01
8.905058622701421678e-01
8.969231603297608268e-01
9.030765434055422203e-01
9.089687610398414774e-01
9.146032110904837031e-01
9.199838752322934132e-01
9.251152561812652220e-01
9.300023170411910733e-01
9.346504231067250812e-01
9.390652863926910454e-01
9.432529130980177312e-01
9.472195541549683906e-01
9.509716589610491821e-01
9.545158323426963243e-01
9.578587947569043859e-01
9.610073456995571473e-01
9.639683302573683887e-01
9.667486087138987827e-01
9.693550290988284246e-01
9.717944025531731755e-01
9.740734813710034690e-01
9.761989395699585126e-01
9.781773558379471822e-01
9.800151987013567823e-01
9.817188137603548581e-01
9.832944128389945471e-01
9.847480649013915510e-01
9.860856885898722224e-01
9.873130462463772794e-01
9.884357392843159396e-01
9.894592047843163707e-01
9.903887131937781918e-01
9.912293670167465764e-01
9.919861003873173821e-01
9.926636794265645269e-01
9.932667032898068182e-01
9.937996058179047187e-01
9.942666577131480388e-01
9.946719691671199737e-01
9.950194928746086687e-01
9.953130273740946610e-01
9.955562206614377851e-01
9.957525740290079641e-01
9.959054460875198522e-01
9.960180569321357424e-01
9.960934924179331018e-01
9.961347085125383805e-01
9.961445356956469821e-01
9.961256833763227903e-01
9.960807442995357475e-01
9.960121989135015674e-01
9.959224196692326725e-01
9.958136752235049460e-01
9.956881345164110275e-01
9.955478706950046108e-01
9.953948648554301615e-01
9.952310095774933307e-01
9.950581122279655855e-01
9.948778980120365212e-01
9.946920127562169922e-01
9.945020254105597646e-01
9.943094302631768633e-01
9.941156488655262802e-01
9.939220316726220528e-01
9.937298594079934100e-01
9.935403441686675441e-01
9.933546302905033043e-01
9.931737949986753078e-01
9.929988488718756168e-01
9.928307361517538787e-01
9.926703349311942759e-01
9.925184572562062435e-01
9.923758491764952394e-01
9.922431907792276240e-01
9.921210962391913135e-01
9.920101139165767856e-01
9.919107265310874721e-01
9.918233514381629146e-01
9.917483410298920665e-01
9.916859832798492480e-01
9.916365024477069579e-01
9.916000599561792805e-01
9.915767554497061376e-01
9.915666280413548694e-01
9.915696577517270072e-01
9.915857671412141583e-01
9.916148231347392539e-01
9.916566390361120087e-01
9.917109767272761500e-01
9.917775490459902477e-01
9.918560223338146464e-01
9.919460191446480835e-01
9.920471211024407543e-01
9.921588718951152019e-01
9.922807803901553259e-01
9.924123238558230087e-01
9.925529512705625335e-01
9.927020867019195061e-01
9.928591327352767060e-01
9.930234739319534487e-01
9.931944802957562990e-01
9.933715107269438516e-01
9.935539164427710235e-01
9.937410443443058794e-01
9.939322403100359082e-01
9.941268523978512572e-01
9.943242339382668549e-01
9.945237465031595558e-01
9.947247627357964639e-01
9.949266690294644722e-01
9.951288680435406153e-01
9.953307810473283057e-01
9.955318500834203777e-01
9.957315399437206560e-01
9.959293399525769308e-01
9.961247655527551981e-01
9.963173596912460184e-01
9.965066940031548359e-01
9.966923697932127402e-01
9.968740188157620974e-01
9.970513038554431606e-01
9.972239191122139745e-01
9.973915903957846218e-01
9.975540751360008063e-01
9.977111622171520589e-01
9.978626716455516465e-01
9.980084540610038024e-01
9.981483901038721296e-01
9.982823896503462135e-01
9.984103909291106582e-01
9.985323595329073099e-01
9.986482873384159298e-01
9.987581913474347095e-01
9.988621124615324476e-01
9.989601142011831358e-01
9.990522813789511902e-01
9.991387187346295606e-01
9.992195495384745829e-01
9.992949141669222879e-01
9.993649686535773791e-01
9.994298832169437041e-01
9.994898407654639882e-01
9.995450353800476861e-01
9.995956707744637626e-01
9.996419587347983304e-01
9.996841175405951629e-01
9.997223703722533106e-01
9.997569437116248237e-01
9.997880657453790398e-01
