9.997976121054540366e-01
9.997681502197528491e-01
9.997354726298866012e-01
9.996993745964365408e-01
9.996596536915631770e-01
9.996161110965428032e-01
9.995685528471645043e-01
9.995167910163240688e-01
9.994606448267437937e-01
9.993999416901893085e-01
9.993345181726277504e-01
9.992642208873580012e-01
9.991889073201358773e-01
9.991084465916754143e-01
9.990227201636331378e-01
9.989316224943216582e-01
9.988350616500376589e-01
9.987329598771298445e-01
9.986252541388885851e-01
9.985118966201496082e-01
9.983928552012580893e-01
9.982681139018668715e-01
9.981376732939958307e-01
9.980015508829457316e-01
9.978597814540515198e-01
9.977124173829138298e-01
9.975595289066460092e-01
9.974012043538110772e-01
9.972375503310629830e-01
9.970686918650195629e-01
9.968947724985337544e-01
9.967159543412608125e-01
9.965324180751831129e-01
9.963443629165262827e-01
9.961520065362173826e-01
9.959555849416679152e-01
9.957553523231684744e-01
9.955515808685118095e-01
9.953445605495984116e-01
9.951345988846712620e-01
9.949220206794747723e-01
9.947071677500007869e-01
9.944903986285809072e-01
9.942720882539011207e-01
9.940526276440800890e-01
9.938324235502837833e-01
9.936118980864883099e-01
9.933914883290104747e-01
9.931716458773418577e-01
9.929528363657390555e-01
9.927355389129960406e-01
9.925202454959397569e-01
9.923074602305215208e-01
9.920976985429977857e-01
9.918914862126633203e-01
9.916893582669789042e-01
9.914918577097576735e-01
9.912995340633589114e-01
9.911129417066032454e-01
9.909326379913385718e-01
9.907591811222380418e-01
9.905931277864568063e-01
9.904350305221512052e-01
9.902854348175422761e-01
9.901448759351071383e-01
9.900138754585782186e-01
9.898929375636721373e-01
9.897825450168403760e-01
9.896831549097954150e-01
9.895951941411356145e-01
9.895190546600360904e-01
9.894550884906954114e-01
9.894036025600049244e-01
9.893648533546945956e-01
9.893390414379507058e-01
9.893263058591033055e-01
9.893267184933294267e-01
9.893402783512773579e-01
9.893669059009154720e-01
9.894064374456044142e-01
9.894586196031963654e-01
9.895231039307645915e-01
9.895994417382292241e-01
9.896870791316210170e-01
9.897853523230020212e-01
9.898934832391756977e-01
9.900105754554038295e-01
9.901356104735431485e-01
9.902674443565600004e-01
9.904048047235123331e-01
9.905462881010876908e-01
9.906903576199364014e-01
9.908353410366063097e-01
9.909794290551292573e-01
9.911206739164324375e-01
9.912569882189379289e-01
9.913861439300780676e-01
9.915057715460864340e-01
9.916133593563386528e-01
9.917062527687218187e-01
9.917816536539380001e-01
9.918366196692613990e-01
9.918680635259526923e-01
9.918727521692332072e-01
9.918473058453275426e-01
9.917881970365440836e-01
9.916917492526082789e-01
9.915541356744729251e-01
9.913713776555879154e-01
9.911393430951227490e-01
9.908537447079380778e-01
9.905101382272165633e-01
9.901039205876283056e-01
9.896303281497222937e-01
9.890844350398997342e-01
9.884611516947441334e-01
9.877552237135490687e-01
9.869612311383670900e-01
9.860735882965339094e-01
9.850865443560093970e-01
9.839941847585863544e-01
9.827904337095212384e-01
9.814690579138918292e-01
9.800236717593903135e-01
9.784477441517656082e-01
9.767346072121910749e-01
9.748774670450099933e-01
9.728694167792333314e-01
9.707034520775967845e-01
9.683724892928056160e-01
9.658693864318362854e-01
9.631869670659567451e-01
9.603180472967527415e-01
9.572554658572369757e-01
9.539921173925360876e-01
9.505209889271470924e-01
9.468351994858654752e-01
9.429280427937204445e-01
9.387930329371367844e-01
9.344239528245744664e-01
9.298149052405840775e-01
9.249603662430392337e-01
9.198552406097362244e-01
9.144949189980942084e-01
9.088753364408119761e-01
9.029930317615851854e-01
8.968452074588810774e-01
8.904297895728654488e-01
8.837454870214983549e-01
8.767918498671064542e-01
8.695693259550597576e-01
8.620793153520728280e-01
8.543242220037078338e-01
8.463075020293469031e-01
8.380337080786888215e-01
8.295085291869915833e-01
8.207388255870318172e-01
8.117326579641390705e-01
8.024993106764954920e-01
7.930493085058829550e-01
7.833944265536361140e-01
7.735476929519990996e-01
7.635233841214361661e-01
7.533370123686184971e-01
7.430053056865487671e-01
7.325461796862871022e-01
7.219787016576062477e-01
7.113230468223281644e-01
7.006004469078255248e-01
6.898331312281086314e-01
6.790442605151940647e-01
6.682578537934413809e-01
6.574987086338910380e-01
6.467923151643024671e-01
6.361647642438307271e-01
6.256426502395386890e-01
6.152529688660344220e-01
6.050230105702283367e-01
5.949802499615615137e-01
5.851522318050397242e-01
5.755664541109311028e-01
5.662502488718736959e-01
5.572306610159819540e-01
5.485343261637700696e-01
5.401873477973119231e-01
5.322151744720251543e-01
5.246424777241320836e-01
5.174930313496799439e-01
5.107895927528947055e-01
5.045537870815826054e-01
4.988059948840078972e-01
4.935652440338590408e-01
4.888491066764318882e-01
4.846736019487454250e-01
4.810531052180518907e-01
4.780002645663333771e-01
4.755259252223237310e-01
4.736390626071614873e-01
4.723467246149923859e-01
4.716539836959653398e-01
4.715638992467550139e-01
4.720774907436791068e-01
4.731937219767201608e-01
4.749094966602865897e-01
4.772196656095984979e-01
4.801170455812573401e-01
4.835924497840377034e-01
4.876347299722969542e-01
4.922308299405868670e-01
4.973658501450202163e-01
5.030231230853876578e-01
5.091842989927024554e-01
5.158294412802838513e-01
5.229371311333155248e-01
5.304845805324700514e-01
5.384477529323122846e-01
5.468014907452696249e-01
5.555196487177094244e-01
5.645752322267740819e-01
5.739405394758976264e-01
5.835873065242855873e-01
5.934868540519260272e-01
6.036102347379981303e-01
6.139283801176111943e-01
6.244122457806857707e-01
6.350329537880723407e-01
6.457619312043134663e-01
6.565710436841358799e-01
6.674327231008578831e-01
6.783200882691768907e-01
6.892070578917254275e-01
7.000684549475018059e-01
7.108801018395377591e-01
7.216189057275533836e-01
7.322629335870918244e-01
7.427914766577853323e-01
7.531851040679087284e-01
7.634257055479931608e-01
7.734965232708492788e-01
7.833821729766328179e-01
7.930686546575399509e-01
8.025433531853807256e-01
8.117950293648700244e-01
8.208138019845341304e-01
8.295911215143417783e-01
8.381197361636074650e-01
8.463936510636939081e-01
8.544080813772129135e-01
8.621594001587290501e-01
8.696450818016612239e-01
8.768636419026794027e-01
8.838145743591915293e-01
8.904982864885281346e-01
8.969160329203714754e-01
9.030698489682089658e-01
9.089624841326170435e-01
9.145973363305246462e-01
9.199783873818987434e-01
9.251101402200361257e-01
9.299975582254011996e-01
9.346460070170693468e-01
9.390611989716183272e-01
9.432491406778622522e-01
9.472160834780664063e-01
9.509684771929807212e-01
9.545129270797160226e-01
9.578561540285394083e-01
9.610049579672498288e-01
9.639661844099368659e-01
9.667466940604787506e-01
9.693533353598581259e-01
9.717929198498818089e-01
9.740722002137714997e-01
9.761978508458388770e-01
9.781764507975652112e-01
9.800144689453481606e-01
9.817182512254557514e-01
9.832940097838595017e-01
9.847478138921934576e-01
9.860855824857192031e-01
9.873130781845746995e-01
9.884359026655004099e-01
9.894594932574913848e-01
9.903891206412914761e-01
9.912298875392567821e-01
9.919867282888152893e-01
9.926644091995252550e-01
9.932675296005665233e-01
9.938005234923679154e-01
9.942676617229474489e-01
9.946730546163586872e-01
9.950206549873278350e-01
9.953142614826095969e-01
9.955575221956919352e-01
9.957539385070878213e-01
9.959068691074667301e-01
9.960195341651777445e-01
9.960950196032390958e-01
9.961362814535754673e-01
9.961461502581901994e-01
9.961273354881338138e-01
9.960824299516897185e-01
9.960139141633013171e-01
9.959241606446069817e-01
9.958154381287481760e-01
9.956899156390784933e-01
9.955496664137452045e-01
9.953966716485014299e-01
9.952328240316826724e-01
9.950599310476202497e-01
9.948797180278984298e-01
9.946938309337594042e-01
9.945038388575322408e-01
9.943112362360911893e-01
9.941174447748445386e-01
9.939238150864533328e-01
9.937316280541529379e-01
9.935420959350103054e-01
9.933563632235029583e-01
9.931755073002821455e-01
9.930005388947469314e-01
9.928324023930074071e-01
9.926719760248856606e-01
9.925200719647722103e-01
9.923774363814367172e-01
9.922447494713231286e-01
9.921226255085393575e-01
9.920116129427577478e-01
9.919121945737171542e-01
9.918247878280794794e-01
9.917497451611796411e-01
9.916873546028566189e-01
9.916378404631680521e-01
9.916013642104934966e-01
9.915780255313848546e-01
9.915678635785958317e-01
9.915708584110352053e-01
9.915869326269574069e-01
9.916159531894992440e-01
9.916577334416764034e-01
9.917120353061082971e-01
9.917785716630150850e-01
9.918570088983658106e-01
9.919469696124337821e-01
9.920480354774060539e-01
9.921597502310964822e-01
9.922816227922461874e-01
9.924131304813927912e-01
9.925537223298903644e-01
9.927028224584243388e-01
9.928598335053424595e-01
9.930241400843592414e-01
9.931951122507360896e-01
9.933721089549027994e-01
9.935544814626938726e-01
9.937415767218927831e-01
9.939327406556016653e-01
9.941273213640238193e-01
9.943246722175160812e-01
9.945241548251873009e-01
9.947251418648133114e-01
9.949270197613795386e-01
9.951291912030848508e-01
9.953310774851347187e-01
9.955321206730811667e-01
9.957317855788448968e-01
9.959295615438715776e-01
9.961249640251559345e-01
9.963175359811258236e-01
9.965068490556393543e-01
9.966925045596329857e-01
9.968741342512764669e-01
9.970514009168550684e-01
9.972239987560111985e-01
9.973916535764175695e-01
9.975541228044102482e-01
9.977111953195438865e-01
9.978626911224063312e-01
9.980084608462905793e-01
9.981483851244268291e-01
9.982823738253545631e-01
9.984103651696271120e-01
9.985323247413293579e-01
9.986482444078260690e-01
9.987581411607211468e-01
9.988620558902016056e-01
9.989600521037887981e-01
9.990522145990765601e-01
9.991386480983835972e-01
9.992194758514867381e-01
9.992948382108524097e-01
9.993648911821872982e-01
9.994298049518113292e-01
9.994897623914515972e-01
9.995449575406611942e-01
9.995955940672649476e-01
9.996418837070418784e-01
9.996840446852710560e-01
9.997223001247079743e-01
9.997568764469224600e-01
9.997880017765404803e-01
