9.997983613314810336e-01
9.997689916088656759e-01
9.997364131889423522e-01
9.997004213167915987e-01
9.996608134871226570e-01
9.996173907415032422e-01
9.995699589145775610e-01
9.995183298185476017e-01
9.994623223587576488e-01
9.994017635766299090e-01
9.993364896192522551e-01
9.992663466374911430e-01
9.991911916164845087e-01
9.991108931437281404e-01
9.990253321206982173e-01
9.989344024241040287e-01
9.988380115225151679e-01
9.987360810533632005e-01
9.986285473642974031e-01
9.985153620216949966e-01
9.983964922879067228e-01
9.982719215676579827e-01
9.981416498230015755e-01
9.980056939553980655e-01
9.978640881529103890e-01
9.977168842001707949e-01
9.975641517486920629e-01
9.974059785452539240e-01
9.972424706164484398e-01
9.970737524080059977e-01
9.968999668781753920e-01
9.967212755451803075e-01
9.965378584895538960e-01
9.963499143129326274e-01
9.961576600556143468e-01
9.959613310758189675e-01
9.957611808940827203e-01
9.955574810065426217e-01
9.953505206709747366e-01
9.951406066693271324e-01
9.949280630501023959e-01
9.947132308532777856e-01
9.944964678195182817e-01
9.942781480842157737e-01
9.940586618554260179e-01
9.938384150730750211e-01
9.936178290449310113e-01
9.933973400528280928e-01
9.931773989205402442e-01
9.929584705326250926e-01
9.927410332915376223e-01
9.925255784984462482e-01
9.923126096415363362e-01
9.921026415742251192e-01
9.918961995647074259e-01
9.916938181976459044e-01
9.914960401086567732e-01
9.913034145325329005e-01
9.911164956469090681e-01
9.909358406942800901e-01
9.907620078669164831e-01
9.905955539412386601e-01
9.904370316505596294e-01
9.902869867877454046e-01
9.901459550322104786e-01
9.900144584987274898e-01
9.898930020087489678e-01
9.897820690882845884e-01
9.896821176998435998e-01
9.895935757195203353e-01
9.895168361739757890e-01
9.894522522558291122e-01
9.894001321398039339e-01
9.893607336258336549e-01
9.893342586391513649e-01
9.893208476210835212e-01
9.893205738477088840e-01
9.893334377165996507e-01
9.893593610443529585e-01
9.893981814194006130e-01
9.894496466554659753e-01
9.895134093908913853e-01
9.895890218777692038e-01
9.896759310023059975e-01
9.897734735741244849e-01
9.898808719173100013e-01
9.899972297900420104e-01
9.901215286527947912e-01
9.902526242975485671e-01
9.903892438424910516e-01
9.905299830885765378e-01
9.906733042263352607e-01
9.908175338737660320e-01
9.909608614192513265e-01
9.911013376374280259e-01
9.912368735410015397e-01
9.913652394277420177e-01
9.914840640794199134e-01
9.915908340682703104e-01
9.916828931266998826e-01
9.917574415373460184e-01
9.918115355031761338e-01
9.918420864610172361e-01
9.918458603066276913e-01
9.918194765050911688e-01
9.917594070668405148e-01
9.916619753769646550e-01
9.915233548735583602e-01
9.913395675797369577e-01
9.911064825035617032e-01
9.908198139305141039e-01
9.904751196443609684e-01
9.900677991242777809e-01
9.895930917789705905e-01
9.890460752922123344e-01
9.884216641686457416e-01
9.877146085837426037e-01
9.869194936572728283e-01
9.860307392852167840e-01
9.850426006804029466e-01
9.839491697868144593e-01
9.827443777459812235e-01
9.814219986055975342e-01
9.799756544699111949e-01
9.783988222979476124e-01
9.766848425587373317e-01
9.748269299519518594e-01
9.728181863973571764e-01
9.706516164870199193e-01
9.683201455801331292e-01
9.658166407016790522e-01
9.631339343830507271e-01
9.602648515554784714e-01
9.572022395759927083e-01
9.539390014311347477e-01
9.504681321261793103e-01
9.467827582277651421e-01
9.428761804860664730e-01
9.387419194194976946e-01
9.343737637009339458e-01
9.297658211400618988e-01
9.249125720122149952e-01
9.198089244404112907e-01
9.144502714947558841e-01
9.088325496324235475e-01
9.029522980625954709e-01
8.968067185845497447e-01
8.903937354141447935e-01
8.837120544847929526e-01
8.767612216842818329e-01
8.695416794690769002e-01
8.620548212836156576e-01
8.543030432041363031e-01
8.462897922252763383e-01
8.380196106134546463e-01
8.294981757642344578e-01
8.207323350216386704e-01
8.117301349458023729e-01
8.025008445512397115e-01
7.930549720810649017e-01
7.834042749321648014e-01
7.735617624018805705e-01
7.635416909872311253e-01
7.533595520320289785e-01
7.430320515841433160e-01
7.325770823933095421e-01
7.220136880479164354e-01
7.113620193157473848e-01
7.006432828174776750e-01
6.898796822217180269e-01
6.790943522056467341e-01
6.683112854751669385e-01
6.575552531826814873e-01
6.468517191189548932e-01
6.362267480883840864e-01
6.257069089047633259e-01
6.153191724681355002e-01
6.050908054033561356e-01
5.950492597586303223e-01
5.852220592784935782e-01
5.756366827814711762e-01
5.663204451887728919e-01
5.573003767675790421e-01
5.486031011710752470e-01
5.402547128775940788e-01
5.322806546528540128e-01
5.247055956818981182e-01
5.175533110402383841e-01
5.108465631959284714e-01
5.046069862547919449e-01
4.988549736784144706e-01
4.936095702177067945e-01
4.888883688123624172e-01
4.847074132073710961e-01
4.810811070307708937e-01
4.780221300612733648e-01
4.755413623896774800e-01
4.736478171438234241e-01
4.723485824032103153e-01
4.716487728766236565e-01
4.715514918546267475e-01
4.720578038794741582e-01
4.731667184986855235e-01
4.748751853863625305e-01
4.771781010294371406e-01
4.800683270855656826e-01
4.835367204265677010e-01
4.875721747871146761e-01
4.921616738439553718e-01
4.972903554571314055e-01
5.029415867122242201e-01
5.090970493124147289e-01
5.157368347816198018e-01
5.228395488557944226e-01
5.303824243591970244e-01
5.383414417866013713e-01
5.466914567416362170e-01
5.554063333163876681e-01
5.644590824387549777e-01
5.738220041627122292e-01
5.834668328333839638e-01
5.933648840247141010e-01
6.034872021233780304e-01
6.138047074194219466e-01
6.242883415627591415e-01
6.349092102558413497e-01
6.456387220771093727e-01
6.564487223675410377e-01
6.673116211638432382e-01
6.782005142262796937e-01
6.890892962863228721e-01
6.999527657283012294e-01
7.107667200188321210e-01
7.215080413066008447e-01
7.321547717311969183e-01
7.426861781013228692e-01
7.530828057276454102e-01
7.633265213216412493e-01
7.734005449968147650e-01
7.832894715304054012e-01
7.929792811600819835e-01
8.024573402991831417e-01
8.117123926540310563e-01
8.207345413162396852e-01
8.295152224804406282e-01
8.380471715025417101e-01
8.463243820648242988e-01
8.543420592515055256e-01
8.620965673618186109e-01
8.695853732974195838e-01
8.768069863575508327e-01
8.837608952596747169e-01
8.904475031762377757e-01
8.968680615410797863e-01
9.030246033330997513e-01
9.089198764916645024e-01
9.145572780594188878e-01
9.199407895852387274e-01
9.250749142546225157e-01
9.299646161483416940e-01
9.346152619640836212e-01
9.390325654713959080e-01
9.432225349085888721e-01
9.471914234723171067e-01
9.509456829970949210e-01
9.544919208735460625e-01
9.578368602111261287e-01
9.609873032135486381e-01
9.639500977032270379e-01
9.667321067045629990e-01
9.693401809746147180e-01
9.717811343532023471e-01
9.740617217924095739e-01
9.761886199172276068e-01
9.781684099642479202e-01
9.800075629433060431e-01
9.817124268673175225e-01
9.832892158977424302e-01
9.847440012567407752e-01
9.860827037617740931e-01
9.873110878438501326e-01
9.884347569165626846e-01
9.894591499693723424e-01
9.903895392650623464e-01
9.912310290279385816e-01
9.919885550160565391e-01
9.926668848775399567e-01
9.932706191978941668e-01
9.938041931520836814e-01
9.942718786820131660e-01
9.946777871268608351e-01
9.950258722403885203e-01
9.953199335357905131e-01
9.955636199047178669e-01
9.957604334627120357e-01
9.959137335782695111e-01
9.960267410470374783e-01
9.961025423761390440e-01
9.961440941463071130e-01
9.961542274213890380e-01
9.961356521759358040e-01
9.960909617121275206e-01
9.960226370373740368e-01
9.959330511737598535e-01
9.958244733702905638e-01
9.956990731888654134e-01
9.955589244352449629e-01
9.954060089071852246e-01
9.952422199335069219e-01
9.950693656802355180e-01
9.948891722031188989e-01
9.947032862297671141e-01
9.945132776592855439e-01
9.943206417724425039e-01
9.941268011509717395e-01
9.939331073103526704e-01
9.937408420561369971e-01
9.935512185793905493e-01
9.933653823119076298e-01
9.931844115663536199e-01
9.930093179902673706e-01
9.928410468658039889e-01
9.926804772891530959e-01
9.925284222647074994e-01
9.923856287492959227e-01
9.922527776811774780e-01
9.921304840271120140e-01
9.920192968787689969e-01
9.919196996271462119e-01
9.918321102406721934e-01
9.917568816693994593e-01
9.916943023942947910e-01
9.916445971372201962e-01
9.916079277438709649e-01
9.915843942487888585e-01
9.915740361286414783e-01
9.915768337472913307e-01
9.915927099937684730e-01
9.916215321120966930e-01
9.916631137199595214e-01
9.917172170113970342e-01
9.917835551370330904e-01
9.918617947537144985e-01
9.919515587338494367e-01
9.920524290231550468e-01
9.921639496339462738e-01
9.922856297595482600e-01
9.924169469939171373e-01
9.925573506391568435e-01
9.927062650823759160e-01
9.928630932222960448e-01
9.930272199252475618e-01
9.931980154897164237e-01
9.933748390984593613e-01
9.935570422373892763e-01
9.937439720609496652e-01
9.939349746844992062e-01
9.941293983852942384e-01
9.943265966949199619e-01
9.945259313674310597e-01
9.947267752089611337e-01
9.949285147560950060e-01
9.951305527918288263e-01
9.953323106894335082e-01
9.955332305759770906e-01
9.957327773086380729e-01
9.959304402582677129e-01
9.961257348959363656e-01
9.963182041794674815e-01
9.965074197382158827e-01
9.966929828556344573e-01
9.968745252504817023e-01
9.970517096588862316e-01
9.972242302208811360e-01
9.973918126764543812e-01
9.975542143776074955e-01
9.977112241243346613e-01
9.978626618338025667e-01
9.980083780532664761e-01
9.981482533283527747e-01
9.982821974392241948e-01
9.984101485177551139e-01
9.985320720591445154e-01
9.986479598413511294e-01
9.987578287653119391e-01
9.988617196281281974e-01
9.989596958402774396e-01
9.990518420964955570e-01
9.991382630083462946e-01
9.992190817047618134e-01
9.992944384051044571e-01
9.993644889677174570e-01
9.994294034156168127e-01
9.994893644400649757e-01
9.995445658823608470e-01
9.995952111943450236e-01
9.996415118789049314e-01
9.996836859131309483e-01
9.997219561586806469e-01
9.997565487662212202e-01
9.997876915833942002e-01
