9.997990322163173849e-01
9.997697476069055122e-01
9.997372612295621908e-01
9.997013683943867246e-01
9.996618666061265479e-01
9.996185568599776916e-01
9.995712448873510514e-01
9.995197423408553883e-01
9.994638679112876067e-01
9.994034483727963769e-01
9.993383195554210729e-01
9.992683272467605127e-01
9.991933280264998496e-01
9.991131900388774412e-01
9.990277937089037108e-01
9.989370324083012287e-01
9.988408130767956195e-01
9.987390568036523808e-01
9.986316993733471703e-01
9.985186917780918270e-01
9.984000006987318043e-01
9.982756089543769473e-01
9.981455159201193528e-01
9.980097379113748168e-01
9.978683085328089453e-01
9.977212789894811529e-01
9.975687183577687245e-01
9.974107138137952022e-01
9.972473708174562912e-01
9.970788132506825940e-01
9.969051835092496150e-01
9.967266425482070868e-01
9.965433698818033648e-01
9.963555635395713317e-01
9.961634399809933260e-01
9.959672339718036449e-01
9.957671984255004327e-01
9.955636042139662800e-01
9.953567399512102121e-01
9.951469117541161813e-01
9.949344429836824988e-01
9.947196739695569612e-01
9.945029617197094218e-01
9.942846796158366640e-01
9.940652170935957432e-01
9.938449793050319059e-01
9.936243867586554979e-01
9.934038749305791338e-01
9.931838938380220805e-01
9.929649075643790512e-01
9.927473937230287815e-01
9.925318428451844754e-01
9.923187576754428640e-01
9.921086523573459104e-01
9.919020514902769925e-01
9.916994890384340788e-01
9.915015070724794155e-01
9.913086543247808802e-01
9.911214845399395346e-01
9.909405546035168211e-01
9.907664224335112069e-01
9.905996446211461359e-01
9.904407738098660596e-01
9.902903558040495602e-01
9.901489264017860892e-01
9.900170079490869801e-01
9.898951056160768536e-01
9.897837033990154465e-01
9.896832598554312632e-01
9.895942035831809536e-01
9.895169284579073965e-01
9.894517886471213552e-01
9.893990934229709433e-01
9.893591017996509196e-01
9.893320170252658530e-01
9.893179809617166365e-01
9.893170683896986839e-01
9.893292812790421831e-01
9.893545430672177066e-01
9.893926929907076451e-01
9.894434805149375789e-01
9.895065599084107433e-01
9.895814850054951428e-01
9.896677041998893642e-01
9.897645557071349520e-01
9.898712631296884279e-01
9.899869313521303393e-01
9.901105427872278764e-01
9.902409539860124177e-01
9.903768926170181119e-01
9.905169548116571354e-01
9.906596028646402763e-01
9.908031632706875147e-01
9.909458250717616545e-01
9.910856384829129784e-01
9.912205137597449589e-01
9.913482202666084042e-01
9.914663857020151738e-01
9.915724954364478760e-01
9.916638919177487299e-01
9.917377741005416469e-01
9.917911968586398119e-01
9.918210703430128117e-01
9.918241592525721684e-01
9.917970819906800628e-01
9.917363096868343497e-01
9.916381650703584016e-01
9.914988211911029969e-01
9.913142999911133124e-01
9.910804707409365255e-01
9.907930483647560127e-01
9.904475916898488608e-01
9.900395016680061389e-01
9.895640196295243385e-01
9.890162256441396016e-01
9.883910370777723164e-01
9.876832074490357050e-01
9.868873257049323167e-01
9.859978160507494316e-01
9.850089384844763485e-01
9.839147902007006063e-01
9.827093080423552340e-01
9.813862721903718889e-01
9.799393112906515935e-01
9.783619092242540338e-01
9.766474137297960212e-01
9.747890470862961010e-01
9.727799190597360424e-01
9.706130423071969160e-01
9.682813504184399900e-01
9.657777187562505139e-01
9.630949882338885049e-01
9.602259921408349275e-01
9.571635860970386656e-01
9.539006811814663145e-01
9.504302802434259068e-01
9.467455173653530620e-01
9.428397004040599549e-01
9.387063564943469718e-01
9.343392803548868919e-01
9.297325851919104878e-01
9.248807559519284238e-01
9.197787046310290648e-01
9.144218273056621271e-01
9.088060625087780453e-01
9.029279505362644009e-01
8.967846932323320086e-01
8.903742137694573566e-01
8.836952159092396064e-01
8.767472422057079884e-01
8.695307305928081654e-01
8.620470687835999346e-01
8.542986459006651767e-01
8.462889007558627164e-01
8.380223662032943999e-01
8.295047090024819658e-01
8.207427646495031315e-01
8.117445666622087330e-01
8.025193698415316046e-01
7.930776670739450029e-01
7.834311992898221888e-01
7.735929582480233213e-01
7.635771818775979325e-01
7.533993419718930662e-01
7.430761240973855486e-01
7.326253996478634400e-01
7.220661900427902680e-01
7.114186231354364676e-01
7.007038819603992330e-01
6.899441460103381552e-01
6.791625252871971163e-01
6.683829874232358748e-01
6.576302782114686885e-01
6.469298359235197138e-01
6.363076998256962380e-01
6.257904133317081508e-01
6.154049222536890351e-01
6.051784686328264273e-01
5.951384806480448653e-01
5.853124591167719881e-01
5.757278611168705762e-01
5.664119812741735815e-01
5.573918312764098992e-01
5.486940181920842985e-01
5.403446221922538761e-01
5.323690742940416776e-01
5.247920347666887864e-01
5.176372728633602538e-01
5.109275485638382630e-01
5.046844970335873093e-01
4.989285165222233642e-01
4.936786604379134191e-01
4.889525343423556381e-01
4.847661986125926248e-01
4.811340775099584022e-01
4.780688753820256931e-01
4.755815007000030459e-01
4.736809986012390228e-01
4.723744925642530124e-01
4.716671357922963548e-01
4.715620728213291146e-01
4.720604118001695548e-01
4.731612078153409895e-01
4.748614575518850245e-01
4.771561054951776182e-01
4.800380617888209134e-01
4.834982317710581068e-01
4.875255571180397984e-01
4.921070684276244167e-01
4.972279489831730181e-01
5.028716093438404533e-01
5.090197723168727872e-01
5.156525677790615436e-01
5.227486367294363889e-01
5.302852438739704688e-01
5.382383979662757056e-01
5.465829790564193935e-01
5.552928717339931097e-01
5.643411033919401021e-01
5.736999864854329667e-01
5.833412637160446668e-01
5.932362550365746223e-01
6.033560053471311857e-01
6.136714317393595630e-01
6.241534691438859195e-01
6.347732132468805188e-01
6.455020595656566496e-01
6.563118376107706098e-01
6.671749391131942541e-01
6.780644393595989250e-01
6.889542107560251427e-01
6.998190278293404676e-01
7.106346629757152034e-01
7.213779723743714012e-01
7.320269716013323436e-01
7.425609005998722312e-01
7.529602777897177468e-01
7.632069432235748518e-01
7.732840908250373513e-01
7.831762898641433379e-01
7.928694959437029288e-01
8.023510518790457624e-01
8.116096789542800449e-01
8.206354591279596544e-01
8.294198088389926893e-01
8.379554451286799210e-01
8.462363448462932869e-01
8.542576977432380092e-01
8.620158542844982286e-01
8.695082690160407246e-01
8.767334403236176632e-01
8.836908474028102312e-01
8.903808852331601686e-01
8.968047983121041344e-01
9.029646138585130100e-01
9.088630751424304766e-01
9.145035755386884402e-01
9.198900938390240922e-01
9.250271312917083266e-01
9.299196507710401072e-01
9.345730184127696294e-01
9.389929479868649453e-01
9.431854482171642129e-01
9.471567731993000283e-01
9.509133760145876968e-01
9.544618655889207659e-01
9.578089668024525327e-01
9.609614838181834706e-01
9.639262665654986240e-01
9.667101802881110650e-01
9.693200780444863884e-01
9.717627760322814501e-01
9.740450315962109196e-01
9.761735237705334578e-01
9.781548362025239696e-01
9.799954423013326199e-01
9.817016924570157732e-01
9.832798031767742142e-01
9.847358479891271665e-01
9.860757499715012697e-01
9.873052757622223785e-01
9.884300309239095750e-01
9.894554565316131534e-01
9.903868268655794393e-01
9.912292480951887530e-01
9.919876578473624251e-01
9.926668255595373358e-01
9.932713535241580738e-01
9.938056785385180891e-01
9.942740740806484956e-01
9.946806529387696161e-01
9.950293702284890296e-01
9.953240267383590689e-01
9.955682725504756414e-01
9.957656108883830015e-01
9.959194021495219040e-01
9.960328680837230442e-01
9.961090960827253538e-01
9.961510435483612591e-01
9.961615423089118515e-01
9.961433030542641287e-01
9.960989197610180534e-01
9.960308740787535697e-01
9.959415396484782024e-01
9.958331863240433846e-01
9.957079842672628134e-01
9.955680078878014205e-01
9.954152395997947211e-01
9.952515733687508082e-01
9.950788180246584735e-01
9.948987003204087243e-01
9.947128677185927970e-01
9.945228908943927193e-01
9.943302659474912986e-01
9.941364163215284933e-01
9.939426944354229354e-01
9.937503830366590796e-01
9.935606962922003405e-01
9.933747806378258050e-01
9.931937154112467914e-01
9.930185132981790286e-01
9.928501206235315069e-01
9.926894175219549421e-01
9.925372180231466501e-01
9.923942700875406642e-01
9.922612556273846529e-01
9.921387905467843327e-01
9.920274248322066279e-01
9.919276427222809556e-01
9.918398629826818969e-01
9.917644393085439658e-01
9.917016608733900673e-01
9.916517530400806857e-01
9.916148782459115463e-01
9.915911370707870542e-01
9.915805694944441750e-01
9.915831563460073550e-01
9.915988209467464509e-01
9.916274309447459245e-01
9.916688003382572170e-01
9.917226916827337480e-01
9.917888184748977487e-01
9.918668477056102883e-01
9.919564025717640954e-01
9.920570653358828928e-01
9.921683803205724184e-01
9.922898570234511828e-01
9.924209733367160835e-01
9.925611788541207625e-01
9.927098982469128030e-01
9.928665346892434629e-01
9.930304733127908179e-01
9.932010846698520190e-01
9.933777281840068252e-01
9.935597555676218828e-01
9.937465141859687101e-01
9.939373503485139372e-01
9.941316125089930678e-01
9.943286543571295821e-01
9.945278377862593056e-01
9.947285357226105518e-01
9.949301348035218817e-01
9.951320378934014332e-01
9.953336664277291357e-01
9.955344625768364208e-01
9.957338912225832672e-01
9.959314417423755783e-01
9.961266295962546424e-01
9.963189977140539666e-01
9.965081176808833208e-01
9.966935907204820255e-01
9.968750484773004628e-01
9.970521535995241491e-01
9.972246001266549253e-01
9.973921136866908954e-01
9.975544515093840436e-01
9.977114022634759882e-01
9.978627857271643586e-01
9.980084523023060594e-01
9.981482823839534779e-01
9.982821855976971026e-01
9.984100999179019720e-01
9.985319906802276879e-01
9.986478495017766521e-01
9.987576931218101750e-01
9.988615621751993912e-01
9.989595199096670264e-01
9.990516508564803999e-01
9.991380594626443346e-01
9.992188686909218021e-01
9.992942185922957243e-01
9.993642648539071693e-01
9.994291773242025556e-01
9.994891385161054354e-01
9.995443420886216401e-01
9.995949913074401172e-01
9.996412974858598366e-01
9.996834784087238468e-01
9.997217567439206087e-01
9.997563584483064592e-01
9.997875111774482404e-01
