9.997988062286637945e-01
9.997694924985516263e-01
9.997369745536300867e-01
9.997010476688695801e-01
9.996615093324027201e-01
9.996181605420060290e-01
9.995708070512213661e-01
9.995192605543707920e-01
9.994633398032669591e-01
9.994028716518064126e-01
9.993376920276790809e-01
9.992676468329813044e-01
9.991925927775036076e-01
9.991123981498134521e-01
9.990269435319902858e-01
9.989361224640206371e-01
9.988398420635214991e-01
9.987380236057232796e-01
9.986306030676297407e-01
9.985175316391060596e-01
9.983987762024320034e-01
9.982743197807055768e-01
9.981441619544672017e-01
9.980083192450962537e-01
9.978668254629560197e-01
9.977197320179321816e-01
9.975671081899362136e-01
9.974090413571080616e-01
9.972456371798157360e-01
9.970770197390926848e-01
9.969033316288188340e-01
9.967247340017120205e-01
9.965414065699843560e-01
9.963535475623104265e-01
9.961613736394905327e-01
9.959651197718307758e-01
9.957650390817637254e-01
9.955614026555590357e-01
9.953544993280800668e-01
9.951446354444178910e-01
9.949321346018283885e-01
9.947173373747304481e-01
9.945006010245612815e-01
9.942822991950491796e-01
9.940628215919796729e-01
9.938425736448086578e-01
9.936219761455804544e-01
9.934014648585814955e-01
9.931814900920590272e-01
9.929625162212449840e-01
9.927450211499010413e-01
9.925294956957368964e-01
9.923164428834072570e-01
9.921063771274478693e-01
9.918998232865130493e-01
9.916973155696906517e-01
9.914993962755181967e-01
9.913066143446302991e-01
9.911195237077375930e-01
9.909386814118484876e-01
9.907646455092801174e-01
9.905979726960107978e-01
9.904392156882666498e-01
9.902889203288541831e-01
9.901476224175957963e-01
9.900158442632640554e-01
9.898940909576010583e-01
9.897828463753328698e-01
9.896825689075309240e-01
9.895936869392275570e-01
9.895165940858612341e-01
9.894516442068848061e-01
9.893991462187196051e-01
9.893593587331174222e-01
9.893324845508455478e-01
9.893186650443533958e-01
9.893179744665696607e-01
9.893304142260954670e-01
9.893559071716165887e-01
9.893942919301994543e-01
9.894453173450853400e-01
9.895086370585104429e-01
9.895838042838449589e-01
9.896702668088860344e-01
9.897673622684464156e-01
9.898743137195076258e-01
9.899902255462444955e-01
9.901140797153646922e-01
9.902447323946435009e-01
9.903809109395317334e-01
9.905212112445572759e-01
9.906640954481988892e-01
9.908078899722815303e-01
9.909507838699657123e-01
9.910908274503101856e-01
9.912259311423525787e-01
9.913538645578079400e-01
9.914722557089218347e-01
9.915785903367534404e-01
9.916702113052239254e-01
9.917443180175862238e-01
9.917979658145098520e-01
9.918280653166341443e-01
9.918313816791531901e-01
9.918045337316588883e-01
9.917439929830184075e-01
9.916460824784402162e-01
9.915069755040353261e-01
9.913226941431094730e-01
9.910891076981062087e-01
9.908019310025902859e-01
9.904567226589338080e-01
9.900488832494612756e-01
9.895736535817375445e-01
9.890261130424100600e-01
9.884011781484802750e-01
9.876936013999397801e-01
9.868979705531698565e-01
9.860087084500753773e-01
9.850200735532532725e-01
9.839261613521275152e-01
9.827209068184270535e-01
9.813980881010774260e-01
9.799513316599591795e-01
9.783741190444885660e-01
9.766597955260833963e-01
9.748015807928235299e-01
9.727925819096502336e-01
9.706258087380187360e-01
9.682941919949092924e-01
9.657906041125184915e-01
9.631078830369375066e-01
9.602388590769233012e-01
9.571763848828356291e-01
9.539133686013656632e-01
9.504428102142949975e-01
9.467578410297095015e-01
9.428517662523633325e-01
9.387181105167632378e-01
9.343506662225424808e-01
9.297435444672981220e-01
9.248912283277889168e-01
9.197886281967002642e-01
9.144311388395826024e-01
9.088146977955572359e-01
9.029358447064874671e-01
8.967917811230687875e-01
8.903804303032724077e-01
8.837004964893786507e-01
8.767515231250405661e-01
8.695339494540503811e-01
8.620491649283130720e-01
8.542995608445264066e-01
8.462885786277334343e-01
8.380207541856540265e-01
8.295017577708745371e-01
8.207384288087219426e-01
8.117388051770587643e-01
8.025121464601213672e-01
7.930689507415906725e-01
7.834209645517752341e-01
7.735811856393656205e-01
7.635638582987602785e-01
7.533844610483421134e-01
7.430596865220890912e-01
7.326074135051405811e-01
7.220466711121044101e-01
7.113975951735542758e-01
7.006813769601336617e-01
6.899202044337819917e-01
6.791371962709662480e-01
6.683563289527671980e-01
6.576023572608632461e-01
6.469007285568200150e-01
6.362774912548687656e-01
6.257591979259730097e-01
6.153728034942760328e-01
6.051455590067672530e-01
5.951049014742704202e-01
5.852783402976446947e-01
5.756933408083697579e-01
5.663772054683140489e-01
5.573569532901232471e-01
5.486591980577870675e-01
5.403100259466192545e-01
5.323348731631184494e-01
5.247584042474202626e-01
5.176043917037165265e-01
5.108955976461337922e-01
5.046536581680373112e-01
4.988989711603286636e-01
4.936505883177556564e-01
4.889261120802568250e-01
4.847415982577542026e-01
4.811114650805503601e-01
4.780484094026816733e-01
4.755633307617548322e-01
4.736652639654536090e-01
4.723613208322414714e-01
4.716566416617617996e-01
4.715543569498574783e-01
4.720555597944696702e-01
4.731592893630180985e-01
4.748625257101918296e-01
4.771601961485252286e-01
4.800451932839113756e-01
4.835084047354193393e-01
4.875387544645584104e-01
4.921232555444919887e-01
4.972470741055704524e-01
5.028936041007140423e-01
5.090445524434213942e-01
5.156800339830891478e-01
5.227786756975451032e-01
5.303177294017681342e-01
5.382731921952998988e-01
5.466199337994195329e-01
5.553318298694769339e-01
5.643819003085632779e-01
5.737424515568128047e-01
5.833852217868895629e-01
5.932815279016584453e-01
6.034024132055277878e-01
6.137187946074702527e-01
6.242016082121180087e-01
6.348219521663254206e-01
6.455512256527315973e-01
6.563612629594993697e-01
6.672244616065912126e-01
6.781139035734293774e-01
6.890034687500337096e-01
6.998679398228380144e-01
7.106830979061604658e-01
7.214258083392470766e-01
7.320740961852036932e-01
7.426072110899629708e-01
7.530056812846654957e-01
7.632513566412103545e-01
7.733274408160399904e-01
7.832185126392815500e-01
7.929105370230353778e-01
8.023908657719686088e-01
8.116482287796262796e-01
8.206727161835217776e-01
8.294557521298377978e-01
8.379900608634729409e-01
8.462696259105655372e-01
8.542896431581159522e-01
8.620464686588994452e-01
8.695375619997243177e-01
8.767614260678018301e-01
8.837175440343191246e-01
8.904063143472868980e-01
8.968289844885717343e-01
9.029875842041008571e-01
9.088848588630356051e-01
9.145242035428113869e-01
9.199095983739301596e-01
9.250455456128200415e-01
9.299370088444943727e-01
9.345893546505026350e-01
9.390082970131101714e-01
9.431998446648452994e-01
9.471702515344745388e-01
9.509259703868687685e-01
9.544736097056407687e-01
9.578198938242610261e-01
9.609716262737549863e-01
9.639356562830840858e-01
9.667188483417680223e-01
9.693280547129672353e-01
9.717700907687378820e-01
9.740517130070657226e-01
9.761795996020767863e-01
9.781603333339968787e-01
9.800003867434585736e-01
9.817061093551242568e-01
9.832837168178270026e-01
9.847392818120989100e-01
9.860787265806896240e-01
9.873078169431546147e-01
9.884321576615892058e-01
9.894571890309002971e-01
9.903881845735308387e-01
9.912302497252034605e-01
9.919883214049790565e-01
9.926671683697252391e-01
9.932713922599289980e-01
9.938054292506658394e-01
9.942735522284017469e-01
9.946798734211181880e-01
9.950283474159211661e-01
9.953227745047238395e-01
9.955668043046647098e-01
9.957639396055102399e-01
9.959175404012656774e-01
9.960308280674901038e-01
9.961068896492931701e-01
9.961486822276606201e-01
9.961590373336245419e-01
9.961406653809301570e-01
9.960961600883755374e-01
9.960280028630723592e-01
9.959385671156936182e-01
9.958301224785505168e-01
9.957048388972959962e-01
9.955647905673934428e-01
9.954119596873846065e-01
9.952482400025917109e-01
9.950754401152579476e-01
9.948952865403146717e-01
9.947094264899182248e-01
9.945194303745418241e-01
9.943267940136094607e-01
9.941329405542469466e-01
9.939392221024980767e-01
9.937469210771184835e-01
9.935572513015947793e-01
9.933713588551580376e-01
9.931903227080907115e-01
9.930151551704297086e-01
9.928468021861334147e-01
9.926861435068481399e-01
9.925339927805533202e-01
9.923910975905920751e-01
9.922581394799661059e-01
9.921357339943630560e-01
9.920244307753023350e-01
9.919247137321554053e-01
9.918370013187591816e-01
9.917616469370327259e-01
9.916989394865640683e-01
9.916491040756865161e-01
9.916123029062029470e-01
9.915886363407452331e-01
9.915781441588117362e-01
9.915808070048508505e-01
9.915965480293504886e-01
9.916252347217383578e-01
9.916666809319507614e-01
9.917206490757517479e-01
9.917868525172220950e-01
9.918649581202420018e-01
9.919545889592288335e-01
9.920553271778335125e-01
9.921667169827510513e-01
9.922882677582630651e-01
9.924194572856496199e-01
9.925597350502213256e-01
9.927085256174795758e-01
9.928652320588836622e-01
9.930292394069245576e-01
9.931999181187238790e-01
9.933766275272249979e-01
9.935587192592175709e-01
9.937455405999411351e-01
9.939364377848116661e-01
9.941307591998673754e-01
9.943278584737880177e-01
9.945270974457470770e-01
9.947278489948481184e-01
9.949294997184296996e-01
9.951314524480533441e-01
9.953331285934783335e-01
9.955339703063699197e-01
9.957334424568647924e-01
9.959310344174455709e-01
9.961262616498590683e-01
9.963186670920763932e-01
9.965078223435580584e-01
9.966933286483650178e-01
9.968748176769728353e-01
9.970519521090036585e-01
9.972244260204867761e-01
9.973919650806902792e-01
9.975543265650010927e-01
9.977112991917567175e-01
9.978627027922836179e-01
9.980083878246567286e-01
9.981482347427808044e-01
9.982821532332812886e-01
9.984100813332990043e-01
9.985319844425940561e-01
9.986478542433129268e-01
9.987577075403705207e-01
9.988615850346207470e-01
9.989595500398775751e-01
9.990516871534488308e-01
9.991381008882271875e-01
9.992189142726594087e-01
9.992942674231950484e-01
9.993643160922379698e-01
9.994292301933104250e-01
9.994891923042331650e-01
9.995443961487064932e-01
9.995950450568420464e-01
9.996413504059598054e-01
9.996835300443226435e-01
9.997218067023664334e-01
9.997564063982784521e-01
9.997875568473341135e-01
