9.997998387496619399e-01
9.997706804838865091e-01
9.997383350888666698e-01
9.997025987595000718e-01
9.996632698316501031e-01
9.996201500644452675e-01
9.995730458731423296e-01
9.995217695021080262e-01
9.994661401309761217e-01
9.994059849103820170e-01
9.993411399266650674e-01
9.992714510974317621e-01
9.991967750017987093e-01
9.991169796504338896e-01
9.990319452011995338e-01
9.989415646263146709e-01
9.988457443365775790e-01
9.987444047674302050e-01
9.986374809306115541e-01
9.985249229339717703e-01
9.984066964707966063e-01
9.982827832788360167e-01
9.981531815682131992e-01
9.980179064165670688e-01
9.978769901291953959e-01
9.977304825616288841e-01
9.975784514019760962e-01
9.974209824105219058e-01
9.972581796144162070e-01
9.970901654558110838e-01
9.969170808924658900e-01
9.967390854505959741e-01
9.965563572305478068e-01
9.963690928667008340e-01
9.961775074437804189e-01
9.959818343724728962e-01
9.957823252278156234e-01
9.955792495542635789e-01
9.953728946415487666e-01
9.951635652754357020e-01
9.949515834671917025e-01
9.947372881650193843e-01
9.945210349498257996e-01
9.943031957165336943e-01
9.940841583406786475e-01
9.938643263283226670e-01
9.936441184453723707e-01
9.934239683202913396e-01
9.932043240119946548e-01
9.929856475324863041e-01
9.927684143116356497e-01
9.925531125894666573e-01
9.923402427195396891e-01
9.921303163655215140e-01
9.919238555719352979e-01
9.917213916894127568e-01
9.915234641345833655e-01
9.913306189650400446e-01
9.911434072506343229e-01
9.909623832236404972e-01
9.907881021920673659e-01
9.906211182025256301e-01
9.904619814415243084e-01
9.903112353668050982e-01
9.901694135632712612e-01
9.900370363211622449e-01
9.899146069373409018e-01
9.898026077438525361e-01
9.897014958712717636e-01
9.896116987577798785e-01
9.895336094183981857e-01
9.894675814923502566e-01
9.894139240901330679e-01
9.893728964655126301e-01
9.893447025412748230e-01
9.893294853210971018e-01
9.893273212232318592e-01
9.893382143747037061e-01
9.893620909072450287e-01
9.893987932980816691e-01
9.894480747997578263e-01
9.895095940033168391e-01
9.895829095782046059e-01
9.896674752301676259e-01
9.897626349151362746e-01
9.898676183426615705e-01
9.899815367969918567e-01
9.901033792974844872e-01
9.902320091129481749e-01
9.903661606369305037e-01
9.905044366231817721e-01
9.906453057727844236e-01
9.907871006570340144e-01
9.909280159533088161e-01
9.910661069651082178e-01
9.911992883923365083e-01
9.913253333138982715e-01
9.914418723418314539e-01
9.915463929045928992e-01
9.916362386167116849e-01
9.917086086928369459e-01
9.917605573661617546e-01
9.917889932742555148e-01
9.917906787794090739e-01
9.917622291956398328e-01
9.917001119004528187e-01
9.916006453162907741e-01
9.914599977542968290e-01
9.912741861215736972e-01
9.910390745025587922e-01
9.907503726354828233e-01
9.904036343161575218e-01
9.899942557735714743e-01
9.895174740749579367e-01
9.889683656320787941e-01
9.883418448953695812e-01
9.876326633381292686e-01
9.868354088488939801e-01
9.859445056661867435e-01
9.849542150055803358e-01
9.838586365439981885e-01
9.826517109398631433e-01
9.813272235795378329e-01
9.798788097499038230e-01
9.782999614433443014e-01
9.765840360043204216e-01
9.747242668257337650e-01
9.727137762980100355e-01
9.705455912041225375e-01
9.682126607394893059e-01
9.657078773168952246e-01
9.630241002934487593e-01
9.601541827293742504e-01
9.570910012575072345e-01
9.538274891081451878e-01
9.503566722968578295e-01
9.466717089434920629e-01
9.427659316493866015e-01
9.386328928172605890e-01
9.342664127548085951e-01
9.296606303592084286e-01
9.248100561359784422e-01
9.197096272623690449e-01
9.143547643632140565e-01
9.087414296263846003e-01
9.028661858461979328e-01
8.967262559468954786e-01
8.903195825051635204e-01
8.836448867612740621e-01
8.767017265833417783e-01
8.694905528290900465e-01
8.620127635349799089e-01
8.542707553541565302e-01
8.462679716629388782e-01
8.380089467609397325e-01
8.294993456026825696e-01
8.207459985189878848e-01
8.117569304144373055e-01
8.025413839627834056e-01
7.931098363648860783e-01
7.834740092831083969e-01
7.736468716213434904e-01
7.636426348800473551e-01
7.534767408797353738e-01
7.431658417131095096e-01
7.327277718540454732e-01
7.221815124197075164e-01
7.115471476487591485e-01
7.008458137227874252e-01
6.900996401185407469e-01
6.793316837345342307e-01
6.685658560863541044e-01
6.578268439102044063e-01
6.471400235538299350e-01
6.365313695680695494e-01
6.260273579413725420e-01
6.156548644443698981e-01
6.054410585726984761e-01
5.954132935947709093e-01
5.855989932278626853e-01
5.760255354817073181e-01
5.667201342244420070e-01
5.577097190418934813e-01
5.490208139781476149e-01
5.406794157632941467e-01
5.327108721530477986e-01
5.251397610242438674e-01
5.179897708893961283e-01
5.112835835118076933e-01
5.050427593191131326e-01
4.992876263266653458e-01
4.940371732916245540e-01
4.893089478230044920e-01
4.851189601712023736e-01
4.814815934118433782e-01
4.784095207224166035e-01
4.759136304256901262e-01
4.740029594409682634e-01
4.726846357429909107e-01
4.719638303787273559e-01
4.718437195351001812e-01
4.723254570862449597e-01
4.734081579781620475e-01
4.750888927323156929e-01
4.773626932689117863e-01
4.802225701661282375e-01
4.836595413844685387e-01
4.876626723965516996e-01
4.922191275728713400e-01
4.973142325841656275e-01
5.029315474916751239e-01
5.090529501084464226e-01
5.156587291284948638e-01
5.227276864367309539e-01
5.302372479315855536e-01
5.381635821149981513e-01
5.464817256313951876e-01
5.551657148694300048e-01
5.641887226782510423e-01
5.735231991950451302e-01
5.831410157333762889e-01
5.930136106436394439e-01
6.031121360286906263e-01
6.134076041805283097e-01
6.238710325986477345e-01
6.344735864582320417e-01
6.451867174172469799e-01
6.559822976861519050e-01
6.668327483324441030e-01
6.777111608543506804e-01
6.885914111331696841e-01
6.994482649611255543e-01
7.102574744399703377e-01
7.209958646534317950e-01
7.316414101322039620e-01
7.421733007515842750e-01
7.525719968269084514e-01
7.628192732984507840e-01
7.728982530231784942e-01
7.827934293134672927e-01
7.924906779804666845e-01
8.019772592502948383e-01
8.112418100228097062e-01
8.202743270338381798e-01
8.290661415611041418e-01
8.376098863807119876e-01
8.458994557341730225e-01
8.539299591052431637e-01
8.616976696311549055e-01
8.691999679844129023e-01
8.764352825596658514e-01
8.834030267860324415e-01
8.901035343596523930e-01
8.965379931553462134e-01
9.027083785314702347e-01
9.086173866898094031e-01
9.142683686942498777e-01
9.196652656895599742e-01
9.248125457964844198e-01
9.297151430930146176e-01
9.343783990255616345e-01
9.388080065291035670e-01
9.430099570733428971e-01
9.469904907934451055e-01
9.507560498097923363e-01
9.543132347919717207e-01
9.576687647782963220e-01
9.608294402237415044e-01
9.638021092163181480e-01
9.665936367744786262e-01
9.692108771159370084e-01
9.716606487709432693e-01
9.739497124001590400e-01
9.760847511683784505e-01
9.780723535199056240e-01
9.799189981989318010e-01
9.816310413582468586e-01
9.832147056015894115e-01
9.846760708084562053e-01
9.860210665948743181e-01
9.872554662691600535e-01
9.883848821477950741e-01
9.894147621030439099e-01
9.903503872206667058e-01
9.911968704529701135e-01
9.919591561594134355e-01
9.926420204340219433e-01
9.932500721259301946e-01
9.937877544664542873e-01
9.942593472231425755e-01
9.946689693082148009e-01
9.950205817755976012e-01
9.953179911472911368e-01
9.955648530159494358e-01
9.957646758761939942e-01
9.959208251421937108e-01
9.960365273133313657e-01
9.961148742532646150e-01
9.961588275503496792e-01
9.961712229292418730e-01
9.961547746845947904e-01
9.961120801082576914e-01
9.960456238813871765e-01
9.959577824026429882e-01
9.958508280233321353e-01
9.957269331602351947e-01
9.955881742570827919e-01
9.954365355664478443e-01
9.952739127252897555e-01
9.951021160996494919e-01
9.949228738770520275e-01
9.947378348890129063e-01
9.945485711505902549e-01
9.943565801090364920e-01
9.941632865991275603e-01
9.939700445084982405e-01
9.937781381620742760e-01
9.935887834402785668e-01
9.934031286509004133e-01
9.932222551791843879e-01
9.930471779446750080e-01
9.928788456965398357e-01
9.927181411814046674e-01
9.925658812191459068e-01
9.924228167225854769e-01
9.922896326966706981e-01
9.921669482515506067e-01
9.920553166620837970e-01
9.919552255038363020e-01
9.918670968926820430e-01
9.917912878518340136e-01
9.917280908266512540e-01
9.916777343639938680e-01
9.916403839693751499e-01
9.916161431517482860e-01
9.916050546625625461e-01
9.916071019327591385e-01
9.916222107086769544e-01
9.916502508854057041e-01
9.916910385339265943e-01
9.917443381164003924e-01
9.918098648821438434e-01
9.918872874351473135e-01
9.919762304623851445e-01
9.920762776106440972e-01
9.921869744981108852e-01
9.923078318455518243e-01
9.924383287105805751e-01
9.925779158072921549e-01
9.927260188924801332e-01
9.928820421987879508e-01
9.930453718945282393e-01
9.932153795495556325e-01
9.933914255865291532e-01
9.935728626971542798e-01
9.937590392035395848e-01
9.939493023456182907e-01
9.941430014766228229e-01
9.943394911498326660e-01
9.945381340811650928e-01
9.947383039736165111e-01
9.949393881910323367e-01
9.951407902701444597e-01
9.953419322612503395e-01
9.955422568892906554e-01
9.957412295284225889e-01
9.959383399844721207e-01
9.961331040809167092e-01
9.963250650452996071e-01
9.965137946942419500e-01
9.966988944165111608e-01
9.968799959549361489e-01
9.970567619893471178e-01
9.972288865241427658e-01
9.973960950855497165e-01
9.975581447351142828e-01
9.977148239074089542e-01
9.978659520813222272e-01
9.980113792955659369e-01
9.981509855201318171e-01
9.982846798963049828e-01
9.984123998584343296e-01
9.985341101509407347e-01
9.986498017539561234e-01
9.987594907305336056e-01
9.988632170075462113e-01
9.989610431012203584e-01
9.990530527968016772e-01
9.991393497901862597e-01
9.992200562975895872e-01
9.992953116375780098e-01
9.993652707881961472e-01
9.994301029206185127e-01
9.994899899098563800e-01
9.995451248226752128e-01
9.995957103830832580e-01
9.996419574165753552e-01
9.996840832757397655e-01
9.997223102517875937e-01
9.997568639789277123e-01
9.997879718411274430e-01
