9.997978906972735391e-01
9.997684928467109877e-01
9.997358910069689131e-01
9.996998819762417110e-01
9.996602649593643308e-01
9.996168428544127682e-01
9.995694234844839654e-01
9.995178207640803558e-01
9.994618557932106739e-01
9.994013578758331739e-01
9.993361654624193235e-01
9.992661270190688061e-01
9.991911018276542489e-01
9.991109607228724210e-01
9.990255867728293770e-01
9.989348759099372366e-01
9.988387375185272532e-01
9.987370949847955703e-01
9.986298862136204768e-01
9.985170641155337590e-01
9.983985970658236786e-01
9.982744693364941080e-01
9.981446815006779216e-01
9.980092508081830349e-01
9.978682115301629185e-01
9.977216152704718732e-01
9.975695312410993720e-01
9.974120464991433899e-01
9.972492661430750749e-01
9.970813134665136301e-01
9.969083300683416748e-01
9.967304759186953467e-01
9.965479293811262407e-01
9.963608871919921173e-01
9.961695643988625060e-01
9.959741942603647091e-01
9.957750281104116308e-01
9.955723351901042406e-01
9.953664024507472563e-01
9.951575343313349142e-01
9.949460525135216393e-01
9.947322956564866869e-01
9.945166191132110978e-01
9.942993946285336726e-01
9.940810100179455766e-01
9.938618688244515997e-01
9.936423899490192113e-01
9.934230072481974316e-01
9.932041690904801490e-01
9.929863378609841140e-01
9.927699894020773907e-01
9.925556123758074722e-01
9.923437075324088585e-01
9.921347868678863646e-01
9.919293726527300681e-01
9.917279963132683562e-01
9.915311971470377461e-01
9.913395208538638981e-01
9.911535178651028621e-01
9.909737414546767598e-01
9.908007456171179506e-01
9.906350826997819548e-01
9.904773007786450423e-01
9.903279407696287118e-01
9.901875332701418619e-01
9.900565951284661104e-01
9.899356257416940252e-01
9.898251030861615618e-01
9.897254794876638728e-01
9.896371771422204366e-01
9.895605834017499047e-01
9.894960458427193295e-01
9.894438671396188489e-01
9.894042997689480590e-01
9.893775405732005979e-01
9.893637252180113029e-01
9.893629225790583348e-01
9.893751290983292535e-01
9.894002631518142854e-01
9.894381594723901108e-01
9.894885636724537470e-01
9.895511269105964347e-01
9.896254007451821266e-01
9.897108322150349746e-01
9.898067591835572054e-01
9.899124059775460394e-01
9.900268793458799621e-01
9.901491647562888909e-01
9.902781230408282953e-01
9.904124873927339090e-01
9.905508607093060913e-01
9.906917132676733573e-01
9.908333807129847681e-01
9.909740623320365538e-01
9.911118195797626873e-01
9.912445748215806818e-01
9.913701102513965413e-01
9.914860669431941886e-01
9.915899439935826898e-01
9.916790977134188889e-01
9.917507408285863857e-01
9.918019416531241861e-01
9.918296232020349379e-01
9.918305622161741608e-01
9.918013880775118363e-01
9.917385815996953013e-01
9.916384736861513227e-01
9.914972438559126466e-01
9.913109186459259092e-01
9.910753699078060919e-01
9.907863130268822482e-01
9.904393051019676486e-01
9.900297431356366307e-01
9.895528622969225196e-01
9.890037343312666485e-01
9.883772662062033643e-01
9.876681990955464840e-01
9.868711078195701036e-01
9.859804008735827408e-01
9.849903211920356672e-01
9.838949478094494161e-01
9.826881985924986740e-01
9.813638342290158523e-01
9.799154636688935938e-01
9.783365512183228585e-01
9.766204254919630401e-01
9.747602904270487034e-01
9.727492385587064305e-01
9.705802667466388867e-01
9.682462945296715917e-01
9.657401852664633246e-01
9.630547701980437525e-01
9.601828755410155569e-01
9.571173526895501160e-01
9.538511115701399090e-01
9.503771571558994324e-01
9.466886291075368165e-01
9.427788444664707557e-01
9.386413432824679548e-01
9.342699370141476223e-01
9.296587594962673062e-01
9.248023202233722762e-01
9.196955596556822821e-01
9.143339062105104720e-01
9.087133345615907576e-01
9.028304248299732215e-01
8.966824222141852596e-01
8.902672965747175926e-01
8.835838014591775869e-01
8.766315320302284775e-01
8.694109813393029462e-01
8.619235943755909624e-01
8.541718193124896441e-01
8.461591553730387627e-01
8.378901967422204278e-01
8.293706719676874339e-01
8.206074783116419358e-01
8.116087105452370887e-01
8.023836837128570654e-01
7.929429494366102560e-01
7.832983053807974771e-01
7.734627975512724518e-01
7.634507151645819611e-01
7.532775778854428061e-01
7.429601152973213107e-01
7.325162385382878449e-01
7.219650041015768238e-01
7.113265698661420666e-01
7.006221434856469976e-01
6.898739233237726198e-01
6.791050321785521149e-01
6.683394440880326970e-01
6.576019045536043439e-01
6.469178445557395296e-01
6.363132887699485263e-01
6.258147584189082124e-01
6.154491692207466613e-01
6.052437249142286202e-01
5.952258068600472241e-01
5.854228602346006616e-01
5.758622773494788127e-01
5.665712786471635010e-01
5.575767919418495033e-01
5.489053304940978428e-01
5.405828705294796199e-01
5.326347288340742558e-01
5.250854410833438735e-01
5.179586415846055836e-01
5.112769451361407480e-01
5.050618317267119295e-01
4.993335348165837129e-01
4.941109339537329559e-01
4.894114524854574766e-01
4.852509611248232435e-01
4.816436881222699862e-01
4.786021367744468513e-01
4.761370109743301438e-01
4.742571494687403133e-01
4.729694694415175205e-01
4.722789199832264639e-01
4.721884459420303548e-01
4.726989625761702785e-01
4.738093413474504523e-01
4.755164071085218325e-01
4.778149468459046423e-01
4.806977300469723602e-01
4.841555406638405890e-01
4.881772205516149432e-01
4.927497241637009973e-01
4.978581841941098762e-01
5.034859877665092132e-01
5.096148626830532269e-01
5.162249731632404526e-01
5.232950244247043248e-01
5.308023753843245096e-01
5.387231586897223146e-01
5.470324072284592498e-01
5.557041862054431514e-01
5.647117298287436249e-01
5.740275816006523701e-01
5.836237371751145098e-01
5.934717887152929361e-01
6.035430696667360984e-01
6.138087988531883976e-01
6.242402228042762680e-01
6.348087552377302822e-01
6.454861126440589736e-01
6.562444449589704965e-01
6.670564603585142915e-01
6.778955432737194808e-01
6.887358647950212465e-01
6.995524847212510888e-01
7.103214446024157525e-01
7.210198512285496131e-01
7.316259501270545584e-01
7.421191887463423065e-01
7.524802691223334561e-01
7.626911899443526988e-01
7.727352780561543844e-01
7.825972095440520970e-01
7.922630206754650573e-01
8.017201090557013465e-01
8.109572254667810620e-01
8.199644569380564185e-01
8.287332016730878381e-01
8.372561365196953265e-01
8.455271777196571303e-01
8.535414357108088712e-01
8.612951647772173480e-01
8.687857083528934821e-01
8.760114407816654847e-01
8.829717063211079964e-01
8.896667561527967782e-01
8.960976841258012637e-01
9.022663619165776083e-01
9.081753742377073335e-01
9.138279546717591462e-01
9.192279226464622477e-01
9.243796220048765555e-01
9.292878615607741422e-01
9.339578579663654345e-01
9.383951811580196756e-01
9.426057025868161965e-01
9.465955463855041385e-01
9.503710435724550543e-01
9.539386893469837814e-01
9.573051034893208522e-01
9.604769938427112352e-01
9.634611228245827386e-01
9.662642768883469291e-01
9.688932388368850512e-01
9.713547628727966510e-01
9.736555522586062272e-01
9.758022394518609532e-01
9.778013685749167294e-01
9.796593800766871807e-01
9.813825974432475174e-01
9.829772158154905792e-01
9.844492923746268609e-01
9.858047383598613767e-01
9.870493125868005091e-01
9.881886163398235778e-01
9.892280895166540855e-01
9.901730079085960812e-01
9.910284815053099772e-01
9.917994537185821358e-01
9.924907014252966064e-01
9.931068357357445420e-01
9.936523033995200427e-01
9.941313887675116145e-01
9.945482162348591171e-01
9.949067530961329675e-01
9.952108127502807822e-01
9.954640581989580017e-01
9.956700057875574883e-01
9.958320291434511473e-01
9.959533632705117601e-01
9.960371087628124842e-01
9.960862361034459322e-01
9.961035900166544943e-01
9.960918938429819125e-01
9.960537539080300817e-01
9.959916638557987367e-01
9.959080089176798323e-01
9.958050700881806439e-01
9.956850281785818435e-01
9.955499677201992137e-01
9.954018806898878857e-01
9.952426700320461395e-01
9.950741529537305841e-01
9.948980639726058284e-01
9.947160577013122174e-01
9.945297113563438263e-01
9.943405269845752015e-01
9.941499334059817894e-01
9.939592878766896344e-01
9.937698774820521441e-01
9.935829202747918920e-01
9.933995661781804820e-01
9.932208976785813492e-01
9.930479303353282328e-01
9.928816131387515620e-01
9.927228287491283165e-01
9.925723936504124989e-01
9.924310582528044211e-01
9.922995069775968346e-01
9.921783583563801301e-01
9.920681651746939833e-01
9.919694146877117147e-01
9.918825289326695938e-01
9.918078651596395900e-01
9.917457163990239799e-01
9.916963121809466708e-01
9.916598194186209136e-01
9.916363434648689523e-01
9.916259293483011827e-01
9.916285631932538758e-01
9.916441738254235805e-01
9.916726345632073114e-01
9.917137651929978093e-01
9.917673341250480279e-01
9.918330607249490338e-01
9.919106178141983143e-01
9.919996343317427634e-01
9.920996981467250508e-01
9.922103590109574434e-01
9.923311316378990998e-01
9.924614988931701465e-01
9.926009150799557368e-01
9.927488093011022086e-01
9.929045888783518681e-01
9.930676428080842388e-01
9.932373452321698881e-01
9.934130589021498148e-01
9.935941386149501620e-01
9.937799345987136101e-01
9.939697958280708789e-01
9.941630732492314770e-01
9.943591228965925621e-01
9.945573088840851117e-01
9.947570062561286175e-01
9.949576036847821436e-01
9.951585060014144224e-01
9.953591365529090851e-01
9.955589393740620352e-01
9.957573811693809507e-01
9.959539530989746092e-01
9.961481723646207209e-01
9.963395835934484301e-01
9.965277600179816009e-01
9.967123044525898479e-01
9.968928500676980109e-01
9.970690609644305979e-01
9.972406325537211957e-01
9.974072917452873055e-01
9.975687969532521793e-01
9.977249379265534790e-01
9.978755354135795397e-01
9.980204406716776111e-01
9.981595348332207296e-01
9.982927281407669717e-01
9.984199590644173838e-01
9.985411933147601005e-01
9.986564227647118930e-01
9.987656642931399542e-01
9.988689585623484746e-01
9.989663687403824710e-01
9.990579791776773577e-01
9.991438940459562712e-01
9.992242359455318912e-01
9.992991444854465444e-01
9.993687748392973136e-01
9.994332962782885854e-01
9.994928906821508585e-01
9.995477510281706168e-01
9.995980798587583704e-01
9.996440877287816607e-01
9.996859916352788256e-01
9.997240134340904527e-01
9.997583782502762473e-01
9.997893128917753058e-01
