9.997975852923279838e-01
9.997681273828753490e-01
9.997354560074607210e-01
9.996993669446034847e-01
9.996596583543733150e-01
9.996161320788933269e-01
9.995685948898100914e-01
9.995168596718924103e-01
9.994607465355338505e-01
9.994000838543805054e-01
9.993347092274050825e-01
9.992644703673588813e-01
9.991892259195631620e-01
9.991088462163942863e-01
9.990232139735922834e-01
9.989322249347075688e-01
9.988357884696881239e-01
9.987338281328993483e-01
9.986262821848755911e-01
9.985131040809451797e-01
9.983942629286735038e-01
9.982697439149086360e-01
9.981395487021974544e-01
9.980036957935002340e-01
9.978622208635288260e-01
9.977151770546595078e-01
9.975626352352510162e-01
9.974046842182907602e-01
9.972414309385900788e-01
9.970730005872096013e-01
9.968995367023765208e-01
9.967212012168336077e-01
9.965381744622644478e-01
9.963506551321603677e-01
9.961588602051630881e-01
9.959630248315115564e-01
9.957634021856900386e-01
9.955602632886854098e-01
9.953538968033788237e-01
9.951446088064898055e-01
9.949327225401337627e-01
9.947185781454309650e-01
9.945025323797125338e-01
9.942849583176941453e-01
9.940662450355713942e-01
9.938467972753284307e-01
9.936270350847069555e-01
9.934073934262912520e-01
9.931883217470919289e-01
9.929702834979300397e-01
9.927537555898986454e-01
9.925392277733036117e-01
9.923272019228231988e-01
9.921181912112655432e-01
9.919127191532949306e-01
9.917113184999140074e-01
9.915145299643525201e-01
9.913229007603593379e-01
9.911369829347201899e-01
9.909573314771186192e-01
9.907845021921846129e-01
9.906190493206991077e-01
9.904615228993799425e-01
9.903124658514070866e-01
9.901724108028051585e-01
9.900418766229209799e-01
9.899213646904820862e-01
9.898113548900705494e-01
9.897123013472596265e-01
9.896246279141536206e-01
9.895487234206166161e-01
9.894849367100807536e-01
9.894335714824680217e-01
9.893948809704147251e-01
9.893690624785891341e-01
9.893562518193768085e-01
9.893565176814461681e-01
9.893698559705832452e-01
9.893961841645323441e-01
9.894353357252418935e-01
9.894870546127315647e-01
9.895509899446230939e-01
9.896266908440979337e-01
9.897136015165881595e-01
9.898110565918620818e-01
9.899182767633591951e-01
9.900343647507783285e-01
9.901583016051719310e-01
9.902889433683708109e-01
9.904250180906941647e-01
9.905651232028761521e-01
9.907077232302261560e-01
9.908511478295389807e-01
9.909935901224071753e-01
9.911331052926164453e-01
9.912676094103856084e-01
9.913948784424878591e-01
9.915125474048585019e-01
9.916181096131719830e-01
9.917089159870854376e-01
9.917821743653340016e-01
9.918349487915836260e-01
9.918641587347989397e-01
9.918665782127971120e-01
9.918388347935255256e-01
9.917774084553629965e-01
9.916786302953133347e-01
9.915386810823124675e-01
9.913535896619664056e-01
9.911192312288801265e-01
9.908313254933346359e-01
9.904854347804462611e-01
9.900769621121058295e-01
9.896011493349566868e-01
9.890530753713978607e-01
9.884276546850082612e-01
9.877196360667599428e-01
9.869236018637000951e-01
9.860339677871513553e-01
9.850449834525469850e-01
9.839507338173241191e-01
9.827451416963566277e-01
9.814219715456570237e-01
9.799748347139619620e-01
9.783971963677751127e-01
9.766823842979737158e-01
9.748235998147442016e-01
9.728139309320656958e-01
9.706463680329732169e-01
9.683138221923174305e-01
9.658091463147221445e-01
9.631251592220810842e-01
9.602546727975059815e-01
9.571905222614850439e-01
9.539255996215816324e-01
9.504528902997457784e-01
9.467655129017490401e-01
9.428567620518673031e-01
9.387201541732403953e-01
9.343494760508036512e-01
9.297388359697964511e-01
9.248827171790607871e-01
9.197760333851120462e-01
9.144141859407672879e-01
9.087931223514325030e-01
9.029093956834997048e-01
8.967602244232271147e-01
8.903435523015421627e-01
8.836581075710236988e-01
8.767034611965083268e-01
8.694800834009366319e-01
8.619893979938481055e-01
8.542338339018900051e-01
8.462168733193907721e-01
8.379430959028562054e-01
8.294182184465395125e-01
8.206491294971783867e-01
8.116439183946356772e-01
8.024118982613344109e-01
7.929636225067396849e-01
7.833108944630923220e-01
7.734667698244184209e-01
7.634455516215641335e-01
7.532627775304654438e-01
7.429351993778779972e-01
7.324807547769421889e-01
7.219185308929247924e-01
7.112687204059076063e-01
7.005525698008319146e-01
6.897923201751106070e-01
6.790111408090706568e-01
6.682330557942423033e-01
6.574828640585673734e-01
6.467860531659972434e-01
6.361687073008952531e-01
6.256574098756990665e-01
6.152791412241293001e-01
6.050611718627836311e-01
5.950309518221350569e-01
5.852159965648426887e-01
5.756437700256860079e-01
5.663415653242676040e-01
5.573363837194149628e-01
5.486548123933439047e-01
5.403229016742534530e-01
5.323660423278629983e-01
5.248088435710902555e-01
5.176750124837986577e-01
5.109872355164772895e-01
5.047670628116551761e-01
4.990347960736541966e-01
4.938093807336275676e-01
4.891083031635673484e-01
4.849474936928377389e-01
4.813412361729211275e-01
4.783020848196025687e-01
4.758407890362353898e-01
4.739662268867100847e-01
4.726853478423811428e-01
4.720031253735984533e-01
4.719225198942966770e-01
4.724444524979491966e-01
4.735677898460460833e-01
4.752893404871044725e-01
4.776038627962246874e-01
4.805040846334762694e-01
4.839807347251284808e-01
4.880225856759778935e-01
4.926165084248744774e-01
4.977475378599079958e-01
5.033989492155159784e-01
5.095523447817367213e-01
5.161877503667673395e-01
5.232837208685123809e-01
5.308174542296058007e-01
5.387649129741614029e-01
5.471009524538574809e-01
5.557994548667344326e-01
5.648334680549529363e-01
5.741753480386340147e-01
5.837969042025834554e-01
5.936695460221610432e-01
6.037644301945397363e-01
6.140526070330476482e-01
6.245051649858432974e-01
6.350933721564422374e-01
6.457888137329820255e-01
6.565635242757473788e-01
6.673901138682768464e-01
6.782418872059456927e-01
6.890929547765627383e-01
6.999183353793141382e-01
7.106940493299326311e-01
7.213972018098917527e-01
7.320060559338164019e-01
7.425000952303333346e-01
7.528600753551465408e-01
7.630680649790922976e-01
7.731074759162057664e-01
7.829630826752699280e-01
7.926210317310026232e-01
8.020688409160765531e-01
8.112953894309606895e-01
8.202908990536994516e-01
8.290469072050361543e-01
8.375562325849025269e-01
8.458129341436115833e-01
8.538122641848364669e-01
8.615506164176258697e-01
8.690254697815983365e-01
8.762353288635896797e-01
8.831796617062571686e-01
8.898588357804438909e-01
8.962740528547261665e-01
9.024272834488408224e-01
9.083212015041214338e-01
9.139591198451677556e-01
9.193449269443333405e-01
9.244830254357467858e-01
9.293782727599918525e-01
9.340359242556135477e-01
9.384615789505532657e-01
9.426611282465147124e-01
9.466407076330397574e-01
9.504066515164284468e-01
9.539654512021018551e-01
9.573237160278998958e-01
9.604881376102700763e-01
9.634654571353241659e-01
9.662624356021508598e-01
9.688858269062703421e-01
9.713423536363265942e-01
9.736386854465681751e-01
9.757814198608485423e-01
9.777770653602658735e-01
9.796320266056134374e-01
9.813525916470151600e-01
9.829449209760027228e-01
9.844150382794192300e-01
9.857688227595446939e-01
9.870120028904330045e-01
9.881501514863869629e-01
9.891886819646119600e-01
9.901328456902745989e-01
9.909877302983682856e-01
9.917582588929464427e-01
9.924491900304057701e-01
9.930651183996009879e-01
9.936104761176397515e-01
9.940895345662429383e-01
9.945064066995134011e-01
9.948650497597876230e-01
9.951692683438693177e-01
9.954227177672534399e-01
9.956289076788535919e-01
9.957912058831169810e-01
9.959128423301778499e-01
9.959969132377847201e-01
9.960463853111086729e-01
9.960641000282244306e-01
9.960527779601030529e-01
9.960150230944780914e-01
9.959533271330999193e-01
9.958700737318477714e-01
9.957675426531293894e-01
9.956479138001623763e-01
9.955132711032980142e-01
9.953656062296600826e-01
9.952068220891746586e-01
9.950387361126136199e-01
9.948630832806033553e-01
9.946815188866046098e-01
9.944956210215882830e-01
9.943068927733590412e-01
9.941167641390626919e-01
9.939265936551640035e-01
9.937376697548869764e-01
9.935512118685855265e-01
9.933683712875602811e-01
9.931902318162992849e-01
9.930178102418543151e-01
9.928520566519812851e-01
9.926938546357000348e-01
9.925440214010441409e-01
9.924033078449988610e-01
9.922723986099981630e-01
9.921519121599619018e-01
9.920424009067989601e-01
9.919443514157022523e-01
9.918581847145577779e-01
9.917842567295054312e-01
9.917228588652712284e-01
9.916742187454494761e-01
9.916385011245650860e-01
9.916158089805605647e-01
9.916061847934077855e-01
9.916096120128551350e-01
9.916260167159109962e-01
9.916552694525102574e-01
9.916971872758887363e-01
9.917515359524512464e-01
9.918180323443227531e-01
9.918963469562664947e-01
9.919861066372035463e-01
9.920868974251459971e-01
9.921982675229592541e-01
9.923197303909911948e-01
9.924507679412827299e-01
9.925908338168325518e-01
9.927393567382745143e-01
9.928957438993846196e-01
9.930593843921108332e-01
9.932296526413469939e-01
9.934059118294725765e-01
9.935875172907742137e-01
9.937738198562274805e-01
9.939641691297491644e-01
9.941579166778824472e-01
9.943544191159205958e-01
9.945530410746570293e-01
9.947531580332362733e-01
9.949541590049191253e-01
9.951554490639470396e-01
9.953564517030653036e-01
9.955566110126270463e-01
9.957553936735545896e-01
9.959522907577798012e-01
9.961468193311288077e-01
9.963385238549820055e-01
9.965269773844271928e-01
9.967117825620503968e-01
9.968925724079832351e-01
9.970690109083353292e-01
9.972407934056866097e-01
9.974076467968781001e-01
9.975693295448845310e-01
9.977256315130573761e-01
9.978763736314398836e-01
9.980214074061314333e-01
9.981606142837691209e-01
9.982939048840416829e-01
9.984212181137102071e-01
9.985425201758419966e-01
9.986578034878291765e-01
9.987670855212594789e-01
9.988704075758332301e-01
9.989678334983097541e-01
9.990594483559764871e-01
9.991453570724427857e-01
9.992256830317792771e-01
9.993005666552676747e-01
9.993701639534350312e-01
9.994346450547531013e-01
9.994941927115053026e-01
9.995490007829798129e-01
9.995992726963804920e-01
9.996452198867147310e-01
9.996870602183739463e-01
9.997250163931054034e-01
9.997593143514713621e-01
9.997901816775200956e-01
