9.997974989972273629e-01
9.997680243833332314e-01
9.997353333766607619e-01
9.996992213082834811e-01
9.996594858380213333e-01
9.996159282524044176e-01
9.995683547102960365e-01
9.995165774255078128e-01
9.994604157793425259e-01
9.993996973594369004e-01
9.993342589243582319e-01
9.992639472959904401e-01
9.991886201837418824e-01
9.991081469459605069e-01
9.990224092946705658e-01
9.989313019498836654e-01
9.988347332493752173e-01
9.987326257190589640e-01
9.986249166080509720e-01
9.985115583913265480e-01
9.983925192416323036e-01
9.982677834711430886e-01
9.981373519423166751e-01
9.980012424465624088e-01
9.978594900487400832e-01
9.977121473951570119e-01
9.975592849826364628e-01
9.974009913863609578e-01
9.972373734445367788e-01
9.970685563984350575e-01
9.968946839869994303e-01
9.967159184959318852e-01
9.965324407619362557e-01
9.963444501335509962e-01
9.961521643907254031e-01
9.959558196259123974e-01
9.957556700899533597e-01
9.955519880063563587e-01
9.953450633577028972e-01
9.951352036478124941e-01
9.949227336429415924e-01
9.947079950946641214e-01
9.944913464461773156e-01
9.942731625226025605e-01
9.940538342044116238e-01
9.938337680814478547e-01
9.936133860831538600e-01
9.933931250786193212e-01
9.931734364379876112e-01
9.929547855446670956e-01
9.927376512457668500e-01
9.925225252262869224e-01
9.923099112909202768e-01
9.921003245359374390e-01
9.918942903925926924e-01
9.916923435228643946e-01
9.914950265481621283e-01
9.913028885919207278e-01
9.911164836177672743e-01
9.909363685461719529e-01
9.907631011341548888e-01
9.905972376046783268e-01
9.904393300147504853e-01
9.902899233539589341e-01
9.901495523680758915e-01
9.900187381054915692e-01
9.898979841874929742e-01
9.897877728067860925e-01
9.896885604621389332e-01
9.896007734405899425e-01
9.895248030623142732e-01
9.894610007069516433e-01
9.894096726439639555e-01
9.893710746933506162e-01
9.893454067467671864e-01
9.893328071826568149e-01
9.893333472123176930e-01
9.893470251967441120e-01
9.893737609764455820e-01
9.894133902580952711e-01
9.894656591026435022e-01
9.895302185592927957e-01
9.896066194883850198e-01
9.896943076137114659e-01
9.897926188410343107e-01
9.899007748747342683e-01
9.900178791585970695e-01
9.901429131599800426e-01
9.902747330091717926e-01
9.904120664979325639e-01
9.905535104332389151e-01
9.906975283344482408e-01
9.908424484547043720e-01
9.909864621006831964e-01
9.911276222189286944e-01
9.912638422122393989e-01
9.913928949459424045e-01
9.915124119015293891e-01
9.916198824340354268e-01
9.917126530897339975e-01
9.917879269421336907e-01
9.918427629068443663e-01
9.918740749995488271e-01
9.918786315059811010e-01
9.918530540384044025e-01
9.917938164595176964e-01
9.916972436619629905e-01
9.915595101996100835e-01
9.913766387755630349e-01
9.911444986013691061e-01
9.908588036522392173e-01
9.905151108542474825e-01
9.901088182514877767e-01
9.896351632140389931e-01
9.890892207613083409e-01
9.884659020897988979e-01
9.877599534094656519e-01
9.869659552083533960e-01
9.860783220808762017e-01
9.850913032705080896e-01
9.839989840923754061e-01
9.827952884147361790e-01
9.814739823900592297e-01
9.800286796357819963e-01
9.784528480712713083e-01
9.767398186205072941e-01
9.748827959891019912e-01
9.728748717190940365e-01
9.707090397152950967e-01
9.683782144226809052e-01
9.658752518154601896e-01
9.631929733351489720e-01
9.603241928875126954e-01
9.572617469769529874e-01
9.539985280222679220e-01
9.505275208601673409e-01
9.468418424030082825e-01
9.429347843754463110e-01
9.387998590115909092e-01
9.344308475503260158e-01
9.298218513221955250e-01
9.249673451771363020e-01
9.198622329588636015e-01
9.145019046893291259e-01
9.088822950858932437e-01
9.029999429951850454e-01
8.968520512915945098e-01
8.904365467555199753e-01
8.837521394174588929e-01
8.767983808293767778e-01
8.695757207051280080e-01
8.620855613576035026e-01
8.543303093523313407e-01
8.463134237959306638e-01
8.380394606835673832e-01
8.295141127426914895e-01
8.207442442310493025e-01
8.117379201752918938e-01
8.025044295723045007e-01
7.930543021183363850e-01
7.833993180805534084e-01
7.735525109810614808e-01
7.635281628237919893e-01
7.533417916588143193e-01
7.430101313453963963e-01
7.325511034431566593e-01
7.219837812285468948e-01
7.113283459003771902e-01
7.006060351018640331e-01
6.898390839466862490e-01
6.790506587918587744e-01
6.682647840503067593e-01
6.575062623804240891e-01
6.468005886286707362e-01
6.361738579345587175e-01
6.256526684357553991e-01
6.152640190352001159e-01
6.050352027129392019e-01
5.949936958838452083e-01
5.851670443194580962e-01
5.755827461688040048e-01
5.662681326300027518e-01
5.572502468424064270e-01
5.485557215882352899e-01
5.402106564133473121e-01
5.322404947986810742e-01
5.246699020365487298e-01
5.175226444886984467e-01
5.108214709248259933e-01
5.045879966600079758e-01
4.988425912260320283e-01
4.936042703236253049e-01
4.888905928088125297e-01
4.847175634660326748e-01
4.810995423121546821e-01
4.780491611584399836e-01
4.755772481312733335e-01
4.736927608168964854e-01
4.724027286504642875e-01
4.717122051158226803e-01
4.716242302600598402e-01
4.721398039568412974e-01
4.732578702758503120e-01
4.749753132332653616e-01
4.772869641113729466e-01
4.801856204452205068e-01
4.836620766817963935e-01
4.877051664236871087e-01
4.923018160754371042e-01
4.974371096177803153e-01
5.030943641433953673e-01
5.092552156983631839e-01
5.158997148868489369e-01
5.230064316131144420e-01
5.305525682553897671e-01
5.385140804909678280e-01
5.468658049216206241e-01
5.555815925839118208e-01
5.646344473707516354e-01
5.739966683395738567e-01
5.836399948396606696e-01
5.935357533573062394e-01
6.036550049537542373e-01
6.139686921580275181e-01
6.244477841757957171e-01
6.350634192870328043e-01
6.457870433299568447e-01
6.565905432069233383e-01
6.674463743996652543e-01
6.783276815462349063e-01
6.892084112096419357e-01
7.000634160576457710e-01
7.108685497731601632e-01
7.216007521238163580e-01
7.322381237356219152e-01
7.427599902373793750e-01
7.531469555674928928e-01
7.633809443607694201e-01
7.734452334576145116e-01
7.833244726994138540e-01
7.930046952898061052e-01
8.024733181100653923e-01
8.117191324761314775e-01
8.207322859135037785e-01
8.295042556029806891e-01
8.380278142141172060e-01
8.462969888936887619e-01
8.543070142129912670e-01
8.620542799004887735e-01
8.695362741953848174e-01
8.767515236536741474e-01
8.836995302219525783e-01
8.903807063667240618e-01
8.967963090093988843e-01
9.029483729709550932e-01
9.088396445768870402e-01
9.144735160140879948e-01
9.198539609683336060e-01
9.249854720055906698e-01
9.298730000939703366e-01
9.345218965971909819e-01
9.389378580061568114e-01
9.431268736138255226e-01
9.470951762808447194e-01
9.508491963862335528e-01
9.543955190092162644e-01
9.577408443455408538e-01
9.608919513244014166e-01
9.638556643604639929e-01
9.666388231492961669e-01
9.692482553935003464e-01
9.716907523306416161e-01
9.739730469222372955e-01
9.761017945551215824e-01
9.780835561019002311e-01
9.799247831854475121e-01
9.816318054929521475e-01
9.832108199874209919e-01
9.846678818683678447e-01
9.860088971382734435e-01
9.872396166370012160e-01
9.883656314124378284e-01
9.893923693020261201e-01
9.903250926064380844e-01
9.911688967433266439e-01
9.919287097758450189e-01
9.926092927174197111e-01
9.932152405210880053e-01
9.937509836685421982e-01
9.942207902808427589e-01
9.946287686794946792e-01
9.949788703331732265e-01
9.952748931317175751e-01
9.955204849349790219e-01
9.957191473495902168e-01
9.958742396915882811e-01
9.959889830969884672e-01
9.960664647457861953e-01
9.961096421674385804e-01
9.961213475976606890e-01
9.961042923574334740e-01
9.960610712255830723e-01
9.959941667763080320e-01
9.959059536528157563e-01
9.957987027479658915e-01
9.956745852627595372e-01
9.955356766138253599e-01
9.953839601619408617e-01
9.952213307352024696e-01
9.950495979228100030e-01
9.948704891185841115e-01
9.946856522972535863e-01
9.944966585111527646e-01
9.943050041001141315e-01
9.941121126128730223e-01
9.939193364440187528e-01
9.937279581962199515e-01
9.935391917829407005e-01
9.933541832919264847e-01
9.931740116342410163e-01
9.929996890074100913e-01
9.928321612041988153e-01
9.926723078006338685e-01
9.925209422580637542e-01
9.923788119743466307e-01
9.922465983187013228e-01
9.921249166834434918e-01
9.920143165838486432e-01
9.919152818348629941e-01
9.918282308304455785e-01
9.917535169481170865e-01
9.916914290979240709e-01
9.916421924316437542e-01
9.916059692247359836e-01
9.915828599403888610e-01
9.915729044820590365e-01
9.915760836381982690e-01
9.915923207204054846e-01
9.916214833940202311e-01
9.916633856981568185e-01
9.917177902503224729e-01
9.917844106290243378e-01
9.918629139261041505e-01
9.919529234589169464e-01
9.920540216308688652e-01
9.921657529272490672e-01
9.922876270317460001e-01
9.924191220475624409e-01
9.925596878056789363e-01
9.927087492416106773e-01
9.928657098210190712e-01
9.930299549938131909e-01
9.932008556559550616e-01
9.933777715980799394e-01
9.935600549202766585e-01
9.937470533929120275e-01
9.939381137442191427e-01
9.941325848564402934e-01
9.943298208535826799e-01
9.945291840652379367e-01
9.947300478523986023e-01
9.949317992827021451e-01
9.951338416440255186e-01
9.953355967868020571e-01
9.955365072868236354e-01
9.957360384216258353e-01
9.959336799548330621e-01
9.961289477240926615e-01
9.963213850294587726e-01
9.965105638203344274e-01
9.966960856803553925e-01
9.968775826109216309e-01
9.970547176154569424e-01
9.972271850879069754e-01
9.973947110104476321e-01
9.975570529668629227e-01
9.977139999795094916e-01
9.978653721791912456e-01
9.980110203185524886e-01
9.981508251407243959e-01
9.982846966158519519e-01
9.984125730587507519e-01
9.985344201412330589e-01
9.986502298125771171e-01
9.987600191411655226e-01
9.988638290894996663e-01
9.989617232336257535e-01
9.990537864365530707e-01
9.991401234835689538e-01
9.992208576855827751e-01
9.992961294548696749e-01
9.993660948559820456e-01
9.994309241332762772e-01
9.994908002156059901e-01
9.995459171983479552e-01
9.995964788031368453e-01
9.996426968165209592e-01
9.996847895101800274e-01
9.997229800473182992e-01
9.997574948822232077e-01
9.997885621626161345e-01
