9.997974611386645227e-01
9.997679808082302610e-01
9.997352833960074792e-01
9.996991641703771858e-01
9.996594207239226648e-01
9.996158542709671080e-01
9.995682708927400295e-01
9.995164827195209822e-01
9.994603090427107706e-01
9.993995773532275972e-01
9.993341243057003442e-01
9.992637966105277769e-01
9.991884518578583174e-01
9.991079592789094965e-01
9.990222004507676168e-01
9.989310699509469371e-01
9.988344759676254236e-01
9.987323408707052819e-01
9.986246017478083159e-01
9.985112109081123455e-01
9.983921363556940154e-01
9.982673622328590568e-01
9.981368892328956743e-01
9.980007349808456274e-01
9.978589343802753975e-01
9.977115399236808901e-01
9.975586219640490970e-01
9.974002689452386994e-01
9.972365875891712195e-01
9.970677030383365835e-01
9.968937589527523402e-01
9.967149175612409762e-01
9.965313596676549368e-01
9.963432846134480103e-01
9.961509101987077175e-01
9.959544725644011720e-01
9.957542260390872535e-01
9.955504429536918831e-01
9.953434134280740864e-01
9.951334451330224873e-01
9.949208630309684942e-01
9.947060090980819336e-01
9.944892420295189384e-01
9.942709369284145060e-01
9.940514849777845052e-01
9.938312930928344668e-01
9.936107835493227514e-01
9.933903935816221775e-01
9.931705749420518536e-01
9.929517934109576283e-01
9.927345282449931974e-01
9.925192715491614193e-01
9.923065275565065013e-01
9.920968117979579448e-01
9.918906501437974033e-01
9.916885776975921107e-01
9.914911375232594581e-01
9.912988791862137328e-01
9.911123570903093150e-01
9.909321285935169810e-01
9.907587518869260812e-01
9.905927836237151674e-01
9.904347762871218430e-01
9.902852752891252441e-01
9.901448157944621187e-01
9.900139192677026578e-01
9.898930897443556365e-01
9.897828098303420585e-01
9.896835364376393995e-01
9.895956962674611335e-01
9.895196810559698797e-01
9.894558426012377561e-01
9.894044875939251860e-01
9.893658722779231640e-01
9.893401969709244570e-01
9.893276004784747890e-01
9.893281544383824011e-01
9.893418576353044669e-01
9.893686303277148264e-01
9.894083086311318276e-01
9.894606390022863129e-01
9.895252728686962929e-01
9.896017614467771395e-01
9.896895507890950405e-01
9.897879770976446556e-01
9.898962623351692525e-01
9.900135101606241106e-01
9.901387022081089562e-01
9.902706947211518118e-01
9.904082155463838077e-01
9.905498614826682147e-01
9.906940959739222174e-01
9.908392471264632073e-01
9.909835060249828631e-01
9.911249253153988636e-01
9.912614180180479018e-01
9.913907565310713377e-01
9.915105717814888253e-01
9.916183524803905414e-01
9.917114444388831496e-01
9.917870499028641484e-01
9.918422268673027231e-01
9.918738883343894974e-01
9.918788014845998369e-01
9.918535867353099889e-01
9.917947166680440851e-01
9.916985148126538085e-01
9.915611542847256876e-01
9.913786562812384462e-01
9.911468884489917919e-01
9.908615631506108024e-01
9.905182356640286345e-01
9.901123023633087161e-01
9.896389989414804411e-01
9.890933987497204649e-01
9.884704113416431515e-01
9.877647813265287846e-01
9.869710876508167585e-01
9.860837434428271209e-01
9.850969965710744125e-01
9.840049310812549743e-01
9.828014696904984193e-01
9.814803775292254562e-01
9.800352673303610596e-01
9.784596062721440113e-01
9.767467246838322792e-01
9.748898268227611519e-01
9.728820039261172337e-01
9.707162497312029625e-01
9.683854786437668949e-01
9.658825467151932465e-01
9.632002755661202009e-01
9.603314793666596350e-01
9.572689949521725472e-01
9.540057151189572648e-01
9.505346251067047225e-01
9.468488422346791333e-01
9.429416586168272163e-01
9.388065868379036338e-01
9.344374084287485616e-01
9.298282249345529715e-01
9.249735113257815389e-01
9.198681714578738067e-01
9.145075952433936450e-01
9.088877171594427207e-01
9.030050756744040230e-01
8.968568731419858109e-01
8.904410356776494284e-01
8.837562725034121547e-01
8.768021342223297765e-01
8.695790694642668850e-01
8.620884793304645077e-01
8.543327690564570531e-01
8.463153963115879197e-01
8.380409155591401760e-01
8.295150179142642966e-01
8.207445659576215746e-01
8.117376229910331364e-01
8.025034762572345048e-01
7.930526536888224953e-01
7.833969338010166039e-01
7.735493483982812668e-01
7.635241778251790068e-01
7.533369385559591791e-01
7.430043629841174280e-01
7.325443713411103897e-01
7.219760357412848828e-01
7.113195364164679457e-01
7.005961102674140850e-01
6.898279919192420451e-01
6.790383475233092714e-01
6.682512015980017761e-01
6.574913572453390254e-01
6.467843101190419164e-01
6.361561565530533535e-01
6.256334962879059880e-01
6.152433302565338824e-01
6.050129539120048250e-01
5.949698465981562157e-01
5.851415574812506293e-01
5.755555885774503722e-01
5.662392754279166329e-01
5.572196659913237760e-01
5.485233983428519089e-01
5.401765777894258491e-01
5.322046540328893016e-01
5.246322990355037907e-01
5.174832862648613974e-01
5.107803720171228967e-01
5.045451795372593029e-01
4.987980866714720740e-01
4.935581177989926127e-01
4.888428407966645128e-01
4.846682697890729585e-01
4.810487744284641654e-01
4.779969964315390341e-01
4.755237740739174379e-01
4.736380753074036498e-01
4.723469401201599860e-01
4.716554327058798401e-01
4.715666039455832514e-01
4.720814646355071531e-01
4.731989698177432313e-01
4.749160144878045164e-01
4.772274408663658152e-01
4.801260573321916025e-01
4.836026690208221623e-01
4.876461200000931084e-01
4.922433468399127765e-01
4.973794433008509319e-01
5.030377357747357614e-01
5.091998690213195289e-01
5.158459016587175761e-01
5.229544107823100862e-01
5.305026050076833144e-01
5.384664451584191269e-01
5.468207717498408948e-01
5.555394383556628846e-01
5.645954498867542526e-01
5.739611047606230088e-01
5.836081398976260548e-01
5.935078774463340423e-01
6.036313721167653190e-01
6.139495579873699427e-01
6.244333936504923299e-01
6.350540045723575000e-01
6.457828215679277672e-01
6.565917143286174040e-01
6.674531189919259422e-01
6.783401588062771825e-01
6.892267570212264882e-01
7.000877412218270424e-01
7.108989384251487298e-01
7.216372603652330131e-01
7.322807785084330945e-01
7.428087884621517034e-01
7.532018635644004423e-01
7.634418975671429797e-01
7.735121364508548147e-01
7.833971995289470414e-01
7.930830901165668578e-01
8.025571961468745963e-01
8.118082812174357565e-01
8.208264666383433550e-01
8.296032051308702693e-01
8.381312468898396428e-01
8.464045987738479937e-01
8.544184774246355030e-01
8.621692571401819993e-01
8.696544133358000694e-01
8.768724624241065468e-01
8.838228989290568549e-01
8.905061306222665785e-01
8.969234124328102631e-01
9.030767798359474741e-01
9.089689823732931551e-01
9.146034178983348806e-01
9.199840680785240643e-01
9.251154356199672302e-01
9.300024836145313056e-01
9.346505773433403386e-01
9.390654288064673727e-01
9.432530441872077898e-01
9.472196744016002645e-01
9.509717688305835415e-01
9.545159322838915328e-01
9.578588852018516953e-01
9.610074270638544469e-01
9.639684029404027577e-01
9.667486730992126409e-01
9.693550855545499667e-01
9.717944514324936556e-01
9.740735230126880140e-01
9.761989742988799179e-01
9.781773839656358049e-01
9.800152205265606487e-01
9.817188295696065437e-01
9.832944229071819420e-01
9.847480694923316236e-01
9.860856879568867805e-01
9.873130406328696207e-01
9.884357289243486111e-01
9.894591899031877080e-01
9.903886940085991908e-01
9.912293437370131022e-01
9.919860732154783811e-01
9.926636485585816905e-01
9.932666689157039208e-01
9.937995681223009692e-01
9.942666168757722245e-01
9.946719253632998470e-01
9.950194462757312452e-01
9.953129781480302141e-01
9.955561689729236496e-01
9.957525200399861554e-01
9.959053899574227264e-01
9.960179988181165900e-01
9.960934324750362334e-01
9.961346468938072629e-01
9.961444725521686472e-01
9.961256188572068515e-01
9.960806785518312445e-01
9.960121320820533031e-01
9.959223518964812616e-01
9.958136066492377925e-01
9.956880652774705576e-01
9.955478009249636440e-01
9.953947946842439665e-01
9.952309391311403575e-01
9.950580416280875307e-01
9.948778273755902735e-01
9.946919421951503359e-01
9.945019550315218337e-01
9.943093601672731152e-01
9.941155791481277593e-01
9.939219624232351613e-01
9.937297907101954042e-01
9.935402761001109750e-01
9.933545629229891816e-01
9.931737283982930986e-01
9.929987830992056397e-01
9.928306712621258745e-01
9.926702709749930520e-01
9.925183942792150660e-01
9.923757872202650931e-01
9.922431298814616829e-01
9.921210364341318533e-01
9.920100552353837697e-01
9.919106690021982642e-01
9.918232950876232357e-01
9.917482858816517588e-01
9.916859293560161825e-01
9.916364497687555346e-01
9.916000085411117437e-01
9.915767053161673728e-01
9.915665792057021255e-01
9.915696102290585401e-01
9.915857209453607934e-01
9.916147782782261944e-01
9.916565955300956636e-01
9.917109345814631993e-01
9.917775082685453825e-01
9.918559829312634246e-01
9.919459811217793410e-01
9.920470844622154560e-01
9.921588366385830637e-01
9.922807465163847596e-01
9.924122913618450559e-01
9.925529201513310085e-01
9.927020569502875702e-01
9.928591043419903173e-01
9.930234468856600216e-01
9.931944545830300175e-01
9.933714863323239719e-01
9.935538933488130553e-01
9.937410225316445356e-01
9.939322197574574913e-01
9.941268330823749277e-01
9.943242158352334492e-01
9.945237295863258442e-01
9.947247469774354034e-01
9.949266544004691237e-01
9.951288545135321684e-01
9.953307685847657682e-01
9.955318386557124866e-01
9.957315295173387870e-01
9.959293304931674529e-01
9.961247570252506067e-01
9.963173520599746258e-01
9.965066872319462421e-01
9.966923638454987522e-01
9.968740136546720976e-01
9.970512994438919252e-01
9.972239154129823868e-01
9.973915873715902825e-01
9.975540727495607607e-01
9.977111604312355331e-01
9.978626704230249000e-01
9.980084533648666545e-01
9.981483898972891566e-01
9.982823898966742826e-01
9.984103915919254613e-01
9.985323605760320076e-01
9.986482887259554575e-01
9.987581930438196309e-01
9.988621144315740219e-01
9.989601164101453712e-01
9.990522837926389954e-01
9.991387213194976580e-01
9.992195522617545178e-01
9.992949169967699774e-01
9.993649715592363147e-01
9.994298861689230318e-01
9.994898437357252474e-01
9.995450383421953244e-01
9.995956737039335405e-01
9.996419616090354010e-01
9.996841203392162756e-01
9.997223730771849226e-01
9.997569463072114582e-01
9.997880682184563383e-01
