0.020146
0.020146
0.020146
0.020146
0.020146
0.020146
0.020146
0.020146
0.020146
0.020146
0.020146
0.020146
0.020146
0.020146
0.020146
0.020146
0.020146
0.020146
0.020146
0.020146
0.020146
0.020146
0.020146
0.020146
0.026844
0.026844
0.058932
0.091906
0.1331
0.17787
0.23165
0.28285
0.33372
0.39295
0.43775
0.48037
0.52413
0.56045
0.59155
0.60958
0.61558
0.60711
0.58318
0.55306
0.50376
0.44059
0.36926
0.2885
0.1967
0.098555
-0.0023051
-0.10499
-0.20665
-0.30426
-0.39204
-0.47251
-0.54516
-0.60466
-0.64366
-0.67705
-0.69312
-0.69243
-0.67758
-0.6462
-0.60753
-0.55875
-0.51029
-0.45777
-0.38507
-0.32219
-0.25731
-0.18807
-0.12965
-0.075331
-0.031514
0.011204
0.011204
0.020146
0.020146
0.020146
0.020146
0.020146
0.020146
0.020146
0.020146
0.020146
0.020146
0.020146
0.020146
0.020146
0.020146
0.020146
0.020146
0.020146
0.020146
0.020146
0.020146
0.020146
0.020146
0.020146
