9.997975378025693027e-01
9.997680685249022980e-01
9.997353833169861925e-01
9.996992775035757894e-01
9.996595487287291970e-01
9.996159982525189003e-01
9.995684321954300122e-01
9.995166627198085463e-01
9.994605091413228948e-01
9.993997989668450543e-01
9.993343688582332351e-01
9.992640655240876413e-01
9.991887465435368432e-01
9.991082811274732967e-01
9.990225508233754326e-01
9.989314501699911863e-01
9.988348873077915746e-01
9.987327845503372048e-01
9.986250789206549960e-01
9.985117226555245695e-01
9.983926836793274306e-01
9.982679460479298994e-01
9.981375103620252487e-01
9.980013941485188500e-01
9.978596322079277270e-01
9.977122769254179735e-01
9.975593985429935806e-01
9.974010853904861085e-01
9.972374440733278167e-01
9.970685996156000153e-01
9.968946955574843338e-01
9.967158940069705819e-01
9.965323756464407046e-01
9.963443396955136144e-01
9.961520038322619897e-01
9.959556040755402906e-01
9.957553946316776150e-01
9.955516477091254091e-01
9.953446533047949352e-01
9.951347189657269166e-01
9.949221695293933854e-01
9.947073468453127010e-01
9.944906094797683060e-01
9.942723324042492816e-01
9.940529066668050140e-01
9.938327390438438380e-01
9.936122516680516714e-01
9.933918816261095852e-01
9.931720805178098077e-01
9.929533139660743357e-01
9.927360610653483963e-01
9.925208137539458519e-01
9.923080760942416534e-01
9.920983634432162246e-01
9.918922014948141630e-01
9.916901251749484780e-01
9.914926773697966267e-01
9.913004074683134936e-01
9.911138697006501852e-01
9.909336212553863099e-01
9.907602201601395375e-01
9.905942229121682541e-01
9.904361818479756607e-01
9.902866422436045202e-01
9.901461391402335277e-01
9.900151938927848061e-01
9.898943104425075301e-01
9.897839713178704368e-01
9.896846333715637600e-01
9.895967232649696133e-01
9.895206327150966041e-01
9.894567135226809418e-01
9.894052724039145152e-01
9.893665656520209684e-01
9.893407936586227081e-01
9.893280953284111501e-01
9.893285424239621761e-01
9.893421338804663234e-01
9.893687901325305400e-01
9.894083474968792258e-01
9.894605526555879660e-01
9.895250572842716474e-01
9.896014128683231492e-01
9.896890657477849240e-01
9.897873524277311930e-01
9.898954951861803631e-01
9.900125980056725394e-01
9.901376428478789737e-01
9.902694862831945555e-01
9.904068564794363816e-01
9.905483505458131388e-01
9.906924322205199474e-01
9.908374298829182303e-01
9.909815348645377719e-01
9.911228000272921390e-01
9.912591385725090243e-01
9.913883230407597447e-01
9.915079844601106807e-01
9.916156115993393083e-01
9.917085502828451027e-01
9.917840027254077873e-01
9.918390268475240079e-01
9.918705355357163578e-01
9.918752958168609579e-01
9.918499279211525632e-01
9.917909042147333709e-01
9.916945479902166127e-01
9.915570321112966434e-01
9.913743775163510463e-01
9.911424515954175840e-01
9.908569664651971642e-01
9.905134771778244529e-01
9.901073799111012042e-01
9.896339102006992405e-01
9.890881412885056401e-01
9.884649826757231361e-01
9.877591789844167858e-01
9.869653092467161049e-01
9.860777867565350130e-01
9.850908596340967049e-01
9.839986122682815584e-01
9.827949678153529156e-01
9.814736919443775021e-01
9.800283980290785957e-01
9.784525539923645265e-01
9.767394910128361918e-01
9.748824143017359445e-01
9.728744161537082880e-01
9.707084914651435970e-01
9.683775558996778887e-01
9.658744668616240370e-01
9.631920474148865097e-01
9.603231132575041906e-01
9.572605028307493713e-01
9.539971106071100104e-01
9.505259235639887949e-01
9.468400608100646654e-01
9.429328162895166399e-01
9.387977044462196829e-01
9.344285086860825151e-01
9.298193324314230068e-01
9.249646525171351108e-01
9.198593746348715516e-01
9.144988904890392067e-01
9.088791362875680013e-01
9.029966521516760158e-01
8.968486419927743647e-01
8.904330333717651591e-01
8.837485368269037966e-01
8.767947041316948020e-01
8.695719849245974187e-01
8.620817811381926710e-01
8.543264986475057610e-01
8.463095955558421757e-01
8.380356265422600481e-01
8.295102827079365859e-01
8.207404263794141341e-01
8.117341203550595408e-01
8.025006511168779610e-01
7.930505455727774322e-01
7.833955809439305806e-01
7.735487874672738462e-01
7.635244436435124626e-01
7.533380638251359063e-01
7.430063780056606060e-01
7.325473037392828957e-01
7.219799101879897929e-01
7.113243743595785151e-01
7.006019296637784333e-01
6.898348069736324195e-01
6.790461684346136284e-01
6.682600343140071564e-01
6.575012032275266982e-01
6.467951661189130785e-01
6.361680144016352845e-01
6.256463427002372235e-01
6.152571466531162603e-01
6.050277162594270841e-01
5.949855252713203146e-01
5.851581171498864142e-01
5.755729881198571318e-01
5.662574678751094437e-01
5.572385985049816970e-01
5.485430122306376166e-01
5.401968085613531034e-01
5.322254315024468330e-01
5.246535474691544909e-01
5.175049245833576173e-01
5.108023140517234939e-01
5.045673343434673441e-01
4.988203589022831563e-01
4.935804081388528441e-01
4.888650464564170406e-01
4.846902850611117808e-01
4.810704913001483396e-01
4.780183052536759458e-01
4.755445642798267203e-01
4.736582361767581739e-01
4.723663615805349103e-01
4.716740061637325621e-01
4.715842231372899818e-01
4.720980264881587951e-01
4.732143753086512916e-01
4.749301694911480798e-01
4.772402569751332813e-01
4.801374526435553403e-01
4.836125688733318162e-01
4.876544576515936535e-01
4.922500640758680213e-01
4.973844909637474831e-01
5.030410742064774787e-01
5.092014684119001711e-01
5.158457422959954464e-01
5.229524831993489498e-01
5.304989100257897494e-01
5.384609938257317596e-01
5.468135851769714284e-01
5.555305474515223052e-01
5.645848949991912891e-01
5.739489352278779322e-01
5.835944135178405823e-01
5.934926598733994974e-01
6.036147361916621712e-01
6.139315830148284192e-01
6.244141646312831861e-01
6.350336114018066969e-01
6.457613582113428397e-01
6.565692779842551285e-01
6.674298092518528014e-01
6.783160768251230710e-01
6.892020047022635598e-01
7.000624204291856501e-01
7.108731502302221283e-01
7.216111043344967113e-01
7.322543520390023541e-01
7.427821861704648754e-01
7.531751767324327274e-01
7.634152136495629959e-01
7.734855386455514736e-01
7.833707664123696901e-01
7.930568953443806191e-01
8.025313082195267844e-01
8.117827633093712691e-01
8.208013764888332231e-01
8.295785949936956838e-01
8.381071635384453877e-01
8.463810835580447556e-01
8.543955663744704498e-01
8.621469811122524085e-01
8.696327981970247700e-01
8.768515292678049633e-01
8.838026643181202680e-01
8.904866068542238722e-01
8.969046078216873497e-01
9.030586990060052166e-01
9.089516265599633105e-01
9.145867852519844465e-01
9.199681539670245822e-01
9.251002329264430557e-01
9.299879830270750825e-01
9.346367676339288888e-01
9.390522970967590810e-01
9.432405761993510884e-01
9.472078546926245846e-01
9.509605810093689771e-01
9.545053592101110373e-01
9.578489091666512190e-01
9.609980299523678271e-01
9.639595663764937150e-01
9.667403785730854793e-01
9.693473145340775199e-01
9.717871854592723402e-01
9.740667437839469756e-01
9.761926637364466419e-01
9.781715242731972015e-01
9.800097942364582870e-01
9.817138195803775114e-01
9.832898125129986289e-01
9.847438424054228978e-01
9.860818283239289883e-01
9.873095330462399177e-01
9.884325584290282185e-01
9.894563419999995446e-01
9.903861546543626382e-01
9.912270993421077314e-01
9.919841106392212060e-01
9.926619551027485722e-01
9.932652323164627983e-01
9.937983765407719661e-01
9.942656588873882706e-01
9.946711899461090356e-01
9.950189227977624951e-01
9.953126563538278182e-01
9.955560389693497436e-01
9.957525722813881375e-01
9.959056152302673270e-01
9.960183882251950616e-01
9.960939774193579010e-01
9.961353390623064463e-01
9.961453038993606235e-01
9.961265815889428499e-01
9.960817651093077929e-01
9.960133351262445700e-01
9.959236642931678096e-01
9.958150214548076029e-01
9.956895757256709611e-01
9.955494004147769083e-01
9.953964767690507420e-01
9.952326975093214179e-01
9.950598701351951458e-01
9.948797199781953537e-01
9.946938929864407308e-01
9.945039582286938629e-01
9.943114101107182190e-01
9.941176703023737460e-01
9.939240893795593390e-01
9.937319481907800345e-01
9.935424589635689641e-01
9.933567661710482888e-01
9.931759471833885300e-01
9.930010127327032476e-01
9.928329072228724295e-01
9.926725089178816130e-01
9.925206300434450402e-01
9.923780168369888965e-01
9.922453495805246826e-01
9.921232426496451318e-01
9.920122446099064462e-01
9.919128383893557332e-01
9.918254415530423085e-01
9.917504067021536418e-01
9.916880220170712912e-01
9.916385119602644238e-01
9.916020381516369442e-01
9.915787004257914372e-01
9.915685380777327085e-01
9.915715313008345300e-01
9.915876028184362756e-01
9.916166197082165734e-01
9.916583954164691628e-01
9.917126919575437460e-01
9.917792222919646905e-01
9.918576528750678856e-01
9.919476063663500431e-01
9.920486644881141292e-01
9.921603710203877879e-01
9.922822349175294265e-01
9.924137335304321628e-01
9.925543159168475071e-01
9.927034062211216314e-01
9.928604071036194467e-01
9.930247031993687523e-01
9.931956645850044119e-01
9.933726502329734975e-01
9.935550114321766157e-01
9.937420951547512038e-01
9.939332473495313680e-01
9.941278161437936411e-01
9.943251549361724617e-01
9.945246253650437129e-01
9.947256001381745705e-01
9.949274657109694608e-01
9.951296248021660462e-01
9.953314987373224065e-01
9.955325296118632261e-01
9.957321822668271372e-01
9.959299460717678798e-01
9.961253365105430246e-01
9.963178965669776677e-01
9.965071979086538301e-01
9.966928418683558277e-01
9.968744602240244834e-01
9.970517157794375196e-01
9.972243027492471157e-01
9.973919469534491267e-01
9.975544058278191795e-01
9.977114682582840510e-01
9.978629542485795145e-01
9.980087144318063874e-01
9.981486294376017421e-01
9.982826091275238678e-01
9.984105917118559770e-01
9.985325427613248594e-01
9.986484541271580806e-01
9.987583427824677784e-01
9.988622495971299919e-01
9.989602380571742657e-01
9.990523929382474355e-01
9.991388189410562726e-01
9.992196392949254102e-01
9.992949943338557128e-01
9.993650400478641949e-01
9.994299466110734276e-01
9.994898968871090972e-01
9.995450849119780212e-01
9.995957143547991031e-01
9.996419969575793818e-01
9.996841509566488648e-01
9.997223994903242650e-01
9.997569689997413134e-01
9.997880876324185540e-01
