9.997976413461810985e-01
9.997681873235660932e-01
9.997355190152212856e-01
9.996994318344474273e-01
9.996597235076670751e-01
9.996161953698643465e-01
9.995686536077781348e-01
9.995169104402295002e-01
9.994607852285731786e-01
9.994001055136944034e-01
9.993347079790486642e-01
9.992644393418264048e-01
9.991891571763084068e-01
9.991087306748317465e-01
9.990230413525031938e-01
9.989319837019320358e-01
9.988354658038808287e-01
9.987334098989698594e-01
9.986257529245182729e-01
9.985124470194087776e-01
9.983934599986131753e-01
9.982687757978350174e-01
9.981383948876798584e-01
9.980023346559168118e-01
9.978606297557934823e-01
9.977133324180055274e-01
9.975605127238226233e-01
9.974022588370035081e-01
9.972386771924661719e-01
9.970698926401894147e-01
9.968960485434587016e-01
9.967173068312901174e-01
9.965338480056392667e-01
9.963458711047634697e-01
9.961535936248311351e-01
9.959572514025090140e-01
9.957570984617682974e-01
9.955534068284933591e-01
9.953464663166285975e-01
9.951365842895070202e-01
9.949240853996726974e-01
9.947093113098945949e-01
9.944926203971860001e-01
9.942743874404785798e-01
9.940550032911795730e-01
9.938348745241829540e-01
9.936144230650563181e-01
9.933940857871279562e-01
9.931743140701175809e-01
9.929555733098597292e-01
9.927383423666279461e-01
9.925231129376660411e-01
9.923103888378458359e-01
9.921006851709648355e-01
9.918945273731485379e-01
9.916924501091807231e-01
9.914949960023843323e-01
9.913027141789563235e-01
9.911161586084066277e-01
9.909358862229707965e-01
9.907624548005208309e-01
9.905964205975469339e-01
9.904383357211817840e-01
9.902887452319215633e-01
9.901481839716252953e-01
9.900171731144813414e-01
9.898962164418882992e-01
9.897857963455723995e-01
9.896863695667357241e-01
9.895983626825879398e-01
9.895221673552531128e-01
9.894581353617449837e-01
9.894065734274557489e-01
9.893677378893607210e-01
9.893418292188469465e-01
9.893289864376401122e-01
9.893292814636153176e-01
9.893427134262037237e-01
9.893692029934791909e-01
9.894085867546796864e-01
9.894606117027205938e-01
9.895249298610484523e-01
9.896010930978677012e-01
9.896885481682698993e-01
9.897866320211069491e-01
9.898945674026177199e-01
9.900114587829509372e-01
9.901362886249948092e-01
9.902679140075290043e-01
9.904050636069220426e-01
9.905463350336644046e-01
9.906901925122413299e-01
9.908349648854803959e-01
9.909788439178006669e-01
9.911198828659575355e-01
9.912559952810935382e-01
9.913849540022894313e-01
9.915043902994392644e-01
9.916117931221811732e-01
9.917045084117854792e-01
9.917797384342962319e-01
9.918345410957751795e-01
9.918658292041215851e-01
9.918703696465616115e-01
9.918447824574303517e-01
9.917855397572403753e-01
9.916889645511910434e-01
9.915512293831998392e-01
9.913683548502104648e-01
9.911362079909804557e-01
9.908505005737890947e-01
9.905067873185807725e-01
9.901004641009906182e-01
9.896267661985133079e-01
9.890807666527339226e-01
9.884573748359929413e-01
9.877513353259514961e-01
9.869572272070573637e-01
9.860694639335985112e-01
9.850822939044763249e-01
9.839898019146028352e-01
9.827859116613814061e-01
9.814643894965323634e-01
9.800188496229633728e-01
9.784427609429116046e-01
9.767294557666600374e-01
9.748721405903002513e-01
9.728639091459172494e-01
9.706977579179812965e-01
9.683666043055141337e-01
9.658633075908019672e-01
9.631806928521863265e-01
9.603115779310480438e-01
9.572488035318796884e-01
9.539852664997343634e-01
9.505139562818472054e-01
9.468279945403492714e-01
9.429206778412612122e-01
9.387855233018814749e-01
9.344163170347761227e-01
9.298071651823314188e-01
9.249525472917177193e-01
9.198473717366267843e-01
9.144870328497443079e-01
9.088674693891169998e-01
9.029852239228643995e-01
8.968375026806236772e-01
8.904222353872450757e-01
8.837381345651752484e-01
8.767847537672706082e-01
8.695625441820730162e-01
8.620729090394524397e-01
8.543182552365324867e-01
8.463020416024675807e-01
8.380288232263649606e-01
8.295042912857620854e-01
8.207353078337675800e-01
8.117299350312868755e-01
8.024974583465469546e-01
7.930484032870597222e-01
7.833945452786913455e-01
7.735489123618904950e-01
7.635257804354343980e-01
7.533406608421753248e-01
7.430102801579825389e-01
7.325525521130308304e-01
7.219865416424442461e-01
7.113324211297167299e-01
7.006114189700777262e-01
6.898457606409373888e-01
6.790586025218907640e-01
6.682739587568284900e-01
6.575166214951702059e-01
6.468120748880541449e-01
6.361864032487174470e-01
6.256661938147787261e-01
6.152784345744273242e-01
6.050504076394606079e-01
5.950095786666855791e-01
5.851834828464026472e-01
5.755996079933738407e-01
5.662852752927085564e-01
5.572675182710324915e-01
5.485729605825129251e-01
5.402276932198752935e-01
5.322571517823185827e-01
5.246859944546851118e-01
5.175379813746907587e-01
5.108358560865210451e-01
5.046012297985092987e-01
4.988544691787745178e-01
4.936145884342955092e-01
4.888991464247686158e-01
4.847241495616053664e-01
4.811039612335710203e-01
4.780512184832015343e-01
4.755767566316486672e-01
4.736895425138437643e-01
4.723966169409004046e-01
4.717030469527229153e-01
4.716118883615780799e-01
4.721241590175514480e-01
4.732388231504003340e-01
4.749527870603690305e-01
4.772609063441514143e-01
4.801560047525912367e-01
4.836289046849308049e-01
4.876684692315705894e-01
4.922616555843227770e-01
4.973935795408733762e-01
5.030475907393783253e-01
5.092053581704802934e-01
5.158469654280533057e-01
5.229510150773146737e-01
5.304947414399863170e-01
5.384541310215622545e-01
5.468040497359900609e-01
5.555183760188382447e-01
5.645701388620676386e-01
5.739316597526458175e-01
5.835746974542945775e-01
5.934705945376821390e-01
6.035904245402061719e-01
6.139051386232108332e-01
6.243857105928476425e-01
6.350032791616114780e-01
6.457292863514014769e-01
6.565356109761578685e-01
6.673946961927410548e-01
6.782796701725670729e-01
6.891644590230130429e-01
7.000238911759226745e-01
7.108337925594625517e-01
7.215710719776382565e-01
7.322137962372536890e-01
7.427412546830204354e-01
7.531340129258273786e-01
7.633739556746624855e-01
7.734443187071288195e-01
7.833297101347324043e-01
7.930161212350324007e-01
8.024909272314343367e-01
8.117428785010494252e-01
8.207620827801825891e-01
8.295399790143691554e-01
8.380693035644528610e-01
8.463440495313770962e-01
8.543594199997275318e-01
8.621117760236051142e-01
8.695985801883230337e-01
8.768183365782812322e-01
8.837705279659106017e-01
8.904555510098424165e-01
8.968746502136355492e-01
9.030298513508626668e-01
9.089238950095894776e-01
9.145601708508350747e-01
9.199426531130558971e-01
9.250758378296080053e-01
9.299646821600140445e-01
9.346145461700892110e-01
9.390311373318420696e-01
9.432204579526591859e-01
9.471887556855568269e-01
9.509424772189699615e-01
9.544882251962150121e-01
9.578327183717570970e-01
9.609827549739324848e-01
9.639451792118260975e-01
9.667268508374606828e-01
9.693346176530612812e-01
9.717752908365517861e-01
9.740556229462007387e-01
9.761822884569597569e-01
9.781618666760338865e-01
9.800008268830591174e-01
9.817055155404411648e-01
9.832821454214666357e-01
9.847367865072951254e-01
9.860753585085277884e-01
9.873036248724014197e-01
9.884271881425501505e-01
9.894514865445197538e-01
9.903817916766860519e-01
9.912232071928477328e-01
9.919806683694841754e-01
9.926589424574632226e-01
9.932626297248428049e-01
9.937961651043106803e-01
9.942638203657039320e-01
9.946697067409014936e-01
9.950177779350951601e-01
9.953118334649186938e-01
9.955555222700356310e-01
9.957523465504186655e-01
9.959056657865805740e-01
9.960187009043376394e-01
9.960945385492175896e-01
9.961361354383425626e-01
9.961463227595312997e-01
9.961278105885441603e-01
9.960831922959587637e-01
9.960149489152614333e-01
9.959254534435875161e-01
9.958169750463267134e-01
9.956916831367698117e-01
9.955516513022985015e-01
9.953988610494952649e-01
9.952352053421031908e-01
9.950624919080864883e-01
9.948824462951508796e-01
9.946967146579601682e-01
9.945068662648333113e-01
9.943143957168109059e-01
9.941207248774602823e-01
9.939272045174672998e-01
9.937351156837267441e-01
9.935456708080957489e-01
9.933600145760297373e-01
9.931792245798006791e-01
9.930043117847801026e-01
9.928362208402364830e-01
9.926758302681986113e-01
9.925239525651352590e-01
9.923813342515200864e-01
9.922486559038233844e-01
9.921265322021892707e-01
9.920155120251060721e-01
9.919160786198858437e-01
9.918286498748631885e-01
9.917535787160348670e-01
9.916911536475258027e-01
9.916415994518892330e-01
9.916050780629499517e-01
9.915816896207403364e-01
9.915714737151309910e-01
9.915744108220436726e-01
9.915904239336664761e-01
9.916193803818497132e-01
9.916610938518232166e-01
9.917153265814928620e-01
9.917817917398091820e-01
9.918601559760051867e-01
9.919500421298498294e-01
9.920510320914356361e-01
9.921626697974090803e-01
9.922844643489852068e-01
9.924158932355878759e-01
9.925564056465707719e-01
9.927054258522528540e-01
9.928623566344980667e-01
9.930265827463335970e-01
9.931974743796643246e-01
9.933743906200334095e-01
9.935566828676033468e-01
9.937436982040780409e-01
9.939347826861157920e-01
9.941292845468716610e-01
9.943265572885816583e-01
9.945259626505205119e-01
9.947268734381617961e-01
9.949286762009010854e-01
9.951307737472258053e-01
9.953325874876917112e-01
9.955335595974976748e-01
9.957331549918108093e-01
9.959308631083064745e-01
9.961261994926597918e-01
9.963187071839804121e-01
9.965079578984342712e-01
9.966935530105837104e-01
9.968751243332880652e-01
9.970523346983790614e-01
9.972248783417315687e-01
9.973924810978006539e-01
9.975549004101514905e-01
9.977119251659479771e-01
9.978633753637472514e-01
9.980091016252088387e-01
9.981489845624386126e-01
9.982829340135634943e-01
9.984108881597463236e-01
9.985328125371391028e-01
9.986486989572023187e-01
9.987585643483810616e-01
9.988624495313085383e-01
9.989604179385560556e-01
9.990525542884918231e-01
9.991389632211533645e-01
9.992197679022672974e-01
9.992951085997977545e-01
9.993651412357993369e-01
9.994300359150354307e-01
9.994899754309121143e-01
9.995451537488920790e-01
9.995957744677523849e-01
9.996420492598672158e-01
9.996841962931241055e-01
9.997224386390323181e-01
9.997570026739589499e-01
9.997881164830499934e-01
