9.997977667857229633e-01
9.997683331369292548e-01
9.997356877173591005e-01
9.996996261219208701e-01
9.996599462541315706e-01
9.996164496191389803e-01
9.995689425644754822e-01
9.995172374579733843e-01
9.994611537958825176e-01
9.994005192376548274e-01
9.993351705669420992e-01
9.992649545809249023e-01
9.991897289120728054e-01
9.991093627877838390e-01
9.990237377340585034e-01
9.989327482294918514e-01
9.988363023154884779e-01
9.987343221678314231e-01
9.986267446336793974e-01
9.985135217368636962e-01
9.983946211531022907e-01
9.982700266555631918e-01
9.981397385301598035e-01
9.980037739591157697e-01
9.978621673707289697e-01
9.977149707529082701e-01
9.975622539279560552e-01
9.974041047861968989e-01
9.972406294763940249e-01
9.970719525514001313e-01
9.968982170681264243e-01
9.967195846416389005e-01
9.965362354539565315e-01
9.963483682188927215e-01
9.961562001050033865e-01
9.959599666193417189e-01
9.957599214552304012e-01
9.955563363076089800e-01
9.953495006596618788e-01
9.951397215443557043e-01
9.949273232841794323e-01
9.947126472117834295e-01
9.944960513733341889e-01
9.942779102152549120e-01
9.940586142536087522e-01
9.938385697237439587e-01
9.936181982059790752e-01
9.933979362211230457e-01
9.931782347875561801e-01
9.929595589295064917e-01
9.927423871241187747e-01
9.925272106730134158e-01
9.923145329823349625e-01
9.921048687338762662e-01
9.918987429288023128e-01
9.916966897848343843e-01
9.914992514675414759e-01
9.913069766366376934e-01
9.911204187889179895e-01
9.909401343806596429e-01
9.907666807139595688e-01
9.906006135735094809e-01
9.904424846027055640e-01
9.902928384106673976e-01
9.901522094046707467e-01
9.900211183456104624e-01
9.899000686273826677e-01
9.897895422844580349e-01
9.896899957354057253e-01
9.896018552737007035e-01
9.895255123207924441e-01
9.894613184601287470e-01
9.894095802745765944e-01
9.893705540134434262e-01
9.893444401189966930e-01
9.893313776459328190e-01
9.893314386105440672e-01
9.893446223092319247e-01
9.893708496483686332e-01
9.894099575291552817e-01
9.894616933319023699e-01
9.895257095439402573e-01
9.896015585740319809e-01
9.896886877936582616e-01
9.897864348418623504e-01
9.898940232255242222e-01
9.900105582410909655e-01
9.901350232370944582e-01
9.902662762294373033e-01
9.904030468736806370e-01
9.905439337906951636e-01
9.906874022343066244e-01
9.908317820822563071e-01
9.909752661251455264e-01
9.911159086222519621e-01
9.912516240883654239e-01
9.913801862722091407e-01
9.914992272846693266e-01
9.916062368339725319e-01
9.916985615251227015e-01
9.917734041822903190e-01
9.918278231553744329e-01
9.918587315755439393e-01
9.918628965291388377e-01
9.918369381247797989e-01
9.917773284348404550e-01
9.916803902995269260e-01
9.915422959896518229e-01
9.913590657327915334e-01
9.911265661168778829e-01
9.908405083954417991e-01
9.904964467297243669e-01
9.900897764147446045e-01
9.896157321491682035e-01
9.890693864224429088e-01
9.884456481070922340e-01
9.877392613591372550e-01
9.869448049451631233e-01
9.860566921302424959e-01
9.850691712764170216e-01
9.839763273162465129e-01
9.827720842795553136e-01
9.814502090633594467e-01
9.800043166444659670e-01
9.784278769408260024e-01
9.767142235308500231e-01
9.748565644391198326e-01
9.728479951918705959e-01
9.706815143360492115e-01
9.683500416015596857e-01
9.658464388675033208e-01
9.631635340699757908e-01
9.602941481615528962e-01
9.572311252013462335e-01
9.539673656198881524e-01
9.504958626655846121e-01
9.468097419995901154e-01
9.429023043642132951e-01
9.387670712069007273e-01
9.343978330979527680e-01
9.297887007359136868e-01
9.249341582905109549e-01
9.198291187895838439e-01
9.144689812141093554e-01
9.088496889246973076e-01
9.029677890042878685e-01
8.968204920657917301e-01
8.904057320406006948e-01
8.837222254348707784e-01
8.767695295158192126e-01
8.695480988705961423e-01
8.620593397661667767e-01
8.543056617306497014e-01
8.462905257751816013e-01
8.380184886810779776e-01
8.294952427901206571e-01
8.207276507564554846e-01
8.117237747468364351e-01
8.024928996116809099e-01
7.930455495922758002e-01
7.833934981789318908e-01
7.735497707902301290e-01
7.635286400037450960e-01
7.533456131327309624e-01
7.430174120099111157e-01
7.325619449074496359e-01
7.219982705900100939e-01
7.113465545641964871e-01
7.006280176514033675e-01
6.898648770710593681e-01
6.790802802765835144e-01
6.682982318364545371e-01
6.575435136972744843e-01
6.468415992045478680e-01
6.362185612903421550e-01
6.257009752655425805e-01
6.153158166787479066e-01
6.050903547249075753e-01
5.950520417054698807e-01
5.852283990590978480e-01
5.756469004988387095e-01
5.663348528087621681e-01
5.573192748710912303e-01
5.486267755141803759e-01
5.402834307922621537e-01
5.323146613296902974e-01
5.247451103848048692e-01
5.175985233109008377e-01
5.108976291131199776e-01
5.046640248192767464e-01
4.989180633985019764e-01
4.936787459728422256e-01
4.889636190724341303e-01
4.847886776834299249e-01
4.811682748285754929e-01
4.781150384024789313e-01
4.756397959567102429e-01
4.737515080936917089e-01
4.724572110830340677e-01
4.717619692597568859e-01
4.716688377014617295e-01
4.721788356116287666e-01
4.732909307598929249e-01
4.750020352483838026e-01
4.773070127871805735e-01
4.801986975727823292e-01
4.836679247722538433e-01
4.877035725235272512e-01
4.922926152700595193e-01
4.974201881565434302e-01
5.030696621223674780e-01
5.092227292416300344e-01
5.158594977733028664e-01
5.229585963031173623e-01
5.304972862804171463e-01
5.384515821790660794e-01
5.467963784421583373e-01
5.555055823063015374e-01
5.645522515434361344e-01
5.739087361072734428e-01
5.835468226284218352e-01
5.934378806680367102e-01
6.035530096153940427e-01
6.138631851010660778e-01
6.243394037952917364e-01
6.349528254714578157e-01
6.456749112378499245e-01
6.564775568775060854e-01
6.673332202860268181e-01
6.782150420605008723e-01
6.890969583686622491e-01
6.999538053152241091e-01
7.107614141207543312e-01
7.214966965361420126e-01
7.321377200307652711e-01
7.426637724130905616e-01
7.530554156664645005e-01
7.632945289081151108e-01
7.733643405036687568e-01
7.832494494905927196e-01
7.929358365798395702e-01
8.024108651136061532e-01
8.116632724568064727e-01
8.206831523890560920e-01
8.294619291414074835e-01
8.379923237868159847e-01
8.462683137446381787e-01
8.542850861970554543e-01
8.620389862390552826e-01
8.695274605937911572e-01
8.767489977222401309e-01
8.837030651408960269e-01
8.903900447347709024e-01
8.968111668164373551e-01
9.029684436365690292e-01
9.088646029989381203e-01
9.145030225746251240e-01
9.198876654478731485e-01
9.250230173611380113e-01
9.299140260609359832e-01
9.345660430804757501e-01
9.389847682310420440e-01
9.431761970128014205e-01
9.471465710980353503e-01
9.509023319865430590e-01
9.544500778846338740e-01
9.577965238161200157e-01
9.609484649361988984e-01
9.639127429871157116e-01
9.666962158078753475e-01
9.693057297887837098e-01
9.717480951448915771e-01
9.740300638700520874e-01
9.761583102248065913e-01
9.781394136061777322e-01
9.799798436451591099e-01
9.816859473777400646e-01
9.832639383372443476e-01
9.847198874191475104e-01
9.860597153740271459e-01
9.872891867895733364e-01
9.884139054284065695e-01
9.894393107946460875e-01
9.903706758085983886e-01
9.912131054755399795e-01
9.919715364412731162e-01
9.926507373339423790e-01
9.932553097984702095e-01
9.937896901368927782e-01
9.942581514748078941e-01
9.946648063810292761e-01
9.950136098742836666e-01
9.953083627573038328e-01
9.955527152248134781e-01
9.957501706975663280e-01
9.959040898396546160e-01
9.960176947206412779e-01
9.960940730876215454e-01
9.961361827150505555e-01
9.961468558020992736e-01
9.961288033884884152e-01
9.960846197603134833e-01
9.960167868174849559e-01
9.959276783742438965e-01
9.958195643640019856e-01
9.956946149197113405e-01
9.955549043012869026e-01
9.954024146424734765e-01
9.952390394910947125e-01
9.950665871189317002e-01
9.948867835805740301e-01
9.947012755044515320e-01
9.945116326037884980e-01
9.943193499003099012e-01
9.941258496590001936e-01
9.939324830378710729e-01
9.937405314623533048e-01
9.935512077393631181e-01
9.933656569311413165e-01
9.931849570134402283e-01
9.930101193464074827e-01
9.928420889894931101e-01
9.926817448938088928e-01
9.925299000065835875e-01
9.923873013226912621e-01
9.922546299177251727e-01
9.921325009958340546e-01
9.920214639836122394e-01
9.919220026988807559e-01
9.918345356203187579e-01
9.917594162807521485e-01
9.916969338035970249e-01
9.916473135986090259e-01
9.916107182298061762e-01
9.915872484652950014e-01
9.915769445157824880e-01
9.915797874658470734e-01
9.915957008995577304e-01
9.916245527197780074e-01
9.916661571584233226e-01
9.917202769730286693e-01
9.917866258231834431e-01
9.918648708186555973e-01
9.919546352293406866e-01
9.920555013455049087e-01
9.921670134751535697e-01
9.922886810637594479e-01
9.924199819200676398e-01
9.925603655302960293e-01
9.927092564418249498e-01
9.928660576964704054e-01
9.930301542927089109e-01
9.932009166558035673e-01
9.933777040946957237e-01
9.935598682247703817e-01
9.937467563361780387e-01
9.939377146882482084e-01
9.941320917116389655e-01
9.943292411011628307e-01
9.945285247836590514e-01
9.947293157467967939e-01
9.949310007162263103e-01
9.951329826700219261e-01
9.953346831808392858e-01
9.955355445776318257e-01
9.957350319201264677e-01
9.959326347805654844e-01
9.961278688284807004e-01
9.963202772155136389e-01
9.965094317585398986e-01
9.966949339206323533e-01
9.968764155907057223e-01
9.970535396640478609e-01
9.972260004273501011e-01
9.973935237532923770e-01
9.975558671111959264e-01
9.977128194016975371e-01
9.978642006247769869e-01
9.980098613917404160e-01
9.981496822928667134e-01
9.982835731333138396e-01
9.984114720504906337e-01
9.985333445263935293e-01
9.986491823083418762e-01
9.987590022511068089e-01
9.988628450926141378e-01
9.989607741742441149e-01
9.990528741153008596e-01
9.991392494495594523e-01
9.992200232300274543e-01
9.992953356063033477e-01
9.993653423773030120e-01
9.994302135208081861e-01
9.994901317003780372e-01
9.995452907497723860e-01
9.995958941352366400e-01
9.996421533968088413e-01
9.996842865712396442e-01
9.997225166010648145e-01
9.997570697367452741e-01
9.997881739414172797e-01
