9.997976169331130869e-01
9.997681592401639339e-01
9.997354868536457717e-01
9.996993951631776287e-01
9.996596818728571421e-01
9.996161482970343792e-01
9.995686006038267957e-01
9.995168509957518266e-01
9.994607188204587267e-01
9.994000316079763024e-01
9.993346260339709408e-01
9.992643488110919403e-01
9.991890575124672269e-01
9.991086213327686760e-01
9.990229217929837979e-01
9.989318533951638823e-01
9.988353242330518800e-01
9.987332565637240256e-01
9.986255873443349307e-01
9.985122687368525041e-01
9.983932685824270514e-01
9.982685708458522988e-01
9.981381760295332528e-01
9.980021015555309294e-01
9.978603821136468044e-01
9.977130699731547869e-01
9.975602352556858232e-01
9.974019661669016878e-01
9.972383691849275866e-01
9.970695692040261182e-01
9.968957096326248601e-01
9.967169524455421481e-01
9.965334781910154538e-01
9.963454859539089270e-01
9.961531932771974240e-01
9.959568360444591706e-01
9.957566683266239060e-01
9.955529621965609754e-01
9.953460075152446018e-01
9.951361116931407569e-01
9.949235994301249830e-01
9.947088124366283424e-01
9.944921091378168265e-01
9.942738643614521532e-01
9.940544690086485780e-01
9.938343297050914460e-01
9.936138684284262501e-01
9.933935221055300024e-01
9.931737421712992786e-01
9.929549940784894169e-01
9.927377567461037611e-01
9.925225219319305792e-01
9.923097935131370839e-01
9.921000866574315458e-01
9.918939268662552156e-01
9.916918488708256207e-01
9.914943953616607297e-01
9.913021155324887035e-01
9.911155634202042375e-01
9.909352960237485242e-01
9.907618711864483174e-01
9.905958452283969429e-01
9.904377703178592895e-01
9.902881915733663387e-01
9.901476438910866706e-01
9.900166484951722357e-01
9.898957092120307388e-01
9.897853084728507334e-01
9.896859030521742984e-01
9.895979195538743278e-01
9.895217496595258844e-01
9.894577451578691063e-01
9.894062127778090465e-01
9.893674088511597020e-01
9.893415338350457500e-01
9.893287267274466501e-01
9.893290594126781246e-01
9.893425309765392361e-01
9.893690620332249441e-01
9.894084891077784549e-01
9.894605591186599325e-01
9.895249240048015205e-01
9.896011355401980181e-01
9.896886403765824403e-01
9.897867753510388722e-01
9.898947630905715611e-01
9.900117079397764419e-01
9.901365922310180201e-01
9.902682729091207836e-01
9.904054785147745621e-01
9.905468065229185992e-01
9.906907210245753381e-01
9.908355507332251566e-01
9.909794872901063201e-01
9.911205838369792076e-01
9.912567538201154660e-01
9.913857699856473138e-01
9.915052635240496626e-01
9.916127233204319324e-01
9.917054952674932977e-01
9.917807815993943121e-01
9.918356402073563727e-01
9.918669839014343514e-01
9.918715795875370222e-01
9.918460473343088113e-01
9.917868593108658537e-01
9.916903385835545981e-01
9.915526577678338560e-01
9.913698375400687990e-01
9.911377450234792885e-01
9.908520920727342807e-01
9.905084334927619638e-01
9.901021652392869576e-01
9.896285226614153219e-01
9.890825788602578550e-01
9.884592432520248328e-01
9.877532604391224824e-01
9.869592095083117300e-01
9.860715038906636698e-01
9.850843919334949517e-01
9.839919583492188204e-01
9.827881267196048043e-01
9.814666632457271778e-01
9.800211819433147786e-01
9.784451514897404278e-01
9.767319039319498630e-01
9.748746454638040904e-01
9.728664694762084730e-01
9.707003720738068830e-01
9.683692702378102757e-01
9.658660227957283073e-01
9.631834543355384248e-01
9.603143821744148934e-01
9.572516464609165388e-01
9.539881434549338790e-01
9.505168619921994244e-01
9.468309231002912663e-01
9.429236226913209062e-01
9.387884772134238442e-01
9.344192720992552381e-01
9.298101128054387932e-01
9.249554781927998848e-01
9.198502759537128259e-01
9.144898997504902205e-01
9.088702876879199977e-01
9.029879817043544588e-01
8.968401874296677567e-01
8.904248340255412897e-01
8.837406334944373221e-01
8.767871389189362263e-01
8.695648010733965094e-01
8.620750228357738632e-01
8.543202108194534183e-01
8.463038236436023487e-01
8.380304162662890466e-01
8.295056798177302682e-01
8.207364763917429640e-01
8.117308682817884202e-01
8.024981411838070233e-01
7.930488209309636272e-01
7.833946833749648730e-01
7.735487570840002824e-01
7.635253185876639259e-01
7.533398799633452825e-01
7.430091686252989769e-01
7.325510992455460668e-01
7.219847378036348129e-01
7.113302578286955224e-01
7.006088889609625170e-01
6.898428580199237325e-01
6.790553228215719939e-01
6.682702990373161622e-01
6.575125804315695710e-01
6.468076528538334591e-01
6.361816023944955045e-01
6.256610181420286798e-01
6.152728900035407955e-01
6.050445020715766731e-01
5.950033220386109489e-01
5.851768871778686432e-01
5.755926874257971670e-01
5.662780461185048519e-01
5.572599989524555930e-01
5.485651717588770904e-01
5.402196577019358070e-01
5.322488945325167808e-01
5.246775425519152325e-01
5.175293639622300379e-01
5.108271043017960089e-01
5.045923766834403690e-01
4.988455495695712782e-01
4.936056388297601627e-01
4.888902048324158534e-01
4.847152553211975246e-01
4.810951548180495418e-01
4.780425412773884331e-01
4.755682506895575479e-01
4.736812502959234505e-01
4.723885810330267221e-01
4.716953097692700991e-01
4.716044918353875515e-01
4.721171442800670137e-01
4.732322302056616303e-01
4.749466544568894388e-01
4.772552708489898876e-01
4.801509010321013404e-01
4.836243649967565394e-01
4.876645231324404639e-01
4.922583296580678169e-01
4.973908971508752552e-01
5.030455718093176376e-01
5.092040189968480846e-01
5.158463185273953755e-01
5.229510690706064002e-01
5.304955009759472206e-01
5.384555967400532772e-01
5.468062182719848341e-01
5.555212400467983702e-01
5.645736871799027501e-01
5.739358774038108013e-01
5.835795658860249979e-01
5.934760917928185719e-01
6.035965254796225032e-01
6.139118151754614505e-01
6.243929320273396977e-01
6.350110123813675900e-01
6.457374962013167075e-01
6.565442605625747552e-01
6.674037472101559398e-01
6.782890832333254849e-01
6.891741939859907795e-01
7.000339074703515463e-01
7.108440495002955606e-01
7.215815290691220962e-01
7.322244134616828770e-01
7.427519927719892223e-01
7.531448336116597364e-01
7.633848219200737306e-01
7.734551949115714420e-01
7.833405623162534859e-01
7.930269171868797873e-01
8.025016366530084433e-01
8.117534731031741391e-01
8.207725363650186789e-01
8.295502675306032359e-01
8.380794051387042698e-01
8.463539444770248332e-01
8.543690908045891153e-01
8.621212073180959390e-01
8.696077586958863570e-01
8.768272510499971473e-01
8.837791691012756301e-01
8.904639113657596416e-01
8.968827241036649855e-01
9.030376347367601308e-01
9.089313853871060500e-01
9.145673671316731923e-01
9.199495555047642048e-01
9.250824477150780822e-01
9.299710019780884629e-01
9.346205792986408412e-01
9.390368879745074615e-01
9.432259310302434363e-01
9.471939567329431542e-01
9.509474122881999003e-01
9.544929007662280585e-01
9.578371412651219829e-01
9.609869322807461645e-01
9.639491182208195230e-01
9.667305589742246630e-01
9.693381024251975786e-01
9.717785597854629032e-01
9.740586836051560171e-01
9.761851483150225661e-01
9.781645331473912686e-01
9.800033072812736057e-01
9.817078170571365003e-01
9.832842751089621025e-01
9.847387512647206576e-01
9.860771650709759806e-01
9.873052798027061039e-01
9.884286978253179479e-01
9.894528571820795371e-01
9.903830292866654395e-01
9.912243176071249273e-01
9.919816572343003180e-01
9.926598152345192938e-01
9.932633916932347429e-01
9.937968213631835912e-01
9.942643758375308005e-01
9.946701661753087897e-01
9.950181459131723916e-01
9.953121144039599466e-01
9.955557204286666906e-01
9.957524660340679734e-01
9.959057105532540533e-01
9.960186747706559762e-01
9.960944451966731172e-01
9.961359784197294509e-01
9.961461055054989799e-01
9.961275364142210265e-01
9.960828644075859772e-01
9.960145704167764347e-01
9.959250273430898526e-01
9.958165042623584595e-01
9.956911705043393068e-01
9.955510995785779027e-01
9.953982729191197532e-01
9.952345834220056586e-01
9.950618387518032071e-01
9.948817643965424118e-01
9.946960064542970104e-01
9.945061341392089638e-01
9.943136419998552800e-01
9.941199518483408992e-01
9.939264144041815019e-01
9.937343106627031242e-01
9.935448530031424363e-01
9.933591860566814979e-01
9.931783873591361056e-01
9.930034678167936057e-01
9.928353720168651142e-01
9.926749784161132961e-01
9.925230994424170117e-01
9.923804815443426630e-01
9.922478052232686085e-01
9.921256850813139350e-01
9.920146699163751025e-01
9.919152428930713139e-01
9.918278218154950032e-01
9.917527595244687300e-01
9.916903444386727662e-01
9.916408012556268137e-01
9.916042918252123695e-01
9.915809162052584558e-01
9.915707139057732267e-01
9.915736653256874700e-01
9.915896933835135485e-01
9.916186653410857810e-01
9.916603948175158889e-01
9.917146439886180831e-01
9.917811259652978828e-01
9.918595073427104447e-01
9.919494109103449420e-01
9.920504185115662787e-01
9.921620740395427074e-01
9.922838865549167275e-01
9.924153335090796224e-01
9.925558640555246503e-01
9.927049024305264480e-01
9.928618513833943338e-01
9.930260956358025748e-01
9.931970053492645834e-01
9.933739395797077654e-01
9.935562496983239011e-01
9.937432827584137263e-01
9.939343847887746053e-01
9.941289039952625473e-01
9.943261938534342370e-01
9.945256160765924003e-01
9.947265434450560662e-01
9.949283624840078444e-01
9.951304759787922283e-01
9.953323053180224145e-01
9.955332926562768803e-01
9.957329028895365308e-01
9.959306254378225143e-01
9.961259758307697831e-01
9.963184970931262541e-01
9.965077609284239690e-01
9.966933687003497466e-01
9.968749522126645335e-01
9.970521742898816875e-01
9.972247291623319576e-01
9.973923426606833287e-01
9.975547722264465067e-01
9.977118067464335605e-01
9.978632662205151327e-01
9.980090012732902860e-01
9.981488925213841679e-01
9.982828498089731939e-01
9.984108113247455174e-01
9.985327426137931006e-01
9.986486354978646451e-01
9.987585069169665486e-01
9.988623977044842617e-01
9.989603713068406776e-01
9.990525124572534610e-01
9.991389258114985461e-01
9.992197345518101237e-01
9.992950789633030517e-01
9.993651149856931371e-01
9.994300127417765633e-01
9.994899550432237989e-01
9.995451358738521863e-01
9.995957588507445868e-01
9.996420356643976879e-01
9.996841845005098870e-01
9.997224284479718781e-01
9.997569938999943950e-01
9.997881089579347957e-01
