9.997977781567081168e-01
9.997683480939271172e-01
9.997357069897336856e-01
9.996996505319056814e-01
9.996599767204606968e-01
9.996164871596521229e-01
9.995689882975700158e-01
9.995172926027999782e-01
9.994612196712028274e-01
9.994005972593112963e-01
9.993352622439179989e-01
9.992650615100046041e-01
9.991898527711436939e-01
9.991095053278488125e-01
9.990239007700565388e-01
9.989329336300485362e-01
9.988365119917355095e-01
9.987345580614515050e-01
9.986270087043429555e-01
9.985138159492294996e-01
9.983949474635541721e-01
9.982703869988538425e-01
9.981401348061238465e-01
9.980042080196064314e-01
9.978626410069192376e-01
9.977154856830852125e-01
9.975628117859218769e-01
9.974047071103774309e-01
9.972412776997400252e-01
9.970726479921548924e-01
9.968989609215187508e-01
9.967203779725501978e-01
9.965370791905958647e-01
9.963492631475031613e-01
9.961571468656071904e-01
9.959609657025161322e-01
9.957609731998884328e-01
9.955574408997382996e-01
9.953506581319522262e-01
9.951409317766195528e-01
9.949285860044438934e-01
9.947139619979056269e-01
9.944974176549652434e-01
9.942793272759572476e-01
9.940600812329125624e-01
9.938400856189204546e-01
9.936197618733043635e-01
9.933995463764190292e-01
9.931798900058129709e-01
9.929612576434216908e-01
9.927441276214353794e-01
9.925289910925864101e-01
9.923163513089183763e-01
9.921067227916868791e-01
9.919006303739799080e-01
9.916986080969851791e-01
9.915011979406045395e-01
9.913089483693657833e-01
9.911224126752986585e-01
9.909421471006251148e-01
9.907687087247385449e-01
9.906026531019679338e-01
9.904445316389965948e-01
9.902948887034784820e-01
9.901542584583068463e-01
9.900231614191051799e-01
9.899021007357727830e-01
9.897915582023090186e-01
9.896919900026301953e-01
9.896038222036764864e-01
9.895274460107648107e-01
9.894632128038670649e-01
9.894114289772609760e-01
9.893723506087667152e-01
9.893461779884882290e-01
9.893330500405369543e-01
9.893330386745120553e-01
9.893461431064050071e-01
9.893722841909443622e-01
9.894112988090240091e-01
9.894629343546224032e-01
9.895268433653765516e-01
9.896025783396202868e-01
9.896895867801740465e-01
9.897872065014666765e-01
9.898946612317379712e-01
9.900110565362205683e-01
9.901353760804924020e-01
9.902664782458490134e-01
9.904030931008064309e-01
9.905438197249881727e-01
9.906871238739484165e-01
9.908313359661997666e-01
9.909746493671021117e-01
9.911151189385237759e-01
9.912506598184882556e-01
9.913790463914818885e-01
9.914979114077887568e-01
9.916047452091756309e-01
9.916968950184529286e-01
9.917715642518418750e-01
9.918258118156242364e-01
9.918565513521512278e-01
9.918605504048567667e-01
9.918344294773923098e-01
9.917746609682829284e-01
9.916775679695779555e-01
9.915393229257811747e-01
9.913559461579096732e-01
9.911233042668514681e-01
9.908371084403094775e-01
9.904929126985678733e-01
9.900861121261362863e-01
9.896119411490288398e-01
9.890654719310059129e-01
9.884416129764809211e-01
9.877351080428367069e-01
9.869405354803995056e-01
9.860523081339983564e-01
9.850646739555043441e-01
9.839717174915572073e-01
9.827673624243091766e-01
9.814453753548948445e-01
9.799993710288734672e-01
9.784228192095132393e-01
9.767090534079678754e-01
9.748512816786538693e-01
9.728425996831358002e-01
9.706760062162907987e-01
9.683444213743688245e-01
9.658407075257889884e-01
9.631576932222836174e-01
9.602882001605778095e-01
9.572250732735392287e-01
9.539612139950973679e-01
9.504896167056918754e-01
9.468034083250987942e-01
9.428958909777130915e-01
9.387605876122759874e-01
9.343912904141252751e-01
9.297821118038149812e-01
9.249275377718817470e-01
9.198224832561019415e-01
9.144623492252691443e-01
9.088430810928084247e-01
9.029612280449417216e-01
8.968140028321690549e-01
8.903993415400609512e-01
8.837159628263880906e-01
8.767634260869946461e-01
8.695421879931937159e-01
8.620536568293695190e-01
8.543002440515159446e-01
8.462854124860867966e-01
8.380137205942336243e-01
8.294908622395760212e-01
8.207237014182834356e-01
8.117203014384813953e-01
8.024899480716980449e-01
7.930431662418991889e-01
7.833917298670959317e-01
7.735486645237998893e-01
7.635282426648234422e-01
7.533459711849687102e-01
7.430185711957879580e-01
7.325639499384942743e-01
7.220011648319032416e-01
7.113503797186567779e-01
7.006328134366780480e-01
6.898706809027496112e-01
6.790871269504175078e-01
6.683061532144837225e-01
6.575525383988042316e-01
6.468517523029537752e-01
6.362298640167179942e-01
6.257134447199479421e-01
6.153294655496230892e-01
6.051051910170558434e-01
5.950680684768614448e-01
5.852456141666442235e-01
5.756652963532650213e-01
5.663544161387308318e-01
5.573399864968989759e-01
5.486486101315694031e-01
5.403063567672879985e-01
5.323386405060517301e-01
5.247700979056666437e-01
5.176244674579233429e-01
5.109244711662126459e-01
5.046916989414125254e-01
4.989464965507748317e-01
4.937078578657564387e-01
4.889933221601190372e-01
4.848188772080671560e-01
4.811988689226837090e-01
4.781459182568558175e-01
4.756708460616611012e-01
4.737826065607197989e-01
4.724882300533307378e-01
4.717927754046797872e-01
4.716992928186702905e-01
4.722087973187311105e-01
4.733202532853606481e-01
4.750305703171824323e-01
4.773346105961138175e-01
4.802252078480224728e-01
4.836931978990425263e-01
4.877274607356538727e-01
4.923149738845385981e-01
4.974408768370282008e-01
5.030885461532947911e-01
5.092396807939771897e-01
5.158743971421924090e-01
5.229713330973333463e-01
5.305077605442389821e-01
5.384597054276637484e-01
5.468020745930789461e-01
5.555087884913076923e-01
5.645529187870366172e-01
5.739068298606858631e-01
5.835423231503260588e-01
5.934307832462533128e-01
6.035433246264687579e-01
6.138509379075924866e-01
6.243246344835824413e-01
6.349355884347952506e-01
6.456552746130137521e-01
6.564556018444616114e-01
6.673090402425929657e-01
6.781887416854446293e-01
6.890686525879732294e-01
6.999236181873095264e-01
7.107294776569708095e-01
7.214631494734184969e-01
7.321027065731414707e-01
7.426274409587717562e-01
7.530179175365121491e-01
7.632560170921945941e-01
7.733249684373594279e-01
7.832093698776845248e-01
7.928952002718023806e-01
8.023698200570634764e-01
8.116219627183927088e-01
8.206417172655193770e-01
8.294205023612590821e-01
8.379510328082468984e-01
8.462272791528591132e-01
8.542444212026751860e-01
8.619987962776304302e-01
8.694878430252721557e-01
8.767100416277245900e-01
8.836648512128990607e-01
8.903526452561479898e-01
8.967746457221545953e-01
9.029328566517307308e-01
9.088299978458422856e-01
9.144694392411355510e-01
9.198551365090734677e-01
9.249915683460538940e-01
9.298836758560882210e-01
9.345368043621287146e-01
9.389566479182495096e-01
9.431491967336970150e-01
9.471206876622632054e-01
9.508775578572586928e-01
9.544264016441087461e-01
9.577739306196408897e-01
9.609269369496553637e-01
9.638922598043897505e-01
9.666767548448742531e-01
9.692872666516869629e-01
9.717306039708820675e-01
9.740135176394705274e-01
9.761426810442920265e-01
9.781246729629240466e-01
9.799659626329145778e-01
9.816728968956123236e-01
9.832516892627207739e-01
9.847084107570185374e-01
9.860489823830989042e-01
9.872791690891752348e-01
9.884045750867561653e-01
9.894306404011219414e-01
9.903626385319088676e-01
9.912056751096666174e-01
9.919646874409256965e-01
9.926444448410947086e-01
9.932495496613651387e-01
9.937844389227189490e-01
9.942533864770671803e-01
9.946605056224393504e-01
9.950097521059028116e-01
9.953049274544227831e-01
9.955496825800379534e-01
9.957475216114157757e-01
9.959018059089213004e-01
9.960157582246961239e-01
9.960924669728081771e-01
9.961348905772847706e-01
9.961458618677749843e-01
9.961280924937887526e-01
9.960841773290323165e-01
9.960165988374759527e-01
9.959277313726310199e-01
9.958198453813115192e-01
9.956951114831055216e-01
9.955556043971091063e-01
9.954033066883418712e-01
9.952401123078086220e-01
9.950678299024789952e-01
9.948881858745547424e-01
9.947028271732480942e-01
9.945133238068304404e-01
9.943211710677871684e-01
9.941277914693777973e-01
9.939345363975504721e-01
9.937426874878039218e-01
9.935534577420181979e-01
9.933679924053091526e-01
9.931873696274264862e-01
9.930126009369829587e-01
9.928446315597631022e-01
9.926843406144579829e-01
9.925325412203810371e-01
9.923899805520490780e-01
9.922573398750081930e-01
9.921352345960313679e-01
9.920242143589018680e-01
9.919247632145452576e-01
9.918372998914207761e-01
9.917621781889410792e-01
9.916996875134073131e-01
9.916500535726229248e-01
9.916134392420892230e-01
9.915899456125728539e-01
9.915796132259120377e-01
9.915824235032357770e-01
9.915983003673032314e-01
9.916271120584257970e-01
9.916686731413706379e-01
9.917227466987309503e-01
9.917890467044340186e-01
9.918672405693161886e-01
9.919569518489788074e-01
9.920577631024539711e-01
9.921692188885432584e-01
9.922908288850674774e-01
9.924220711147230256e-01
9.925623952598181532e-01
9.927112260469173055e-01
9.928679666814056448e-01
9.930320023112536587e-01
9.932027034988336611e-01
9.933794296795609435e-01
9.935615325863818015e-01
9.937483596197116409e-01
9.939392571433008916e-01
9.941335736876238949e-01
9.943306630437029892e-01
9.945298872317251959e-01
9.947306193303376842e-01
9.949322461540553997e-01
9.951341707677494597e-01
9.953358148286732821e-01
9.955366207479068308e-01
9.957360536644604965e-01
9.959336032265821981e-01
9.961287851760701750e-01
9.963211427326350567e-01
9.965102477765963584e-01
9.966957018294652082e-01
9.968771368332702831e-01
9.970542157308401876e-01
9.972266328506550481e-01
9.973941141013216161e-01
9.975564169821787841e-01
9.977133304179784945e-01
9.978646744269636937e-01
9.980102996329351939e-01
9.981500866330048627e-01
9.982839452336221830e-01
9.984118135680715156e-01
9.985336571089357127e-01
9.986494675889558970e-01
9.987592618432822311e-01
9.988630805852986017e-01
9.989609871270492825e-01
9.990530660538463614e-01
9.991394218609727096e-01
9.992201775586280199e-01
9.992954732495051839e-01
9.993654646817778930e-01
9.994303217789574090e-01
9.994902271471626243e-01
9.995453745599547357e-01
9.995959674210791457e-01
9.996422172062767730e-01
9.996843418867414899e-01
9.997225643387551708e-01
9.997571107464049422e-01
9.997882090069081240e-01
