9.997977725593587550e-01
9.997683426083606717e-01
9.997357018111302507e-01
9.996996458973188560e-01
9.996599729122452871e-01
9.996164845085336870e-01
9.995689871852611041e-01
9.995172934640756957e-01
9.994612229953582228e-01
9.994006035909351882e-01
9.993352721829311669e-01
9.992650757109291515e-01
9.991898719415854835e-01
9.991095302261945310e-01
9.990239322024048185e-01
9.989329724464096616e-01
9.988365590815533324e-01
9.987346143485106298e-01
9.986270751411396862e-01
9.985138935108899272e-01
9.983950371413919944e-01
9.982704897936611754e-01
9.981402517212906167e-01
9.980043400541612764e-01
9.978627891485818413e-01
9.977156509014150076e-01
9.975629950256419409e-01
9.974049092849449627e-01
9.972414996852300151e-01
9.970728906215142739e-01
9.968992249792445470e-01
9.967206641898367359e-01
9.965373882409922501e-01
9.963495956431147604e-01
9.961575033538697665e-01
9.959613466635637291e-01
9.957613790445277724e-01
9.955578719680329147e-01
9.953511146924077790e-01
9.951414140259466912e-01
9.949290940678614525e-01
9.947144959299268896e-01
9.944979774405940942e-01
9.942799128321991864e-01
9.940606924104923303e-01
9.938407222040777089e-01
9.936204235895320647e-01
9.934002328859982134e-01
9.931806009109989120e-01
9.929619924871435632e-01
9.927448858873813009e-01
9.925297722045720583e-01
9.923171546294583534e-01
9.921075476197278586e-01
9.919014759417881244e-01
9.916994735662219007e-01
9.915020823976647968e-01
9.913098508200919312e-01
9.911233320392144330e-01
9.909430822048648224e-01
9.907696582978617883e-01
9.906036157678651533e-01
9.904455059110867099e-01
9.902958729793932546e-01
9.901552510152399345e-01
9.900241604099787596e-01
9.899031041863468605e-01
9.897925640093263588e-01
9.896929959330619253e-01
9.896048258951031240e-01
9.895284449729071508e-01
9.894642044212652587e-01
9.894124105130931435e-01
9.893733192097996509e-01
9.893471306911628682e-01
9.893339837782058055e-01
9.893339502858680135e-01
9.893470293451638309e-01
9.893731417368629710e-01
9.894121242803561866e-01
9.894637243221228173e-01
9.895275943679615605e-01
9.896032869017845623e-01
9.896902494312299625e-01
9.897878197966336611e-01
9.898952217750525140e-01
9.900115610051651860e-01
9.901358212521652602e-01
9.902668610244059755e-01
9.904034105458181525e-01
9.905440690802681525e-01
9.906873025963226498e-01
9.908314417536217000e-01
9.909746801854565357e-01
9.911150730464302061e-01
9.912505357893993674e-01
9.913788431323793393e-01
9.914976281738157038e-01
9.916043816136044242e-01
9.916964510374675079e-01
9.917710402237223111e-01
9.918252084340436481e-01
9.918558696534333086e-01
9.918597917491984717e-01
9.918335955242087998e-01
9.917737536459969583e-01
9.916765894403321013e-01
9.915382755457025077e-01
9.913548324336950435e-01
9.911221268095621317e-01
9.908358699173651640e-01
9.904916157850047753e-01
9.900847594562401932e-01
9.896105352694698487e-01
9.890640152565878251e-01
9.884401077495672538e-01
9.877335562974377536e-01
9.869389390117975225e-01
9.860506684746541683e-01
9.850629923578367864e-01
9.839699949180208405e-01
9.827655995450229609e-01
9.814435725529025989e-01
9.799975284129506248e-01
9.784209366342869751e-01
9.767071305009852322e-01
9.748493178739292553e-01
9.728405942606286327e-01
9.706739583467168808e-01
9.683423301687219542e-01
9.658385720889532955e-01
9.631555127101338876e-01
9.602859738399981415e-01
9.572228005848308907e-01
9.539588946162833594e-01
9.504872506182616698e-01
9.468009958807535043e-01
9.428934329656779578e-01
9.387580853267343262e-01
9.343887457212914915e-01
9.297795272081186280e-01
9.249249164806661039e-01
9.198198292421702060e-01
9.144596672865343834e-01
9.088403769082276096e-01
9.029585082258567708e-01
8.968112749681272922e-01
8.903966142381678495e-01
8.837132457432457233e-01
8.767607299523159092e-01
8.695395246242407783e-01
8.620510391354618829e-01
8.542976860279667406e-01
8.462829291970699330e-01
8.380113281442372886e-01
8.294885777332674515e-01
8.207215429087755254e-01
8.117182878641642230e-01
8.024880991819512976e-01
7.930415025121495542e-01
7.833902724038133147e-01
7.735474349601302313e-01
7.635272630476489519e-01
7.533452638542519342e-01
7.430181586571028562e-01
7.325638547296777769e-01
7.220014093847724190e-01
7.113509862167293196e-01
7.006338036698194216e-01
6.898720761196313056e-01
6.790889477096253568e-01
6.683084192350523534e-01
6.575552684108769697e-01
6.468549638991650808e-01
6.362335735048083585e-01
6.257176669769735078e-01
6.153342138780111270e-01
6.051104770026143331e-01
5.950739018487056775e-01
5.852520026588952096e-01
5.756722455682506956e-01
5.663619294113589886e-01
5.573480647598332283e-01
5.486572517808745442e-01
5.403155575282991840e-01
5.323483932994002021e-01
5.247803927136396318e-01
5.176352911916983768e-01
5.109358075348970907e-01
5.047035283243486159e-01
4.989587958750940633e-01
4.937206004917740199e-01
4.890064777777636262e-01
4.848324117481074280e-01
4.812127444870678561e-01
4.781600930729034138e-01
4.756852744651832721e-01
4.737972390133058376e-01
4.725030131990214377e-01
4.718076521710393711e-01
4.717142025668217276e-01
4.722236760462688032e-01
4.733350338851753936e-01
4.750451828941636423e-01
4.773489828424427595e-01
4.802392654763786295e-01
4.837068651315872270e-01
4.877406608451048120e-01
4.923276297821465031e-01
4.974529117008261725e-01
5.030998840886370393e-01
5.092502475172385745e-01
5.158841206775239829e-01
5.229801444756818629e-01
5.305155944933754864e-01
5.384665010418370201e-01
5.468077759710343599e-01
5.555133453318455983e-01
5.645562869319844523e-01
5.739089717760846865e-01
5.835432083378031543e-01
5.934303885778577925e-01
6.035416345977222541e-01
6.138479448050380149e-01
6.243203384647026954e-01
6.349299975197586487e-01
6.456484045892546542e-01
6.564474760865557368e-01
6.672996894512688293e-01
6.781782035507873951e-01
6.890569713829637344e-01
6.999108442987542755e-01
7.107156670616188165e-01
7.214483631676340547e-01
7.320870099648888463e-01
7.426109032308961799e-01
7.530006109903657485e-01
7.632380164805695477e-01
7.733063502954640178e-01
7.831902118605517105e-01
7.928755805060528905e-01
8.023498165143905236e-01
8.116016526174898438e-01
8.206211765084583387e-01
8.293998050095584551e-01
8.379302506030628095e-01
8.462064810828914263e-01
8.542236731225310020e-01
8.619781605785418188e-01
8.694673783592240524e-01
8.766898026852387726e-01
8.836448885539518461e-01
8.903330051929732036e-01
8.967553702520206782e-01
9.029139834371867623e-01
9.088115602394033488e-01
9.144514663509408781e-01
9.198376533016865420e-01
9.249745957823100051e-01
9.298672310556951315e-01
9.345209007926298383e-01
9.389412956039300262e-01
9.431344024800614179e-01
9.471064552918352364e-01
9.508638884526348090e-01
9.544132937944355133e-01
9.577613806669725838e-01
9.609149392319737970e-01
9.638808068924256123e-01
9.666658377702505023e-01
9.692768751242977210e-01
9.717207265838190278e-01
9.740041420602065791e-01
9.761337941912169303e-01
9.781162611666899265e-01
9.799580117823943892e-01
9.816653925685773219e-01
9.832446168416180132e-01
9.847017555304604652e-01
9.860427296338617476e-01
9.872733041696508671e-01
9.883990834828992877e-01
9.894255077859943626e-01
9.903578508099422084e-01
9.912012184527511094e-01
9.919605483173882243e-01
9.926406100385624098e-01
9.932460063044268317e-01
9.937811744861978491e-01
9.942503887956184450e-01
9.946577628970778573e-01
9.950072529079699857e-01
9.953026607274026993e-01
9.955476376395498983e-01
9.957456881436346219e-01
9.959001739676150988e-01
9.960143182270168039e-01
9.960912096939340543e-01
9.961338071439816977e-01
9.961449437509247717e-01
9.961273314999192774e-01
9.960835655908817365e-01
9.960161288036215588e-01
9.959273957962208046e-01
9.958196373079453156e-01
9.956950242379246641e-01
9.955556315711699966e-01
9.954034421243643793e-01
9.952403500854098972e-01
9.950681643230201434e-01
9.948886114457492491e-01
9.947033385936976391e-01
9.945139159506709570e-01
9.943218389696429904e-01
9.941285303098332804e-01
9.939353414893558059e-01
9.937435542630332908e-01
9.935543817403973410e-01
9.933689692639166013e-01
9.931883950719578857e-01
9.930136707747422298e-01
9.928457416745114505e-01
9.926854869632154577e-01
9.925337198322254917e-01
9.923911875289088691e-01
9.922585713943888885e-01
9.921364869155592237e-01
9.920254838225075478e-01
9.919260462600589801e-01
9.918385930592964472e-01
9.917634781317860027e-01
9.917009910059612077e-01
9.916513575218075527e-01
9.916147406967460443e-01
9.915912417725120109e-01
9.915809014499220586e-01
9.915837013157391411e-01
9.915995654633990020e-01
9.916283623071220354e-01
9.916699065868814778e-01
9.917239615597924773e-01
9.917902413716704890e-01
9.918684136007631658e-01
9.919581019639416297e-01
9.920588891739356985e-01
9.921703199345234259e-01
9.922919040589436301e-01
9.924231196952413292e-01
9.925634166408163761e-01
9.927122197271859294e-01
9.928689322549436591e-01
9.930329394581489666e-01
9.932036119769518390e-01
9.933803093171686971e-01
9.935623832757739526e-01
9.937491813118612960e-01
9.939400498434963760e-01
9.941343374520207332e-01
9.943313979766812416e-01
9.945305934839229201e-01
9.947312970972157498e-01
9.949328956748455521e-01
9.951347923246434135e-01
9.953364087461208376e-01
9.955371873919079961e-01
9.957365934417590214e-01
9.959341165836882448e-01
9.961292725980629426e-01
9.963216047417190468e-01
9.965106849304021797e-01
9.966961147191041315e-01
9.968775260811638672e-01
9.970545819883547267e-01
9.972269767955788122e-01
9.973944364352220759e-01
9.975567184276800115e-01
9.977136117159932649e-01
9.978649363339117118e-01
9.980105429179726428e-01
9.981503120752842628e-01
9.982841536195931065e-01
9.984120056888295958e-01
9.985338337576200596e-01
9.986496295581912541e-01
9.987594099226603239e-01
9.988632155588922368e-01
9.989611097709544252e-01
9.990531771337473055e-01
9.991395221297337814e-01
9.992202677539164801e-01
9.992955540914569834e-01
9.993655368707244913e-01
9.994303859932361922e-01
9.994902840410387901e-01
9.995454247616849530e-01
9.995960115311521843e-01
9.996422557958620780e-01
9.996843754963783413e-01
9.997225934773107392e-01
9.997571358903232230e-01
9.997882305997668473e-01
