9.997976926125766717e-01
9.997682519603717788e-01
9.997355996028314262e-01
9.996995312895515795e-01
9.996598451004834462e-01
9.996163427382555033e-01
9.995688307677060847e-01
9.995171217920586493e-01
9.994610355587983941e-01
9.994003999917556724e-01
9.993350521489927640e-01
9.992648391086798032e-01
9.991896187871381896e-01
9.991092606945858323e-01
9.990236466348297872e-01
9.989326713552856285e-01
9.988362431533154284e-01
9.987342844441026157e-01
9.986267322942155023e-01
9.985135389237959069e-01
9.983946721790459833e-01
9.982701159754845399e-01
9.981398707113851021e-01
9.980039536499464292e-01
9.978623992681288080e-01
9.977152595697218462e-01
9.975626043601024673e-01
9.974045214802623738e-01
9.972411169980217593e-01
9.970725153548505304e-01
9.968988594673535708e-01
9.967203107832044440e-01
9.965370492920759826e-01
9.963492734928866001e-01
9.961572003193968072e-01
9.959610650268296839e-01
9.957611210426894344e-01
9.955576397852934356e-01
9.953509104536727436e-01
9.951412397924002118e-01
9.949289518345670880e-01
9.947143876255103434e-01
9.944979049290085804e-01
9.942798779165078482e-01
9.940606968385250486e-01
9.938407676757378129e-01
9.936205117654445251e-01
9.934003653971111847e-01
9.931807793686734387e-01
9.929622184932092033e-01
9.927451610435931162e-01
9.925300981208829976e-01
9.923175329305345960e-01
9.921079799491632212e-01
9.919019639635450192e-01
9.917000189629101570e-01
9.915026868653870062e-01
9.913105160597096566e-01
9.911240597440306166e-01
9.909438740448544003e-01
9.907705159007191842e-01
9.906045406972511236e-01
9.904464996425553780e-01
9.902969368745465628e-01
9.901563862946946015e-01
9.900253681257336069e-01
9.899043851941139449e-01
9.897939189413362815e-01
9.896944251717789687e-01
9.896063295482022681e-01
9.895300228497739825e-01
9.894658560111991852e-01
9.894141349653248207e-01
9.893751153153902411e-01
9.893489968668368606e-01
9.893359180521890117e-01
9.893359502858483090e-01
9.893490922885774808e-01
9.893752644238120730e-01
9.894143030895855562e-01
9.894659552106105371e-01
9.895298728747990991e-01
9.896056081571209528e-01
9.896926081711246992e-01
9.897902103846861754e-01
9.898976382316478917e-01
9.900139970450905214e-01
9.901382703311988331e-01
9.902693163952746014e-01
9.904058653236510468e-01
9.905465163173600152e-01
9.906897353656722860e-01
9.908338532403377918e-01
9.909770637847480357e-01
9.911174224665307841e-01
9.912528451574381672e-01
9.913811071009180909e-01
9.914998420255363154e-01
9.916065413614669755e-01
9.916985535175742994e-01
9.917730831781251810e-01
9.918271905808200284e-01
9.918577907415356831e-01
9.918616525958418029e-01
9.918353980329034369e-01
9.917755008037404396e-01
9.916782852929433290e-01
9.915399251507921452e-01
9.913564417913081073e-01
9.911237027710879666e-01
9.908374200738591098e-01
9.904931483366030687e-01
9.900862830648423651e-01
9.896120588973034149e-01
9.890655479936383276e-01
9.884416586331382648e-01
9.877351341272930796e-01
9.869405521644168955e-01
9.860523247201057329e-01
9.850646986826386842e-01
9.839717573571244991e-01
9.827674230257319454e-01
9.814454607531433172e-01
9.799994836358669748e-01
9.784229597006575130e-01
9.767092206604853777e-01
9.748514727358105203e-01
9.728428097439787425e-01
9.706762286501238179e-01
9.683446477589028323e-01
9.658409277077322219e-01
9.631578953990684866e-01
9.602883709819485247e-01
9.572251979618306983e-01
9.539612764831904013e-01
9.504895997918152428e-01
9.468032938438175616e-01
9.428956599865898625e-01
9.387602205937699562e-01
9.343907674923006557e-01
9.297814129753400048e-01
9.249266431506226738e-01
9.198213733303416406e-01
9.144610051262315187e-01
9.088414848727623951e-01
9.029593629627191698e-01
8.968118536434858123e-01
8.903968947896110375e-01
8.837132071383189125e-01
8.767603524500893197e-01
8.695387900369020429e-01
8.620499310867714149e-01
8.542961902053524126e-01
8.462810335941798323e-01
8.380090232909079839e-01
8.294858569100919121e-01
8.207184023437593678e-01
8.117147269093181183e-01
8.024841204680712714e-01
7.930371120804556861e-01
7.833854798135346797e-01
7.735422533715330395e-01
7.635217092803756600e-01
7.533393584211658389e-01
7.430119257741273353e-01
7.325573223023487124e-01
7.219946089724049720e-01
7.113439529752402235e-01
7.006265762743261183e-01
6.898646966679977677e-01
6.790814616081153332e-01
6.683008750671921572e-01
6.575477177905371118e-01
6.468474613086930836e-01
6.362261761188199305e-01
6.257104344721045042e-01
6.153272082285625721e-01
6.051037622615478284e-01
5.950675439129292643e-01
5.852460690171801261e-01
5.756668050294846406e-01
5.663570518101910256e-01
5.573438206361512881e-01
5.486537120290027048e-01
5.403127930113871269e-01
5.323464744242323299e-01
5.247793889611125362e-01
5.176352705985024505e-01
5.109368361225969934e-01
5.047056694730671644e-01
4.989621096404317502e-01
4.937251428653932628e-01
4.890122998942506571e-01
4.848395590432054147e-01
4.812212558151195418e-01
4.781699997942165936e-01
4.756965995169548655e-01
4.738099959805500694e-01
4.725172054045416736e-01
4.718232718056760699e-01
4.717312298829068329e-01
4.722420786382842683e-01
4.733547660819183989e-01
4.750661852862568812e-01
4.773711819676842438e-01
4.802625736832518699e-01
4.837311806382266210e-01
4.877658680072881614e-01
4.923535995794749986e-01
4.974795024453553260e-01
5.031269423549922237e-01
5.092776092878352756e-01
5.159116126911271749e-01
5.230075857623650570e-01
5.305427980741512783e-01
5.384932757669637082e-01
5.468339284674574863e-01
5.555386820274363924e-01
5.645806161223200226e-01
5.739321056985273728e-01
5.835649652174914603e-01
5.934505946110627539e-01
6.035601258395859592e-01
6.138645689311080789e-01
6.243349563786750878e-01
6.349424847833775587e-01
6.456586526542734683e-01
6.564553933128869367e-01
6.673052018998181234e-01
6.781812555438968548e-01
6.890575258297113592e-01
6.999088827865271867e-01
7.107111897192932570e-01
7.214413883092887225e-01
7.320775735262070594e-01
7.425990580132408869e-01
7.529864257299081487e-01
7.632215747618179558e-01
7.732877493300716054e-01
7.831695611533776580e-01
7.928530004311403756e-01
8.023254368238116330e-01
8.115756109059211187e-01
8.205936166559139044e-01
8.293708756239501767e-01
8.379001034831921046e-01
8.461752697211659680e-01
8.541915512651344633e-01
8.619452808590325477e-01
8.694338910196152126e-01
8.766558543965634609e-01
8.836106213461732972e-01
8.902985555019128361e-01
8.967208680887703842e-01
9.028795516832959223e-01
9.087773140690215135e-01
9.144175127790795665e-01
9.198040908558873241e-01
9.249415142932734257e-01
9.298347115608899260e-01
9.344890155455516378e-01
9.389101081805518723e-01
9.431039679731060277e-01
9.470768205828125064e-01
9.508350925511253049e-01
9.543853682338557798e-01
9.577343499460205800e-01
9.608888212911178561e-01
9.638556136151397169e-01
9.666415754992125908e-01
9.692535451834219939e-01
9.716983257977748201e-01
9.739826632639602133e-01
9.761132267230916426e-01
9.780965913394545908e-01
9.799392233279288211e-01
9.816474670527021162e-01
9.832275340466910540e-01
9.846854938043066996e-01
9.860272662044985426e-01
9.872586154260731828e-01
9.883851452228931134e-01
9.894122954325277330e-01
9.903453395981488550e-01
9.911893835898600846e-01
9.919493651181724436e-01
9.926300540389880744e-01
9.932360533561864768e-01
9.937718008347335985e-01
9.942415711440808490e-01
9.946494784584625215e-01
9.949994794474241733e-01
9.952953765964248634e-01
9.955408218035334267e-01
9.957393202039331870e-01
9.958942341790542052e-01
9.960087875115456457e-01
9.960860696509064027e-01
9.961290400573831194e-01
9.961405325937200406e-01
9.961232599355840378e-01
9.960798179720979917e-01
9.960126901680584899e-01
9.959242518592916760e-01
9.958167744524129006e-01
9.956924295002371750e-01
9.955532926244261560e-01
9.954013472578450150e-01
9.952384881806569661e-01
9.950665248265094798e-01
9.948871843382666169e-01
9.947021143566104895e-01
9.945128855293713377e-01
9.943209937345265370e-01
9.941278620152698142e-01
9.939348422311985454e-01
9.937432164352973940e-01
9.935541979918147693e-01
9.933689324551377986e-01
9.931884982342186197e-01
9.930139070708374760e-01
9.928461043629204230e-01
9.926859693661959083e-01
9.925343153086386705e-01
9.923918894524483836e-01
9.922593731377704618e-01
9.921373818410798018e-01
9.920264652792087912e-01
9.919271075875355503e-01
9.918397275979806693e-01
9.917646792393237654e-01
9.917022520790812479e-01
9.916526720228845404e-01
9.916161021840802503e-01
9.915926439332021225e-01
9.915823381341035692e-01
9.915851665709064511e-01
9.916010535675252591e-01
9.916298677993449218e-01
9.916714242946329527e-01
9.917254866214058051e-01
9.917917692537028262e-01
9.918699401095055768e-01
9.919596232508418598e-01
9.920604017349264891e-01
9.921718206035018417e-01
9.922933899958846782e-01
9.924245883696317660e-01
9.925648658112551370e-01
9.927136474181098569e-01
9.928703367314913875e-01
9.930343192001824804e-01
9.932049656532042636e-01
9.933816357603936220e-01
9.935636814596452426e-01
9.937504503302100334e-01
9.939412888923080391e-01
9.941355458144324198e-01
9.943325750110572070e-01
9.945317386149289396e-01
9.947324098096842482e-01
9.949339755101217486e-01
9.951358388790291221e-01
9.953374216709907074e-01
9.955381663950617632e-01
9.957375382895847782e-01
9.959350271037457070e-01
9.961301486817463191e-01
9.963224463467175163e-01
9.965114920827438105e-01
9.966968875146331452e-01
9.968782646863635355e-01
9.970552866404854830e-01
9.972276478021450119e-01
9.973950741728203617e-01
9.975573233403045581e-01
9.977141843128907173e-01
9.978654771870802964e-01
9.980110526593998221e-01
9.981507913940012022e-01
9.982846032586132345e-01
9.984124264420124462e-01
9.985342264664843759e-01
9.986499951086770244e-01
9.987597492418213152e-01
9.988635296114837248e-01
9.989613995558698223e-01
9.990534436802527285e-01
9.991397664934489331e-01
9.992204910124985462e-01
9.992957573399560145e-01
9.993657212165968362e-01
9.994305525510240873e-01
9.994904339267475235e-01
9.995455590869136708e-01
9.995961313970561646e-01
9.996423622870467263e-01
9.996844696748377057e-01
9.997226763765370006e-01
9.997572085097143901e-01
9.997882938994593349e-01
