9.997976505354965182e-01
9.997682031743654330e-01
9.997355433281268633e-01
9.996994667035083992e-01
9.996597713420537490e-01
9.996162589133710252e-01
9.995687359555356366e-01
9.995170150520589214e-01
9.994609159384542085e-01
9.994002665348888925e-01
9.993349039044986393e-01
9.992646751395398708e-01
9.991894381795507485e-01
9.991090625670507874e-01
9.990234301470307665e-01
9.989324357166147195e-01
9.988359876309041985e-01
9.987340083702320737e-01
9.986264350730023054e-01
9.985132200370693267e-01
9.983943311913534568e-01
9.982697525381870607e-01
9.981394845658244641e-01
9.980035446296872115e-01
9.978619673002977475e-01
9.977148046754825694e-01
9.975621266543179821e-01
9.974040211704099379e-01
9.972405943824328434e-01
9.970719708203554799e-01
9.968982934864183409e-01
9.967197239106472262e-01
9.965364421614600898e-01
9.963486468126852014e-01
9.961565548690325400e-01
9.959604016526935055e-01
9.957604406542490683e-01
9.955569433514045441e-01
9.953501989992087351e-01
9.951405143953193644e-01
9.949282136235307883e-01
9.947136377781640171e-01
9.944971446710246799e-01
9.942791085214748303e-01
9.940599196287428496e-01
9.938399840239543481e-01
9.936197230975311045e-01
9.933995731956350994e-01
9.931799851772856735e-01
9.929614239217171567e-01
9.927443677735463545e-01
9.925293079114596573e-01
9.923167476244809659e-01
9.921072014785133897e-01
9.919011943548319277e-01
9.916992603415794028e-01
9.915019414591307312e-01
9.913097862004660588e-01
9.911233478684284837e-01
9.909431826929293585e-01
9.907698477127842018e-01
9.906038984088600952e-01
9.904458860775642304e-01
9.902963549363295037e-01
9.901558389556271988e-01
9.900248584150966868e-01
9.899039161846029389e-01
9.897934937343779715e-01
9.896940468818622438e-01
9.896060012864211775e-01
9.895297477067632741e-01
9.894656370396148759e-01
9.894139751619934753e-01
9.893750176032194421e-01
9.893489640765549265e-01
9.893359529039634781e-01
9.893360553708293592e-01
9.893492700504203929e-01
9.893755171402582871e-01
9.894146328542233748e-01
9.894663639149886558e-01
9.895303621911363257e-01
9.896061795219236457e-01
9.896932627701008345e-01
9.897909491394144554e-01
9.898984617885203674e-01
9.900149057670906139e-01
9.901392642930992860e-01
9.902703953828342343e-01
9.904070288373556519e-01
9.905477635811883452e-01
9.906910653412706047e-01
9.908352646468628899e-01
9.909785551244848500e-01
9.911189920562220035e-01
9.912544911650732482e-01
9.913828275875380402e-01
9.915016349914140825e-01
9.916084047958373393e-01
9.917004854509167133e-01
9.917750817358514936e-01
9.918292540370987620e-01
9.918599175718965100e-01
9.918638415271517905e-01
9.918376480892929781e-01
9.917778113470890888e-01
9.916806560566008288e-01
9.915423562653220557e-01
9.913589338011855601e-01
9.911262566414622555e-01
9.908400371867006617e-01
9.904958304757847110e-01
9.900890323899528278e-01
9.896148779062464707e-01
9.890684394743302077e-01
9.884446256048660118e-01
9.877381797725284240e-01
9.869436797520942939e-01
9.860555375215492857e-01
9.850679998814625415e-01
9.839751499545317248e-01
9.827709097426853280e-01
9.814490439308891645e-01
9.800031651362535179e-01
9.784267408076102734e-01
9.767131019838906081e-01
9.748554541189207168e-01
9.728468901753029030e-01
9.706804061806099115e-01
9.683489194250726184e-01
9.658452894612964412e-01
9.631623420434431981e-01
9.602928961160182020e-01
9.572297939312607307e-01
9.539659343395838764e-01
9.504943092600297572e-01
9.468080432978078775e-01
9.429004364342032929e-01
9.387650096709951875e-01
9.343955534675351116e-01
9.297861787642988096e-01
9.249313703425329214e-01
9.198260422260684521e-01
9.144655947889360759e-01
9.088459731916069817e-01
9.029637267300120174e-01
8.968160686454907937e-01
8.904009359110545141e-01
8.837170484804049986e-01
8.767639674616004575e-01
8.695421516577289678e-01
8.620530119029865546e-01
8.542989626147361459e-01
8.462834699809268502e-01
8.380110962081016579e-01
8.294875392684285531e-01
8.207196676049466344e-01
8.117155492825534058e-01
8.024844751080264516e-01
7.930369752852531873e-01
7.833848292212799436e-01
7.735410681540786371e-01
7.635199703330981524e-01
7.533370485476794665e-01
7.430090298649603131e-01
7.325538275067423610e-01
7.219905048624957189e-01
7.113392317019903155e-01
7.006212327146458252e-01
6.898587285625813470e-01
6.790748696895697600e-01
6.682936631780818093e-01
6.575398929910025725e-01
6.468390339733076644e-01
6.362171600223500700e-01
6.257008468638043386e-01
6.153170698945662487e-01
6.050930975748377572e-01
5.950563808702098445e-01
5.852344392618116231e-01
5.756547438593981880e-01
5.663445981694424924e-01
5.573310170884553383e-01
5.486406047112489803e-01
5.402994315647955403e-01
5.323329119004645005e-01
5.247656817003341079e-01
5.176214780761543288e-01
5.109230207614718910e-01
5.046918964172506517e-01
4.989484464877875780e-01
4.937116593555679334e-01
4.889990675496631578e-01
4.848266507612036813e-01
4.812087454103922690e-01
4.781579614916878773e-01
4.756851073966925636e-01
4.737991233776920330e-01
4.725070242688159672e-01
4.718138520267214364e-01
4.717226385892405727e-01
4.722343794792956961e-01
4.733480185037081123e-01
4.750604438133148033e-01
4.773664955033484203e-01
4.802589848424787533e-01
4.837287251264320576e-01
4.877645740588454348e-01
4.923534874688699770e-01
4.974805840829892301e-01
5.031292209782576297e-01
5.092810792563206013e-01
5.159162593928072749e-01
5.230133856353240684e-01
5.305497187459899955e-01
5.385012763115094581e-01
5.468429597758899252e-01
5.555486872885230243e-01
5.645915314041616284e-01
5.739438606221719530e-01
5.835774837110025981e-01
5.934637957311453826e-01
6.035739246467981545e-01
6.138788774039147800e-01
6.243496843512410521e-01
6.349575408919820863e-01
6.456739452775358545e-01
6.564708314916360976e-01
6.673206962233388939e-01
6.781967189904003490e-01
6.890728745502097130e-01
6.999240368227326314e-01
7.107260736477147844e-01
7.214559318053006542e-01
7.320917118434790982e-01
7.426127323755136178e-01
7.529995836336531578e-01
7.632341701897874531e-01
7.732997428771339887e-01
7.831809200672991134e-01
7.928636985721355668e-01
8.023354545476971689e-01
8.115849348766044358e-01
8.206022395936888314e-01
8.293787959966776313e-01
8.379073251479125517e-01
8.461818015240033519e-01
8.541974066075390670e-01
8.619504772384564140e-01
8.694384495526258361e-01
8.766597993321952886e-01
8.836139795769930583e-01
8.903013560798415105e-01
8.967231417521847048e-01
9.028813304013248997e-01
9.087786306082842325e-01
9.144184002973893000e-01
9.198045825266883968e-01
9.249416429638067649e-01
9.298345094463027483e-01
9.344885139604020008e-01
9.389093373084204108e-01
9.431029566743257542e-01
9.470755962396805172e-01
9.508336809493640462e-01
9.543837934785707189e-01
9.577326344099482691e-01
9.608869855925797898e-01
9.638536766228228414e-01
9.666395543606801644e-01
9.692514553741160555e-01
9.716961811872153465e-01
9.739804761958535950e-01
9.761110081061454835e-01
9.780943507458392805e-01
9.799369690965250568e-01
9.816452063945246831e-01
9.832252731501608389e-01
9.846832379383626543e-01
9.860250198178671655e-01
9.872563822413584766e-01
9.883829283244808250e-01
9.894100973476213090e-01
9.903431623705563069e-01
9.911872288464171898e-01
9.919472341279251815e-01
9.926279477654496031e-01
9.932339725031368305e-01
9.937697458861389777e-01
9.942395423987799852e-01
9.946474760602974641e-01
9.949975034114911798e-01
9.952934268320934308e-01
9.955388981348256561e-01
9.957374223877919484e-01
9.958923619219478551e-01
9.960069404847748942e-01
9.960842475048942157e-01
9.961272424351490518e-01
9.961387591436647870e-01
9.961215103236437107e-01
9.960780918932682360e-01
9.960109873572424721e-01
9.959225721013847954e-01
9.958151175915074260e-01
9.956907954478106948e-01
9.955516813663624065e-01
9.953997588601319890e-01
9.952369227936095353e-01
9.950649826873720905e-01
9.948856657720697161e-01
9.947006197751759871e-01
9.945114154283916097e-01
9.943195486886787782e-01
9.941264426713675162e-01
9.939334492994270631e-01
9.937418506786322991e-01
9.935528602137702059e-01
9.933676234860496779e-01
9.931872189163150066e-01
9.930126582423991488e-01
9.928448868418815465e-01
9.926847839335649626e-01
9.925331626921543027e-01
9.923907703108960643e-01
9.922582880463907129e-01
9.921363312784848842e-01
9.920254496162004276e-01
9.919261270781688511e-01
9.918387823731635855e-01
9.917637693031671198e-01
9.917013773081266859e-01
9.916518321682472603e-01
9.916152968764381237e-01
9.915918726904640046e-01
9.915816003714891247e-01
9.915844616130792266e-01
9.916003806623442385e-01
9.916292261327385171e-01
9.916708130060608584e-01
9.917249048193574890e-01
9.917912160306924241e-01
9.918694145560545961e-01
9.919591244680018294e-01
9.920599288449681863e-01
9.921713727584926534e-01
9.922929663839812342e-01
9.924241882190225628e-01
9.925644883917978945e-01
9.927132920408072714e-01
9.928700027460408695e-01
9.930340059909031902e-01
9.932046726336993814e-01
9.933813623673336535e-01
9.935634271460669353e-01
9.937502145587102653e-01
9.939410711284812905e-01
9.941353455208523648e-01
9.943323916420435671e-01
9.945315716122774541e-01
9.947322585994692323e-01
9.949338395006153135e-01
9.951357174597219579e-01
9.953373142126503703e-01
9.955380722507205515e-01
9.957374567963238610e-01
9.959349575851215164e-01
9.961300904507022214e-01
9.963223987088244415e-01
9.965114543396254021e-01
9.966968589674487511e-01
9.968782446392433494e-01
9.970552744038342352e-01
9.972276426957561446e-01
9.973950755287631642e-01
9.975573305055667195e-01
9.977141966517766303e-01
9.978654940833771025e-01
9.980110735183309600e-01
9.981508156439953261e-01
9.982846303529127052e-01
9.984124558601483734e-01
9.985342577156346433e-01
9.986500277249218405e-01
9.987597827912979565e-01
9.988635636914355853e-01
9.989614337955752266e-01
9.990534777418108581e-01
9.991398000723944461e-01
9.992205238382116939e-01
9.992957891758347255e-01
9.993657518599575740e-01
9.994305818327025026e-01
9.994904617103776978e-01
9.995455852678726272e-01
9.995961559010727582e-01
9.996423850684836854e-01
9.996844907146710257e-01
9.997226956800649988e-01
9.997572261040426067e-01
9.997883098308146810e-01
