9.997975672453220941e-01
9.997681054863492012e-01
9.997354293118850821e-01
9.996993342684051820e-01
9.996596182388016727e-01
9.996160827379041436e-01
9.995685341552498215e-01
9.995167849344613886e-01
9.994606546822124571e-01
9.993999712032105576e-01
9.993345714607214658e-01
9.992643024647560601e-01
9.991890220920442989e-01
9.991085998432828186e-01
9.990229175438756215e-01
9.989318699945244351e-01
9.988353655776619489e-01
9.987333268249533047e-01
9.986256909500417223e-01
9.985124103495083281e-01
9.983934530737638147e-01
9.982688032683920687e-01
9.981384615854145270e-01
9.980024455630840396e-01
9.978607899721989583e-01
9.977135471265617950e-01
9.975607871550915551e-01
9.974025982332231921e-01
9.972390867715510421e-01
9.970703775601801322e-01
9.968966138678764244e-01
9.967179574958324739e-01
9.965345887866235985e-01
9.963467065897020358e-01
9.961545281854889966e-01
9.959582891707624563e-01
9.957582433085421236e-01
9.955546623460119759e-01
9.953478358041581986e-01
9.951380707427049943e-01
9.949256915035832316e-01
9.947110394355450635e-01
9.944944726016392567e-01
9.942763654700909060e-01
9.940571085877037971e-01
9.938371082332416728e-01
9.936167860464016899e-01
9.933965786260058328e-01
9.931769370889738102e-01
9.929583265795662861e-01
9.927412257163793496e-01
9.925261259627041754e-01
9.923135309042120378e-01
9.921039554165628216e-01
9.918979247045217607e-01
9.916959731935591771e-01
9.914986432547412409e-01
9.913064837440110910e-01
9.911200483377242687e-01
9.909398936475164454e-01
9.907665770992226673e-01
9.906006545625970494e-01
9.904426777209426325e-01
9.902931911724108804e-01
9.901527292576074446e-01
9.900218126112082517e-01
9.899009444385019618e-01
9.897906065211132809e-01
9.896912549596029729e-01
9.896033156641804718e-01
9.895271796083922045e-01
9.894631978643592118e-01
9.894116764418979804e-01
9.893728709576469216e-01
9.893469811640542844e-01
9.893341453716874012e-01
9.893344348016728240e-01
9.893478479080325405e-01
9.893743047120832079e-01
9.894136411927501040e-01
9.894656037774494095e-01
9.895298439779730559e-01
9.896059132144632287e-01
9.896932578680150971e-01
9.897912145987041166e-01
9.898990059609269476e-01
9.900157363420110102e-01
9.901403882432324721e-01
9.902718189149180006e-01
9.904087573494468888e-01
9.905498016279845608e-01
9.906934166089597094e-01
9.908379319389156725e-01
9.909815403596655692e-01
9.911222962798850178e-01
9.912581145745499311e-01
9.913867695720890438e-01
9.915058941868556408e-01
9.916129791535396309e-01
9.917053723204458660e-01
9.917802779600889407e-01
9.918347560582455591e-01
9.918657215463596577e-01
9.918699434469447906e-01
9.918440439072595538e-01
9.917844971030024270e-01
9.916876280010027411e-01
9.915496109778556555e-01
9.913664683001516265e-01
9.911340684813865209e-01
9.908481245408482518e-01
9.905041922007873367e-01
9.900976680700249721e-01
9.896237878748500583e-01
9.890776248115881186e-01
9.884540881095220666e-01
9.877479219077789363e-01
9.869537045651621820e-01
9.860658485374230731e-01
9.850786009717522607e-01
9.839860451828915666e-01
9.827821031886987413e-01
9.814605394946915862e-01
9.800149663264725586e-01
9.784388505154224536e-01
9.767255222461265207e-01
9.748681858732013428e-01
9.728599330101606046e-01
9.706937580834564816e-01
9.683625765307313227e-01
9.658592458036433515e-01
9.631765893125112665e-01
9.603074234227368944e-01
9.572445875818427208e-01
9.539809776214486225e-01
9.505095822410741802e-01
9.468235226408079352e-01
9.429160952281556707e-01
9.387808172812707186e-01
9.344114754068167938e-01
9.298021765863884180e-01
9.249474015612243472e-01
9.198420602613754937e-01
9.144815489430114797e-01
9.088618086566834231e-01
9.029793846306120031e-01
8.968314861169927044e-01
8.904160462164545375e-01
8.837317811667796397e-01
8.767782485573688556e-01
8.695559039113354149e-01
8.620661550631024683e-01
8.543114137515261941e-01
8.462951438473635957e-01
8.380219056397616439e-01
8.294973956196879383e-01
8.207284812190305257e-01
8.117232299924858063e-01
8.024909327652054447e-01
7.930421203121219564e-01
7.833885731843968081e-01
7.735433243537910286e-01
7.635206544060060274e-01
7.533360790780954108e-01
7.430063290016637456e-01
7.325493215814312675e-01
7.219841250064904514e-01
7.113309144578892074e-01
7.006109206398061229e-01
6.898463708214536139e-01
6.790604226320806625e-01
6.682770909014112970e-01
6.575211678822387995e-01
6.468181372305991106e-01
6.361940821522711342e-01
6.256755881527444885e-01
6.152896408519838989e-01
6.050635193462355899e-01
5.950246856176204524e-01
5.852006705094509043e-01
5.756189568019338676e-01
5.663068599400047365e-01
5.572914069831000905e-01
5.485992143660685105e-01
5.402563650812379770e-01
5.322882859137323397e-01
5.247196253849627512e-01
5.175741330820864405e-01
5.108745410732039582e-01
5.046424481279356833e-01
4.988982074796615152e-01
4.936608188777565909e-01
4.889478256843873272e-01
4.847752177697142173e-01
4.811573409506944010e-01
4.781068137012591812e-01
4.756344518350615891e-01
4.737492018258400162e-01
4.724580833849696404e-01
4.717661418611086566e-01
4.716764109637507918e-01
4.721898862416387121e-01
4.733055096694499531e-01
4.750201656130188521e-01
4.773286883557613658e-01
4.802238812781729482e-01
4.836965476893919647e-01
4.877355332160074886e-01
4.923277795595172313e-01
4.974583893410225999e-01
5.031107016606501947e-01
5.092663779105139898e-01
5.159054972943326600e-01
5.230066614246529078e-01
5.305471072905025842e-01
5.385028278146797298e-01
5.468486991513887840e-01
5.555586138120643946e-01
5.646056186507686370e-01
5.739620566911873834e-01
5.835997117358415753e-01
5.934899546655866276e-01
6.036038903147080692e-01
6.139125037947936736e-01
6.243868051399739105e-01
6.349979711577773411e-01
6.457174833942729286e-01
6.565172611597354102e-01
6.673697886118923339e-01
6.782482349575597036e-01
6.891265669097635937e-01
6.999796526253305728e-01
7.107833564462847642e-01
7.215146238757661479e-01
7.321515563338774069e-01
7.426734753589447902e-01
7.530609760431000721e-01
7.632959696156709217e-01
7.733617152114161675e-01
7.832428409810077152e-01
7.929253548162322751e-01
8.023966450702799680e-01
8.116454717524035356e-01
8.206619487646904521e-01
8.294375178254446146e-01
8.379649147877230586e-01
8.462381291122846871e-01
8.542523572912041896e-01
8.620039510416266371e-01
8.694903610988484743e-01
8.767100774345988334e-01
8.836625667108820581e-01
8.903482077529959460e-01
8.967682257886064878e-01
9.029246261543638630e-01
9.088201281189955960e-01
9.144580994136346508e-01
9.198424919979163450e-01
9.249777795256569624e-01
9.298688969082004041e-01
9.345211823081759350e-01
9.389403218327185829e-01
9.431322971342495087e-01
9.471033360696438086e-01
9.508598665157430574e-01
9.544084733912620022e-01
9.577558588925387806e-01
9.609088059134651694e-01
9.638741445883246550e-01
9.666587218700125606e-01
9.692693740349732634e-01
9.717129019897897679e-01
9.739960492422743421e-01
9.761254823916455381e-01
9.781077739874292076e-01
9.799493876045679563e-01
9.816566649823679214e-01
9.832358150768870653e-01
9.846929048797504747e-01
9.860338518608124936e-01
9.872644178972571627e-01
9.883902045574217698e-01
9.894166496136490574e-01
9.903490246647204120e-01
9.911924337548140285e-01
9.919518128824320602e-01
9.926319302993332760e-01
9.932373875061800694e-01
9.937726208583438359e-01
9.942419037020743255e-01
9.946493489679831823e-01
9.949989121554202454e-01
9.952943946477457171e-01
9.955394473045937609e-01
9.957375742828510345e-01
9.958921370431172981e-01
9.960063585027653099e-01
9.960833273002913657e-01
9.961260021384167329e-01
9.961372161753686560e-01
9.961196814350029571e-01
9.960759932070516465e-01
9.960086344089291721e-01
9.959199798804226900e-01
9.958123005824257579e-01
9.956877676708678626e-01
9.955484564173564532e-01
9.953963499489479894e-01
9.952333427810499122e-01
9.950612441197868030e-01
9.948817809133010392e-01
9.946966006353341605e-01
9.945072737890021664e-01
9.943152961237755605e-01
9.941220905641580119e-01
9.939290088542256374e-01
9.937373329278356149e-01
9.935482760197490437e-01
9.933629835379360618e-01
9.931825337217848881e-01
9.930079381146748041e-01
9.928401418823059599e-01
9.926800240102321427e-01
9.925283974151989375e-01
9.923860090051623839e-01
9.922535397222976838e-01
9.921316046019855728e-01
9.920207528787853279e-01
9.919214681678926171e-01
9.918341687476656121e-01
9.917592079656188941e-01
9.916968747869643330e-01
9.916473945014359082e-01
9.916109296008777108e-01
9.915875808369734035e-01
9.915773884656182702e-01
9.915803336817903268e-01
9.915963402463942034e-01
9.916252763043869045e-01
9.916669563915331276e-01
9.917211436253255963e-01
9.917875520738939077e-01
9.918658492950768180e-01
9.919556590362014203e-01
9.920565640834929644e-01
9.921681092484142539e-01
9.922898044766349512e-01
9.924211280637783572e-01
9.925615299606448394e-01
9.927104351493176715e-01
9.928672470704719144e-01
9.930313510813898459e-01
9.932021179236761865e-01
9.933789071794879577e-01
9.935610706952605620e-01
9.937479559524130535e-01
9.939389093653219209e-01
9.941332794879229606e-01
9.943304201115830132e-01
9.945296932383208555e-01
9.947304719149799856e-01
9.949321429155322249e-01
9.951341092602505878e-01
9.953357925620237578e-01
9.955366351915515555e-01
9.957361022545714313e-01
9.959336833756141649e-01
9.961288942840883509e-01
9.963212781997708989e-01
9.965104070160514249e-01
9.966958822805640494e-01
9.968773359741592843e-01
9.970544310905281593e-01
9.972268620201876210e-01
9.973943547439718671e-01
9.975566668426122385e-01
9.977135873304122660e-01
9.978649363223844881e-01
9.980105645454693253e-01
9.981503527055444192e-01
9.982842107228074857e-01
9.984120768487168007e-01
9.985339166779565456e-01
9.986497220688274057e-01
9.987595099850207214e-01
9.988633212709259190e-01
9.989612193714657584e-01
9.990532890060142002e-01
9.991396348042943520e-01
9.992203799103962503e-01
9.992956645593068510e-01
9.993656446287467743e-01
9.994304901677985020e-01
9.994903839029037895e-01
9.995455197214233589e-01
9.995961011331477852e-01
9.996423397109690523e-01
9.996844535133343479e-01
9.997226654930583267e-01
9.997572018994284049e-01
9.997882906831586647e-01
