9.997974822735243849e-01
9.997680055141370259e-01
9.997353121716685553e-01
9.996991975666507102e-01
9.996594593465876200e-01
9.996158987832303167e-01
9.995683220174113037e-01
9.995165412407792660e-01
9.994603758073911104e-01
9.993996532715544445e-01
9.993342103514026853e-01
9.992638938202742516e-01
9.991885613299607005e-01
9.991080821712543525e-01
9.990223379779457069e-01
9.989312233805683894e-01
9.988346466158174453e-01
9.987325300968106223e-01
9.986248109483137902e-01
9.985114415098540475e-01
9.983923898083989501e-01
9.982676400010960238e-01
9.981371927875190009e-01
9.980010657900239002e-01
9.978592939002052242e-01
9.977119295890871653e-01
9.975590431785792411e-01
9.974007230718529016e-01
9.972370759406323781e-01
9.970682268678956461e-01
9.968943194451201917e-01
9.967155158239290325e-01
9.965319967227597164e-01
9.963439613899417457e-01
9.961516275252910724e-01
9.959552311629594756e-01
9.957550265187841143e-01
9.955512858057212755e-01
9.953442990210815688e-01
9.951343737091954411e-01
9.949218347027828369e-01
9.947070238456838798e-01
9.944902996987058375e-01
9.942720372291699027e-01
9.940526274833088038e-01
9.938324772390043638e-01
9.936120086344980562e-01
9.933916587667126485e-01
9.931718792507483462e-01
9.929531357300250827e-01
9.927359073245227705e-01
9.925206860026790645e-01
9.923079758608424061e-01
9.920982922927900072e-01
9.918921610307986914e-01
9.916901170391314579e-01
9.914927032406285479e-01
9.913004690573830047e-01
9.911139687472444448e-01
9.909337595191221038e-01
9.907603994117104573e-01
9.905944449223119674e-01
9.904364483748160364e-01
9.902869550185694481e-01
9.901464998527789163e-01
9.900156041741808854e-01
9.898947718489526926e-01
9.897844853131981813e-01
9.896852013098013101e-01
9.895973463729894615e-01
9.895213120755848024e-01
9.894574500576264198e-01
9.894060668588040564e-01
9.893674185809170352e-01
9.893417054102923158e-01
9.893290660336828690e-01
9.893295719845009994e-01
9.893432219591810073e-01
9.893699361458611063e-01
9.894095506092481784e-01
9.894618117763384069e-01
9.895263710674517821e-01
9.896027797157053163e-01
9.896904838155250461e-01
9.897888196370727698e-01
9.898970092385900310e-01
9.900141564027469254e-01
9.901392429162978459e-01
9.902711252048967960e-01
9.904085313270784008e-01
9.905500583234272405e-01
9.906941699091299514e-01
9.908391944906976834e-01
9.909833234809162228e-01
9.911246098802359850e-01
9.912609670880292434e-01
9.913901679035448389e-01
9.915098436740451548e-01
9.916174835465604298e-01
9.917104337799185210e-01
9.917858970751661785e-01
9.918409318851177936e-01
9.918724516674740643e-01
9.918772240506492643e-01
9.918518698870560923e-01
9.917928621750474738e-01
9.916965248379503439e-01
9.915590313566196023e-01
9.913764032606712240e-01
9.911445084930520233e-01
9.908590596728712452e-01
9.905156122925148354e-01
9.901095628969999174e-01
9.896361473063226555e-01
9.890904389551909981e-01
9.884673474389377157e-01
9.877616173694512280e-01
9.869678276604315625e-01
9.860803913768872997e-01
9.850935562991659511e-01
9.840014063664974664e-01
9.827978641785222180e-01
9.814766947450019874e-01
9.800315106833054069e-01
9.784557790697381296e-01
9.767428301538424451e-01
9.748858681439436236e-01
9.728779842671333444e-01
9.707121722973008904e-01
9.683813467306361389e-01
9.658783637692684998e-01
9.631960452504970682e-01
9.603272056317018190e-01
9.572646821098230729e-01
9.540013679197296703e-01
9.505302488183098308e-01
9.468444427212445724e-01
9.429372424176847289e-01
9.388021612449420905e-01
9.344329815613708901e-01
9.298238058113075244e-01
9.249691099317768339e-01
9.198637988071187710e-01
9.145032634352334711e-01
9.088834394282810925e-01
9.030008664319197909e-01
8.968527480110666250e-01
8.904370115172726141e-01
8.837523674237223181e-01
8.767983675891758422e-01
8.695754618924969037e-01
8.620850526653124346e-01
8.543295463424179781e-01
8.463124017482517303e-01
8.380381744435488889e-01
8.295125565694704273e-01
8.207424116472581410e-01
8.117358038198445591e-01
8.025020210576836455e-01
7.930515918940381770e-01
7.833962953045234823e-01
7.735491634011048001e-01
7.635244766710738151e-01
7.533377515556494153e-01
7.430057202295570207e-01
7.325463025108788218e-01
7.219785698983078870e-01
7.113227017993213330e-01
7.005999340764936800e-01
6.898325000991124556e-01
6.790435645425292321e-01
6.682571502277141473e-01
6.574980583378722265e-01
6.467917823877356032e-01
6.361644163544649677e-01
6.256425574074975238e-01
6.152532036988893616e-01
6.050236476965653587e-01
5.949813655614057950e-01
5.851539030862445978e-01
5.755687587315247988e-01
5.662532643093967089e-01
5.572344638860278199e-01
5.485389914911791287e-01
5.401929482448374342e-01
5.322217795326360523e-01
5.246501528845041173e-01
5.175018372337385486e-01
5.107995842555301813e-01
5.045650125037656197e-01
4.988184950814784635e-01
4.935790515923458299e-01
4.888642451268636613e-01
4.846900850362040325e-01
4.810709362382428189e-01
4.780194357830453988e-01
4.755464173788306326e-01
4.736608445436458759e-01
4.723697530029803415e-01
4.716782028993611320e-01
4.715892413174583853e-01
4.721038755579222146e-01
4.732210575162454358e-01
4.749376794403010749e-01
4.772485812531671590e-01
4.801465695374214082e-01
4.836224481845715628e-01
4.876650606196351045e-01
4.922613434171627667e-01
4.973963910320493564e-01
5.030535312771193812e-01
5.092144110903157328e-01
5.158590920480429221e-01
5.229661549982858038e-01
5.305128131081375820e-01
5.384750325458027564e-01
5.468276599476037392e-01
5.555445557566240922e-01
5.645987324621363213e-01
5.739624967185759097e-01
5.836075942805578620e-01
5.935053566570398509e-01
6.036268483643094651e-01
6.139430136448438269e-01
6.244248215181228412e-01
6.350434080409470550e-01
6.457702146792229092e-01
6.565771217308942198e-01
6.674365757907927410e-01
6.783217103123949654e-01
6.892064583982833170e-01
7.000656570396581735e-01
7.108751421243095781e-01
7.216118336406111000e-01
7.322538106205702668e-01
7.427803754858595120e-01
7.531721075849578950e-01
7.634109058348603760e-01
7.734800205050946786e-01
7.833640743027807662e-01
7.930490730331672955e-01
8.025224062184728169e-01
8.117728381572412166e-01
8.207904899952611633e-01
8.295668134561474671e-01
8.380945569439636200e-01
8.463677247811356441e-01
8.543815303819792817e-01
8.621323441854131797e-01
8.696176371800858895e-01
8.768359208517335635e-01
8.837866843669047734e-01
8.904703297802404327e-01
8.968881060154891838e-01
9.030420423247643713e-01
9.089348818776546990e-01
9.145700160732730399e-01
9.199514201057270579e-01
9.250835902483782736e-01
9.299714832561454259e-01
9.346204582193700094e-01
9.390362211386826807e-01
9.432247724289999358e-01
9.471923575031589992e-01
9.509454205325175158e-01
9.544905614336521849e-01
9.578344960874385361e-01
9.609840197594774480e-01
9.639459736590433314e-01
9.667272145473551070e-01
9.693345872847309863e-01
9.717749001897417749e-01
9.740549030713705481e-01
9.761812677869510235e-01
9.781605711737526576e-01
9.799992802000221381e-01
9.817037391815350844e-01
9.832801589118282948e-01
9.847346075578085056e-01
9.860730031770384985e-01
9.873011077183471151e-01
9.884245223732789354e-01
9.894486841521050735e-01
9.903788635645356386e-01
9.912201632918312688e-01
9.919775177436646052e-01
9.926556933998151866e-01
9.932592898435642637e-01
9.937927414004937843e-01
9.942603193032309994e-01
9.946661343094725938e-01
9.950141397072895799e-01
9.953081346481487124e-01
9.955517677541755317e-01
9.957485409517913277e-01
9.959018134888750762e-01
9.960148060969065131e-01
9.960906052630807972e-01
9.961321675801048103e-01
9.961423241433081666e-01
9.961237849658880483e-01
9.960791433836874154e-01
9.960108804210179301e-01
9.959213690888998327e-01
9.958128785868938238e-01
9.956875783796762525e-01
9.955475421198521913e-01
9.953947513893925958e-01
9.952310992336541595e-01
9.950583934642766026e-01
9.948783597103784127e-01
9.946926442013619418e-01
9.945028162692037821e-01
9.943103705632168055e-01
9.941167289757638637e-01
9.939232422830850400e-01
9.937311915110625948e-01
9.935417890412027164e-01
9.933561794771531561e-01
9.931754402965513595e-01
9.930005823167553647e-01
9.928325500059611564e-01
9.926722216732820625e-01
9.925204095725402853e-01
9.923778599548018775e-01
9.922452531041366930e-01
9.921232033897594560e-01
9.920122593657396681e-01
9.919129039469395392e-01
9.918255546869229056e-01
9.917505641803667782e-01
9.916882206091690577e-01
9.916387484480685410e-01
9.916023093423026458e-01
9.915790031666881221e-01
9.915688692725890263e-01
9.915718879265524865e-01
9.915879819419639585e-01
9.916170185028742035e-01
9.916588111771540426e-01
9.917131221142914121e-01
9.917796644214198487e-01
9.918581047095053060e-01
9.919480657999932838e-01
9.920491295806080911e-01
9.921608399973974590e-01
9.922827061685461913e-01
9.924142056039748638e-01
9.925547875133341469e-01
9.927038761837609915e-01
9.928608744077299653e-01
9.930251669405619763e-01
9.931961239666837749e-01
9.933731045535917348e-01
9.935554600726648200e-01
9.937425375664901139e-01
9.939336830431783065e-01
9.941282446792111260e-01
9.943255759136354621e-01
9.945250384178304648e-01
9.947260049265762571e-01
9.949278619176921135e-01
9.951300121290457268e-01
9.953318769032289959e-01
9.955328983516396057e-01
9.957325413310870177e-01
9.959302952273711984e-01
9.961256755415665021e-01
9.963182252760095503e-01
9.965075161182604946e-01
9.966931494225876875e-01
9.968747569898552818e-01
9.970520016480575176e-01
9.972245776371545523e-01
9.973922108033094203e-01
9.975546586090782153e-01
9.977117099675428813e-01
9.978631849097439055e-01
9.980089340960370814e-01
9.981488381830918577e-01
9.982828070591310832e-01
9.984107789606132544e-01
9.985327194838479192e-01
9.986486205049635023e-01
9.987584990212041713e-01
9.988623959257216800e-01
9.989603747268681611e-01
9.990525202215498890e-01
9.991389371305441358e-01
9.992197487019135460e-01
9.992950952869056325e-01
9.993651328911224985e-01
9.994300317024321645e-01
9.994899745961887128e-01
9.995451556179415498e-01
9.995957784440141491e-01
9.996420548211526480e-01
9.996842029878677538e-01
9.997224460820444136e-01
9.997570105417653563e-01
9.997881245089160762e-01
