9.997974713910399158e-01
9.997679927832894275e-01
9.997352973326688597e-01
9.996991803323386216e-01
9.996594394009652440e-01
9.996158757801358874e-01
9.995682955793688818e-01
9.995165109580657070e-01
9.994603412373571638e-01
9.993996139382395061e-01
9.993341657454773985e-01
9.992638433993423774e-01
9.991885045192486769e-01
9.991080183647079727e-01
9.990222665397504587e-01
9.989311436470981187e-01
9.988345578980140083e-01
9.987324316829824244e-01
9.986247021073386687e-01
9.985113214947599625e-01
9.983922578602917319e-01
9.982674953533939854e-01
9.981370346704507845e-01
9.980008934353403749e-01
9.978591065460524767e-01
9.977117264849867384e-01
9.975588235904597756e-01
9.974004862870792243e-01
9.972368212729770809e-01
9.970679536624038608e-01
9.968940270828203776e-01
9.967152037263458109e-01
9.965316643561907828e-01
9.963436082694669960e-01
9.961512532184839674e-01
9.959548352932809934e-01
9.957546087686420799e-01
9.955508459191831916e-01
9.953438368062386132e-01
9.951338890401766335e-01
9.949213275214269236e-01
9.947064941628825929e-01
9.944897475954356247e-01
9.942714628572384417e-01
9.940520310658464975e-01
9.938318590707371225e-01
9.936113690818432209e-01
9.933909982677457950e-01
9.931711983150900425e-01
9.929524349387014448e-01
9.927351873298533302e-01
9.925199475282454609e-01
9.923072197015871954e-01
9.920975193152898886e-01
9.918913721737478983e-01
9.916893133140607386e-01
9.914918857328727242e-01
9.912996389272938913e-01
9.911131272316321406e-01
9.909329079328879075e-01
9.907595391496205606e-01
9.905935774608435329e-01
9.904355752739932850e-01
9.902860779236957178e-01
9.901456204959613316e-01
9.900147243755396120e-01
9.898938935174046438e-01
9.897836104467082619e-01
9.896843319949997220e-01
9.895964847840649226e-01
9.895204604723746300e-01
9.894566107828398627e-01
9.894052423343319136e-01
9.893666113031954756e-01
9.893409179447069102e-01
9.893283010080119455e-01
9.893288320814113135e-01
9.893425099078004825e-01
9.893692547124588454e-01
9.894089025870633769e-01
9.894611999745998032e-01
9.895257982996350510e-01
9.896022487870786977e-01
9.896899975100350577e-01
9.897883807036289561e-01
9.898966203768105876e-01
9.900138202482406946e-01
9.901389620255648394e-01
9.902709020399498296e-01
9.904083682399047461e-01
9.905499575404299595e-01
9.906941335157134487e-01
9.908392244161847717e-01
9.909834214840069766e-01
9.911247775352405309e-01
9.912612057721236214e-01
9.913904787853101697e-01
9.915102277035565681e-01
9.916179414472877651e-01
9.917109660426893791e-01
9.917865039544190298e-01
9.918416133976429849e-01
9.918732075937961579e-01
9.918780539391570672e-01
9.918527730609254522e-01
9.917938377419411866e-01
9.916975717024080206e-01
9.915601482349788443e-01
9.913775886982929553e-01
9.911457608835486655e-01
9.908603772789746911e-01
9.905169932681587852e-01
9.901110053101415120e-01
9.896376491619862659e-01
9.890919982181881620e-01
9.884689620556986744e-01
9.877632852884022929e-01
9.869695468503615343e-01
9.860821598427728096e-01
9.850953720949637837e-01
9.840032676044659921e-01
9.827997690346956805e-01
9.814786414605205511e-01
9.800334975613826938e-01
9.784578044681413456e-01
9.767448924728489024e-01
9.748879658098340562e-01
9.728801157113698972e-01
9.707143359316253717e-01
9.683835409184017307e-01
9.658805867933847322e-01
9.631982952784283736e-01
9.603294806780007242e-01
9.572669799967163939e-01
9.540036862362913928e-01
9.505325848787675724e-01
9.468467935229644139e-01
9.429396045993697628e-01
9.388045310455698234e-01
9.344353547803718740e-01
9.298261777704741604e-01
9.249714754393701943e-01
9.198661521246261907e-01
9.145055982472152234e-01
9.088857488157351394e-01
9.030031428495864931e-01
8.968549832690863033e-01
8.904391967676086317e-01
8.837544931517495872e-01
8.768004236108298821e-01
8.695774373573598170e-01
8.620869360659917380e-01
8.543313255305435838e-01
8.463140639573731860e-01
8.380397063191685758e-01
8.295139442063872437e-01
8.207436406343225910e-01
8.117368592921585524e-01
8.025028877561832807e-01
7.930522542323255042e-01
7.833967374427144303e-01
7.735493693263839621e-01
7.635244302845625164e-01
7.533374367651206605e-01
7.430051210474677426e-01
7.325454031571320135e-01
7.219773549071171193e-01
7.113211561295165186e-01
7.005980432245921818e-01
6.898302502144588733e-01
6.790409425438203028e-01
6.682541439202264177e-01
6.574946565307322466e-01
6.467879750105837156e-01
6.361601945729056240e-01
6.256379137367402699e-01
6.152481321150280458e-01
6.050181437449615451e-01
5.949754264616795574e-01
5.851475278333930774e-01
5.755619481927199965e-01
5.662460213160203093e-01
5.572267933205208301e-01
5.485309003682774520e-01
5.401844457867662763e-01
5.322128772378005301e-01
5.246408645892001177e-01
5.174921791663441573e-01
5.107895750825769410e-01
5.045546733672128248e-01
4.988078496264177764e-01
4.935681259842469304e-01
4.888530680573638376e-01
4.846786877163097307e-01
4.810593523776914848e-01
4.780077015544631491e-01
4.755345713652092687e-01
4.736489276676121296e-01
4.723578084362578533e-01
4.716662759508771785e-01
4.715773792985715751e-01
4.720921276234083530e-01
4.732094744798552854e-01
4.749263135639941735e-01
4.772374860094599214e-01
4.801357993447281647e-01
4.836120581158990239e-01
4.876551060855479625e-01
4.922518798245318905e-01
4.973874734207336390e-01
5.030452139373702281e-01
5.092067471643284549e-01
5.158521331196905813e-01
5.229599506756270610e-01
5.305074106037763748e-01
5.384704762605667661e-01
5.468239910632964884e-01
5.555418118437751573e-01
5.645969471086880187e-01
5.739616991853629946e-01
5.836078091891657715e-01
5.935066037152658680e-01
6.036291421339443630e-01
6.139463633558667199e-01
6.244292309326866519e-01
6.350488753697489663e-01
6.457767325519873092e-01
6.565846772218255634e-01
6.674451504989415973e-01
6.783312804960022202e-01
6.892169951613046353e-01
7.000771265678642497e-01
7.108875059676154073e-01
7.216250490376230342e-01
7.322678308607796227e-01
7.427951503044345483e-01
7.531875835847222644e-01
7.634270269298011335e-01
7.734967283795717297e-01
7.833813088805896552e-01
7.930667729506349906e-01
8.025405092959287945e-01
8.117912818634247518e-01
8.208092118995344855e-01
8.295857516637514806e-01
8.381136505099804346e-01
8.463869140992910101e-01
8.544007575449256153e-01
8.621515533136661080e-01
8.696367747173334717e-01
8.768549358247941239e-01
8.838055286091626161e-01
8.904889581179236124e-01
8.969064764166879700e-01
9.030601160115800941e-01
9.089526234023356244e-01
9.145873933596280203e-01
9.199684044574862885e-01
9.251001563265182082e-01
9.299876090274811213e-01
9.346361248789541998e-01
9.390514130087418421e-01
9.432394768372647231e-01
9.472065646435280373e-01
9.509591233110217257e-01
9.545037553026660682e-01
9.578471788710227752e-01
9.609961914726278254e-01
9.639576363234828582e-01
9.667383720063295049e-01
9.693452450190688241e-01
9.717850651372199611e-01
9.740645834511897361e-01
9.761904729308760187e-01
9.781693113652272231e-01
9.800075665223102472e-01
9.817115833756991927e-01
9.832875732451147321e-01
9.847416047027902630e-01
9.860795961016529665e-01
9.873073095867836990e-01
9.884303464575012743e-01
9.894541437536513717e-01
9.903839719461204893e-01
9.912249336181782056e-01
9.919819630309284486e-01
9.926598264729047383e-01
9.932631233006526950e-01
9.937962875839957411e-01
9.942635902765390998e-01
9.946691418387715311e-01
9.950168952478053441e-01
9.953106493342369632e-01
9.955540523927066676e-01
9.957506060183491936e-01
9.959036691263412067e-01
9.960164621160606524e-01
9.960920711449029463e-01
9.961334524795131262e-01
9.961434368941105566e-01
9.961247340867667166e-01
9.960799370850652590e-01
9.960115266126839950e-01
9.959218753882900232e-01
9.958132523279403792e-01
9.956878266221478313e-01
9.955476716591138420e-01
9.953947687665174460e-01
9.952310107458197663e-01
9.950582051753745771e-01
9.948780774617658196e-01
9.946922736226759820e-01
9.945023627891568241e-01
9.943098394202845025e-01
9.941161252286752070e-01
9.939225708210172039e-01
9.937304570634439838e-01
9.935409961870241835e-01
9.933553326536901373e-01
9.931745438074027765e-01
9.929996403391091464e-01
9.928315665970076642e-01
9.926712007757055867e-01
9.925193550190326564e-01
9.923767754715613343e-01
9.922441423133303573e-01
9.921220698109528557e-01
9.920111064163148473e-01
9.919117349415527141e-01
9.918243728360698341e-01
9.917493725881529887e-01
9.916870222704009530e-01
9.916375462448017153e-01
9.916011060400017341e-01
9.915778014101629401e-01
9.915676715818825260e-01
9.915706966929562771e-01
9.915867994243370287e-01
9.916158468244303803e-01
9.916576523228691764e-01
9.917119779290638482e-01
9.917785366090898780e-01
9.918569948328135322e-01
9.919469752815245345e-01
9.920480597047345306e-01
9.921597919132014720e-01
9.922816808936700816e-01
9.924132040293153212e-01
9.925538104084719038e-01
9.927029242029967726e-01
9.928599480965812907e-01
9.930242667425660530e-01
9.931952502303521557e-01
9.933722575393644227e-01
9.935546399597237066e-01
9.937417444593086291e-01
9.939329169777019191e-01
9.941275056285909795e-01
9.943248637934587464e-01
9.945243530908187690e-01
9.947253462067483509e-01
9.949272295740078098e-01
9.951294058885685745e-01
9.953312964538586494e-01
9.955323433444784875e-01
9.957320113825101071e-01
9.959297899208702232e-01
9.961251944294394756e-01
9.963177678809608251e-01
9.965070819349666209e-01
9.966927379192800363e-01
9.968743676099540707e-01
9.970516338118842192e-01
9.972242307437390041e-01
9.973918842322956335e-01
9.975543517227285495e-01
9.977114221128281502e-01
9.978629154205069796e-01
9.980086822952095593e-01
9.981486033849451545e-01
9.982825885715387315e-01
9.984105760873067670e-01
9.985325315266464496e-01
9.986484467659608733e-01
9.987583388049013911e-01
9.988622485410929563e-01
9.989602394893544179e-01
9.990523964549730129e-01
9.991388241689400651e-01
9.992196458912816492e-01
9.992950019868730438e-01
9.993650484765232989e-01
9.994299555647985223e-01
9.994899061451523181e-01
9.995450942825412355e-01
9.995957236739031471e-01
9.996420060876992641e-01
9.996841597851401362e-01
9.997224079276688657e-01
9.997569769776490922e-01
9.997880951018220941e-01
