9.997974869451901059e-01
9.997680114157628806e-01
9.997353194740371540e-01
9.996992064425213043e-01
9.996594699664973493e-01
9.996159113107023764e-01
9.995683366036389739e-01
9.995165580188810628e-01
9.994603948863519660e-01
9.993996747299892514e-01
9.993342342312919735e-01
9.992639201208322053e-01
9.991885900018019351e-01
9.991081131110215452e-01
9.990223710235575094e-01
9.989312583072305074e-01
9.988346831329251163e-01
9.987325678458461864e-01
9.986248495018192894e-01
9.985114803715287035e-01
9.983924284143429473e-01
9.982676777221904940e-01
9.981372289329046854e-01
9.980010996116105426e-01
9.978593245981209892e-01
9.977119563179541739e-01
9.975590650544838844e-01
9.974007391798646038e-01
9.972370853427157122e-01
9.970682286110559289e-01
9.968943125696201335e-01
9.967154993714174571e-01
9.965319697441605840e-01
9.963439229529608143e-01
9.961515767214100814e-01
9.959551671138041629e-01
9.957549483817691449e-01
9.955511927788931459e-01
9.953441903471040852e-01
9.951342486784421348e-01
9.949216926555237706e-01
9.947068641733775030e-01
9.944901218444299751e-01
9.942718406872480541e-01
9.940524117982107999e-01
9.938322420036189708e-01
9.936117534878963209e-01
9.933913833915338776e-01
9.931715833703542717e-01
9.929528191055757569e-01
9.927355697521310640e-01
9.925203273107995328e-01
9.923075959080430719e-01
9.920978909660422840e-01
9.918917382444032427e-01
9.916896727343739171e-01
9.914922373862309346e-01
9.912999816507853668e-01
9.911134598167189447e-01
9.909332291266853554e-01
9.907598476567702761e-01
9.905938719459524977e-01
9.904358543646023527e-01
9.902863402137317417e-01
9.901458645496276079e-01
9.900149487315984542e-01
9.898940966938161168e-01
9.897837909455966532e-01
9.896844883079357613e-01
9.895966153976663016e-01
9.895205638742454735e-01
9.894566854678842338e-01
9.894052868114892041e-01
9.893666241026556341e-01
9.893408976256627962e-01
9.893282461670043215e-01
9.893287413613068848e-01
9.893423820074224162e-01
9.893690883968623284e-01
9.894086966984063647e-01
9.894609534435215847e-01
9.895255101570028522e-01
9.896019181759139194e-01
9.896896236973796723e-01
9.897879630920627392e-01
9.898961585152901144e-01
9.900133138418903966e-01
9.901384109440323211e-01
9.902703063239222114e-01
9.904077281053879078e-01
9.905492733804156513e-01
9.906934058988959846e-01
9.908384540824496378e-01
9.909826093364871857e-01
9.911239246288314764e-01
9.912603132984538767e-01
9.913895480542840311e-01
9.915092601217138091e-01
9.916169384933526398e-01
9.917099292408138034e-01
9.917854348457424418e-01
9.918405135109019666e-01
9.918720784158086001e-01
9.918768968860709467e-01
9.918515894511692466e-01
9.917926287718189515e-01
9.916963384252681646e-01
9.915588915448335650e-01
9.913763093186835906e-01
9.911444593623436328e-01
9.908590539896530158e-01
9.905156484179801213e-01
9.901096389554325805e-01
9.896362612306048856e-01
9.890905885390438579e-01
9.884675303950445358e-01
9.877618313924503290e-01
9.869680704936354410e-01
9.860806608814924878e-01
9.850938505246632504e-01
9.840017236209798179e-01
9.827982030976135652e-01
9.814770543581965434e-01
9.800318904766021078e-01
9.784561790435840622e-01
9.767432508755384823e-01
9.748863107938248174e-01
9.728784506779921681e-01
9.707126649866743007e-01
9.683818689257130963e-01
9.658789194242889398e-01
9.631966390566045755e-01
9.603278430192675463e-01
9.572653692432915307e-01
9.540021116850331273e-01
9.505310568028775275e-01
9.468453231865929798e-01
9.429382042645172435e-01
9.388032139706431467e-01
9.344341352097240705e-01
9.298250709142457104e-01
9.249704974429611148e-01
9.198653200271664776e-01
9.145049299284705446e-01
9.088852629309780440e-01
9.030028587520936290e-01
8.968549209200723515e-01
8.904393766335787497e-01
8.837549360894484396e-01
8.768011507401585192e-01
8.695784699228399361e-01
8.620882952875572602e-01
8.543330324446322122e-01
8.463161392494737978e-01
8.380421701491418407e-01
8.295168160280181890e-01
8.207469390106932883e-01
8.117406017085173620e-01
8.025070904320721343e-01
7.930569319347711144e-01
7.834019033023229550e-01
7.735550346581825387e-01
7.635306044154179794e-01
7.533441268695253434e-01
7.430123319934260895e-01
7.325531373638006771e-01
7.219856122157417566e-01
7.113299336890901436e-01
7.006073353934991754e-01
6.898400484792065468e-01
6.790512354557578512e-01
6.682649170509470382e-01
6.575058924466212762e-01
6.467996532667539267e-01
6.361722917265113519e-01
6.256504033794626496e-01
6.152609849242856033e-01
6.050313275532528401e-01
5.949889063433151382e-01
5.851612662077769755e-01
5.755759049433263330e-01
5.662601539242275717e-01
5.572410570135566399e-01
5.485452482806885133e-01
5.401988291350249272e-01
5.322272455079066766e-01
5.246551657374102229e-01
5.175063598334314063e-01
5.108035808222918250e-01
5.045684488898160014e-01
4.988213390583150497e-01
4.935812731447989377e-01
4.888658167538858512e-01
4.846909820580915795e-01
4.810711371095266475e-01
4.780189224097038947e-01
4.755451754377616469e-01
4.736588638015277741e-01
4.723670276307669891e-01
4.716747317777676418e-01
4.715850283278990585e-01
4.720989298525672950e-01
4.732153937601594196e-01
4.749313180181179428e-01
4.772415484324527002e-01
4.801388975808211779e-01
4.836141754030868212e-01
4.876562313598827858e-01
4.922520079763178513e-01
4.973866054952942317e-01
5.030433572737894599e-01
5.092039154665688461e-01
5.158483464556635756e-01
5.229552354011588466e-01
5.305017992099085866e-01
5.384640071442138298e-01
5.468167082228886366e-01
5.555337645031296345e-01
5.645881892738648933e-01
5.739522891407021765e-01
5.835978089399447288e-01
5.934960783855243172e-01
6.036181593288569847e-01
6.139349924986918783e-01
6.244175425867009022e-01
6.350369405557025893e-01
6.457646220715302920e-01
6.565724609970049475e-01
6.674328969373408693e-01
6.783190558903561262e-01
6.892048631315459417e-01
7.000651475525339063e-01
7.108757367704628960e-01
7.216135424340430760e-01
7.322566352675121681e-01
7.427843095147443897e-01
7.531771365700673515e-01
7.634170077078445971e-01
7.734871659473068206e-01
7.833722272103296191e-01
7.930581910457250583e-01
8.025324413022212333e-01
8.117837372318827960e-01
8.208021955947665260e-01
8.295792644128421323e-01
8.381076890856671291e-01
8.463814716313562414e-01
8.543958238535933614e-01
8.621471152588460196e-01
8.696328165576978630e-01
8.768514395809174911e-01
8.838024744252881426e-01
8.904863246173223557e-01
8.969042410460416059e-01
9.030582553703303539e-01
9.089511135534995567e-01
9.145862101191389870e-01
9.199675236597097960e-01
9.250995540641646642e-01
9.299872618647039291e-01
9.346360100369649482e-01
9.390515085237804982e-01
9.432397616912395755e-01
9.472070188680641323e-01
9.509597280660393448e-01
9.545044929309389747e-01
9.578480329304422947e-01
9.609971467481221996e-01
9.639586788207108459e-01
9.667394889293832172e-01
9.693464247344879547e-01
9.717862971266337802e-01
9.740658582548740174e-01
9.761917820844390192e-01
9.781706473315235906e-01
9.800089226205347392e-01
9.817129537094348990e-01
9.832889526309049888e-01
9.847429886005858446e-01
9.860809805482551038e-01
9.873086911331632187e-01
9.884317221106458939e-01
9.894555109233638124e-01
9.903853283969816790e-01
9.912262774266992205e-01
9.919832925477505281e-01
9.926611402897652647e-01
9.932644202217285612e-01
9.937975666011573672e-01
9.942648505479976251e-01
9.946703826705823870e-01
9.950181160776956357e-01
9.953118497172531720e-01
9.955552319882224888e-01
9.957517645780351589e-01
9.959048064827669133e-01
9.960175781716756882e-01
9.960931658612199868e-01
9.961345258663895086e-01
9.961444889990953566e-01
9.961257649845408624e-01
9.960809468670522859e-01
9.960125153769489037e-01
9.959228432298732336e-01
9.958141993297858763e-01
9.956887528467928128e-01
9.955485771412995177e-01
9.953956535068664291e-01
9.952318747057038451e-01
9.950590482730706787e-01
9.948788995699663351e-01
9.946930745673898677e-01
9.945031423500039214e-01
9.943105973321572089e-01
9.941168611847110981e-01
9.939232844768016717e-01
9.937311480423383081e-01
9.935416640864948024e-01
9.933559770524988952e-01
9.931751642734990559e-01
9.930002364380589031e-01
9.928321379007771785e-01
9.926717468716153014e-01
9.925198755186875887e-01
9.923772700195629959e-01
9.922446105955763374e-01
9.921225115623357738e-01
9.920115214276429283e-01
9.919121230655284505e-01
9.918247339921898442e-01
9.917497067664160504e-01
9.916873295337466088e-01
9.916378267302421445e-01
9.916013599584471150e-01
9.915780290449890400e-01
9.915678732863261180e-01
9.915708728864689459e-01
9.915869505880587909e-01
9.916159734959743011e-01
9.916577550906261473e-01
9.917120574262456856e-01
9.917785935077276793e-01
9.918570298379151273e-01
9.919469891255749960e-01
9.920480531426921766e-01
9.921597657181046026e-01
9.922816358529324976e-01
9.924131409417416005e-01
9.925537300819863296e-01
9.927028274530381724e-01
9.928598357450841849e-01
9.930241396174236401e-01
9.931951091652354568e-01
9.933721033737656914e-01
9.935544735390881010e-01
9.937415666351270271e-01
9.939327286074515211e-01
9.941273075754274435e-01
9.943246569255903555e-01
9.945241382805152242e-01
9.947251243289625400e-01
9.949270015046166593e-01
9.951291725022545220e-01
9.953310586216777001e-01
9.955321019311677011e-01
9.957317672436009071e-01
9.959295438996740302e-01
9.961249473539719457e-01
9.963175205608676421e-01
9.965068351585040229e-01
9.966924924503932637e-01
9.968741241854882640e-01
9.970513931389483053e-01
9.972239934972336739e-01
9.973916510526100732e-01
9.975541232135998193e-01
9.977111988393577713e-01
9.978626979073239589e-01
9.980084710247735247e-01
9.981483987959841597e-01
9.982823910576246185e-01
9.984103859955759663e-01
9.985323491566827636e-01
9.986482723688646645e-01
9.987581725825761536e-01
9.988620906457871262e-01
9.989600900234985037e-01
9.990522554713566761e-01
9.991386916712682309e-01
9.992195218351483943e-01
9.992948862811833477e-01
9.993649409853818666e-01
9.994298561098755584e-01
9.994898145085187036e-01
9.995450102099523448e-01
9.995956468784957805e-01
9.996419362540486242e-01
9.996840965736115692e-01
9.997223509789878726e-01
9.997569259176016798e-01
9.997880495459946504e-01
