9.997974498168088475e-01
9.997679711862145213e-01
9.997352762530845594e-01
9.996991604173784962e-01
9.996594214098302178e-01
9.996158605877935033e-01
9.995682841784886419e-01
9.995165044590350600e-01
9.994603408662794397e-01
9.993996210328678353e-01
9.993341817491016021e-01
9.992638698527049890e-01
9.991885430506267651e-01
9.991080706783481702e-01
9.990223344028960062e-01
9.989312288758824820e-01
9.988346623425244930e-01
9.987325572118168626e-01
9.986248505919805840e-01
9.985114947940959551e-01
9.983924578055762833e-01
9.982677237339420140e-01
9.981372932203046444e-01
9.980011838211159114e-01
9.978594303561252321e-01
9.977120852201292189e-01
9.975592186559917307e-01
9.974009189865433722e-01
9.972372928033086392e-01
9.970684651105146123e-01
9.968945794234832514e-01
9.967157978212318747e-01
9.965323009538842314e-01
9.963442880062617357e-01
9.961519766197565184e-01
9.959556027752229923e-01
9.957554206401399988e-01
9.955517023836366608e-01
9.953447379631227276e-01
9.951348348861707160e-01
9.949223179509558701e-01
9.947075289679413457e-01
9.944908264645991869e-01
9.942725853737909292e-01
9.940531967049953677e-01
9.938330671959133555e-01
9.936126189401184305e-01
9.933922889844296611e-01
9.931725288875966617e-01
9.929538042297972877e-01
9.927365940604155892e-01
9.925213902696735646e-01
9.923086968680139286e-01
9.920990291557406637e-01
9.918929127643889565e-01
9.916908825506648428e-01
9.914934813236158107e-01
9.913012583859752702e-01
9.911147678713871922e-01
9.909345668604401247e-01
9.907612132600966959e-01
9.905952634331529616e-01
9.904372695667595927e-01
9.902877767717130908e-01
9.901473199071474385e-01
9.900164201283576659e-01
9.898955811587384357e-01
9.897852852901966036e-01
9.896859891198609427e-01
9.895981190344800282e-01
9.895220664575369307e-01
9.894581828778218346e-01
9.894067746819660281e-01
9.893680978172050278e-01
9.893423523143606291e-01
9.893296767046005913e-01
9.893301423668596772e-01
9.893437478457262069e-01
9.893704131819718306e-01
9.894099742995591251e-01
9.894621774937454317e-01
9.895266740646686543e-01
9.896030151394477059e-01
9.896906467232889915e-01
9.897889050163583002e-01
9.898970120282905016e-01
9.900140715163000538e-01
9.901390652660650993e-01
9.902708497271238697e-01
9.904081530066848327e-01
9.905495722177903861e-01
9.906935711699669245e-01
9.908384783831185594e-01
9.909824853987195814e-01
9.911236453565525073e-01
9.912598718004902443e-01
9.913889376732578640e-01
9.915084744578063214e-01
9.916159714219090482e-01
9.917087749228520321e-01
9.917840877305678093e-01
9.918389683302074600e-01
9.918703301688573948e-01
9.918749408158090697e-01
9.918494210113895093e-01
9.917902435857917087e-01
9.916937322365491081e-01
9.915560601612484204e-01
9.913732485507628089e-01
9.911411649577213101e-01
9.908555215651458914e-01
9.905118733912153806e-01
9.901056164779941104e-01
9.896319861247035998e-01
9.890860552397051642e-01
9.884627328997225293e-01
9.877567632198562819e-01
9.869627246533888565e-01
9.860750298559946003e-01
9.850879262643529310e-01
9.839954975538760529e-01
9.827916661537884346e-01
9.814701970095642825e-01
9.800247027921678011e-01
9.784486507600692606e-01
9.767353714831049638e-01
9.748780696364500731e-01
9.728698370679113028e-01
9.707036683321943471e-01
9.683724788716243648e-01
9.658691260040327409e-01
9.631864328553089161e-01
9.603172153467167682e-01
9.572543123158487877e-01
9.539906188154770872e-01
9.505191225970368585e-01
9.468329437455628161e-01
9.429253773911184799e-01
9.387899393786304225e-01
9.344204147340764433e-01
9.298109087206767320e-01
9.249559002345838499e-01
9.198502972460447236e-01
9.144894939495913366e-01
9.088694292460147706e-01
9.029866461401875322e-01
8.968383516027712554e-01
8.904224764110308943e-01
8.837377344549655067e-01
8.767836809703435375e-01
8.695607691406127548e-01
8.620704044956140066e-01
8.543149965271239488e-01
8.462980069399945737e-01
8.380239939634601676e-01
8.294986521603602281e-01
8.207288471927907114e-01
8.117226450310496277e-01
8.024893351285693477e-01
7.930394471284784030e-01
7.833847607169609484e-01
7.735383082939786270e-01
7.635143701921996984e-01
7.533284622390808982e-01
7.429973155237248328e-01
7.325388482980323968e-01
7.219721300094786853e-01
7.113173375291590439e-01
7.005957037024217460e-01
6.898294584092561355e-01
6.790417623768336686e-01
6.682566340365188040e-01
6.574988697620245404e-01
6.467939578640004017e-01
6.361679867496379259e-01
6.256475476841731886e-01
6.152596326153295658e-01
6.050315275425706130e-01
5.949907019315286982e-01
5.851646946911190916e-01
5.755809972475696146e-01
5.662669342666886152e-01
5.572495425937700197e-01
5.485554489999444616e-01
5.402107473446564612e-01
5.322408757860304096e-01
5.246704946937655878e-01
5.175233659420914734e-01
5.108222342822823503e-01
5.045887115141294288e-01
4.988431641923805060e-01
4.936046056161823570e-01
4.888905928557946146e-01
4.847171295700775095e-01
4.810985753596106473e-01
4.780475623829036902e-01
4.755749199366019475e-01
4.736896076645580322e-01
4.723986580152793602e-01
4.717071285128118241e-01
4.716180643432419384e-01
4.721324716884754968e-01
4.732493021617550921e-01
4.749654486166078327e-01
4.772757525137496515e-01
4.801730229401018901e-01
4.836480672815927084e-01
4.876897334579959331e-01
4.922849635345691865e-01
4.974188584327036144e-01
5.030747533707904395e-01
5.092343035778643667e-01
5.158775797367776139e-01
5.229831725312117374e-01
5.305283055923586399e-01
5.384889560669748887e-01
5.468399819593687816e-01
5.555552553363591883e-01
5.646078004269688977e-01
5.739699355984686502e-01
5.836134181481384964e-01
5.935095908167868917e-01
6.036295289065043423e-01
6.139441868723445328e-01
6.244245432564259346e-01
6.350417428441048617e-01
6.457672349459395722e-01
6.565729067465115865e-01
6.674312107118456350e-01
6.783152851109914838e-01
6.891990667837459839e-01
7.000573953746456191e-01
7.108661083520745327e-01
7.216021262391661972e-01
7.322435275983572023e-01
7.427696134321228882e-01
7.531609607864089284e-01
7.633994654684961301e-01
7.734683739151829718e-01
7.833523043681513975e-01
7.930372576290429798e-01
8.025106177752224790e-01
8.117611433166400658e-01
8.207789493631539868e-01
8.295554814488378392e-01
8.380834817242486245e-01
8.463569482786456044e-01
8.543710883914195087e-01
8.621222665354318915e-01
8.696079479648057831e-01
8.768266387165037923e-01
8.837778228395380964e-01
8.904618976388911644e-01
8.968801076844028497e-01
9.030344782893576783e-01
9.089277491107605744e-01
9.145633084648903122e-01
9.199451288892177558e-01
9.250777044167531882e-01
9.299659899628287540e-01
9.346153431586267102e-01
9.390314689017116301e-01
9.432203668325090939e-01
9.471882818880389410e-01
9.509416580310015021e-01
9.544870952040775958e-01
9.578313095164043833e-01
9.609810966318059755e-01
9.639432982965115970e-01
9.667247719176460530e-01
9.693323630824696169e-01
9.717728808918266736e-01
9.740530759690855245e-01
9.761796209975395211e-01
9.781590936342734466e-01
9.799979616463613263e-01
9.817025701154474815e-01
9.832791305588084452e-01
9.847337118184633642e-01
9.860722325744479821e-01
9.873004553436648401e-01
9.884239818315549986e-01
9.894482495100073161e-01
9.903785293013239732e-01
9.912199242546065880e-01
9.919773691075868260e-01
9.926556306336642432e-01
9.932593086807299798e-01
9.937928378152176556e-01
9.942604894917020930e-01
9.946663746752048008e-01
9.950144468500773387e-01
9.953085053558200501e-01
9.955521989963231899e-01
9.957490298746788371e-01
9.959023574107558341e-01
9.960154025030799607e-01
9.960912518001139304e-01
9.961328620487710506e-01
9.961430644899310627e-01
9.961245692719168376e-01
9.960799698534638091e-01
9.960117473678226085e-01
9.959222749194767133e-01
9.958138217847448681e-01
9.956885574874915212e-01
9.955485557214919234e-01
9.953957980918617388e-01
9.952321776495177685e-01
9.950595021949462105e-01
9.948794973306660516e-01
9.946938092456486524e-01
9.945040072195090453e-01
9.943115858393889450e-01
9.941179669279407438e-01
9.939245011865033286e-01
9.937324695632320237e-01
9.935430843613983765e-01
9.933574901081321240e-01
9.931767642083551006e-01
9.930019174124264936e-01
9.928338941289797104e-01
9.926735726165060170e-01
9.925217650884209375e-01
9.923792177666385106e-01
9.922466109181217186e-01
9.921245589075665672e-01
9.920136102973959868e-01
9.919142480237268522e-01
9.918268896740486396e-01
9.917518878891545819e-01
9.916895309085265175e-01
9.916400432750104299e-01
9.916035867113340840e-01
9.915802611778892217e-01
9.915701061182854437e-01
9.915731018965104893e-01
9.915891714271046764e-01
9.916181819975610212e-01
9.916599472801649329e-01
9.917142295286415221e-01
9.917807419532411739e-01
9.918591512662244813e-01
9.919490803880635088e-01
9.920501113030522067e-01
9.921617880514060905e-01
9.922836198433421240e-01
9.924150842791139571e-01
9.925556306575599175e-01
9.927046833544715954e-01
9.928616452510573565e-01
9.930259011920063994e-01
9.931968214521968985e-01
9.933737651909606559e-01
9.935560838730241873e-01
9.937431246357727455e-01
9.939342335833155628e-01
9.941287589889079568e-01
9.943260543885651392e-01
9.945254815501303192e-01
9.947264133035599309e-01
9.949282362197369167e-01
9.951303531266515456e-01
9.953321854532827251e-01
9.955331753929509420e-01
9.957327878792844311e-01
9.959305123692636652e-01
9.961258644290836850e-01
9.963183871198338926e-01
9.965076521812552546e-01
9.966932610131131742e-01
9.968748454550471205e-01
9.970520683671201256e-01
9.972246240147036866e-01
9.973922382627748995e-01
9.975546685861653717e-01
9.977117039037319834e-01
9.978631642458045681e-01
9.980089002655261332e-01
9.981487926058099092e-01
9.982827511345169214e-01
9.984107140610729569e-01
9.985326469480277911e-01
9.986485416309981433e-01
9.987584150599939647e-01
9.988623080743124216e-01
9.989602841220279750e-01
9.990524279336573388e-01
9.991388441579115431e-01
9.992196559656810750e-01
9.992950036266405878e-01
9.993650430612547320e-01
9.994299443696448293e-01
9.994898903378623967e-01
9.995450749217271724e-01
9.995957017085788099e-01
9.996419823581093045e-01
9.996841350248623081e-01
9.997223827669396989e-01
9.997569519478266553e-01
9.997880706408696083e-01
