9.997974444601511745e-01
9.997679648674367980e-01
9.997352688452639802e-01
9.996991517848438091e-01
9.996594114087413718e-01
9.996158490668931584e-01
9.995682709800172150e-01
9.995164894197980932e-01
9.994603238188493055e-01
9.993996018068980192e-01
9.993341601727305790e-01
9.992638457540204966e-01
9.991885162591607195e-01
9.991080410265745781e-01
9.990223017277001238e-01
9.989311930199745726e-01
9.988346231557722055e-01
9.987325145524739156e-01
9.986248043277935471e-01
9.985114448032750278e-01
9.983924039776205239e-01
9.982676659703139110e-01
9.981372314349552521e-01
9.980011179408636579e-01
9.978593603208969487e-01
9.977120109830751593e-01
9.975591401834893457e-01
9.974008362581062714e-01
9.972372058114187254e-01
9.970683738603970392e-01
9.968944839328433005e-01
9.967156981199727372e-01
9.965321970838233456e-01
9.963441800208635568e-01
9.961518645838954855e-01
9.959554867649907939e-01
9.957553007427060177e-01
9.955515786971714798e-01
9.953446105967896917e-01
9.951347039601871058e-01
9.949221835967255734e-01
9.947073913282548085e-01
9.944906856938977580e-01
9.942724416384867148e-01
9.940530501838387156e-01
9.938329180803968654e-01
9.936124674349068320e-01
9.933921353078020156e-01
9.931723732718888975e-01
9.929536469218315231e-01
9.927364353219050308e-01
9.925212303775902134e-01
9.923085361149093231e-01
9.920988678500094471e-01
9.918927512304674954e-01
9.916907211291576818e-01
9.914933203713439669e-01
9.913010982759414835e-01
9.911146089926546887e-01
9.909344096179210082e-01
9.907610580742461925e-01
9.905951107395679633e-01
9.904371198156751710e-01
9.902876304273947605e-01
9.901471774471716225e-01
9.900162820427720334e-01
9.898954479490955638e-01
9.897851574684453091e-01
9.896858672070848462e-01
9.895980035594662549e-01
9.895219579551576272e-01
9.894580818872121819e-01
9.894066817444788775e-01
9.893680134741272836e-01
9.893422771043752784e-01
9.893296111609859445e-01
9.893300870144188242e-01
9.893437031974494644e-01
9.893703797354410634e-01
9.894099525331139233e-01
9.894621678624391237e-01
9.895266769960553432e-01
9.896030310292492915e-01
9.896906759310064583e-01
9.897889478608963287e-01
9.898970687836786686e-01
9.900141424075974417e-01
9.901391504655439046e-01
9.902709493508290439e-01
9.904082671114688985e-01
9.905497007989182423e-01
9.906937141593823437e-01
9.908386356484519819e-01
9.909826567431049282e-01
9.911238305193035281e-01
9.912600704586653766e-01
9.913891494441205987e-01
9.915086989021579811e-01
9.916162080482461283e-01
9.917090231922675025e-01
9.917843470622889068e-01
9.918392381076317488e-01
9.918706097459267790e-01
9.918752295235375716e-01
9.918497181643458616e-01
9.917905484883279277e-01
9.916940441885619961e-01
9.915563784632677180e-01
9.913735725081683769e-01
9.911414938839118172e-01
9.908558547835065733e-01
9.905122102357621916e-01
9.901059562926054491e-01
9.896323282608889826e-01
9.890863990528963035e-01
9.884630777441120175e-01
9.877571084418429459e-01
9.869630695837228185e-01
9.860753738007429492e-01
9.850882684948297774e-01
9.839958372956997268e-01
9.827920025752406863e-01
9.814705292094340061e-01
9.800250297872620253e-01
9.784489714725742582e-01
9.767356847279748955e-01
9.748783741089895871e-01
9.728701313317149602e-01
9.707039508075916423e-01
9.683727478247741161e-01
9.658693795368037405e-01
9.631866688960800671e-01
9.603174316422286028e-01
9.572545064242411472e-01
9.539907881006519652e-01
9.505192642244911783e-01
9.468330546798446878e-01
9.429254543950665868e-01
9.387899790145614043e-01
9.344204133670881429e-01
9.298108625242335057e-01
9.249558051985422580e-01
9.198501491872638214e-01
9.144892885252531300e-01
9.088691619697526480e-01
9.029863124010866215e-01
8.968379466872697936e-01
8.904219955277031806e-01
8.837371727621259332e-01
8.767830336063631158e-01
8.695600312567923762e-01
8.620695712914087094e-01
8.543140632874777207e-01
8.462969690744979179e-01
8.380228470470101332e-01
8.294973919749750735e-01
8.207274697701998356e-01
8.117211466956653076e-01
8.024877125404308309e-01
7.930376973257438067e-01
7.833828811575265227e-01
7.735362968957995022e-01
7.635122253718930052e-01
7.533261829484052541e-01
7.429949012835421751e-01
7.325362992293866782e-01
7.219694468614453742e-01
7.113145217031605627e-01
7.005927572727383978e-01
6.898263841395124718e-01
6.790385637322793322e-01
6.682533151919978209e-01
6.574954356055617843e-01
6.467904139960084509e-01
6.361643394778092597e-01
6.256438040141609758e-01
6.152558002373987867e-01
6.050276148144217991e-01
5.949867178575494187e-01
5.851606488983286392e-01
5.755768999585325618e-01
5.662627962696721307e-01
5.572453752103800895e-01
5.485512640504464077e-01
5.402065571111254183e-01
5.322366929733962637e-01
5.246663323887561514e-01
5.175192375699744218e-01
5.108181535612319468e-01
5.045846924069652406e-01
4.988392208553594775e-01
4.936007523444780887e-01
4.888868440252773784e-01
4.847134995750203013e-01
4.810950785459842116e-01
4.780442129770047233e-01
4.755717319688670397e-01
4.736865948885702338e-01
4.723958338221448949e-01
4.717045058412778769e-01
4.716156555861672484e-01
4.721302885964594465e-01
4.732473557449814461e-01
4.749637490461442457e-01
4.772743090237487884e-01
4.801718437324984379e-01
4.836471594350004732e-01
4.876891028425782704e-01
4.922846147346725543e-01
4.974187946789888626e-01
5.030749764835121818e-01
5.092348139227937942e-01
5.158783761950442859e-01
5.229842524841259443e-01
5.305296649219682914e-01
5.384905891728101190e-01
5.468418817915179364e-01
5.555574134446654710e-01
5.646102070258363081e-01
5.739725796464323349e-01
5.836162874410885104e-01
5.935126720934533751e-01
6.036328079646156031e-01
6.139476486936692456e-01
6.244281721387965334e-01
6.350455225384176172e-01
6.457711487961044217e-01
6.565769378303121240e-01
6.674353419807337318e-01
6.783194995269292704e-01
6.892033474513206137e-01
7.000617256668493216e-01
7.108704720283109957e-01
7.216065075542420493e-01
7.322479114014320833e-01
7.427739852547943222e-01
7.531653069193424699e-01
7.634037730262105415e-01
7.734726308888184576e-01
7.833564996662405466e-01
7.930413811064903618e-01
8.025146602508639315e-01
8.117650965799008134e-01
8.207828061704565137e-01
8.295592355105193549e-01
8.380871276828322225e-01
8.463604816793804941e-01
8.543745056460532172e-01
8.621255648802003124e-01
8.696111254136381641e-01
8.768296940104324255e-01
8.837807553932730542e-01
8.904647074854851185e-01
8.968827954188782758e-01
9.030370450121052439e-01
9.089301963714502275e-01
9.145656382075590951e-01
9.199473433991174343e-01
9.250798062694599588e-01
9.299679819760320321e-01
9.346172283469359465e-01
9.390332504347358444e-01
9.432220479963919768e-01
9.471898660505589929e-01
9.509431486102801756e-01
9.544884956408768995e-01
9.578326232499410064e-01
9.609823270789591421e-01
9.639444488342582273e-01
9.667258458685219491e-01
9.693333637028233030e-01
9.717738113626115393e-01
9.740539393889191544e-01
9.761804203777492139e-01
9.781598318956463700e-01
9.799986416173218640e-01
9.817031945313953178e-01
9.832797020623678108e-01
9.847342329604183986e-01
9.860727058151612656e-01
9.873008830548102299e-01
9.884243662980241041e-01
9.894485929318819206e-01
9.903788337958371324e-01
9.912201918580458848e-01
9.919776017771161358e-01
9.926558302490667840e-01
9.932594770460897449e-01
9.937929766605707593e-01
9.942606004746985526e-01
9.946664593828232759e-01
9.950145068004371263e-01
9.953085420001261951e-01
9.955522137209792399e-01
9.957490240035854479e-01
9.959023322078082163e-01
9.960153591748630575e-01
9.960911914987808924e-01
9.961327858750848030e-01
9.961429734964329930e-01
9.961244644661843006e-01
9.960798522014084888e-01
9.960116177969802198e-01
9.959221343222360856e-01
9.958136710214657850e-01
9.956883973894641304e-01
9.955483870936927548e-01
9.953956217154720232e-01
9.952319942841717504e-01
9.950593125806882489e-01
9.948793021896020772e-01
9.946936092832857623e-01
9.945038031257819044e-01
9.943113782893799879e-01
9.941177565823049456e-01
9.939242886916128672e-01
9.937322555510565980e-01
9.935428694491427182e-01
9.933572748976505773e-01
9.931765492853644739e-01
9.930017033455424968e-01
9.928336814685985168e-01
9.926733618935589254e-01
9.925215568130300037e-01
9.923790124267034551e-01
9.922464089778727514e-01
9.921243608061179886e-01
9.920134164473405347e-01
9.919140588098097622e-01
9.918267054519617210e-01
9.917517089844888334e-01
9.916893576159190316e-01
9.916398758575162287e-01
9.916034254000469783e-01
9.915801061718279019e-01
9.915699575845519087e-01
9.915729599707192587e-01
9.915890362140701297e-01
9.916180535722236566e-01
9.916598256887280138e-01
9.917141147898842490e-01
9.917806340599715220e-01
9.918590501868311815e-01
9.919489860681278692e-01
9.920500236669840266e-01
9.921617070040686936e-01
9.922835452716409765e-01
9.924150160535253340e-01
9.925555686335851835e-01
9.927046273740092186e-01
9.928615951436888798e-01
9.930258567761988120e-01
9.931967825364279578e-01
9.933737315747773744e-01
9.935560553480432544e-01
9.937431009866363185e-01
9.939342145886127522e-01
9.941287444220709979e-01
9.943260440187496885e-01
9.945254751430842033e-01
9.947264106224846802e-01
9.949282370261433028e-01
9.951303571812076809e-01
9.953321925166540574e-01
9.955331852266271486e-01
9.957328002463902150e-01
9.959305270353491224e-01
9.961258811628899146e-01
9.963184056940308508e-01
9.965076723731487451e-01
9.966932826053197525e-01
9.968748682361355806e-01
9.970520921322206798e-01
9.972246485660839488e-01
9.973922634103861151e-01
9.975546941481584495e-01
9.977117297069458823e-01
9.978631901262271509e-01
9.980089260687272645e-01
9.981488181873459098e-01
9.982827763603041582e-01
9.984107388077253509e-01
9.985326711031545788e-01
9.986485650934543434e-01
9.987584377400755553e-01
9.988623298938883455e-01
9.989603050146005359e-01
9.990524478443417733e-01
9.991388630433267748e-01
9.992196737937459883e-01
9.992950203762703820e-01
9.993650587219553572e-01
9.994299589410042817e-01
9.994899038289440929e-01
9.995450873503700651e-01
9.995957131006133478e-01
9.996419927465016730e-01
9.996841444488020478e-01
9.997223912708864679e-01
9.997569595805344544e-01
9.997880774544076754e-01
