9.997974524440688127e-01
9.997679714413287844e-01
9.997352734002438179e-01
9.996991536108320586e-01
9.996594096895855541e-01
9.996158428768093795e-01
9.995682592815263723e-01
9.995164710632989946e-01
9.994602975439266235e-01
9.993995662454223661e-01
9.993341138537539248e-01
9.992637871104258496e-01
9.991884436359748101e-01
9.991079526908056563e-01
9.990221958795247881e-01
9.989310678050620229e-01
9.988344766785084428e-01
9.987323448898296485e-01
9.986246095435715731e-01
9.985112229624720781e-01
9.983921531606461119e-01
9.982673842868280412e-01
9.981369170371054977e-01
9.980007690357362016e-01
9.978589751820253761e-01
9.977115879608898785e-01
9.975586777146269180e-01
9.974003328735370211e-01
9.972366601433858557e-01
9.970677846481980078e-01
9.968938500275134063e-01
9.967150184879591812e-01
9.965314708097608998e-01
9.963434063095821802e-01
9.961510427618007757e-01
9.959546162809692627e-01
9.957543811687079582e-01
9.955506097286236367e-01
9.953435920529815073e-01
9.951336357847679892e-01
9.949210658584323186e-01
9.947062242219746331e-01
9.944894695421521158e-01
9.942711768934004990e-01
9.940517374296385933e-01
9.938315580364596169e-01
9.936110609593598042e-01
9.933906834016544840e-01
9.931708770836600308e-01
9.929521077526216599e-01
9.927348546308456534e-01
9.925196097876002321e-01
9.923068774186762919e-01
9.920971730161142199e-01
9.918910224095676131e-01
9.916889606601508866e-01
9.914915307874332395e-01
9.912992823105321039e-01
9.911127695850185937e-01
9.909325499185702713e-01
9.907591814499639993e-01
9.905932207780494547e-01
9.904352203297331902e-01
9.902857254586850955e-01
9.901452712693902258e-01
9.900143791642695978e-01
9.898935531148430611e-01
9.897832756612731098e-01
9.896840036480980540e-01
9.895961637075184614e-01
9.895201475052450846e-01
9.894563067676238610e-01
9.894049481125175571e-01
9.893663277101952813e-01
9.893406458042027785e-01
9.893280411257705520e-01
9.893285852386444201e-01
9.893422768541610957e-01
9.893690361587751392e-01
9.894086991979169632e-01
9.894610123608579277e-01
9.895256270110415198e-01
9.896020943050019003e-01
9.896898602404589074e-01
9.897882609704571344e-01
9.898965184155416042e-01
9.900137362000475116e-01
9.901388959318015992e-01
9.902708538370865732e-01
9.904083377548786871e-01
9.905499444863878900e-01
9.906941374881097495e-01
9.908392448891927273e-01
9.909834578071969879e-01
9.911248289304763759e-01
9.912612713306324652e-01
9.913905574648826935e-01
9.915103183258422437e-01
9.916180426951597404e-01
9.917110764576618775e-01
9.917866219341150424e-01
9.918417371933201387e-01
9.918733353079578485e-01
9.918781835232864941e-01
9.918529023133992872e-01
9.917939643061918220e-01
9.916976930654178846e-01
9.915602617262011531e-01
9.913776914891018199e-01
9.911458499873250227e-01
9.908604495519351962e-01
9.905170454110294731e-01
9.901110338707665992e-01
9.896376505389478107e-01
9.890919686654918719e-01
9.884688976885582790e-01
9.877631820901259241e-01
9.869694006803210184e-01
9.860819664454089084e-01
9.850951271097578843e-01
9.840029665767925371e-01
9.827994074274579717e-01
9.814782146664685625e-01
9.800330009160170830e-01
9.784572332631201741e-01
9.767442419698353362e-01
9.748872312547485208e-01
9.728792923490447997e-01
9.707134190208930313e-01
9.683825257476816883e-01
9.658794686968678045e-01
9.631970696529826848e-01
9.603281430009417141e-01
9.572655258445929016e-01
9.540021113048376966e-01
9.505308850041549462e-01
9.468449647044603346e-01
9.429376430234724937e-01
9.388024331116372467e-01
9.344331171277072690e-01
9.298237973067658979e-01
9.249689493703187049e-01
9.198634779845238363e-01
9.145027739301851977e-01
9.088827726072782331e-01
9.030000134580393745e-01
8.968516998565601028e-01
8.904357589799513084e-01
8.837509011470692233e-01
8.767966780861168319e-01
8.695735395727568484e-01
8.620828878662939454e-01
8.543271293635326114e-01
8.463097228886409251e-01
8.380352240431220290e-01
8.295093250531762052e-01
8.207388895724847533e-01
8.117319819268189462e-01
8.024978903227019122e-01
7.930471435853347906e-01
7.833915210405348883e-01
7.735440552108658885e-01
7.635190270564474746e-01
7.533319535550795365e-01
7.429995674830220942e-01
7.325397893257372672e-01
7.219716913157376847e-01
7.113154536610932777e-01
7.005923130918616515e-01
6.898245039116366328e-01
6.790351917967212270e-01
6.682484006354234563e-01
6.574889327443942388e-01
6.467822828376387223e-01
6.361545461571723736e-01
6.256323212026628777e-01
6.152426075215834400e-01
6.050126990422730611e-01
5.949700734507873401e-01
5.851422781295362308e-01
5.755568131923984865e-01
5.662410121679929409e-01
5.572219209007887031e-01
5.485261752590052664e-01
5.401798782589912751e-01
5.322084772377131401e-01
5.246366417277013028e-01
5.174881427115503030e-01
5.107857339549203290e-01
5.045510361367830932e-01
4.988044245122109643e-01
4.935649208550201283e-01
4.888500904338506370e-01
4.846759447746067373e-01
4.810568509536753412e-01
4.780054481491686769e-01
4.755325721511318715e-01
4.736471884959249090e-01
4.723563348449527632e-01
4.716650731738065705e-01
4.715764522753476129e-01
4.720914810100316217e-01
4.732091126598795272e-01
4.749262406599227271e-01
4.772377058939593075e-01
4.801363156511474495e-01
4.836128742474570252e-01
4.876562252224828642e-01
4.922533049284325557e-01
4.973892072352399385e-01
5.030472589844372511e-01
5.092091057352943206e-01
5.158548072604712820e-01
5.229629421655048738e-01
5.305107209273989266e-01
5.384741065730023202e-01
5.468279421481964109e-01
5.555460840649653065e-01
5.646015403557438361e-01
5.739666128139930823e-01
5.836130419574555583e-01
5.935121537170547912e-01
6.036350067307874045e-01
6.139525391091722462e-01
6.244357135377334167e-01
6.350556595933152249e-01
6.457838121753394223e-01
6.565920449907511891e-01
6.674527980824251916e-01
6.783391984549844711e-01
6.892251729287953710e-01
7.000855524414605346e-01
7.108961671152329576e-01
7.216339315169945090e-01
7.322769196529921309e-01
7.428044293615156946e-01
7.531970358909987340e-01
7.634366345764903583e-01
7.735064726518242617e-01
7.833911703559519601e-01
7.930767316077119711e-01
8.025505446318299541e-01
8.118013730184344690e-01
8.208193377873245211e-01
8.295958911053674667e-01
8.381237823697882394e-01
8.463970174210425634e-01
8.544108116861300894e-01
8.621615380764940939e-01
8.696466704743675002e-01
8.768647236380460175e-01
8.838151903409137145e-01
8.904984765321055651e-01
8.969158352696979808e-01
9.030693001316177915e-01
9.089616187565603411e-01
9.145961871086398798e-01
9.199769849968550961e-01
9.251085133152975315e-01
9.299957334038458923e-01
9.346440088633024557e-01
9.390590500947753050e-01
9.432468617717308934e-01
9.472136933954442561e-01
9.509659930313231202e-01
9.545103642753123285e-01
9.578535264566706564e-01
9.610022780460203418e-01
9.639634632057286767e-01
9.667439413932437109e-01
9.693505599067298029e-01
9.717901292458499540e-01
9.740694011484175574e-01
9.761950491553673670e-01
9.781736515515876418e-01
9.800116765280771913e-01
9.817154694111428492e-01
9.832912418064666538e-01
9.847450625094151810e-01
9.860828500375782291e-01
9.873103666468919792e-01
9.884332136985979345e-01
9.894568282505170620e-01
9.903864807525696312e-01
9.912272737330592998e-01
9.919841413689250986e-01
9.926618498399280011e-01
9.932649983735570842e-01
9.937980208943051341e-01
9.942651881978299411e-01
9.946706105773367446e-01
9.950182408362087116e-01
9.953118776273628399e-01
9.955551690659171227e-01
9.957516165673762076e-01
9.959045788685630951e-01
9.960172761928437479e-01
9.960927945247201043e-01
9.961340899615916955e-01
9.961439931123978742e-01
9.961252135140437058e-01
9.960803440370747941e-01
9.960118652521786631e-01
9.959221497289368896e-01
9.958134662380497826e-01
9.956879838282181039e-01
9.955477757492061652e-01
9.953948231934881541e-01
9.952310188304483995e-01
9.950581701094326492e-01
9.948780023110700421e-01
9.946921613301665799e-01
9.945022161780349146e-01
9.943096611972320753e-01
9.941159179871685847e-01
9.939223370447328731e-01
9.937301991297414760e-01
9.935407163704789157e-01
9.933550331296391311e-01
9.931742266554561827e-01
9.929993075465779473e-01
9.928312200621930428e-01
9.926708423109988910e-01
9.925189863537777768e-01
9.923763982546386364e-01
9.922437581154311959e-01
9.921216801265233531e-01
9.920107126651610541e-01
9.919113384701088165e-01
9.918239749183463960e-01
9.917489744263910945e-01
9.916866249954686685e-01
9.916371509163797171e-01
9.916007136466099547e-01
9.915774128690895139e-01
9.915672877390767637e-01
9.915703183229542805e-01
9.915864272302866711e-01
9.916154814382834859e-01
9.916572943058060696e-01
9.917116277722104467e-01
9.917781947345815086e-01
9.918566615952507659e-01
9.919466509698551260e-01
9.920477445445831099e-01
9.921594860696523188e-01
9.922813844744953204e-01
9.924129170886205609e-01
9.925535329507181315e-01
9.927026561873402155e-01
9.928596894414591922e-01
9.930240173304474283e-01
9.931950099125630427e-01
9.933720261408947039e-01
9.935544172839243515e-01
9.937415302923906513e-01
9.939327110929596643e-01
9.941273077902831323e-01
9.943246737602966512e-01
9.945241706190260933e-01
9.947251710526758828e-01
9.949270614963021675e-01
9.951292446499100386e-01
9.953311418222979823e-01
9.955321950944112652e-01
9.957318692953374129e-01
9.959296537853974396e-01
9.961250640420661329e-01
9.963176430457147958e-01
9.965069624634299572e-01
9.966926236304464171e-01
9.968742583300533866e-01
9.970515293741984975e-01
9.972241309884247729e-01
9.973917890062223846e-01
9.975542608793316335e-01
9.977113355119711091e-01
9.978628329283414367e-01
9.980086037840177893e-01
9.981485287329502354e-01
9.982825176626665131e-01
9.984105088108845560e-01
9.985324677770288648e-01
9.986483864420756529e-01
9.987582818097138215e-01
9.988621947809924739e-01
9.989601888734731538e-01
9.990523488944521580e-01
9.991387795761617063e-01
9.992196041790918359e-01
9.992949630678211737e-01
9.993650122621449139e-01
9.994299219649707133e-01
9.994898750675466070e-01
9.995450656321963612e-01
9.995956973529378509e-01
9.996419819951776198e-01
9.996841378170959747e-01
9.997223879772917376e-01
9.997569589356239961e-01
9.997880788568116461e-01
