9.997974385265957498e-01
9.997679573256156305e-01
9.997352594024767614e-01
9.996991401170515212e-01
9.996593971604983420e-01
9.996158318517784913e-01
9.995682503815878084e-01
9.995164649930723400e-01
9.994602950923145990e-01
9.993995682850213003e-01
9.993341213389352884e-01
9.992638010740811927e-01
9.991884651849546328e-01
9.991079830001181605e-01
9.990222361853945410e-01
9.989311193969770963e-01
9.988345408904105716e-01
9.987324230906217126e-01
9.986247031271295871e-01
9.985113333373544231e-01
9.983922817396964078e-01
9.982675324768579550e-01
9.981370862288347912e-01
9.980009605941490003e-01
9.978591904372818844e-01
9.977118281999071137e-01
9.975589441734162843e-01
9.974006267303593409e-01
9.972369825127566090e-01
9.970681365757484427e-01
9.968942324856876480e-01
9.967154323725053722e-01
9.965319169369538654e-01
9.963438854140969081e-01
9.961515554951455576e-01
9.959551632103744723e-01
9.957549627763619959e-01
9.955512264111453513e-01
9.953442441210194058e-01
9.951343234626195411e-01
9.949217892835857668e-01
9.947069834444846048e-01
9.944902645237717609e-01
9.942720075064073182e-01
9.940526034553048840e-01
9.938324591631343408e-01
9.936119967801428920e-01
9.933916534116616903e-01
9.931718806768864427e-01
9.929531442184293955e-01
9.927359231501071690e-01
9.925207094285404263e-01
9.923080071324619222e-01
9.920983316322441459e-01
9.918922086311180442e-01
9.916901730589314790e-01
9.914927677991073329e-01
9.913005422297521685e-01
9.911140505606230722e-01
9.909338499488855589e-01
9.907604983782483110e-01
9.905945522881149934e-01
9.904365639417773703e-01
9.902870785253633512e-01
9.901466309721602688e-01
9.900157425100439834e-01
9.898949169329902542e-01
9.897846366010155661e-01
9.896853581763681573e-01
9.895975081073469237e-01
9.895214778747711826e-01
9.894576190198345333e-01
9.894062379758418180e-01
9.893675907300967243e-01
9.893418773459285998e-01
9.893292363784290666e-01
9.893297392207898167e-01
9.893433844210665074e-01
9.893700920115685582e-01
9.894096978947385379e-01
9.894619483301742013e-01
9.895264945672147539e-01
9.896028876661674412e-01
9.896905735487088185e-01
9.897888883142613725e-01
9.898970538542640751e-01
9.900141737903378480e-01
9.901392297555555722e-01
9.902710780305856719e-01
9.904084465386321368e-01
9.905499321951236613e-01
9.906939986002876175e-01
9.908389740553517067e-01
9.909830498764058415e-01
9.911242789741291359e-01
9.912605746628256886e-01
9.913897096586337110e-01
9.915093152244540686e-01
9.916168804181154650e-01
9.917097514005361880e-01
9.917851307621231571e-01
9.918400768282830127e-01
9.918715029086421220e-01
9.918761764592749497e-01
9.918507181328545252e-01
9.917916006980853627e-01
9.916951478170055179e-01
9.915575326767164244e-01
9.913747764808141794e-01
9.911427468152541609e-01
9.908571559136253315e-01
9.905135588578607431e-01
9.901073517623107945e-01
9.896337700018670303e-01
9.890878865584226132e-01
9.884646105743317701e-01
9.877586862165480541e-01
9.869646919705746813e-01
9.860770404989631643e-01
9.850899792144729439e-01
9.839975917327016264e-01
9.827938003825085200e-01
9.814723699643020938e-01
9.800269129556848924e-01
9.784508963704616757e-01
9.767376504800960868e-01
9.748803796058885807e-01
9.728721751850815114e-01
9.707060313045335898e-01
9.683748628814345949e-01
9.658715266517622355e-01
9.631888451039795074e-01
9.603196334680712543e-01
9.572567298388102719e-01
9.539930284775319791e-01
9.505215162991831335e-01
9.468353125115037683e-01
9.429277113314213921e-01
9.387922276606089911e-01
9.344226455581896573e-01
9.298130693042627737e-01
9.249579768037555771e-01
9.198522750365625278e-01
9.144913572175016325e-01
9.088711612887834246e-01
9.029882293289785977e-01
8.968397674264189101e-01
8.904237055321242433e-01
8.837387567783212550e-01
8.767844757239847686e-01
8.695613149691985289e-01
8.620706795660887378e-01
8.543149786461818884e-01
8.462976736827768631e-01
8.380233228127365042e-01
8.294976206552895359e-01
8.207274330862066591e-01
8.117208264540901608e-01
8.024870907613436133e-01
7.930367563753678573e-01
7.833816038850665020e-01
7.735346667731519688e-01
7.635102266350479727e-01
7.533238007393048274e-01
7.429921217911341635e-01
7.325331098285938758e-01
7.219658362487846315e-01
7.113104800277636475e-01
7.005882762615693871e-01
6.898214572156418090e-01
6.790331861251617251e-01
6.682474840387977455e-01
6.574891500426980340e-01
6.467836752402330580e-01
6.361571508962680088e-01
6.256361711830784600e-01
6.152477309891483115e-01
6.050191192729423850e-01
5.949778084621812901e-01
5.851513404162894672e-01
5.755672094863508725e-01
5.662527432239439218e-01
5.572349813082619896e-01
5.485405532802620776e-01
5.401955556933988323e-01
5.322254293125165958e-01
5.246548370153143459e-01
5.175075430736300053e-01
5.108062945137483712e-01
5.045727052748174568e-01
4.988271439010989461e-01
4.935886255158340452e-01
4.888747088307925370e-01
4.847013989449209248e-01
4.810830566769284111e-01
4.780323151593969255e-01
4.755600043955667822e-01
4.736750844440571484e-01
4.723845878515362529e-01
4.716935718990428184e-01
4.716050811648889729e-01
4.721201208366093693e-01
4.732376411272963823e-01
4.749545330688976774e-01
4.772656358678645239e-01
4.801637559181188841e-01
4.836396974737170451e-01
4.876823048900426061e-01
4.922785162487320898e-01
4.974134280887643200e-01
5.030703708749795222e-01
5.092309947464412900e-01
5.158753650009957337e-01
5.229820666898182813e-01
5.305283176170036974e-01
5.384900889650203748e-01
5.468422326975541647e-01
5.555586148276494551e-01
5.646122535817201804e-01
5.739754614398184795e-01
5.836199899903344868e-01
5.935171765039688463e-01
6.036380911083867318e-01
6.139536834322327774e-01
6.244349275861389437e-01
6.350529643596349860e-01
6.457792395371289018e-01
6.565856372735836555e-01
6.674446075214046648e-01
6.783292865640084823e-01
6.892136097881087498e-01
7.000724159150791825e-01
7.108815420105655258e-01
7.216179086994839453e-01
7.322595951288231042e-01
7.427859033413954926e-01
7.531774118477595481e-01
7.634160183087611573e-01
7.734849713653416670e-01
7.833688917732314350e-01
7.930537831158098738e-01
8.025270324768243313e-01
8.117774015540797361e-01
8.207950087840991671e-01
8.295713031248770353e-01
8.380990302082258481e-01
8.463721916241782051e-01
8.543859981371002554e-01
8.621368176565408215e-01
8.696221187956124643e-01
8.768404108464311619e-01
8.837911809865680590e-01
8.904748295036502004e-01
8.968926037883523383e-01
9.030465318004513575e-01
9.089393556598185375e-01
9.145744659557790701e-01
9.199558373057362681e-01
9.250879656289001662e-01
9.299758075348842912e-01
9.346247221612193901e-01
9.390404157297732590e-01
9.432288890307432005e-01
9.471963879852552948e-01
9.509493573843987857e-01
9.544943978542931307e-01
9.578382260538991222e-01
9.609876380749123870e-01
9.639494759812531344e-01
9.667305973992285084e-01
9.693378480481624759e-01
9.717780370847887150e-01
9.740579151225489118e-01
9.761841547786529460e-01
9.781633335968163978e-01
9.800019191914798311e-01
9.817062564595272489e-01
9.832825567075933471e-01
9.847368885465452859e-01
9.860751704092910463e-01
9.873031645533905110e-01
9.884264724157868498e-01
9.894505311931658387e-01
9.903806115278539490e-01
9.912218161857205834e-01
9.919790796192046178e-01
9.926571683153193604e-01
9.932606818352978095e-01
9.937940544593900638e-01
9.942615573571906840e-01
9.946673012106983514e-01
9.950152392240054766e-01
9.953091704599893452e-01
9.955527434504929385e-01
9.957494600321299405e-01
9.959026793648899645e-01
9.960156220950554529e-01
9.960913746274953073e-01
9.961328934751356723e-01
9.961430096553407498e-01
9.961244331041348987e-01
9.960797570797678135e-01
9.960114625272434852e-01
9.959219223752781014e-01
9.958134057369505410e-01
9.956880819852658160e-01
9.955480246751841067e-01
9.953952152845398915e-01
9.952315467478313193e-01
9.950588267591808922e-01
9.948787808238785946e-01
9.946930550417939498e-01
9.945032186104975080e-01
9.943107660410360760e-01
9.941171190847943873e-01
9.939236283755509271e-01
9.937315747965064228e-01
9.935421705875162601e-01
9.933565602128059391e-01
9.931758210139313148e-01
9.930009636765105840e-01
9.928329325422140528e-01
9.926726057995799435e-01
9.925207955883981192e-01
9.923782480527013616e-01
9.922456433768437334e-01
9.921235958378358255e-01
9.920126539051278280e-01
9.919133004165109346e-01
9.918259528558870386e-01
9.917509637554465796e-01
9.916886212414572910e-01
9.916391497394898558e-01
9.916027108516179966e-01
9.915794044149943698e-01
9.915692697482834106e-01
9.915722870897549779e-01
9.915883792284135856e-01
9.916174133273426561e-01
9.916592029364433847e-01
9.917135101899093863e-01
9.917800481820434610e-01
9.918584835133577027e-01
9.919484389972652583e-01
9.920494965160512324e-01
9.921612000132050690e-01
9.922830586076151205e-01
9.924145498136133225e-01
9.925551228494449152e-01
9.927042020154916990e-01
9.928611901225410374e-01
9.930254719496279803e-01
9.931964177105101488e-01
9.933733865077051250e-01
9.935557297532179311e-01
9.937427945356180903e-01
9.939339269139458866e-01
9.941284751200061276e-01
9.943257926518841439e-01
9.945252412429403943e-01
9.947261936920447356e-01
9.949280365423537331e-01
9.951301725974651680e-01
9.953320232652769217e-01
9.955330307213167140e-01
9.957326598846812926e-01
9.959304002010455070e-01
9.961257672284823395e-01
9.963183040230917387e-01
9.965075823226994256e-01
9.966932035281655944e-01
9.968747994831677062e-01
9.970520330546821519e-01
9.972245985178008754e-01
9.973922217499657794e-01
9.975546602411555774e-01
9.977117029280001548e-01
9.978631698611725165e-01
9.980089117166741630e-01
9.981488091627325199e-01
9.982827720949120076e-01
9.984107387526498512e-01
9.985326747307171624e-01
9.986485718990384397e-01
9.987584472438649774e-01
9.988623416424832202e-01
9.989603185824822429e-01
9.990524628351565850e-01
9.991388790909596640e-01
9.992196905631524073e-01
9.992950375640408112e-01
9.993650760565887525e-01
9.994299761828723261e-01
9.994899207699359245e-01
9.995451038132128208e-01
9.995957289378752941e-01
9.996420078392908026e-01
9.996841587051824574e-01
9.997224046240443807e-01
9.997569719867305249e-01
9.997880888907606511e-01
