9.997974952884790545e-01
9.997680222462170807e-01
9.997353332661093051e-01
9.996992237240052148e-01
9.996594913191098053e-01
9.996159373698744188e-01
9.995683680574711794e-01
9.995165956062369572e-01
9.994604393940887954e-01
9.993997269893468705e-01
9.993342951134854824e-01
9.992639905319128379e-01
9.991886708768736858e-01
9.991082054079150065e-01
9.990224757160773850e-01
9.989313763780994782e-01
9.988348155665549566e-01
9.987327156210649148e-01
9.986250135846798104e-01
9.985116617083168444e-01
9.983926279248921398e-01
9.982678962935952471e-01
9.981374674137099001e-01
9.980013588065357322e-01
9.978596052633581515e-01
9.977122591570627419e-01
9.975593907148844197e-01
9.974010882499189101e-01
9.972374583493627265e-01
9.970686260179600913e-01
9.968947347757776134e-01
9.967159467101569525e-01
9.965324424824656413e-01
9.963444212910412823e-01
9.961521007924440951e-01
9.959557169837757185e-01
9.957555240493278781e-01
9.955517941751685917e-01
9.953448173354143558e-01
9.951349010538425022e-01
9.949223701441539669e-01
9.947075664315754295e-01
9.944908484575892826e-01
9.942725911684112683e-01
9.940531855863969923e-01
9.938330384618994096e-01
9.936125719012370849e-01
9.933922229644353008e-01
9.931724432243224099e-01
9.929536982764682884e-01
9.927364671874198132e-01
9.925212418667992420e-01
9.923085263471507211e-01
9.920988359540355850e-01
9.918926963478411629e-01
9.916906424181408664e-01
9.914932170112632503e-01
9.913009694720137377e-01
9.911144539812589693e-01
9.909342276723034360e-01
9.907608485106513818e-01
9.905948729237957773e-01
9.904368531700689093e-01
9.902873344382749909e-01
9.901468516727365277e-01
9.900159261214935835e-01
9.898950616086426013e-01
9.897847405351710703e-01
9.896854196161105621e-01
9.895975253653882531e-01
9.895214493433932557e-01
9.894575431859808923e-01
9.894061134373901556e-01
9.893674162133175853e-01
9.893416517240979369e-01
9.893289586915179346e-01
9.893294086961051947e-01
9.893430004946598411e-01
9.893696543501714347e-01
9.894092064179244028e-01
9.894614032323879593e-01
9.895258963392606910e-01
9.896022371156983910e-01
9.896898718192265187e-01
9.897881369021148679e-01
9.898962546231249160e-01
9.900133289826406058e-01
9.901383420004173930e-01
9.902701503477685518e-01
9.904074823381758819e-01
9.905489352723656493e-01
9.906929731260925021e-01
9.908379245615016595e-01
9.909819812362414826e-01
9.911231963786888421e-01
9.912594835928932868e-01
9.913886158532726478e-01
9.915082246467691318e-01
9.916157992191342307e-01
9.917086858822407036e-01
9.917840873407657298e-01
9.918390619992012436e-01
9.918705232138198546e-01
9.918752384588915838e-01
9.918498283820097461e-01
9.917907657297869717e-01
9.916943741323611672e-01
9.915568267430844296e-01
9.913741447384483152e-01
9.911421956927309873e-01
9.908566918520804734e-01
9.905131883437946483e-01
9.901070813684628158e-01
9.896336064354123163e-01
9.890878367155272466e-01
9.884646815999167391e-01
9.877588855679665381e-01
9.869650274838037696e-01
9.860775204558548390e-01
9.850906124095899496e-01
9.839983875382951606e-01
9.827947688102480761e-01
9.814735217224621611e-01
9.800282595006000186e-01
9.784524499511846329e-01
9.767394241753214468e-01
9.748823873523262407e-01
9.728744317965791755e-01
9.707085524813423572e-01
9.683776652090904102e-01
9.658746275891108013e-01
9.631922629599046770e-01
9.603233873665064646e-01
9.572608396716121293e-01
9.539975148447914499e-01
9.505264004365502339e-01
9.468406162041077545e-01
9.429334568139970951e-01
9.387984375034971185e-01
9.344293425389669228e-01
9.298202762648862807e-01
9.249657164932740816e-01
9.198605699396545932e-01
9.145002293693380579e-01
9.088806320769819980e-01
9.029983192837046646e-01
8.968504959999762383e-01
8.904350908696727629e-01
8.837508154816339223e-01
8.767972226104033817e-01
8.695747628281689234e-01
8.620848389158320968e-01
8.543298574931924572e-01
8.463132772869248477e-01
8.380396534607911230e-01
8.295146774456778616e-01
8.207452117277713732e-01
8.117393190815183068e-01
8.025062857698174179e-01
7.930566382768221567e-01
7.834021531882480183e-01
7.735558598894508586e-01
7.635320358118230510e-01
7.533461940221424236e-01
7.430150630161815872e-01
7.325565586457762901e-01
7.219897481763635216e-01
7.113348065383311436e-01
7.006129648991830106e-01
6.898464517434195198e-01
6.790584267022594656e-01
6.682729074253208612e-01
6.575146898307282495e-01
6.468092621088405991e-01
6.361827128881005766e-01
6.256616339999022669e-01
6.152730183035928224e-01
6.050441530536443402e-01
5.950025093095836493e-01
5.851756279064930233e-01
5.755910025206785186e-01
5.662759603822201671e-01
5.572575412042426457e-01
5.485623749181467446e-01
5.402165588248842854e-01
5.322455347943910731e-01
5.246739671681066586e-01
5.175256220422650433e-01
5.108232486315114063e-01
5.045884634321262663e-01
4.988416379206190854e-01
4.936017905353122792e-01
4.888864836946222869e-01
4.847117266048676099e-01
4.810918846016758454e-01
4.780395957516165861e-01
4.755656954141147530e-01
4.736791494277056147e-01
4.723869965394180692e-01
4.716943006417607664e-01
4.716041133191167800e-01
4.721174471350368940e-01
4.732332600149962154e-01
4.749484509966958035e-01
4.772578675331248244e-01
4.801543244434814950e-01
4.836286345148689270e-01
4.876696506644571105e-01
4.922643194785241150e-01
4.973977458523323181e-01
5.030532683638828662e-01
5.092125449259274905e-01
5.158556481747293976e-01
5.229611699715128736e-01
5.305063343138403109e-01
5.384671178797881819e-01
5.468183773583837892e-01
5.555339826558922667e-01
5.645869550099600342e-01
5.739496089931230838e-01
5.835936973446109732e-01
5.934905575357452001e-01
6.036112589503739301e-01
6.139267495487691351e-01
6.244080008820009908e-01
6.350261503348153536e-01
6.457526394990109608e-01
6.565593476165842990e-01
6.674187190826206262e-01
6.783038840617375831e-01
6.891887713484063926e-01
7.000482126897469293e-01
7.108580378882545237e-01
7.215951601099205304e-01
7.322376509385928323e-01
7.427648048382770041e-01
7.531571928092892776e-01
7.633967051495811340e-01
7.734665833569137616e-01
7.833514413287259170e-01
7.930372761323769559e-01
8.025114687270407110e-01
8.117627751181287765e-01
8.207813085141620890e-01
8.295585131332959827e-01
8.380871303712180698e-01
8.463611580932351997e-01
8.543758038506539254e-01
8.621274328450385660e-01
8.696135114737695293e-01
8.768325472871145720e-01
8.837840261715004253e-01
8.904683475468719855e-01
8.968867583291523227e-01
9.030412863632226728e-01
9.089346739790447050e-01
9.145703122650482575e-01
9.199521765903480031e-01
9.250847638422341479e-01
9.299730317792478385e-01
9.346223408343791172e-01
9.390383986387957904e-01
9.432272074751240076e-01
9.471950148116081714e-01
9.509482670152022976e-01
9.544935662933599074e-01
9.578376308713425491e-01
9.609872583744415442e-01
9.639492923526304935e-01
9.667305918586799329e-01
9.693380039694426964e-01
9.717783391234700030e-01
9.740583491359341428e-01
9.761847077435070741e-01
9.781639935268749975e-01
9.800026750564363454e-01
9.817070981069208058e-01
9.832834747887329030e-01
9.847378744473153089e-01
9.860762161864017328e-01
9.873042628763650796e-01
9.884276165147333204e-01
9.894517148121636518e-01
9.903818288836052641e-01
9.912230619309748691e-01
9.919803488103622335e-01
9.926584563835657571e-01
9.932619845605969999e-01
9.937953679466863255e-01
9.942628780142152012e-01
9.946686257268528841e-01
9.950165645498874056e-01
9.953104937872276903e-01
9.955540621916751931e-01
9.957507718007079234e-01
9.959039819550556949e-01
9.960169134616685405e-01
9.960926528662197299e-01
9.961341568030017690e-01
9.961442563919915560e-01
9.961256616540332676e-01
9.960809659156463214e-01
9.960126501750651284e-01
9.959230874009452616e-01
9.958145467349602820e-01
9.956891975694591723e-01
9.955491134716801804e-01
9.953962759268899507e-01
9.952325778743713602e-01
9.950598270125070588e-01
9.948797488523275501e-01
9.946939895027703260e-01
9.945041181754654680e-01
9.943116294019723744e-01
9.941179449618914310e-01
9.939244155259553404e-01
9.937323220238827304e-01
9.935428767522305193e-01
9.933572242425307008e-01
9.931764419144794021e-01
9.930015405427081721e-01
9.928334645686245352e-01
9.926730922908832966e-01
9.925212359692326958e-01
9.923786418767615025e-01
9.922459903350311361e-01
9.921238957652587231e-01
9.920129067867531347e-01
9.919135063912914996e-01
9.918261122192105761e-01
9.917510769597939202e-01
9.916886888952003432e-01
9.916391726038173982e-01
9.916026898356327113e-01
9.915793405690884743e-01
9.915691642559554264e-01
9.915721412580835725e-01
9.915881944774452839e-01
9.916171911786785254e-01
9.916589450013272300e-01
9.917132181571146621e-01
9.917797238058441156e-01
9.918581286018367527e-01
9.919480554011744777e-01
9.920490861183874909e-01
9.921607647196160062e-01
9.922826003376936654e-01
9.924140704930889401e-01
9.925546244032374954e-01
9.927036863615542606e-01
9.928606591663933223e-01
9.930249275794650332e-01
9.931958617927643118e-01
9.933728208829418760e-01
9.935551562322583186e-01
9.937422148957961721e-01
9.939333428954294503e-01
9.941278884221342871e-01
9.943252049294952766e-01
9.945246541026865339e-01
9.947256086887069637e-01
9.949274551751855489e-01
9.951295963066036920e-01
9.953314534282657888e-01
9.955324686497863951e-01
9.957321068212304782e-01
9.959298573163628543e-01
9.961252356187401125e-01
9.963177847076337690e-01
9.965070762420391581e-01
9.966927115422996586e-01
9.968743223702050127e-01
9.970515715097812981e-01
9.972241531524079772e-01
9.973917930913424046e-01
9.975542487321868990e-01
9.977113089272806601e-01
9.978627936433670520e-01
9.980085534731617525e-01
9.981484690025471673e-01
9.982824500459995809e-01
9.984104347634679133e-01
9.985323886722081710e-01
9.986483035670100650e-01
9.987581963618090697e-01
9.988621078648631801e-01
9.989601014985126648e-01
9.990522619730879406e-01
9.991386939228688036e-01
9.992195205102279987e-01
9.992948820023314083e-01
9.993649343231690851e-01
9.994298475823637506e-01
9.994898045812993237e-01
9.995449992967226915e-01
9.995956353421652230e-01
9.996419244083585287e-01
9.996840846852348417e-01
9.997223392700633759e-01
9.997569145686471259e-01
9.997880386991317980e-01
