9.997974852738836793e-01
9.997680115814656654e-01
9.997353220305832400e-01
9.996992120243481939e-01
9.996594792914280658e-01
9.996159251816006952e-01
9.995683559088240910e-01
9.995165837312202095e-01
9.994604280609831193e-01
9.993997165006626160e-01
9.993342858053577693e-01
9.992639827729389301e-01
9.991886650664053571e-01
9.991082019738364295e-01
9.990224751121121738e-01
9.989313790807031745e-01
9.988348220714602377e-01
9.987327264395531312e-01
9.986250292396593453e-01
9.985116827302900067e-01
9.983926548478910812e-01
9.982679296511660638e-01
9.981375077350165270e-01
9.980014066126476902e-01
9.978596610637798792e-01
9.977123234465474777e-01
9.975594639705673838e-01
9.974011709287913252e-01
9.972375508860991111e-01
9.970687288230964951e-01
9.968948482342325779e-01
9.967160711800734374e-01
9.965325782943480482e-01
9.963445687471514933e-01
9.961522601664183352e-01
9.959558885204173873e-01
9.957557079645318332e-01
9.955519906559298082e-01
9.953450265398742225e-01
9.951351231113304552e-01
9.949226051551812722e-01
9.947078144677460321e-01
9.944911095613946372e-01
9.942728653528833949e-01
9.940534728345998827e-01
9.938333387262453522e-01
9.936128851026193587e-01
9.933925489911786810e-01
9.931727819309537075e-01
9.929540494823185792e-01
9.927368306750716798e-01
9.925216173803965702e-01
9.923089135905912572e-01
9.920992345890666808e-01
9.918931059920813587e-01
9.916910626430478493e-01
9.914936473400683958e-01
9.913014093776411073e-01
9.911149028842449749e-01
9.909346849387307143e-01
9.907613134501075391e-01
9.905953447873656614e-01
9.904373311483687381e-01
9.902878176595315551e-01
9.901473392009197960e-01
9.900164169545079274e-01
9.898955546765864089e-01
9.897852346986776295e-01
9.896859136647894184e-01
9.895980180163922446e-01
9.895219392401468639e-01
9.894580288971132065e-01
9.894065934559280739e-01
9.893678889562036449e-01
9.893421155321087124e-01
9.893294118296662720e-01
9.893298493546167638e-01
9.893434267906178192e-01
9.893700643299218056e-01
9.894095980603336837e-01
9.894617744530311843e-01
9.895262449956075956e-01
9.896025610133459827e-01
9.896901687192012353e-01
9.897884045292404398e-01
9.898964906754204041e-01
9.900135311416747852e-01
9.901385079425110147e-01
9.902702777558919367e-01
9.904075689143528871e-01
9.905489787503545251e-01
9.906929712840769620e-01
9.908378752344940699e-01
9.909818823278763178e-01
9.911230458720624581e-01
9.912592795601025131e-01
9.913883564633043655e-01
9.915079081714109899e-01
9.916154240366059636e-01
9.917082504782871455e-01
9.917835903070121306e-01
9.918385020286379916e-01
9.918698990933655368e-01
9.918745490590714642e-01
9.918490726438801142e-01
9.917899426493326231e-01
9.916934827426843180e-01
9.915558660947945135e-01
9.913731138787374997e-01
9.911410936436871877e-01
9.908555175888383859e-01
9.905119407731552972e-01
9.901057593086285413e-01
9.896322085974723626e-01
9.890863616873069031e-01
9.884631278327581372e-01
9.877572513669514720e-01
9.869633110018608546e-01
9.860757196921090539e-01
9.850887252122350057e-01
9.839964116121766580e-01
9.827927017292641398e-01
9.814713609468064259e-01
9.800260023987990010e-01
9.784500938268168024e-01
9.767369662982499090e-01
9.748798249942350891e-01
9.728717622705663759e-01
9.707057731853011573e-01
9.683747736725886179e-01
9.658716215234685043e-01
9.631891403111580985e-01
9.603201463709347685e-01
9.572574789134913331e-01
9.539940333160167318e-01
9.505227975977443844e-01
9.468368920467952199e-01
9.429296119233796514e-01
9.387944731213145877e-01
9.344252606258700578e-01
9.298160795616833285e-01
9.249614085803538055e-01
9.198561552938256947e-01
9.144957134172752022e-01
9.088760212444273456e-01
9.029936210395426155e-01
8.968457188942937641e-01
8.904302445649215914e-01
8.837459107760384791e-01
8.767922714528078032e-01
8.695697783235787348e-01
8.620798353209930820e-01
8.543248502016401735e-01
8.463082828030581428e-01
8.380346893626359206e-01
8.295097623361382677e-01
8.207403651742981587e-01
8.117345615442603801e-01
8.025016385184592371e-01
7.930521232964458100e-01
7.833977930746900409e-01
7.735516777347597461e-01
7.635280550805421118e-01
7.533424384192710654e-01
7.430115563477662777e-01
7.325533246732025550e-01
7.219868104654922902e-01
7.113321883047130090e-01
7.006106888506387076e-01
6.898445399213137819e-01
6.790569003228215106e-01
6.682717867223562092e-01
6.575139939010383738e-01
6.468090087616119588e-01
6.361829184994441944e-01
6.256623133736100018e-01
6.152741845390606867e-01
6.050458174217492324e-01
5.950046811371456634e-01
5.851783144697888517e-01
5.755942089482941615e-01
5.662796895673900543e-01
5.572617937266735044e-01
5.485671489752268482e-01
5.402218501721035571e-01
5.322513366947898561e-01
5.246802703505858423e-01
5.175324146686823834e-01
5.108305162726245463e-01
5.045961890526264870e-01
4.988498018737287376e-01
4.936103705676752051e-01
4.888954549624859869e-01
4.847210617028293589e-01
4.811015536055122110e-01
4.780495662769231879e-01
4.755759326926346509e-01
4.736896164032879941e-01
4.723976539855386791e-01
4.717051073023955654e-01
4.716150260745288758e-01
4.721284211936885855e-01
4.732442491323309852e-01
4.749594077209902121e-01
4.772687434779574467e-01
4.801650705856760348e-01
4.836392015160229096e-01
4.876799892134180414e-01
4.922743806514442433e-01
4.974074814862419203e-01
5.030626314391171139e-01
5.092214899522247151e-01
5.158641315754248780e-01
5.229691504600002538e-01
5.305137732563711683e-01
5.384739796387154609e-01
5.468246296101724191e-01
5.555395966785636741e-01
5.645919059351323099e-01
5.739538760184130783e-01
5.835972639028936815e-01
5.934934114185431708e-01
6.036133923835205195e-01
6.139281592193661652e-01
6.244086879165788861e-01
6.350261202294942287e-01
6.457519020032782553e-01
6.565579165731045830e-01
6.674166122261737666e-01
6.783011227810102906e-01
6.891853804148735385e-01
7.000442199582763703e-01
7.108534739743801456e-01
7.215900580489045257e-01
7.322320458314857117e-01
7.427587334901529781e-01
7.531506933647222901e-01
7.633898167302195503e-01
7.734593457057340471e-01
7.833438944651915925e-01
7.930294600223385393e-01
8.025034229707717071e-01
8.117545386594097190e-01
8.207729193728481309e-01
8.295500081632919409e-01
8.380785450452987728e-01
8.463525263156439493e-01
8.543671577979594645e-01
8.621188028352715360e-01
8.696049258634529489e-01
8.768240323954238358e-01
8.837756062304507054e-01
8.904600446761411492e-01
8.968785925338947917e-01
9.030332755530363631e-01
9.089268340060883133e-01
9.145626569792083549e-01
9.199447179092803406e-01
9.250775118340809344e-01
9.299659947558448492e-01
9.346155254528116796e-01
9.390318100092349685e-01
9.432208492729776683e-01
9.471888893921416308e-01
9.509423755289238001e-01
9.544879088006202883e-01
9.578322064547613035e-01
9.609820652479486025e-01
9.639443279660839803e-01
9.667258529972041492e-01
9.693334868468077570e-01
9.717740394690078665e-01
9.740542622746571899e-01
9.761808286692538195e-01
9.781603169684580656e-01
9.799991955369009577e-01
9.817038099961437059e-01
9.832803723496914561e-01
9.847349518764385579e-01
9.860734676484768091e-01
9.873016825345125591e-01
9.884251985559874276e-01
9.894494534691909982e-01
9.903797184530834796e-01
9.912210967891177393e-01
9.919785234260384277e-01
9.926567653294010585e-01
9.932604225223968797e-01
9.937939297314506426e-01
9.942615585569599679e-01
9.946674200963949719e-01
9.950154679536987734e-01
9.953095015754199748e-01
9.955531698601411961e-01
9.957499749934203281e-01
9.959032764655053604e-01
9.960162952334171704e-01
9.960921179925414926e-01
9.961337015255966598e-01
9.961438770987621760e-01
9.961253548759392284e-01
9.960807283226659203e-01
9.960124785713163620e-01
9.959229787190396754e-01
9.958144980296802506e-01
9.956892060108676334e-01
9.955491763377831704e-01
9.953963905959816172e-01
9.952327418171934559e-01
9.950600377843569211e-01
9.948800040852416871e-01
9.946942868979036234e-01
9.945044554957748195e-01
9.943120044653008804e-01
9.941183556345347672e-01
9.939248597167794630e-01
9.937327976790484296e-01
9.935433818505673420e-01
9.933577567915957696e-01
9.931769999473233357e-01
9.930021221153667588e-01
9.928340677583450402e-01
9.926737151950900673e-01
9.925218767052261803e-01
9.923792985821395796e-01
9.922466611688093296e-01
9.921245789096556633e-01
9.920136004495930804e-01
9.919142088089624165e-01
9.918268216600999443e-01
9.917517917281117867e-01
9.916894073350843719e-01
9.916398931036048969e-01
9.916034108321799545e-01
9.915800605520124211e-01
9.915698817716778191e-01
9.915728549135657266e-01
9.915889029435145385e-01
9.916178931928638640e-01
9.916596393701441192e-01
9.917139037577614724e-01
9.917803995872959133e-01
9.918587935853453441e-01
9.919487086802064590e-01
9.920497268580490413e-01
9.921613921556269311e-01
9.922832137749842962e-01
9.924146693040994949e-01
9.925552080259963939e-01
9.927042542976118877e-01
9.928612109786805195e-01
9.930254628901319380e-01
9.931963802810488406e-01
9.933733222831011567e-01
9.935556403315854990e-01
9.937426815327330409e-01
9.939337919577767577e-01
9.941283198453499947e-01
9.943256186950693021e-01
9.945250502365723388e-01
9.947259872597911112e-01
9.949278162937749137e-01
9.951299401229105612e-01
9.953317801308751989e-01
9.955327784640908284e-01
9.957324000078227044e-01
9.959301341693791443e-01
9.961254964641497178e-01
9.963180299014740005e-01
9.965073061685953970e-01
9.966929266122332987e-01
9.968745230186291106e-01
9.970517581942890395e-01
9.972243263510524036e-01
9.973919533005689564e-01
9.975543964647188844e-01
9.977114447099544314e-01
9.978629180149163336e-01
9.980086669819493439e-01
9.981485722042413578e-01
9.982825435011971615e-01
9.984105190352656756e-01
9.985324643237288855e-01
9.986483711588919343e-01
9.987582564496733095e-01
9.988621609967773818e-01
9.989601482124733645e-01
9.990523027945491519e-01
9.991387293623485988e-01
9.992195510610250020e-01
9.992949081383897258e-01
9.993649564971255339e-01
9.994298662238129127e-01
9.994898200953097334e-01
9.995450120626312440e-01
9.995956457126742301e-01
9.996419327089492990e-01
9.996840912139083324e-01
9.997223442974064733e-01
9.997569183382175595e-01
9.997880414281433703e-01
