9.997974397865766472e-01
9.997679582249880958e-01
9.997352598063793394e-01
9.996991398691349451e-01
9.996593960819785130e-01
9.996158297407782278e-01
9.995682470128028907e-01
9.995164601177892738e-01
9.994602884387995267e-01
9.993995595592892744e-01
9.993341102258979092e-01
9.992637872390610632e-01
9.991884482755443164e-01
9.991079626483529985e-01
9.990222120101982517e-01
9.989310910068339711e-01
9.988345078862120863e-01
9.987323850686328219e-01
9.986246596820164134e-01
9.985112840652193844e-01
9.983922262410642734e-01
9.982674703595648680e-01
9.981370171107746270e-01
9.980008841058393143e-01
9.978591062242190279e-01
9.977117359246868711e-01
9.975588435176070412e-01
9.974005173961199011e-01
9.972368642242008807e-01
9.970680090800647655e-01
9.968940955540287474e-01
9.967152858006690375e-01
9.965317605458795525e-01
9.963437190502069107e-01
9.961513790305632776e-01
9.959549765430496526e-01
9.957547658301389992e-01
9.955510191358044603e-01
9.953440264923218983e-01
9.951340954823861829e-01
9.949215509798314816e-01
9.947067348716320812e-01
9.944900057629606493e-01
9.942717386659107870e-01
9.940523246710623040e-01
9.938321705994026534e-01
9.936116986302658827e-01
9.933913458989512835e-01
9.931715640556074698e-01
9.929528187748749568e-01
9.927355892037502683e-01
9.925203673332452237e-01
9.923076572777371762e-01
9.920979744445191928e-01
9.918918445750257717e-01
9.916898026385780884e-01
9.914923915593152337e-01
9.913001607572583529e-01
9.911136644852219790e-01
9.909334599445019931e-01
9.907601051639322032e-01
9.905941566289455658e-01
9.904361666496702687e-01
9.902866804597691974e-01
9.901462330406465284e-01
9.900153456687478259e-01
9.898945221869290823e-01
9.897842450042392271e-01
9.896849708319315209e-01
9.895971261670790664e-01
9.895211025388097603e-01
9.894572515358931453e-01
9.894058796381689502e-01
9.893672428780823092e-01
9.893415413623123378e-01
9.893289136870605516e-01
9.893294312838919469e-01
9.893430927359546656e-01
9.893698181067853703e-01
9.894094433255691268e-01
9.894617146735191771e-01
9.895262834158122800e-01
9.896027006221710387e-01
9.896904122166479967e-01
9.897887542934327154e-01
9.898969487306247261e-01
9.900140991279953173e-01
9.901391870879734380e-01
9.902710688516489501e-01
9.904084722937357421e-01
9.905499942724709239e-01
9.906940983225966946e-01
9.908391126721843856e-01
9.909832285573363375e-01
9.911244988029694891e-01
9.912608366331191467e-01
9.913900146706081662e-01
9.915096640836076336e-01
9.916172738355697458e-01
9.917101899952563970e-01
9.917856150650535829e-01
9.918406072883955149e-01
9.918720799008354794e-01
9.918768002940029360e-01
9.918513890672994160e-01
9.917923189486351765e-01
9.916959135727368979e-01
9.915583461135387688e-01
9.913756377758893290e-01
9.911436561612790852e-01
9.908581135325466027e-01
9.905145650135853685e-01
9.901084067719875259e-01
9.896348742453322522e-01
9.890890404854374429e-01
9.884658147092801883e-01
9.877599411603148472e-01
9.869659983993823715e-01
9.860783991600039489e-01
9.850913909182354988e-01
9.839990573419546971e-01
9.827953207979598371e-01
9.814739461070061122e-01
9.800285457463212557e-01
9.784525867056459436e-01
9.767393992059211216e-01
9.748821874889194161e-01
9.728740428810499496e-01
9.707079593249933192e-01
9.683768515586486103e-01
9.658735761021048916e-01
9.631909551901410849e-01
9.603218037603649115e-01
9.572589595758883574e-01
9.539953165268342250e-01
9.505238611174580132e-01
9.468377121057641732e-01
9.429301632207216510e-01
9.387947288390601219e-01
9.344251924596594927e-01
9.298156577692362479e-01
9.249606020488601033e-01
9.198549316272845999e-01
9.144940390446403278e-01
9.088738615491888106e-01
9.029909405111257170e-01
8.968424813013503583e-01
8.904264131502664936e-01
8.837414484726429098e-01
8.767871411199090748e-01
8.695639430016244287e-01
8.620732585037960138e-01
8.543174961238204634e-01
8.463001167405488356e-01
8.380256779437892378e-01
8.294998738607469724e-01
8.207295699376655485e-01
8.117228321633171984e-01
8.024889502568206545e-01
7.930384543852366797e-01
7.833831250259467582e-01
7.735359956442240392e-01
7.635113479167231487e-01
7.533246992957356447e-01
7.429927827757634162e-01
7.325335187918968760e-01
7.219659792473132054e-01
7.113103437335820400e-01
7.005878480711587031e-01
6.898207253573485076e-01
6.790321397642817836e-01
6.682461133794217467e-01
6.574874464254876205e-01
6.467816312353587005e-01
6.361547603908237480e-01
6.256334294623582259e-01
6.152446348112872165e-01
6.050156669365129858e-01
5.949739998664475005e-01
5.851471771139250544e-01
5.755626947285091832e-01
5.662478819976649591e-01
5.572297803662471516e-01
5.485350211630986017e-01
5.401897027443085531e-01
5.322192676847077308e-01
5.246483806719408616e-01
5.175008077803027184e-01
5.107992978234172643e-01
5.045654665047388798e-01
4.988196841014280736e-01
4.935809674292643834e-01
4.888668768425011857e-01
4.846934190219542860e-01
4.810749562960653369e-01
4.780241232224655690e-01
4.755517511311763146e-01
4.736668012947564677e-01
4.723763073455242711e-01
4.716853275057333317e-01
4.715969071338861340e-01
4.721120520199576509e-01
4.732297127852529428e-01
4.749467806598840491e-01
4.772580948237244991e-01
4.801564614062685532e-01
4.836326841482656569e-01
4.876756066344153373e-01
4.922721659127450300e-01
4.974074572234882252e-01
5.030648094690213235e-01
5.092258709674837291e-01
5.158707049465864891e-01
5.229778941513911761e-01
5.305246538610697282e-01
5.384869525352511399e-01
5.468396392412242513e-01
5.555565769495127704e-01
5.646107807279522328e-01
5.739745598141263727e-01
5.836196625037703978e-01
5.935174227593722485e-01
6.036389074197563431e-01
6.139550628787004971e-01
6.244368600996133001e-01
6.350554368446087450e-01
6.457822360205982548e-01
6.565891390825685514e-01
6.674485934851435154e-01
6.783337332375583006e-01
6.892184916938478567e-01
7.000777057983955665e-01
7.108872111059488796e-01
7.216239270032024367e-01
7.322659316744162261e-01
7.427925264743417966e-01
7.531842894958533652e-01
7.634231182449636721e-01
7.734922614601564828e-01
7.833763402339604109e-01
7.930613587103902962e-01
8.025347047403068590e-01
8.117851409761747128e-01
8.208027869765931461e-01
8.295790929680906256e-01
8.381068059760340416e-01
8.463799290874651771e-01
8.543936746458331566e-01
8.621444122009389588e-01
8.696296120471611601e-01
8.768477851797140676e-01
8.837984204830966473e-01
8.904819199390332507e-01
8.968995326042814575e-01
9.030532880630711690e-01
9.089459300061195623e-01
9.145808505296809665e-01
9.199620256855326472e-01
9.250939527477138880e-01
9.299815895957335155e-01
9.346302965482267133e-01
9.390457809169640013e-01
9.432340444897777676e-01
9.472013340933270742e-01
9.509540953334076896e-01
9.544989295622754444e-01
9.578425540795627580e-01
9.609917655359933031e-01
9.639534064772734556e-01
9.667343349391073204e-01
9.693413969830031451e-01
9.717814020460455726e-01
9.740611009656614527e-01
9.761871665321352198e-01
9.781661764166905693e-01
9.800045983208646172e-01
9.817087771931218843e-01
9.832849243607414413e-01
9.847391084285210816e-01
9.860772478004262709e-01
9.873051046856414770e-01
9.884282804563453428e-01
9.894522122307256584e-01
9.903821705611681736e-01
9.912232581141129373e-01
9.919804092347364044e-01
9.926583902963520556e-01
9.932618007412353789e-01
9.937950747264256979e-01
9.942624832949243929e-01
9.946681369995282740e-01
9.950159889132271784e-01
9.953098379665631379e-01
9.955533325584609017e-01
9.957499743926758740e-01
9.959031224970444907e-01
9.960159973870490457e-01
9.960916853387591363e-01
9.961331427389427118e-01
9.961432004820707231e-01
9.961245683851313037e-01
9.960798395917442871e-01
9.960114949371833282e-01
9.959219072457575761e-01
9.958133455318057825e-01
9.956879790755169823e-01
9.955478813451218434e-01
9.953950337378789648e-01
9.952313291138363827e-01
9.950585750986714606e-01
9.948784971350275175e-01
9.946927412656404455e-01
9.945028766361064809e-01
9.943103977102459856e-01
9.941167261965041524e-01
9.939232126895108932e-01
9.937311380365858593e-01
9.935417144444298465e-01
9.933560863462902457e-01
9.931753310543692814e-01
9.930004592260091023e-01
9.928324151751454218e-01
9.926720770626031864e-01
9.925202569999839186e-01
9.923777011021883698e-01
9.922450895230624512e-01
9.921230365073432367e-01
9.920120904901027492e-01
9.919127342723698115e-01
9.918253852986842478e-01
9.917503960591343981e-01
9.916880546350798076e-01
9.916385854043939796e-01
9.916021499187607224e-01
9.915788479624255691e-01
9.915687187988759810e-01
9.915717426092471865e-01
9.915878421238171203e-01
9.916168844457544651e-01
9.916586830642876160e-01
9.917130000526181988e-01
9.917795484441696008e-01
9.918579947790995277e-01
9.919479618113704600e-01
9.920490313650555114e-01
9.921607473269552502e-01
9.922826187610214177e-01
9.924141231285744658e-01
9.925547095968902944e-01
9.927038024174906772e-01
9.928608043544341344e-01
9.930251001421424029e-01
9.931960599518312449e-01
9.933730428454824457e-01
9.935554001964942428e-01
9.937424790566760091e-01
9.939336254500741319e-01
9.941281875751906139e-01
9.943255188984352344e-01
9.945249811230675308e-01
9.947259470193918762e-01
9.949278031035080350e-01
9.951299521534509029e-01
9.953318155530452849e-01
9.955328354552386294e-01
9.957324767580498781e-01
9.959302288875918618e-01
9.961256073839069858e-01
9.963181552866124946e-01
9.965074443186145992e-01
9.966930758674338309e-01
9.968746817650004921e-01
9.970519248681501967e-01
9.972244994434537047e-01
9.973921313614626527e-01
9.975545781069098394e-01
9.977116286128359102e-01
9.978631029279945164e-01
9.980088517281497928e-01
9.981487556829850005e-01
9.982827246912211461e-01
9.984106969971564549e-01
9.985326382021220137e-01
9.986485401842883913e-01
9.987584199398112927e-01
9.988623183574982800e-01
9.989602989380154119e-01
9.990524464672110305e-01
9.991388656514661459e-01
9.992196797212200554e-01
9.992950290070607977e-01
9.993650694911702104e-01
9.994299713355913051e-01
9.994899173878809551e-01
9.995451016643145392e-01
9.995957278110129129e-01
9.996420075441717623e-01
9.996841590719998116e-01
9.997224055029197975e-01
9.997569732469568926e-01
9.997880904198648278e-01
