9.997974606862587432e-01
9.997679803281773747e-01
9.997352828926358015e-01
9.996991636494362288e-01
9.996594201927112566e-01
9.996158537384457476e-01
9.995682703696259219e-01
9.995164822183603137e-01
9.994603085779270035e-01
9.993995769411415653e-01
9.993341239645230356e-01
9.992637963603218099e-01
9.991884517204711047e-01
9.991079592778764340e-01
9.990222006111880715e-01
9.989310702993348112e-01
9.988344765317376250e-01
9.987323416793508768e-01
9.986246028306429157e-01
9.985112122954212799e-01
9.983921380781688448e-01
9.982673643213718639e-01
9.981368917182749101e-01
9.980007378936578410e-01
9.978589377506158486e-01
9.977115437809755960e-01
9.975586263368730888e-01
9.974002738611488228e-01
9.972365930745582530e-01
9.970677091182947871e-01
9.968937656509681000e-01
9.967149248998993238e-01
9.965313676673634991e-01
9.963432932931762798e-01
9.961509195757407564e-01
9.959544826543050844e-01
9.957542368556847601e-01
9.955504545090446689e-01
9.953434257324708101e-01
9.951334581949687896e-01
9.949208768571774497e-01
9.947060236934627264e-01
9.944892573971617633e-01
9.942709530695696962e-01
9.940515018918345547e-01
9.938313107772593913e-01
9.936108019996549023e-01
9.933904127913932847e-01
9.931705949027300750e-01
9.929518141118761632e-01
9.927345496732693508e-01
9.925192936896085616e-01
9.923065503915385888e-01
9.920968353074877122e-01
9.918906743051292274e-01
9.916886024853118764e-01
9.914911629091202050e-01
9.912989051390204143e-01
9.911123835758023359e-01
9.909321555742558463e-01
9.907587793221740435e-01
9.905928114693255404e-01
9.904348044954266461e-01
9.902853038088269555e-01
9.901448445705288703e-01
9.900139482412680936e-01
9.898931188526239877e-01
9.897828390064985493e-01
9.896835656107685342e-01
9.895957253624734218e-01
9.895197099935382212e-01
9.894558712977473691e-01
9.894045159614368590e-01
9.893659002241557143e-01
9.893402243992575062e-01
9.893276272879762967e-01
9.893281805238655080e-01
9.893418828874172011e-01
9.893686546330663356e-01
9.894083318724609111e-01
9.894606610586744733e-01
9.895252936158290824e-01
9.896017807572564662e-01
9.896895685328033210e-01
9.897879931421614819e-01
9.898962765462382407e-01
9.900135224026687109e-01
9.901387123447905614e-01
9.902707026159642822e-01
9.904082210632760841e-01
9.905498644866843616e-01
9.906940963318456861e-01
9.908392447074531040e-01
9.909835007011847940e-01
9.911249169625161448e-01
9.912614065158550369e-01
9.913907417638525565e-01
9.915105536383858054e-01
9.916183308556436593e-01
9.917114192319519406e-01
9.917870210184166480e-01
9.918421942150634774e-01
9.918738518288428008e-01
9.918787610445466418e-01
9.918535422832814863e-01
9.917946681295805034e-01
9.916984621154611990e-01
9.915610973577271281e-01
9.913785950535417557e-01
9.911468228488000687e-01
9.908614931041020979e-01
9.905181610942385140e-01
9.901122231890470138e-01
9.896389150763154063e-01
9.890933101010657147e-01
9.884703178099770726e-01
9.877646828047781380e-01
9.869709840239322407e-01
9.860836345875731990e-01
9.850968823560563026e-01
9.840048113671957530e-01
9.828013443307799246e-01
9.814802463706996383e-01
9.800351302144336696e-01
9.784594630361307388e-01
9.767465751625814541e-01
9.748896708505352393e-01
9.728818413387225750e-01
9.707160803683533290e-01
9.683853023516667546e-01
9.658823633493230920e-01
9.632000849942059517e-01
9.603312814718063528e-01
9.572687896361419257e-01
9.540055023055679095e-01
9.505344047453296863e-01
9.468486143038181702e-01
9.429414231277261083e-01
9.388063438381905046e-01
9.344371580060564231e-01
9.298279672200953083e-01
9.249732464978409618e-01
9.198678997451665840e-01
9.145073169282658121e-01
9.088874325808531385e-01
9.030047852306470890e-01
8.968565772931077484e-01
8.904407349475063072e-01
8.837559674813255661e-01
8.768018255642906489e-01
8.695787578936460260e-01
8.620881656381871316e-01
8.543324541006072081e-01
8.463150810164103977e-01
8.380406009134164780e-01
8.295147049690425600e-01
8.207442558232919128e-01
8.117373168337397304e-01
8.025031752946348851e-01
7.930523591851991183e-01
7.833966470617621525e-01
7.735490707637873165e-01
7.635239106641553697e-01
7.533366832582322203e-01
7.430041209529490986e-01
7.325441439850957082e-01
7.219758244658831536e-01
7.113193426152373267e-01
7.005959353130111200e-01
6.898278371542626575e-01
6.790382142510402730e-01
6.682510910731616072e-01
6.574912706648776695e-01
6.467842486130719326e-01
6.361561211759882983e-01
6.256334880098634033e-01
6.152433499550705731e-01
6.050130023642332766e-01
5.949699244732966630e-01
5.851416653336536378e-01
5.755557268401243487e-01
5.662394444065872445e-01
5.572198658590444831e-01
5.485236291351760496e-01
5.401768394001487117e-01
5.322049462103703998e-01
5.246326213795676763e-01
5.174836382242888888e-01
5.107807528877400527e-01
5.045455884606351304e-01
4.987985226342612766e-01
4.935585796329412522e-01
4.888433271793338752e-01
4.846687792453289179e-01
4.810493053327973278e-01
4.779975470112950431e-01
4.755243424135147112e-01
4.736386593536243694e-01
4.723475376886004939e-01
4.716560414886495911e-01
4.715672215203152717e-01
4.720820884757530589e-01
4.731995973047850024e-01
4.749166429239028986e-01
4.772280674894405772e-01
4.801266793318794690e-01
4.836032835558470300e-01
4.876467242168220917e-01
4.922439378919543085e-01
4.973800183695019639e-01
5.030382920900609012e-01
5.092004038836016599e-01
5.158464124600139478e-01
5.229548950278050112e-01
5.305030603365379349e-01
5.384668693638030579e-01
5.468211627978296629e-01
5.555397944027047341e-01
5.645957692954282070e-01
5.739613861134231776e-01
5.836083820085558038e-01
5.935080793701245083e-01
6.036315331555612840e-01
6.139496776947978018e-01
6.244334718330453171e-01
6.350540412881011676e-01
6.457828171225576952e-01
6.565916692689613976e-01
6.674530340970150633e-01
6.783400350761521480e-01
6.892265956636794977e-01
7.000875436373066307e-01
7.108987061900771121e-01
7.216369952140082589e-01
7.322804823143906905e-01
7.428084632177723856e-01
7.532015113610497359e-01
7.634415205746196698e-01
7.735117368970201301e-01
7.833967796796849070e-01
7.930826522563154679e-01
8.025567425599454685e-01
8.118078141703048978e-01
8.208259883630907305e-01
8.296027178098992483e-01
8.381307526419914389e-01
8.464040996419972540e-01
8.544179753648232234e-01
8.621687540123180726e-01
8.696539108959433495e-01
8.768719623183059975e-01
8.838224026887162577e-01
8.905056396609782876e-01
8.969229280445822905e-01
9.030763031947401931e-01
9.089685145337634831e-01
9.146029597976815806e-01
9.199836205393183697e-01
9.251149993538499983e-01
9.300020592266543540e-01
9.346501653374309493e-01
9.390650295903961720e-01
9.432526580789436510e-01
9.472193016354416573e-01
9.509714095635618536e-01
9.545155866022487778e-01
9.578585531275053411e-01
9.610071085607673202e-01
9.639680979207905231e-01
9.667483814295271261e-01
9.693548070611879286e-01
9.717941859071905775e-01
9.740732702175654012e-01
9.761987339711257761e-01
9.781771558218040896e-01
9.800150042664854677e-01
9.817186248799336656e-01
9.832942294645279357e-01
9.847478869660849510e-01
9.860855160116703821e-01
9.873128789306894193e-01
9.884355771264536905e-01
9.894590476716693672e-01
9.903885610077571844e-01
9.912292196345170447e-01
9.919859576833512937e-01
9.926635412740294484e-01
9.932665695618138058e-01
9.937994763886283112e-01
9.942665324588327858e-01
9.946718479669806046e-01
9.950193756116303412e-01
9.953129139357350663e-01
9.955561109402316644e-01
9.957524679230723708e-01
9.959053435009561639e-01
9.960179577753265345e-01
9.960933966077276658e-01
9.961346159723273308e-01
9.961444463553216222e-01
9.961255971721207914e-01
9.960806611737754723e-01
9.960121188142092574e-01
9.959223425496700477e-01
9.958136010416078765e-01
9.956880632341498227e-01
9.955478022776825808e-01
9.953947992709345494e-01
9.952309467955183786e-01
9.950580522192248312e-01
9.948778407474837548e-01
9.946919582062943022e-01
9.945019735444908804e-01
9.943093810483204509e-01
9.941156022668051762e-01
9.939219876520388741e-01
9.937298179242423091e-01
9.935403051768475491e-01
9.933545937419366867e-01
9.931737608408307549e-01
9.929988170483927679e-01
9.928307066025636729e-01
9.926703075927272302e-01
9.925184320616783351e-01
9.923758260562591804e-01
9.922431696611773155e-01
9.921210770492059350e-01
9.920100965789908631e-01
9.919107109691733815e-01
9.918233375746136060e-01
9.917483287872922437e-01
9.916859725811244530e-01
9.916364932165412371e-01
9.916000521173954363e-01
9.915767489296011261e-01
9.915666227679875711e-01
9.915696536551560358e-01
9.915857641536840461e-01
9.916148211908170085e-01
9.916566380727757091e-01
9.917109766839583562e-01
9.917775498645811094e-01
9.918560239586299287e-01
9.919460215223667721e-01
9.920471241820196795e-01
9.921588756276843446e-01
9.922807847289023542e-01
9.924123287558703765e-01
9.925529566888438016e-01
9.927020925970587717e-01
9.928591390674751382e-01
9.930234806628854827e-01
9.931944873884787084e-01
9.933715181458188104e-01
9.935539241534031563e-01
9.937410523134949658e-01
9.939322485057432432e-01
9.941268607891793341e-01
9.943242424954515934e-01
9.945237551975719681e-01
9.947247715399532009e-01
9.949266779170454766e-01
9.951288769894105490e-01
9.953307900275617515e-01
9.955318590753272634e-01
9.957315489258714569e-01
9.959293489048248738e-01
9.961247744562551354e-01
9.963173685284670844e-01
9.965067027578865533e-01
9.966923784505618000e-01
9.968740273621404802e-01
9.970513122785448212e-01
9.972239274009797594e-01
9.973915985403546403e-01
9.975540831276542564e-01
9.977111700482342860e-01
9.978626793093889891e-01
9.980084615518076685e-01
9.981483974166339701e-01
9.982823967807260557e-01
9.984103978733216422e-01
9.985323662876007811e-01
9.986482939005691950e-01
9.987581977142483414e-01
9.988621186303384691e-01
9.989601201693709687e-01
9.990522871439119212e-01
9.991387242937250779e-01
9.992195548890301371e-01
9.992949193062459212e-01
9.993649735790052224e-01
9.994298879259090329e-01
9.994898452555885937e-01
9.995450396492499001e-01
9.995956748210793608e-01
9.996419625577074308e-01
9.996841211393495685e-01
9.997223737471968574e-01
9.997569468640011836e-01
9.997880686774199832e-01
