9.997974423299794688e-01
9.997679607696372539e-01
9.997352622846350512e-01
9.996991421991825444e-01
9.996593981669033013e-01
9.996158314678114110e-01
9.995682482527679102e-01
9.995164607247750688e-01
9.994602882500798202e-01
9.993995583955030959e-01
9.993341078914969033e-01
9.992637835230254728e-01
9.991884429523584243e-01
9.991079554792257067e-01
9.990222027445083697e-01
9.989310793837716806e-01
9.988344936365863846e-01
9.987323679168067514e-01
9.986246393479345507e-01
9.985112602664864001e-01
9.983921986950367033e-01
9.982674387854174602e-01
9.981369812315079582e-01
9.980008436501952573e-01
9.978590609284787583e-01
9.977116855343290958e-01
9.975587877888093535e-01
9.974004560970931577e-01
9.972367971363503836e-01
9.970679359989792490e-01
9.968940162903013880e-01
9.967152001805604788e-01
9.965316684118360469e-01
9.963436202612514503e-01
9.961512734625767029e-01
9.959548640889658300e-01
9.957546464000740505e-01
9.955508926571426942e-01
9.953438929097818688e-01
9.951339547580863032e-01
9.949214030933760666e-01
9.947065798202341380e-01
9.944898435616170707e-01
9.942715693476421590e-01
9.940521482872257675e-01
9.938319872200848115e-01
9.936115083447577545e-01
9.933911488163061909e-01
9.931713603052784167e-01
9.929526085074263930e-01
9.927353725916373550e-01
9.925201445716509419e-01
9.923074285854569521e-01
9.920977400648831601e-01
9.918916047768451261e-01
9.916895577171068732e-01
9.914921418372140138e-01
9.912999065855520042e-01
9.911134062442393811e-01
9.909331980447921850e-01
9.907598400471465672e-01
9.905938887686809302e-01
9.904358965522656044e-01
9.902864086650500219e-01
9.901459601226111351e-01
9.900150722361875655e-01
9.898942488839747034e-01
9.897839725108232845e-01
9.896846998641550819e-01
9.895968574774666182e-01
9.895208369164353313e-01
9.894569898063543256e-01
9.894056226633840545e-01
9.893669915558821470e-01
9.893412966257938423e-01
9.893286765036672925e-01
9.893292026541866679e-01
9.893428736920474309e-01
9.893696097103823472e-01
9.894092466656111418e-01
9.894615308633847306e-01
9.895261135900657035e-01
9.896025459328476881e-01
9.896902738290790369e-01
9.897886333816255933e-01
9.898968464722309735e-01
9.900140166989117585e-01
9.901391256566434151e-01
9.902710295731423917e-01
9.904084563037092170e-01
9.905500026811190351e-01
9.906941322087251534e-01
9.908391730775437667e-01
9.909833164813647288e-01
9.911246151980974695e-01
9.912609824007890813e-01
9.913901906581572554e-01
9.915098710821501626e-01
9.916175125790009925e-01
9.917104611604766751e-01
9.917859192734825857e-01
9.918409451088174844e-01
9.918724518535744217e-01
9.918772068563911359e-01
9.918518306803580931e-01
9.917927960248434927e-01
9.916964265047262250e-01
9.915588952835082681e-01
9.913762235655072530e-01
9.911442789618042370e-01
9.908587737548835150e-01
9.905152630979751072e-01
9.901091431970295842e-01
9.896356495360381089e-01
9.890898552200287908e-01
9.884666695244647139e-01
9.877608367548024182e-01
9.869669355354331319e-01
9.860793786628422319e-01
9.850924136731998848e-01
9.840001242892997269e-01
9.827964329252621978e-01
9.814751044391718526e-01
9.800297513332236754e-01
9.784538406074612116e-01
9.767407024762536638e-01
9.748835411558371966e-01
9.728754479261676469e-01
9.707094166607593833e-01
9.683783620040036233e-01
9.658751403566903093e-01
9.631925738072452114e-01
9.603234771188011720e-01
9.572606878510110384e-01
9.539970996609062892e-01
9.505256987895968068e-01
9.468396037017086098e-01
9.429321078026807745e-01
9.387967251159229365e-01
9.344272387578691497e-01
9.298177520046548850e-01
9.249627416999730567e-01
9.198571137101164696e-01
9.144962600897684757e-01
9.088761175812611892e-01
9.029932270312905906e-01
8.968447932730084782e-01
8.904287449885496253e-01
8.837437940380044044e-01
8.767894937161870850e-01
8.695662953789039529e-01
8.620756028663560944e-01
8.543198241433999085e-01
8.463024195751137624e-01
8.380279462619198982e-01
8.295020978716995952e-01
8.207317394271033129e-01
8.117249365346277390e-01
8.024909785778771010e-01
7.930403954403915101e-01
7.833849673729781360e-01
7.735377276758974574e-01
7.635129579265677036e-01
7.533261755475798571e-01
7.429941135765298910e-01
7.325346925670992437e-01
7.219669846186722584e-01
7.113111695981400029e-01
7.005884836812488192e-01
6.898211604007637998e-01
6.790323644439854034e-01
6.682461184921439923e-01
6.574872234385747971e-01
6.467811723612695296e-01
6.361540586587040025e-01
6.256324787861791137e-01
6.152434300540896572e-01
6.050142039703596542e-01
5.949722756277650015e-01
5.851451896539732189e-01
5.755604432588010688e-01
5.662453669302098813e-01
5.572270033485495766e-01
5.485319851078849229e-01
5.401864118539794202e-01
5.322157274705190400e-01
5.246445979679018601e-01
5.174967907517482590e-01
5.107950559701543991e-01
5.045610106585889376e-01
4.988150264179119775e-01
4.935761213730672781e-01
4.888618571662568524e-01
4.846882417377997854e-01
4.810696386393169544e-01
4.780186836067127354e-01
4.755462090940448805e-01
4.736611774335915959e-01
4.723706232422736351e-01
4.716796056404006787e-01
4.715911707860406255e-01
4.721063251579740161e-01
4.732240199431649863e-01
4.749411468020007243e-01
4.772525451974508615e-01
4.801510213838937613e-01
4.836273790588099253e-01
4.876704615869635884e-01
4.922672056130240614e-01
4.974027057857265399e-01
5.030602902254235342e-01
5.092216062778436303e-01
5.158667160107358596e-01
5.229742008272797449e-01
5.305212744912974898e-01
5.384839037848279109e-01
5.468369359492231130e-01
5.555542319971016330e-01
5.646088049250241880e-01
5.739729618064703942e-01
5.836184487023442502e-01
5.935165972928725386e-01
6.036384721112525442e-01
6.139550172466672340e-01
6.244372013832744095e-01
6.350561600530669759e-01
6.457833340048300119e-01
6.565906026289870523e-01
6.674504114290847889e-01
6.783358925947662321e-01
6.892209778077669213e-01
7.000805025009106952e-01
7.108903008890541386e-01
7.216272911989980443e-01
7.322695506408138932e-01
7.427963797838612603e-01
7.531883561249702597e-01
7.634273767615760153e-01
7.734966902068800554e-01
7.833809175051495988e-01
7.930660629209785872e-01
8.025395145847968870e-01
8.117900355763416620e-01
8.208077460167191308e-01
8.295840968167997875e-01
8.381118357940540164e-01
8.463849669208862725e-01
8.543987035046687328e-01
8.621494161230267572e-01
8.696345761476402814e-01
8.768526956865072552e-01
8.838032647589983970e-01
8.904866864911424873e-01
8.969042110816465296e-01
9.030578692435142774e-01
9.089504057732793463e-01
9.145852138413699262e-01
9.199662705345353908e-01
9.250980741161640708e-01
9.299855834041982350e-01
9.346341596006033647e-01
9.390495108422547421e-01
9.432376396817498954e-01
9.472047936490090025e-01
9.509574189912910480e-01
9.545021176410164454e-01
9.578456074178897106e-01
9.609946854344362244e-01
9.639561946422433580e-01
9.667369934297570522e-01
9.693439281612157288e-01
9.717838085298025064e-01
9.740633855859647250e-01
9.761893322935709660e-01
9.781682264616538003e-01
9.800065358973933938e-01
9.817106056262343561e-01
9.832866470271153236e-01
9.847407287343180604e-01
9.860787691620295226e-01
9.873065305130555025e-01
9.884296141389942170e-01
9.894534571253831290e-01
9.903833299817591529e-01
9.912243353231381393e-01
9.919814074360902012e-01
9.926593126293283831e-01
9.932626502755412812e-01
9.937958544580508535e-01
9.942631961427436105e-01
9.946687858025399231e-01
9.950165764283576131e-01
9.953103668669859294e-01
9.955538054324009067e-01
9.957503937426808172e-01
9.959034907397156244e-01
9.960163168532303324e-01
9.960919582741841749e-01
9.961333713053390770e-01
9.961433867587143887e-01
9.961247143708400476e-01
9.960799472072898730e-01
9.960115660280923766e-01
9.959219435854644864e-01
9.958133488251121879e-01
9.956879509623036695e-01
9.955478234042547392e-01
9.953949474912474615e-01
9.952312160304581656e-01
9.950584365987998892e-01
9.948783345941992762e-01
9.946925560186031801e-01
9.945026699805736836e-01
9.943101709104293917e-01
9.941164804863831250e-01
9.939229492758037132e-01
9.937308581013958309e-01
9.935414191475440138e-01
9.933557768271173982e-01
9.931750084335067008e-01
9.930001246064342757e-01
9.928320696430336101e-01
9.926717216877740668e-01
9.925198928359885153e-01
9.923773291860468193e-01
9.922447108746731415e-01
9.921226521285836375e-01
9.920117013636522429e-01
9.919123413602862760e-01
9.918249895407750261e-01
9.917499983711645095e-01
9.916876559068686925e-01
9.916381864978505156e-01
9.916017516659141329e-01
9.915784511635049592e-01
9.915683242204944570e-01
9.915713509827389638e-01
9.915874541437726952e-01
9.916165007687915978e-01
9.916583043080856585e-01
9.917126267952335317e-01
9.917791812236420590e-01
9.918576340933451529e-01
9.919476081183494776e-01
9.920486850831956582e-01
9.921604088358004780e-01
9.922822884020754408e-01
9.924138012063016268e-01
9.925543963798375557e-01
9.927034981394932123e-01
9.928605092158724332e-01
9.930248143112194725e-01
9.931957835658455913e-01
9.933727760120768524e-01
9.935551429948672464e-01
9.937422315387465233e-01
9.939333876415963331e-01
9.941279594768201999e-01
9.943253004867503853e-01
9.945247723515526772e-01
9.947257478193918256e-01
9.949276133851617798e-01
9.951297718066141051e-01
9.953316444482106506e-01
9.955326734444606140e-01
9.957323236758806040e-01
9.959300845520333567e-01
9.961254715973816287e-01
9.963180278369558884e-01
9.965073249800902033e-01
9.966929644017701317e-01
9.968745779224518211e-01
9.970518283885781985e-01
9.972244100574314540e-01
9.973920487913996435e-01
9.975545020681971797e-01
9.977115588150125003e-01
9.978630390759329893e-01
9.980087935232622165e-01
9.981487028244460102e-01
9.982826768772089521e-01
9.984106539261057289e-01
9.985325995739866567e-01
9.986485057018071876e-01
9.987583893097689014e-01
9.988622912919713492e-01
9.989602751555938243e-01
9.990524256941795134e-01
9.991388476229334792e-01
9.992196641821787795e-01
9.992950157133635436e-01
9.993650582104048885e-01
9.994299618478424962e-01
9.994899094863615163e-01
9.995450951558589869e-01
9.995957225164205928e-01
9.996420032983973636e-01
9.996841557241868959e-01
9.997224029162797843e-01
9.997569712984993862e-01
9.997880889999877230e-01
