9.997982146295146810e-01
9.997688248269184230e-01
9.997362244516138086e-01
9.997002086954740463e-01
9.996605750132204760e-01
9.996171244207923134e-01
9.995696627424829339e-01
9.995180017960887398e-01
9.994619605088910230e-01
9.994013659606979516e-01
9.993360543532415763e-01
9.992658719077986973e-01
9.991906756948961688e-01
9.991103344013309018e-01
9.990247290404681291e-01
9.989337536119488048e-01
9.988373157165936211e-01
9.987353371315584871e-01
9.986277543497853459e-01
9.985145190866218101e-01
9.983955987552713962e-01
9.982709769115774012e-01
9.981406536676230568e-01
9.980046460728051461e-01
9.978629884604445222e-01
9.977157327576496870e-01
9.975629487560553343e-01
9.974047243411828800e-01
9.972411656785098444e-01
9.970723973548317742e-01
9.968985624741324436e-01
9.967198227078909456e-01
9.965363583005123482e-01
9.963483680313228730e-01
9.961560691352786545e-01
9.959596971851659708e-01
9.957595059385624392e-01
9.955557671531629627e-01
9.953487703742054382e-01
9.951388226976330964e-01
9.949262485122780664e-01
9.947113892237297028e-01
9.944946029616513750e-01
9.942762642711384657e-01
9.940567637872816942e-01
9.938365078904383143e-01
9.936159183378623361e-01
9.933954318653553939e-01
9.931754997505198856e-01
9.929565873271154475e-01
9.927391734379890087e-01
9.925237498121612933e-01
9.923108203499784175e-01
9.921009002988441239e-01
9.918945153010102489e-01
9.916922002942633041e-01
9.914944982461502132e-01
9.913019587026534740e-01
9.911151361329699760e-01
9.909345880532399731e-01
9.907608729137089565e-01
9.905945477358254481e-01
9.904361654881401744e-01
9.902862721925328460e-01
9.901454037551803422e-01
9.900140825197667471e-01
9.898928135436738662e-01
9.897820806012508354e-01
9.896823419217358753e-01
9.895940256729699458e-01
9.895175252057036852e-01
9.894531940770406875e-01
9.894013408753583594e-01
9.893622238728725371e-01
9.893360455357880223e-01
9.893229469256298314e-01
9.893230020287521187e-01
9.893362120540347693e-01
9.893624997412484579e-01
9.894017037243175716e-01
9.894535729945878044e-01
9.895177615090575696e-01
9.895938229872505154e-01
9.896812059379188620e-01
9.897792489530699012e-01
9.898871763019347902e-01
9.900040938515662914e-01
9.901289853339249047e-01
9.902607089718058475e-01
9.903979944680239011e-01
9.905394403541956105e-01
9.906835116875093439e-01
9.908285380763450778e-01
9.909727120087437058e-01
9.911140874517470056e-01
9.912505786847217726e-01
9.913799593260603782e-01
9.914998615102069701e-01
9.916077751708175514e-01
9.917010473860172759e-01
9.917768817431296124e-01
9.918323376828476201e-01
9.918643297865155084e-01
9.918696269749019967e-01
9.918448515924851439e-01
9.917864783577676757e-01
9.916908331674281207e-01
9.915540917501711737e-01
9.913722781749394475e-01
9.911412632277072365e-01
9.908567626814148710e-01
9.905143354947500978e-01
9.901093819874743351e-01
9.896371420528311535e-01
9.890926934812523941e-01
9.884709504840122340e-01
9.877666625205566708e-01
9.869744135487347192e-01
9.860886218328055453e-01
9.851035404595136491e-01
9.840132587272666376e-01
9.828117045870079505e-01
9.814926483251862344e-01
9.800497076887069170e-01
9.784763546583411520e-01
9.767659240802319953e-01
9.749116243644199153e-01
9.729065504543374932e-01
9.707436992617690663e-01
9.684159877476933298e-01
9.659162738107610613e-01
9.632373801220380782e-01
9.603721210173267187e-01
9.573133325272278338e-01
9.540539055905393750e-01
9.505868224591048632e-01
9.469051962623171725e-01
9.430023136576972664e-01
9.388716804507971636e-01
9.345070700236574046e-01
9.299025743666544663e-01
9.250526574643076483e-01
9.199522107419474404e-01
9.145966102375672202e-01
9.089817751221807018e-01
9.031042271531148913e-01
8.969611506084036456e-01
8.905504522173917081e-01
8.838708205733950551e-01
8.769217844893857361e-01
8.697037697377894006e-01
8.622181536011961356e-01
8.544673166526446373e-01
8.464546911826541509e-01
8.381848056957881266e-01
8.296633249125455745e-01
8.208970847330049336e-01
8.118941216469152122e-01
8.026636961107103119e-01
7.932163094548880800e-01
7.835637139347927382e-01
7.737189155933615892e-01
7.636961696648560949e-01
7.535109683129642688e-01
7.431800205635994416e-01
7.327212243609866338e-01
7.221536307437754765e-01
7.114974002046394741e-01
7.007737513608580660e-01
6.900049021235946656e-01
6.792140036091284250e-01
6.684250670854879894e-01
6.576628842924374663e-01
6.469529415115042870e-01
6.363213277959776093e-01
6.257946377989681563e-01
6.153998696615397002e-01
6.051643184433608269e-01
5.951154655963697415e-01
5.852808649985208334e-01
5.756880260808036054e-01
5.663642945971625320e-01
5.573367316043897901e-01
5.486319912378556651e-01
5.402761978892840489e-01
5.322948234144291302e-01
5.247125650210837655e-01
5.175532245106189144e-01
5.108395895682538157e-01
5.045933178174140110e-01
4.988348243705758023e-01
4.935831736216728105e-01
4.888559760321768977e-01
4.846692906632172893e-01
4.810375341985324571e-01
4.779733971869017939e-01
4.754877682074017953e-01
4.735896666260912546e-01
4.722861845686081583e-01
4.715824386798963541e-01
4.714815321804468606e-01
4.719845276587915084e-01
4.730904309635001193e-01
4.747961864755978478e-01
4.770966839554161565e-01
4.799847770674526837e-01
4.834513135940696760e-01
4.874851772548960405e-01
4.920733409545458015e-01
4.972009311877327864e-01
5.028513032387171844e-01
5.090061267220615804e-01
5.156454809244679360e-01
5.227479593235955235e-01
5.302907825797489316e-01
5.382499192207930161e-01
5.466002131701013234e-01
5.553155172025203701e-01
5.643688313549145574e-01
5.737324452666736629e-01
5.833780833825255030e-01
5.932770519159751288e-01
6.034003864477121004e-01
6.137189990202693846e-01
6.242038235889577624e-01
6.348259587003683979e-01
6.455568062940886254e-01
6.563682055610546850e-01
6.672325608432063682e-01
6.781229626236029429e-01
6.890133007333398840e-01
6.998783689905766492e-01
7.106939605865850718e-01
7.214369536424312113e-01
7.320853864759911955e-01
7.426185222405223829e-01
7.530169027208525323e-01
7.632623911992271193e-01
7.733382044277392620e-01
7.832289338658838806e-01
7.929205564580076304e-01
8.024004353343465734e-01
8.116573109191841384e-01
8.206812830189080810e-01
8.294637845401391374e-01
8.379975475526830753e-01
8.462765624631580774e-01
8.542960311023933828e-01
8.620523145530755160e-01
8.695428765538293359e-01
8.767662233125368410e-01
8.837218405459796866e-01
8.904101285358624329e-01
8.968323359541630069e-01
9.029904931649043176e-01
9.088873456563771880e-01
9.145262881990839920e-01
9.199113002618274360e-01
9.250468831529989888e-01
9.299379992877189194e-01
9.345900139154678099e-01
9.390086395784900120e-01
9.431998835096585543e-01
9.471699981206160857e-01
9.509254346775776190e-01
9.544728002137785605e-01
9.578188176845073842e-01
9.609702893331908413e-01
9.639340632050854563e-01
9.667170027186625658e-01
9.693259591834749722e-01
9.717677471368149078e-01
9.740491223593623626e-01
9.761767624218020689e-01
9.781572496095238822e-01
9.799970560705068001e-01
9.817025310317997189e-01
9.832798899321862907e-01
9.847352053222299118e-01
9.860743993875608071e-01
9.873032379566877292e-01
9.884273258605511536e-01
9.894521035173003964e-01
9.903828446222465720e-01
9.912246548295514659e-01
9.919824713189003829e-01
9.926610631471700641e-01
9.932650322919119867e-01
9.937988153003241010e-01
9.942666854642323582e-01
9.946727554484037226e-01
9.950209803061818015e-01
9.953151608228718583e-01
9.955589471333875506e-01
9.957558425662826895e-01
9.959092076712999786e-01
9.960222643918767993e-01
9.960981003475758433e-01
9.961396731941275506e-01
9.961498150306830057e-01
9.961312368250668792e-01
9.960865328283800002e-01
9.960181849504150531e-01
9.959285670671897961e-01
9.958199492317008072e-01
9.956945017589586833e-01
9.955542991567002398e-01
9.954013238740583303e-01
9.952374698420314303e-01
9.950645457819350392e-01
9.948842782611473368e-01
9.946983144793619669e-01
9.945082247731446001e-01
9.943155048317265932e-01
9.941215776224907597e-01
9.939277950303182507e-01
9.937354392206687592e-01
9.935457237417508747e-01
9.933597943862164659e-01
9.931787298373154771e-01
9.930035421282299435e-01
9.928351769462716581e-01
9.926745138157103687e-01
9.925223661941681152e-01
9.923794815177972017e-01
9.922465412298860921e-01
9.921241608261998079e-01
9.920128899483615648e-01
9.919132125540379707e-01
9.918255471897354791e-01
9.917502473887912506e-01
9.916876022137706137e-01
9.916378369590926889e-01
9.916011140263928381e-01
9.915775339819832279e-01
9.915671368028351473e-01
9.915699033148217545e-01
9.915857568245243225e-01
9.916145649437021481e-01
9.916561416035294396e-01
9.917102492538610869e-01
9.917766012410612619e-01
9.918548643562680178e-01
9.919446615443423543e-01
9.920455747621386156e-01
9.921571479731371435e-01
9.922788902639129160e-01
9.924102790664047768e-01
9.925507634685531988e-01
9.926997675946336308e-01
9.928566940355840753e-01
9.930209273088640431e-01
9.931918373269240652e-01
9.933687828532289377e-01
9.935511149249847129e-01
9.937381802222448046e-01
9.939293243638921416e-01
9.941238951120724421e-01
9.943212454679253298e-01
9.945207366428838736e-01
9.947217408913134884e-01
9.949236441918042351e-01
9.951258487659617735e-01
9.953277754250334786e-01
9.955288657361448523e-01
9.957285840012943812e-01
9.959264190435732633e-01
9.961218857963543005e-01
9.963145266924458010e-01
9.965039128514624478e-01
9.966896450649372907e-01
9.968713545800085285e-01
9.970487036838645567e-01
9.972213860925328577e-01
9.973891271490206156e-01
9.975516838372650019e-01
9.977088446197716065e-01
9.978604291081878408e-01
9.980062875773197950e-01
9.981463003342009310e-01
9.982803769547128336e-01
9.984084554008777479e-01
9.985305010322522712e-01
9.986465055248112677e-01
9.987564857103031768e-01
9.988604823482816197e-01
9.989585588419009898e-01
9.990507999071546186e-01
9.991373102036124054e-01
9.992182129329775231e-01
9.992936484100566341e-01
9.993637726091495477e-01
9.994287556875469658e-01
9.994887804869144743e-01
9.995440410129222686e-01
9.995947408936499690e-01
9.996410918180663741e-01
9.996833119572520188e-01
9.997216243729312168e-01
9.997562554201879781e-01
9.997874331538117998e-01
