9.997997880714202257e-01
9.997705994250122297e-01
9.997382167801359687e-01
9.997024355067252177e-01
9.996630531071979409e-01
9.996198705114056615e-01
9.995726933227844224e-01
9.995213330049176337e-01
9.994656080012055410e-01
9.994053447836771520e-01
9.993403788299778379e-01
9.992705555300943621e-01
9.991957310263355208e-01
9.991157729914359464e-01
9.990305613503820403e-01
9.989399889517356357e-01
9.988439621939094737e-01
9.987424016111534630e-01
9.986352424230358071e-01
9.985224350500840895e-01
9.984039455970853405e-01
9.982797563044413236e-01
9.981498659669982843e-01
9.980142903189976877e-01
9.978730623832381408e-01
9.977262327822370436e-01
9.975738700091099087e-01
9.974160606560471543e-01
9.972529095986231162e-01
9.970845401346869474e-01
9.969110940772278884e-01
9.967327318013221582e-01
9.965496322460274392e-01
9.963619928728391084e-01
9.961700295830203666e-01
9.959739765967312586e-01
9.957740862973591955e-01
9.955706290447668971e-01
9.953638929612846908e-01
9.951541836941562025e-01
9.949418241577726585e-01
9.947271542583924209e-01
9.945105306031234438e-01
9.942923261937635093e-01
9.940729301046461464e-01
9.938527471419773551e-01
9.936321974802847512e-01
9.934117162696101122e-01
9.931917532050023034e-01
9.929727720477864450e-01
9.927552500860717943e-01
9.925396775200805433e-01
9.923265567562296052e-01
9.921164015925197921e-01
9.919097362767722581e-01
9.917070944186301418e-01
9.915090177360661450e-01
9.913160546174136778e-01
9.911287584806806050e-01
9.909476859130936788e-01
9.907733945754279015e-01
9.906064408576594760e-01
9.904473772747980354e-01
9.902967495943379994e-01
9.901550936895913146e-01
9.900229321161576612e-01
9.899007704119365814e-01
9.897890931243563672e-01
9.896883595718750648e-01
9.895989993502946058e-01
9.895214075980185431e-01
9.894559400380673608e-01
9.894029078184265469e-01
9.893625721761079017e-01
9.893351389540918639e-01
9.893207530040061259e-01
9.893194925108615978e-01
9.893313632792836154e-01
9.893562930232693287e-01
9.893941257034255532e-01
9.894446159567065191e-01
9.895074236637502185e-01
9.895821086978814352e-01
9.896681258976230966e-01
9.897648203011338852e-01
9.898714226763833945e-01
9.899870453751956623e-01
9.901106785326847515e-01
9.902411866262729179e-01
9.903773054006708154e-01
9.905176391571686167e-01
9.906606583976216296e-01
9.908046978058817622e-01
9.909479545423827140e-01
9.910884868213596377e-01
9.912242127349514265e-01
9.913529092843447188e-01
9.914722115752636622e-01
9.915796121335395119e-01
9.916724602962195823e-01
9.917479616346749349e-01
9.918031773683824159e-01
9.918350237314293993e-01
9.918402712582379266e-01
9.918155439604486867e-01
9.917573183732857345e-01
9.916619224569671598e-01
9.915255343468130089e-01
9.913441809545981975e-01
9.911137364334055011e-01
9.908299205287705025e-01
9.904882968502831675e-01
9.900842711100439342e-01
9.896130893874580670e-01
9.890698364937577924e-01
9.884494345242849089e-01
9.877466417018129219e-01
9.869560516298166997e-01
9.860720930903277281e-01
9.850890305364715660e-01
9.840009654445296405e-01
9.828018387038944814e-01
9.814854342350565197e-01
9.800453840351965873e-01
9.784751748575205577e-01
9.767681567336375936e-01
9.749175535476085619e-01
9.729164758654288425e-01
9.707579362144119761e-01
9.684348669930935571e-01
9.659401411738963716e-01
9.632665959380113385e-01
9.604070593550027013e-01
9.573543801888890759e-01
9.541014608782766304e-01
9.506412937010134678e-01
9.469670000942648214e-01
9.430718730594138677e-01
9.389494225382498671e-01
9.345934236030474240e-01
9.299979672588361002e-01
9.251575136119088993e-01
9.200669471149053313e-01
9.147216335561101364e-01
9.091174784194484548e-01
9.032509862025436265e-01
8.971193202436924530e-01
8.907203625752583287e-01
8.840527732913985304e-01
8.771160488928022581e-01
8.699105790508639968e-01
8.624377012190029834e-01
8.546997525102670856e-01
8.467001182584000807e-01
8.384432766846690033e-01
8.299348391052345786e-01
8.211815851339477890e-01
8.121914923631736727e-01
8.029737600404862619e-01
7.935388263015192845e-01
7.838983785683741878e-01
7.740653567780684252e-01
7.640539491656481719e-01
7.538795803906954696e-01
7.435588918628180943e-01
7.331097141900144720e-01
7.225510317421750539e-01
7.119029393891103119e-01
7.011865915370976143e-01
6.904241436489220174e-01
6.796386864888104284e-01
6.688541733848651916e-01
6.580953408471985622e-01
6.473876229197814691e-01
6.367570596783116432e-01
6.262302003155097996e-01
6.158340012798938501e-01
6.055957199550213721e-01
5.955428043844437358e-01
5.857027795640044054e-01
5.761031308387419836e-01
5.667711849571759331e-01
5.577339893519448477e-01
5.490181902329911434e-01
5.406499100979712535e-01
5.326546252842234708e-01
5.250570442071209598e-01
5.178809869503044894e-01
5.111492668934066730e-01
5.048835750813300827e-01
4.991043680548813422e-01
4.938307598743517657e-01
4.890804190743065494e-01
4.848694712882765101e-01
4.812124082752715637e-01
4.781220040651930070e-01
4.756092389168242729e-01
4.736832317496730838e-01
4.723511816695785681e-01
4.716183191577463241e-01
4.714878674342960485e-01
4.719610144410092412e-01
4.730368958147067593e-01
4.747125891434316181e-01
4.769831197134126732e-01
4.798414778668024239e-01
4.832786479993435025e-01
4.872836491345949872e-01
4.918435869180282083e-01
4.969437167810625278e-01
5.025675179328259468e-01
5.086967777466859797e-01
5.153116860202204830e-01
5.223909385017504459e-01
5.299118489945677801e-01
5.378504692721199909e-01
5.461817159643633790e-01
5.548795035079852056e-01
5.639168821920441665e-01
5.732661802766747527e-01
5.828991491167800909e-01
5.927871101861136305e-01
6.029011028707950137e-01
6.132120318861620234e-01
6.236908131676937028e-01
6.343085170964597452e-01
6.450365079425934844e-01
6.558465784470790538e-01
6.667110785126943995e-01
6.776030370390593305e-01
6.884962760137829374e-01
6.993655160608501786e-01
7.101864727473545802e-01
7.209359430590218665e-01
7.315918815718556178e-01
7.421334659697398362e-01
7.525411516837936521e-01
7.627967155564744361e-01
7.728832885596252922e-01
7.827853777186272177e-01
7.924888775124271367e-01
8.019810711294915739e-01
8.112506220609105867e-01
8.202875566023770659e-01
8.290832379153521003e-01
8.376303323633819131e-01
8.459227688916086674e-01
8.539556922556024166e-01
8.617254109297549647e-01
8.692293405357814917e-01
8.764659436289687910e-01
8.834346666644485868e-01
8.901358749389934877e-01
8.965707862668592654e-01
9.027414041023988922e-01
9.086504507690532639e-01
9.143013013954408574e-01
9.196979190962202289e-01
9.248447918697442205e-01
9.297468716177900161e-01
9.344095156262287594e-01
9.388384307806875162e-01
9.430396207291733557e-01
9.470193361452224901e-01
9.507840281911648095e-01
9.543403052321340896e-01
9.576948928078714562e-01
9.608545968313685348e-01
9.638262699510093956e-01
9.666167809859644855e-01
9.692329873229276194e-01
9.716817101455078598e-01
9.739697123552589764e-01
9.761036790349600922e-01
9.780902002998326239e-01
9.799357563803593463e-01
9.816467047807457824e-01
9.832292693593547295e-01
9.846895311811935114e-01
9.860334209973858899e-01
9.872667132121678568e-01
9.883950212040787386e-01
9.894237938744689931e-01
9.903583133030986474e-01
9.912036933973514818e-01
9.919648794284137150e-01
9.926466483546187991e-01
9.932536098390425394e-01
9.937902078753161339e-01
9.942607229424786919e-01
9.946692746164743637e-01
9.950198245725175861e-01
9.953161799189278458e-01
9.955619968090407834e-01
9.957607842833304801e-01
9.959159082988011669e-01
9.960305959069325477e-01
9.961079395449186080e-01
9.961509014075971002e-01
9.961623178693375102e-01
9.961449039263144956e-01
9.961012576301431221e-01
9.960338644839663580e-01
9.959451017719378463e-01
9.958372427928564585e-01
9.957124609686875960e-01
9.955728337990589205e-01
9.954203466337053774e-01
9.952568962364137795e-01
9.950842941163440258e-01
9.949042696057243118e-01
9.947184726668059085e-01
9.945284764155282176e-01
9.943357793544759238e-01
9.941418073132319844e-01
9.939479150999630530e-01
9.937553878738119018e-01
9.935654422532138597e-01
9.933792271804071650e-01
9.931978245670048944e-01
9.930222497493828016e-01
9.928534517857200425e-01
9.926923136287202354e-01
9.925396522093189455e-01
9.923962184670493958e-01
9.922626973622327151e-01
9.921397079038636324e-01
9.920278032250716693e-01
9.919274707354751586e-01
9.918391323767465906e-01
9.917631450044155361e-01
9.916998009154762705e-01
9.916493285378829015e-01
9.916118932945993114e-01
9.915875986516283769e-01
9.915764873564165693e-01
9.915785428702749149e-01
9.915936909959566226e-01
9.916218016992979223e-01
9.916626911218048290e-01
9.917161237792286865e-01
9.917818149394531657e-01
9.918594331713816992e-01
9.919486030549178324e-01
9.920489080405583415e-01
9.921598934455577723e-01
9.922810695720899465e-01
9.924119149313546107e-01
9.925518795562061625e-01
9.927003883836511555e-01
9.928568446875514208e-01
9.930206335411045915e-01
9.931911252882139607e-01
9.933676790027169412e-01
9.935496459146355708e-01
9.937363727831225457e-01
9.939272051965867272e-01
9.941214907815434376e-01
9.943185823029988546e-01
9.945178406405889016e-01
9.947186376261950569e-01
9.949203587302974938e-01
9.951224055858625128e-01
9.953241983400630266e-01
9.955251778255775896e-01
9.957248075446015756e-01
9.959225754600389280e-01
9.961179955896332094e-01
9.963106094000653279e-01
9.964999869993118597e-01
9.966857281268381996e-01
9.968674629425147149e-01
9.970448526164922276e-01
9.972175897236662534e-01
9.973853984477742962e-01
9.975480346015951350e-01
9.977052854711251362e-01
9.978569694929455558e-01
9.980029357752321362e-01
9.981430634739327790e-01
9.982772610365074906e-01
9.984054653262255385e-01
9.985276406403112981e-01
9.986437776351857476e-01
9.987538921716428986e-01
9.988580240920384989e-01
9.989562359404653424e-01
9.990486116355107304e-01
9.991352551035984630e-01
9.992162888792162079e-01
9.992918526766373377e-01
9.993621019361943469e-01
9.994272063468726541e-01
9.994873483461036434e-01
9.995427215972406687e-01
9.995935294453712761e-01
9.996399833528942791e-01
9.996823013176465711e-01
9.997207062782477172e-01
9.997554245136169859e-01
9.997866840461645532e-01
