9.997974273929917111e-01
9.997679422361953616e-01
9.997352394982681467e-01
9.996991144238208671e-01
9.996593645842029030e-01
9.996157911755546577e-01
9.995682002644944442e-01
9.995164039707747916e-01
9.994602215798555900e-01
9.993994805817753013e-01
9.993340176357887739e-01
9.992636794628233510e-01
9.991883236698021475e-01
9.991078195112385041e-01
9.990220485942339357e-01
9.989309055331471177e-01
9.988342985598434032e-01
9.987321500946652053e-01
9.986243972822286263e-01
9.985109924949499005e-01
9.983919038059682061e-01
9.982671154319487927e-01
9.981366281452096478e-01
9.980004596537762618e-01
9.978586449473612063e-01
9.977112366069147420e-01
9.975583050752945269e-01
9.973999388867290650e-01
9.972362448530928125e-01
9.970673482055159020e-01
9.968933926904883780e-01
9.967145406203424818e-01
9.965309728787612453e-01
9.963428888827238206e-01
9.961505065030173967e-01
9.959540619460720556e-01
9.957538096003802908e-01
9.955500218510933141e-01
9.953429888665243919e-01
9.951330183601888590e-01
9.949204353316584148e-01
9.947055817888856843e-01
9.944888164537515340e-01
9.942705144514165649e-01
9.940510669826203571e-01
9.938308809764134777e-01
9.936103787189500824e-01
9.933899974519700971e-01
9.931701889325281751e-01
9.929514189434321958e-01
9.927341667418311255e-01
9.925189244315025805e-01
9.923061962427188742e-01
9.920964977021871078e-01
9.918903546745287958e-01
9.916883022561393535e-01
9.914908835020906919e-01
9.912986479670274909e-01
9.911121500417762187e-01
9.909319470686047682e-01
9.907585972197320290e-01
9.905926571257365199e-01
9.904346792429035151e-01
9.902852089512299560e-01
9.901447813777199958e-01
9.900139179427047686e-01
9.898931226301670439e-01
9.897828779864159543e-01
9.896836408549277708e-01
9.895958378587202953e-01
9.895198606452721979e-01
9.894560609127041051e-01
9.894047452397031206e-01
9.893661697454391168e-01
9.893405346094481523e-01
9.893279784850366187e-01
9.893285728430946113e-01
9.893423162861402220e-01
9.893691288748089896e-01
9.894088465106727348e-01
9.894612154200780330e-01
9.895258867834777483e-01
9.896024115533951226e-01
9.896902355016373720e-01
9.897886945326523911e-01
9.898970102950538363e-01
9.900142861174308084e-01
9.901395032877744473e-01
9.902715176884158144e-01
9.904090567905219356e-01
9.905507170042190390e-01
9.906949613725843928e-01
9.908401175903388536e-01
9.909843763213354029e-01
9.911257897830874075e-01
9.912622705617797347e-01
9.913915906175932991e-01
9.915113804378103968e-01
9.916191282940943763e-01
9.917121795605383650e-01
9.917877360505101825e-01
9.918428553329196040e-01
9.918744499922170776e-01
9.918792868011083730e-01
9.918539857805688253e-01
9.917950191281762473e-01
9.916987100030141278e-01
9.915612311633867915e-01
9.913786034623323085e-01
9.911466942154208981e-01
9.908612154656223359e-01
9.905177221811435340e-01
9.901116104341025626e-01
9.896381156207454399e-01
9.890923107975825301e-01
9.884691052222763785e-01
9.877632432031951959e-01
9.869693033770661206e-01
9.860816985498144227e-01
9.850946762510934818e-01
9.840023201677350340e-01
9.827985526348718137e-01
9.814771383752368683e-01
9.800316896865469696e-01
9.784556732833665782e-01
9.767424190028909381e-01
9.748851305832256786e-01
9.728768987176281691e-01
9.707107165785543446e-01
9.683794979911327649e-01
9.658760984168696107e-01
9.631933388851348088e-01
9.603240329825524224e-01
9.572610169791690993e-01
9.539971831356537368e-01
9.505255161982502088e-01
9.468391330482996970e-01
9.429313254313691495e-01
9.387956056479044298e-01
9.344257550433677784e-01
9.298158750915140880e-01
9.249604408202999339e-01
9.198543562863725764e-01
9.144930117616419940e-01
9.088723422545881281e-01
9.029888869502203930e-01
8.968398491165090469e-01
8.904231559922293204e-01
8.837375181420759063e-01
8.767824877402113914e-01
8.695585152237249593e-01
8.620670037433729727e-01
8.543103608310170793e-01
8.462920467018688608e-01
8.380166186154214270e-01
8.294897707321053915e-01
8.207183689234620605e-01
8.117104800219923089e-01
8.024753950326708463e-01
7.930236458711203973e-01
7.833670152429941247e-01
7.735185393345752614e-01
7.634925030449513095e-01
7.533044275543026025e-01
7.429710500896076208e-01
7.325102958170619516e-01
7.219412418584232327e-01
7.112840734949283927e-01
7.005600326862027050e-01
6.897913590915657478e-01
6.790012238364744324e-01
6.682136563168987742e-01
6.574534643788672028e-01
6.467461482491749791e-01
6.361178086266010556e-01
6.255950493713799965e-01
6.152048752548813226e-01
6.049745852523052969e-01
5.949316618797220180e-01
5.851036570938685788e-01
5.755180752898108043e-01
5.662022539485453976e-01
5.571832425045809556e-01
5.484876800227884708e-01
5.401416722944800686e-01
5.321706689845770999e-01
5.245993414843796998e-01
5.174514621471312248e-01
5.107497856053458962e-01
5.045159328886045236e-01
4.987702790769815708e-01
4.935318452372544629e-01
4.888181953952179803e-01
4.846453392967530194e-01
4.810276417017533834e-01
4.779777389378373487e-01
4.755064634144640090e-01
4.736227767624064944e-01
4.723337122185163883e-01
4.716443268217082041e-01
4.715576639236478407e-01
4.720747264475092519e-01
4.731944612513809822e-01
4.749137548704784884e-01
4.772274408254135736e-01
4.801283185936007225e-01
4.836071842484592764e-01
4.876528726776082623e-01
4.922523111976128130e-01
4.973905842899657426e-01
5.030510090916175958e-01
5.092152211841789455e-01
5.158632701394940678e-01
5.229737241962081340e-01
5.305237833627018951e-01
5.384894001668916186e-01
5.468454072035553448e-01
5.555656505655452992e-01
5.646231281873714813e-01
5.739901320788913797e-01
5.836383933841440275e-01
5.935392291666654607e-01
6.036636897988700845e-01
6.139827058201747789e-01
6.244672331274366828e-01
6.350883953725837694e-01
6.458176224667375731e-01
6.566267841278663475e-01
6.674883174602443958e-01
6.783753476183984610e-01
6.892618006853132862e-01
7.001225079835378118e-01
7.109333011372520605e-01
7.216710973119144779e-01
7.323139741740022357e-01
7.428412342346402131e-01
7.532334583655452276e-01
7.634725484014144303e-01
7.735417588675114198e-01
7.834257179925283587e-01
7.931104382827474097e-01
8.025833170421351470e-01
8.118331273225494193e-01
8.208499998771852102e-01
8.296253967674775964e-01
8.381520773379833589e-01
8.464240573245822574e-01
8.544365618983378319e-01
8.621859734704937495e-01
8.696697750935897808e-01
8.768864902901122305e-01
8.838356201242218990e-01
8.905175783049567029e-01
8.969336250721040571e-01
9.030858005700452829e-01
9.089768583617789943e-01
9.146101996766061726e-01
9.199898089221498765e-01
9.251201909261027589e-01
9.300063103067959247e-01
9.346535333057955919e-01
9.390675723515155005e-01
9.432544335613968212e-01
9.472203673324811612e-01
9.509718221169345398e-01
9.545154014308204760e-01
9.578578241015163197e-01
9.610058877218217166e-01
9.639664352470052044e-01
9.667463246446593716e-01
9.693524014860230853e-01
9.717914743510065456e-01
9.740702929071021199e-01
9.761955285141780125e-01
9.781737572023196936e-01
9.800114448678908241e-01
9.817149345333132660e-01
9.832904355182577882e-01
9.847440143735520790e-01
9.860815874337917064e-01
9.873089148500757695e-01
9.884315959702327792e-01
9.894550659401858406e-01
9.903845934065965695e-01
9.912252792075502139e-01
9.919820559447599662e-01
9.926596883375480296e-01
9.932627742656960912e-01
9.937957464151266906e-01
9.942628744472415958e-01
9.946682676195562900e-01
9.950158777919424491e-01
9.953095027592244737e-01
9.955527898569558332e-01
9.957492397927909522e-01
9.959022106608604874e-01
9.960149221008333109e-01
9.960904595668493844e-01
9.961317786741883396e-01
9.961417095934218535e-01
9.961229614629533158e-01
9.960781267913847437e-01
9.960096858212375004e-01
9.959200108253851713e-01
9.958113703073379064e-01
9.956859330764761262e-01
9.955457721696674422e-01
9.953928685915831576e-01
9.952291148476055671e-01
9.950563182455538502e-01
9.948762039455940620e-01
9.946904177415943904e-01
9.945005285617641855e-01
9.943080306815395009e-01
9.941143456471840389e-01
9.939208239142655055e-01
9.937287462108462810e-01
9.935393246406879486e-01
9.933537035468233967e-01
9.931729601603271895e-01
9.929981050628853279e-01
9.928300824947167147e-01
9.926697705414746498e-01
9.925179812349346209e-01
9.923754606025524394e-01
9.922428887004278719e-01
9.921208796628833149e-01
9.920099817998881964e-01
9.919106777710371414e-01
9.918233848618588366e-01
9.917484553850237639e-01
9.916861772256685414e-01
9.916367745466753147e-01
9.916004086664417239e-01
9.915771791185340467e-01
9.915671248996802412e-01
9.915702259098716498e-01
9.915864045859005271e-01
9.916155277274495417e-01
9.916574085128447846e-01
9.917118086997298576e-01
9.917784410041838861e-01
9.918569716501351996e-01
9.919470230792899468e-01
9.920481768101814257e-01
9.921599764333451921e-01
9.922819307280573708e-01
9.924135168845719113e-01
9.925541838143947526e-01
9.927033555299050738e-01
9.928604345736117276e-01
9.930248054765825616e-01
9.931958382251339090e-01
9.933728917147470749e-01
9.935553171703875863e-01
9.937424615129384353e-01
9.939336706522857723e-01
9.941282926886715332e-01
9.943256810052016892e-01
9.945251972358172265e-01
9.947262140945299924e-01
9.949281180532615343e-01
9.951303118571432904e-01
9.953322168676222992e-01
9.955332752251440098e-01
9.957329518245509048e-01
9.959307360976512591e-01
9.961261435986837887e-01
9.963187173896642657e-01
9.965080292238568394e-01
9.966936805268958866e-01
9.968753031764057138e-01
9.970525600823342272e-01
9.972251455716271140e-01
9.973927855823212507e-01
9.975552376735907778e-01
9.977122908597235718e-01
9.978637652773799660e-01
9.980095116967544477e-01
9.981494108883631755e-01
9.982833728580587929e-01
9.984113359634816387e-01
9.985332659254426702e-01
9.986491547476586961e-01
9.987590195578208707e-01
9.988629013821527236e-01
9.989608638644607019e-01
9.990529919392214797e-01
9.991393904665935022e-01
9.992201828354685400e-01
9.992955095389310927e-01
9.993655267248923169e-01
9.994304047233543153e-01
9.994903265508610080e-01
9.995454863923113331e-01
9.995960880605186949e-01
9.996423434347306847e-01
9.996844708807531843e-01
9.997226936572846112e-01
9.997572383154463838e-01
9.997883331011202523e-01
