9.997976982630244480e-01
9.997682857786640565e-01
9.997356689671703656e-01
9.996996445255312835e-01
9.996600114918622326e-01
9.996165725220185205e-01
9.995691351125646218e-01
9.995175127600017806e-01
9.994615260498080911e-01
9.994010036723026680e-01
9.993357833654241684e-01
9.992657127870682165e-01
9.991906503215696178e-01
9.991104658261955596e-01
9.990250413241507088e-01
9.989342716506253161e-01
9.988380650579417042e-01
9.987363437849762215e-01
9.986290445948760031e-01
9.985161192837879174e-01
9.983975351619805982e-01
9.982732755074767983e-01
9.981433399912112980e-01
9.980077450718375376e-01
9.978665243576783084e-01
9.977197289329523544e-01
9.975674276453155853e-01
9.974097073519138101e-01
9.972466731215164915e-01
9.970784483908609053e-01
9.969051750740263174e-01
9.967270136244513745e-01
9.965441430500335818e-01
9.963567608825911748e-01
9.961650831037491827e-01
9.959693440300121381e-01
9.957697961603532155e-01
9.955667099900410433e-01
9.953603737946145058e-01
9.951510933878622289e-01
9.949391918573483595e-01
9.947250092804307275e-01
9.945089024228292995e-01
9.942912444206405409e-01
9.940724244452511238e-01
9.938528473489273152e-01
9.936329332869815456e-01
9.934131173103826207e-01
9.931938489205680565e-01
9.929755915760813956e-01
9.927588221385882372e-01
9.925440302438918172e-01
9.923317175818545666e-01
9.921223970677128801e-01
9.919165918862060671e-01
9.917148343892950857e-01
9.915176648280479288e-01
9.913256298995549720e-01
9.911392810904994244e-01
9.909591728002451472e-01
9.907858602279862037e-01
9.906198970105742907e-01
9.904618326000764750e-01
9.903122093728314868e-01
9.901715594647355623e-01
9.900404013306333129e-01
9.899192360289832404e-01
9.898085432363668001e-01
9.897087769999054485e-01
9.896203612392150406e-01
9.895436850131582585e-01
9.894790975703304792e-01
9.894269032059225255e-01
9.893873559512852411e-01
9.893606541261391607e-01
9.893469347868208974e-01
9.893462681071365505e-01
9.893586517311635520e-01
9.893840051395593749e-01
9.894221640724341071e-01
9.894728750524781624e-01
9.895357900516746907e-01
9.896104613434592023e-01
9.896963365795697909e-01
9.897927541270470364e-01
9.898989386959586856e-01
9.900139972825442447e-01
9.901369154457829724e-01
9.902665539280918194e-01
9.904016456232247467e-01
9.905407928867333567e-01
9.906824651768543211e-01
9.908249970066670409e-01
9.909665861820665667e-01
9.911052922947188870e-01
9.912390354348652455e-01
9.913655950857303001e-01
9.914826091594137747e-01
9.915875731335125343e-01
9.916778392483015514e-01
9.917506157260247424e-01
9.918029659766214312e-01
9.918318077579501013e-01
9.918339122631574245e-01
9.918059031132027137e-01
9.917442552386140919e-01
9.916452936412728514e-01
9.915051920343983527e-01
9.913199713669386126e-01
9.910854982473112917e-01
9.907974832909435259e-01
9.904514794263945543e-01
9.900428802060767808e-01
9.895669181797646097e-01
9.890186634021934653e-01
9.883930221600668586e-01
9.876847360185682101e-01
9.868883813028344054e-01
9.859983691454792254e-01
9.850089462467784829e-01
9.839141965090856257e-01
9.827080437208818298e-01
9.813842554780060068e-01
9.799364485394456148e-01
9.783580958219935120e-01
9.766425352415470940e-01
9.747829806083487814e-01
9.727725347786718713e-01
9.706042052560770461e-01
9.682709224212937560e-01
9.657655605510238050e-01
9.630809617626862051e-01
9.602099629945980430e-01
9.571454260996949959e-01
9.538802710960951892e-01
9.504075125801227930e-01
9.467202992673627859e-01
9.428119565854785611e-01
9.386760321994299661e-01
9.343063443059035356e-01
9.296970324897199101e-01
9.248426108911974586e-01
9.197380233903986735e-01
9.143787004723288314e-01
9.087606173969757783e-01
9.028803532600437887e-01
8.967351504948704033e-01
8.903229743338305635e-01
8.836425717191077611e-01
8.766935291285949949e-01
8.694763287634894589e-01
8.619924025304159798e-01
8.542441832432254856e-01
8.462351524684604831e-01
8.379698844442915462e-01
8.294540855158334391e-01
8.206946285503455840e-01
8.116995818239637339e-01
8.024782319071370740e-01
7.930411001185559972e-01
7.833999521665098165e-01
7.735678006515348537e-01
7.635589001640293860e-01
7.533887347740599871e-01
7.430739977766450677e-01
7.326325636230590632e-01
7.220834520357739539e-01
7.114467843702350081e-01
7.007437323494963843e-01
6.899964593568095328e-01
6.792280545256221824e-01
6.684624599156046010e-01
6.577243911069081683e-01
6.470392515828848889e-01
6.364330413042845747e-01
6.259322599059518044e-01
6.155638049711564808e-01
6.053548658596756837e-01
5.953328135847346658e-01
5.855250872517845373e-01
5.759590775898668635e-01
5.666620081246612761e-01
5.576608145618751067e-01
5.489820229706635635e-01
5.406516273792663085e-01
5.326949674187715367e-01
5.251366066752137796e-01
5.180002124342799608e-01
5.113084375256616854e-01
5.050828049942874820e-01
4.993435963420445045e-01
4.941097440947571640e-01
4.893987294539398070e-01
4.852264857899775130e-01
4.816073087220693605e-01
4.785537735097454837e-01
4.760766604507313815e-01
4.741848889402298095e-01
4.728854607976373803e-01
4.721834134087490309e-01
4.720817831654877672e-01
4.725815796120613754e-01
4.736817706273496187e-01
4.753792788895361277e-01
4.776689897817099073e-01
4.805437708076917280e-01
4.839945024967808873e-01
4.880101206855382845e-01
4.925776699750337162e-01
4.976823680739005384e-01
5.033076806517011725e-01
5.094354062439363506e-01
5.160457706699820291e-01
5.231175303485072758e-01
5.306280838219465945e-01
5.385535907325771365e-01
5.468690974281369410e-01
5.555486683151509286e-01
5.645655220238375849e-01
5.738921714003046848e-01
5.835005663006014309e-01
5.933622381279317626e-01
6.034484450299568703e-01
6.137303166586363101e-01
6.241789973913649536e-01
6.347657869201756009e-01
6.454622771361488986e-01
6.562404842693916329e-01
6.670729752912401000e-01
6.779329876446293923e-01
6.887945414404408329e-01
6.996325433413496109e-01
7.104228814491936328e-01
7.211425106157915987e-01
7.317695277087870043e-01
7.422832364816438488e-01
7.526642018182965188e-01
7.628942932460103243e-01
7.729567177325520344e-01
7.828360419035982343e-01
7.925182039313195537e-01
8.019905154533312208e-01
8.112416539808535720e-01
8.202616463444796224e-01
8.290418438040657589e-01
8.375748895149296436e-01
8.458546790950718375e-01
8.538763150770783961e-01
8.616360560536503455e-01
8.691312613375017371e-01
8.763603319551794835e-01
8.833226487808901739e-01
8.900185085916637595e-01
8.964490587903117813e-01
9.026162314989575330e-01
9.085226776749103506e-01
9.141717018438206832e-01
9.195671979839841192e-01
9.247135870318680118e-01
9.296157564139450047e-01
9.342790019450976091e-01
9.387089723705134281e-01
9.429116167672084714e-01
9.468931349640636874e-01
9.506599310862772212e-01
9.542185702819954152e-01
9.575757386459576859e-01
9.607382063174599862e-01
9.637127936978446829e-01
9.665063407059202305e-01
9.691256789679618677e-01
9.715776068218904271e-01
9.738688670024348015e-01
9.760061268650935817e-01
9.779959610010018345e-01
9.798448360918966538e-01
9.815590978537566125e-01
9.831449599189349131e-01
9.846084945092946628e-01
9.859556247566589882e-01
9.871921185315187808e-01
9.883235836461766732e-01
9.893554643041956309e-01
9.902930386740413926e-01
9.911414174710981850e-01
9.919055434387605841e-01
9.925901916260155833e-01
9.931999703658298539e-01
9.937393228656863364e-01
9.942125293287428223e-01
9.946237095312140397e-01
9.949768257886283385e-01
9.952756862504318347e-01
9.955239484688901408e-01
9.957251231942059189e-01
9.958825783531066733e-01
9.959995431727354243e-01
9.960791124154191323e-01
9.961242506927535656e-01
9.961377968294486962e-01
9.961224682485830817e-01
9.960808653504510390e-01
9.960154758572135059e-01
9.959286790952853741e-01
9.958227501870380305e-01
9.956998641231875613e-01
9.955620996873946194e-01
9.954114432053151607e-01
9.952497920917415808e-01
9.950789581716746879e-01
9.949006707541760974e-01
9.947165794416689133e-01
9.945282566618740550e-01
9.943371999146749518e-01
9.941448337317114747e-01
9.939525113522275079e-01
9.937615161244089945e-01
9.935730626469583271e-01
9.933882976707423262e-01
9.932083007848674372e-01
9.930340849153178606e-01
9.928665966672571841e-01
9.927067165441649799e-01
9.925552590781401285e-01
9.924129729059806282e-01
9.922805408250860992e-01
9.921585798619237950e-01
9.920476413838528185e-01
9.919482112826437659e-01
9.918607102551932897e-01
9.917854942038520916e-01
9.917228547755817525e-01
9.916730200559463748e-01
9.916361554308211756e-01
9.916123646257265500e-01
9.916016909299210091e-01
9.916041186098296656e-01
9.916195745140331530e-01
9.916479298698864797e-01
9.916890022698281459e-01
9.917425578435485889e-01
9.918083136103527098e-01
9.918859400042632224e-01
9.919750635626182200e-01
9.920752697671324505e-01
9.921861060246154329e-01
9.923070847728006072e-01
9.924376866950795906e-01
9.925773640264132780e-01
9.927255439313540375e-01
9.928816319340282304e-01
9.930450153791388068e-01
9.932150669025943124e-01
9.933911478902689440e-01
9.935726119036578652e-01
9.937588080517822942e-01
9.939490842895999378e-01
9.941427906243248680e-01
9.943392822124096364e-01
9.945379223314239070e-01
9.947380852126204154e-01
9.949391587215535848e-01
9.951405468756745476e-01
9.953416721893287855e-01
9.955419778380146800e-01
9.957409296351322769e-01
9.959380178157490882e-01
9.961327586231708553e-01
9.963246956953436539e-01
9.965134012493503946e-01
9.966984770635352042e-01
9.968795552580937969e-01
9.970562988763315149e-01
9.972284022702022632e-01
9.973955912951969482e-01
9.975576233211247423e-01
9.977142870667866648e-01
9.978654022679471769e-01
9.980108191892982372e-01
9.981504179922454645e-01
9.982841079712457821e-01
9.984118266720581891e-01
9.985335389055663979e-01
9.986492356707667994e-01
9.987589330000676835e-01
9.988626707392085358e-01
9.989605112729247338e-01
9.990525382059890491e-01
9.991388550075520625e-01
9.992195836248809471e-01
9.992948630707814139e-01
9.993648479873263879e-01
9.994297071871376392e-01
9.994896221725131369e-01
9.995447856322592362e-01
9.995953999162611181e-01
9.996416754886285894e-01
9.996838293616797655e-01
9.997220835149998042e-01
9.997566633062138219e-01
9.997877958827917633e-01
