9.997997069012698468e-01
9.997705051208884974e-01
9.997381078233943397e-01
9.997023102985849174e-01
9.996629099769549498e-01
9.996197077260020603e-01
9.995725090975781102e-01
9.995211255154566876e-01
9.994653753957866149e-01
9.994050851964467741e-01
9.993400903943221447e-01
9.992702363920626940e-01
9.991953793578474130e-01
9.991153870030351491e-01
9.990301393033260702e-01
9.989395291692337864e-01
9.988434630713591833e-01
9.987418616252602410e-01
9.986346601397424472e-01
9.985218091312738631e-01
9.984032748060654994e-01
9.982790395102481007e-01
9.981491021476017744e-01
9.980134785635118577e-01
9.978722018932710824e-01
9.977253228725316836e-01
9.975729101076433736e-01
9.974150503037623183e-01
9.972518484489688584e-01
9.970834279531393118e-01
9.969099307409534649e-01
9.967315172991318972e-01
9.965483666787481321e-01
9.963606764542077832e-01
9.961686626411819789e-01
9.959725595763940786e-01
9.957726197626340925e-01
9.955691136826928522e-01
9.953623295860180020e-01
9.951525732517798595e-01
9.949401677316646042e-01
9.947254530750772039e-01
9.945087860385209977e-01
9.942905397797437983e-01
9.940711035357950864e-01
9.938508822824820843e-01
9.936302963708506519e-01
9.934097811343296502e-01
9.931897864581076263e-01
9.929707763002273424e-01
9.927532281518728352e-01
9.925376324224454150e-01
9.923244917333662318e-01
9.921143201031689118e-01
9.919076420054202536e-01
9.917049912803839185e-01
9.915069098811516435e-01
9.913139464352406227e-01
9.911266546033838942e-01
9.909455912184236270e-01
9.907713141888170316e-01
9.906043801532443682e-01
9.904453418751201221e-01
9.902947453684000090e-01
9.901531267488966614e-01
9.900210088083262194e-01
9.898988973114619672e-01
9.897872770200617509e-01
9.896866074506311950e-01
9.895973183765928161e-01
9.895198050890410268e-01
9.894544234339667232e-01
9.894014846476231195e-01
9.893612500155262168e-01
9.893339253843923542e-01
9.893196555600214381e-01
9.893185186276128862e-01
9.893305202341287075e-01
9.893555878749215049e-01
9.893935652287593197e-01
9.894442065864486047e-01
9.895071714183147904e-01
9.895820191247436393e-01
9.896682040117389390e-01
9.897650705299747553e-01
9.898718488111748481e-01
9.899876505299105567e-01
9.901114651122410182e-01
9.902421563052266062e-01
9.903784591134685567e-01
9.905189771007424371e-01
9.906621800467739769e-01
9.908064019415362411e-01
9.909498392923736798e-01
9.910905497130249042e-01
9.912264507583836703e-01
9.913553189647797970e-01
9.914747890527386698e-01
9.915823532476705227e-01
9.916753606737295224e-01
9.917510167771602658e-01
9.918063827377487929e-01
9.918383748304488989e-01
9.918437637037855747e-01
9.918191735471532100e-01
9.917610811255718195e-01
9.916658146677609365e-01
9.915295526015144301e-01
9.913483221392771494e-01
9.911179977265434093e-01
9.908342993762208062e-01
9.904927909234595429e-01
9.900888782476474637e-01
9.896178075213152292e-01
9.890746635595559777e-01
9.884543683581610285e-01
9.877516799238680312e-01
9.869611915157087134e-01
9.860773314321368277e-01
9.850943634940527716e-01
9.840063883885729057e-01
9.828073460519227700e-01
9.814910192816118650e-01
9.800510387775128729e-01
9.784808898180581416e-01
9.767739207809728041e-01
9.749233537173259689e-01
9.729222971828515032e-01
9.707637615212214577e-01
9.684406767801209126e-01
9.659459134225947263e-01
9.632723059733323545e-01
9.604126797125821513e-01
9.573598804995762102e-01
9.541068077731141850e-01
9.506464507397721642e-01
9.469719277205612684e-01
9.430765285852807933e-01
9.389537601607954587e-01
9.345973944555339141e-01
9.300015194981391398e-01
9.251605925439007061e-01
9.200694953588374192e-01
9.147235912485829346e-01
9.091187834580390925e-01
9.032515745286422426e-01
8.971191261635698133e-01
8.907193191178700564e-01
8.840508126009141154e-01
8.771131026533578456e-01
8.699065789405523441e-01
8.624325793896638892e-01
8.546934420892091655e-01
8.466925538677955165e-01
8.384343949740026281e-01
8.299245792918906739e-01
8.211698895467671733e-01
8.121783069836411295e-01
8.029590350361144324e-01
7.935225165460016994e-01
7.838804441431745929e-01
7.740457634503512541e-01
7.640326688377836462e-01
7.538565915170462040e-01
7.435341798300942884e-01
7.330832716581789921e-01
7.225228589436637483e-01
7.118730443849834444e-01
7.011549904296252578e-01
6.903908607509841033e-01
6.796037544513242601e-01
6.688176332841971883e-01
6.580572422350938755e-01
6.473480238387735453e-01
6.367160266457423390e-01
6.261878082792255995e-01
6.157903335483363438e-01
6.055508681038330732e-01
5.954968681408183695e-01
5.856558666689400949e-01
5.760553568860807827e-01
5.667226732069333694e-01
5.576848705140379225e-01
5.489686022161099910e-01
5.405999977171420667e-01
5.326045399196490671e-01
5.250069434062170082e-01
5.178310339646172711e-01
5.110996301422795485e-01
5.048344275348658483e-01
4.990558865299238311e-01
4.937831242388647235e-01
4.890338113576202517e-01
4.848240746971715920e-01
4.811684061186243255e-01
4.780795785929007335e-01
4.755685700817740003e-01
4.736444959045423841e-01
4.723145502131107509e-01
4.715839571477326020e-01
4.714559321866853558e-01
4.719316541363048900e-01
4.730102481339857334e-01
4.746887799568983990e-01
4.769622618443811746e-01
4.798236699533138250e-01
4.832639734743757742e-01
4.872721753439878123e-01
4.918353643928979890e-01
4.969387786787436978e-01
5.025658796572418652e-01
5.086984367557347841e-01
5.153166218242476448e-01
5.223991128536413786e-01
5.299232062685147460e-01
5.378649370247483574e-01
5.461992056687750008e-01
5.548999114484345352e-01
5.639400905044535950e-01
5.732920581180933617e-01
5.829275539451892474e-01
5.928178891307303022e-01
6.029340941722176606e-01
6.132470663853000215e-01
6.237277158224756590e-01
6.343471085057235115e-01
6.450766058573496053e-01
6.558879992504140777e-01
6.667536386509809176e-01
6.776465543886995846e-01
6.885405711695261610e-01
6.994104135336226546e-01
7.102318020615658867e-01
7.209815397413612548e-01
7.316375880256683617e-01
7.421791322311114270e-01
7.525866360574364755e-01
7.628418851313939486e-01
7.729280196062854325e-01
7.828295559709368412e-01
7.925323983392958960e-01
8.020238396019556681e-01
8.112925529218718568e-01
8.203285741468617775e-01
8.291232757898474581e-01
8.376693332932757530e-01
8.459606843460240055e-01
8.539924820590434340e-01
8.617610428299099512e-01
8.692637897366404243e-01
8.764991922980934769e-01
8.834667034227996485e-01
8.901666943412039901e-01
8.966003882792457080e-01
9.027697935853461475e-01
9.086776369697081579e-01
9.143272974559149002e-01
9.197227415817419427e-01
9.248684603204374577e-01
9.297694081269846089e-01
9.344309444474612203e-01
9.388587779648175369e-01
9.430589137923527376e-01
9.470376037678067682e-01
9.508012999470768500e-01
9.543566113476741331e-01
9.577102639485317592e-01
9.608690639148641521e-01
9.638398639844734106e-01
9.666295329250873536e-01
9.692449279507385773e-01
9.716928699684934667e-01
9.739801215145910129e-01
9.761133672307396036e-01
9.780991967264438536e-01
9.799440896712515725e-01
9.816544029612067623e-01
9.832363598060920307e-01
9.846960405877943634e-01
9.860393753449584464e-01
9.872721377446814772e-01
9.883999404081006412e-01
9.894282314631441810e-01
9.903622922043263666e-01
9.912072357461867433e-01
9.919680065637540567e-01
9.926493808202442315e-01
9.932559673890463126e-01
9.937922094839147791e-01
9.942623868181245106e-01
9.946706182201092705e-01
9.950208646397267209e-01
9.953169324856629974e-01
9.955624772405080591e-01
9.957610073055691569e-01
9.959158880324263663e-01
9.960303459024835160e-01
9.961074728192349514e-01
9.961502304806496566e-01
9.961614548009598558e-01
9.961438603523135038e-01
9.961000447973135108e-01
9.960324932835808998e-01
9.959435827713428724e-01
9.958355862648503587e-01
9.957106769184110862e-01
9.955709319881654862e-01
9.954183366016208234e-01
9.952547873185220162e-01
9.950820954589646439e-01
9.949019901777794717e-01
9.947161212680984965e-01
9.945260616815968513e-01
9.943333097580312474e-01
9.941392911622383144e-01
9.939453605324917174e-01
9.937528028498652244e-01
9.935628345437994557e-01
9.933766043542197055e-01
9.931951939751491043e-01
9.930196185086375138e-01
9.928508267608942006e-01
9.926897014146836007e-01
9.925370591132985920e-01
9.923936504917658663e-01
9.922601601904099677e-01
9.921372068845817349e-01
9.920253433623468231e-01
9.919250566793548218e-01
9.918367684171005561e-01
9.917608350674955719e-01
9.916975485632132381e-01
9.916471369697965610e-01
9.916097653521189770e-01
9.915855368245587442e-01
9.915744937912470691e-01
9.915766193800066297e-01
9.915918390711232488e-01
9.916200225198695817e-01
9.916609855696963960e-01
9.917144924511688275e-01
9.917802581600191347e-01
9.918579510060486770e-01
9.919471953230171168e-01
9.920475743280819936e-01
9.921586331177777440e-01
9.922798817859904696e-01
9.924107986478953869e-01
9.925508335524420023e-01
9.926994112647412605e-01
9.928559348986871758e-01
9.930197893793781816e-01
9.931903449144415807e-01
9.933669604532165964e-01
9.935489871129500328e-01
9.937357715516665913e-01
9.939266592681909041e-01
9.941209978108606071e-01
9.943181398777396485e-01
9.945174462925541192e-01
9.947182888420783575e-01
9.949200529622411748e-01
9.951221402617591583e-01
9.953239708736091318e-01
9.955249856260955932e-01
9.957246480266600530e-01
9.959224460529084721e-01
9.961178937466215189e-01
9.963105326077779100e-01
9.964999327868810930e-01
9.966856940751565030e-01
9.968674466934933642e-01
9.970448518823501471e-01
9.972176022962312425e-01
9.973854222077502829e-01
9.975480675277249576e-01
9.977053256491444921e-01
9.978570151241989983e-01
9.980029851847931344e-01
9.981431151180508721e-01
9.982773135091866923e-01
9.984055173647342629e-01
9.985276911294208579e-01
9.986438256099491317e-01
9.987539368185431865e-01
9.988580647483689123e-01
9.989562720918437888e-01
9.990486429114791012e-01
9.991352812713109044e-01
9.992163098352815354e-01
9.992918684372399385e-01
9.993621126256752030e-01
9.994272121850085178e-01
9.994873496343679165e-01
9.995427187043678385e-01
9.995935227925712985e-01
9.996399733990756209e-01
9.996822885450059593e-01
9.997206911785656569e-01
9.997554075755706871e-01
9.997866657439269389e-01
