9.997967697314875668e-01
9.997672023059819280e-01
9.997344115356310290e-01
9.996981929658245170e-01
9.996583445919960953e-01
9.996146681629309860e-01
9.995669704293058677e-01
9.995150643265520163e-01
9.994587700848106548e-01
9.993979162622727008e-01
9.993323407013656734e-01
9.992618914099306027e-01
9.991864273716256628e-01
9.991058192912343205e-01
9.990199502813735810e-01
9.989287164973015276e-01
9.988320277262231484e-01
9.987298079367658010e-01
9.986219957932797042e-01
9.985085451384185795e-01
9.983894254461960216e-01
9.982646222464937047e-01
9.981341375208990785e-01
9.979979900688349392e-01
9.978562158422595862e-01
9.977088682467675218e-01
9.975560184067288061e-01
9.973977553921398176e-01
9.972341864051071925e-01
9.970654369243081572e-01
9.968916508063383475e-01
9.967129903435172356e-01
9.965296362784435980e-01
9.963417877763215413e-01
9.961496623567834829e-01
9.959534957875602057e-01
9.957535419428644730e-01
9.955500726297091818e-01
9.953433773855514533e-01
9.951337632505921071e-01
9.949215545177573228e-01
9.947070924628115263e-01
9.944907350562035564e-01
9.942728566571210624e-01
9.940538476888456376e-01
9.938341142928839300e-01
9.936140779575358684e-01
9.933941751146041499e-01
9.931748566959035518e-01
9.929565876391683865e-01
9.927398463309485832e-01
9.925251239722168162e-01
9.923129238507414351e-01
9.921037605029036088e-01
9.918981587466008110e-01
9.916966525662483933e-01
9.914997838306978117e-01
9.913081008251625192e-01
9.911221565789868349e-01
9.909425069722955781e-01
9.907697086061959535e-01
9.906043164232360976e-01
9.904468810671923640e-01
9.902979459739253976e-01
9.901580441879442862e-01
9.900276949024169326e-01
9.899073997236071953e-01
9.897976386640970903e-01
9.896988658726275645e-01
9.896115051119719341e-01
9.895359449999169277e-01
9.894725340321709472e-01
9.894215754098149018e-01
9.893833216977238054e-01
9.893579693441514333e-01
9.893456530952977612e-01
9.893464403420439979e-01
9.893603254390151980e-01
9.893872240385324091e-01
9.894269674837009587e-01
9.894792973056639740e-01
9.895438598698034216e-01
9.896202012142655269e-01
9.897077621215815135e-01
9.898058734603085718e-01
9.899137518286112991e-01
9.900304955256286066e-01
9.901550808695147587e-01
9.902863588734187594e-01
9.904230522826318328e-01
9.905637529679832687e-01
9.907069196625700735e-01
9.908508760213647903e-01
9.909938089764023239e-01
9.911337673543300086e-01
9.912686607182845666e-01
9.913962583924758043e-01
9.915141886255740555e-01
9.916199378480685667e-01
9.917108499791568166e-01
9.917841257404125255e-01
9.918368219363909999e-01
9.918658506663657892e-01
9.918679784364768937e-01
9.918398251475991634e-01
9.917778629411344582e-01
9.916784148926240938e-01
9.915376535515173506e-01
9.913515993345858313e-01
9.911161187903456682e-01
9.908269227624237896e-01
9.904795644911238428e-01
9.900694377045056171e-01
9.895917747630967876e-01
9.890416449358908624e-01
9.884139528994603241e-01
9.877034375667249622e-01
9.869046713669519244e-01
9.860120601136561636e-01
9.850198436118762224e-01
9.839220971703782626e-01
9.827127341972180519e-01
9.813855100682181698e-01
9.799340274667541761e-01
9.783517433992259260e-01
9.766319780932228856e-01
9.747679259842162436e-01
9.727526689912853186e-01
9.705791922726588750e-01
9.682404026376105755e-01
9.657291497725071228e-01
9.630382504156846935e-01
9.601605155885917231e-01
9.570887809596044793e-01
9.538159403825110516e-01
9.503349826143500101e-01
9.466390311775442212e-01
9.427213872896249569e-01
9.385755757407854283e-01
9.341953935555448174e-01
9.295749612304322618e-01
9.247087762953173362e-01
9.195917689022924391e-01
9.142193591033684896e-01
9.085875154371909623e-01
9.026928144060585302e-01
8.965325003882971266e-01
8.901045454980941463e-01
8.834077088758558460e-01
8.764415948676016477e-01
8.692067095325055615e-01
8.617045149039949115e-01
8.539374804224018067e-01
8.459091309564967798e-01
8.376240908377510230e-01
8.290881233451333765e-01
8.203081650998482743e-01
8.112923548586291611e-01
8.020500562308687797e-01
7.925918738886208459e-01
7.829296628887892906e-01
7.730765307828592059e-01
7.630468322503927148e-01
7.528561560570786737e-01
7.425213042051608259e-01
7.320602632122520381e-01
7.214921675224876818e-01
7.108372551203885337e-01
7.001168154814205735e-01
6.893531300529960326e-01
6.785694055146662684e-01
6.677897001159062151e-01
6.570388434338142458e-01
6.463423499312512810e-01
6.357263267286029640e-01
6.252173760300328009e-01
6.148424926684709080e-01
6.046289572536054369e-01
5.946042254247294601e-01
5.847958137264904765e-01
5.752311826413540885e-01
5.659376173286962963e-01
5.569421066376025742e-01
5.482712209790057134e-01
5.399509896629292038e-01
5.320067783281287044e-01
5.244631671139425855e-01
5.173438302469384187e-01
5.106714177370568208e-01
5.044674398983270969e-01
4.987521554265395007e-01
4.935444637793470202e-01
4.888618026117048654e-01
4.847200510202918089e-01
4.811334393434109069e-01
4.781144662471101814e-01
4.756738238031501531e-01
4.738203312297875058e-01
4.725608779219391264e-01
4.719003763434675980e-01
4.718417252915623195e-01
4.723857839721701257e-01
4.735313572471521182e-01
4.752751923293474512e-01
4.776119871122325167e-01
4.805344102275953544e-01
4.840331328288501878e-01
4.880968720005118833e-01
4.927124455970715022e-01
4.978648382180985710e-01
5.035372779318221248e-01
5.097113232675186678e-01
5.163669599085436435e-01
5.234827064334699465e-01
5.310357283731279576e-01
5.390019597770734361e-01
5.473562314146181995e-01
5.560724046738085846e-01
5.651235101671974181e-01
5.744818900066497314e-01
5.841193426715480808e-01
5.940072693662874492e-01
6.041168207447774607e-01
6.144190428723919073e-01
6.248850213002197229e-01
6.354860221430402856e-01
6.461936290815973871e-01
6.569798752516746720e-01
6.678173690370893256e-01
6.786794128507441792e-01
6.895401140666811424e-01
7.003744873557380402e-01
7.111585477768127550e-01
7.218693940833439404e-01
7.324852818188569703e-01
7.429856858943282294e-01
7.533513524617997392e-01
7.635643400209672915e-01
7.736080498163215857e-01
7.834672456997614498e-01
7.931280637454454219e-01
8.025780120081752456e-01
8.118059609121681675e-01
8.208021248422194827e-01
8.295580355828543473e-01
8.380665083121618952e-01
8.463216009050181787e-01
8.543185673349924514e-01
8.620538059853799506e-01
8.695248036877541997e-01
8.767300763017263909e-01
8.836691066330009114e-01
8.903422804593352780e-01
8.967508213968357067e-01
9.028967252934899657e-01
9.087826947844038772e-01
9.144120745854091847e-01
9.197887880400674732e-01
9.249172753711493167e-01
9.298024340228825402e-01
9.344495614159846753e-01
9.388643003749723714e-01
9.430525874275302867e-01
9.470206041197293256e-01
9.507747314393134586e-01
9.543215073926466507e-01
9.576675877395587344e-01
9.608197098544039028e-01
9.637846596511510100e-01
9.665692414851029257e-01
9.691802509236348007e-01
9.716244502627724433e-01
9.739085466550807535e-01
9.760391727066937140e-01
9.780228693968988640e-01
9.798660711719643368e-01
9.815750930653748263e-01
9.831561196988534146e-01
9.846151960220752564e-01
9.859582196534567577e-01
9.871909346895419990e-01
9.883189268560533813e-01
9.893476198794781684e-01
9.902822729639879640e-01
9.911279792644883679e-01
9.918896652526328905e-01
9.925720908787014629e-01
9.931798504383606563e-01
9.937173740594648086e-01
9.941889297302434203e-01
9.945986257963893573e-01
9.949504138606740655e-01
9.952480920246691287e-01
9.954953084178556066e-01
9.956955649647234452e-01
9.958522213452893901e-01
9.959684991086918959e-01
9.960474859030555850e-01
9.960921397876397743e-01
9.961052935953647047e-01
9.960896593152197553e-01
9.960478324648885939e-01
9.959822964243146837e-01
9.958954267010717842e-01
9.957894950984761406e-01
9.956666737575969872e-01
9.955290390448860993e-01
9.953785752582100521e-01
9.952171781257744820e-01
9.950466580748567047e-01
9.948687432504259576e-01
9.946850822676234216e-01
9.944972466865978911e-01
9.943067332032314853e-01
9.941149655546877018e-01
9.939232961442726610e-01
9.937330073956465171e-01
9.935453128517423016e-01
9.933613580386708719e-01
9.931822211192589123e-01
9.930089133645360056e-01
9.928423794743663766e-01
9.926834977804537274e-01
9.925330803660917800e-01
9.923918731373143620e-01
9.922605558795530856e-01
9.921397423326037135e-01
9.920299803147484274e-01
9.919317519243674441e-01
9.918454738444584251e-01
9.917714977722645875e-01
9.917101109928520009e-01
9.916615371120711675e-01
9.916259369610058716e-01
9.916034096808401532e-01
9.915939939941176284e-01
9.915976696656721989e-01
9.916143591540819147e-01
9.916439294523285986e-01
9.916861941144132775e-01
9.917409154629193146e-01
9.918078069709082012e-01
9.918865358100037444e-01
9.919767255550457907e-01
9.920779590342301280e-01
9.921897813121995924e-01
9.923117027921032340e-01
9.924432024212314074e-01
9.925837309834918409e-01
9.927327144607750453e-01
9.928895574442091476e-01
9.930536465754848940e-01
9.932243539978793390e-01
9.934010407963610456e-01
9.935830604062260152e-01
9.937697619701023610e-01
9.939604936238451982e-01
9.941546056927945685e-01
9.943514537810337339e-01
9.945504017376247674e-01
9.947508244852438786e-01
9.949521106981525920e-01
9.951536653179674508e-01
9.953549118972089271e-01
9.955552947620864845e-01
9.957542809874053713e-01
9.959513621778683934e-01
9.961460560513897278e-01
9.963379078213624451e-01
9.965264913761433530e-01
9.967114102553508159e-01
9.968922984239304563e-01
9.970688208463386326e-01
9.972406738646181212e-01
9.974075853855920437e-01
9.975693148838541413e-01
9.977256532286566948e-01
9.978764223441600745e-01
9.980214747137486908e-01
9.981606927402023599e-01
9.982939879743720768e-01
9.984213002255988290e-01
9.985425965673920823e-01
9.986578702518037476e-01
9.987671395454926770e-01
9.988704464996611687e-01
9.989678556648937668e-01
9.990594527604906849e-01
9.991453433062419398e-01
9.992256512228330223e-01
9.993005174053399831e-01
9.993700982726781978e-01
9.994345642945668962e-01
9.994940984966694808e-01
9.995488949441857507e-01
9.995991572043627649e-01
9.996450967892051009e-01
9.996869315810643641e-01
9.997248842457222562e-01
9.997591806399193093e-01
9.997900482228709862e-01
