9.997998446355692570e-01
9.997706706896579698e-01
9.997383051898981465e-01
9.997025437202710085e-01
9.996631839897662797e-01
9.996200271237084545e-01
9.995728789064102227e-01
9.995215509644682639e-01
9.994658618835005059e-01
9.994056382544457273e-01
9.993407156485361043e-01
9.992709395225550795e-01
9.991961660579358195e-01
9.991162629385762495e-01
9.990311100729624139e-01
9.989406002663420159e-01
9.988446398483560307e-01
9.987431492608177530e-01
9.986360636093480903e-01
9.985233331814414859e-01
9.984049239323707914e-01
9.982808179392290704e-01
9.981510138224362061e-01
9.980155271332662448e-01
9.978743907054054008e-01
9.977276549682572160e-01
9.975753882196538580e-01
9.974176768558081774e-01
9.972546255567077411e-01
9.970863574256861872e-01
9.969130140825606112e-01
9.967347557104561107e-01
9.965517610572076634e-01
9.963642273929913529e-01
9.961723704265437185e-01
9.959764241829488496e-01
9.957766408464528984e-01
9.955732905720844350e-01
9.953666612699672012e-01
9.951570583660900304e-01
9.949448045429226672e-01
9.947302394626169608e-01
9.945137194746077602e-01
9.942956173082344584e-01
9.940763217495498516e-01
9.938562372998057670e-01
9.936357838112370722e-01
9.934153960937639471e-01
9.931955234841491897e-01
9.929766293670636568e-01
9.927591906354900075e-01
9.925436970760197486e-01
9.923306506629386847e-01
9.921205647436331931e-01
9.919139630968334398e-01
9.917113788446070277e-01
9.915133531988462590e-01
9.913204340232961709e-01
9.911331741929274575e-01
9.909521297336703061e-01
9.907778577271568743e-01
9.906109139671215313e-01
9.904518503564393450e-01
9.903012120363838822e-01
9.901595342425024704e-01
9.900273388845026723e-01
9.899051308506710001e-01
9.897933940405980735e-01
9.896925871333266400e-01
9.896031391014894485e-01
9.895254444855466902e-01
9.894598584458639268e-01
9.894066916140802359e-01
9.893662047689683048e-01
9.893386033657177725e-01
9.893240319512076608e-01
9.893225685012538850e-01
9.893342187188847170e-01
9.893589103352593561e-01
9.893964874567359180e-01
9.894467050026497512e-01
9.895092232784439279e-01
9.895836027277756797e-01
9.896692989050440703e-01
9.897656577064138927e-01
9.898719108928917265e-01
9.899871719334314424e-01
9.901104321895678462e-01
9.902405574558801327e-01
9.903762848629309445e-01
9.905162201414478007e-01
9.906588352386994645e-01
9.908024662705253727e-01
9.909453117855503423e-01
9.910854313119761283e-01
9.912207441521636575e-01
9.913490283861434715e-01
9.914679200423126559e-01
9.915749123919314068e-01
9.916673553236614591e-01
9.917424547552360359e-01
9.917972720414118815e-01
9.918287233405334025e-01
9.918335789063003061e-01
9.918084622765790392e-01
9.917498493372972623e-01
9.916540672465423700e-01
9.915172932119338256e-01
9.913355531231256013e-01
9.911047200509356392e-01
9.908205126350936309e-01
9.904784933939729807e-01
9.900740670019386735e-01
9.896024785930893630e-01
9.890588121641618047e-01
9.884379891641121851e-01
9.877347673732466138e-01
9.869437401905089002e-01
9.860593364633725155e-01
9.850758210103245371e-01
9.839872960007399749e-01
9.827877033705073595e-01
9.814708284635396129e-01
9.800303050987128062e-01
9.784596222682786504e-01
9.767521326768840995e-01
9.749010633295566164e-01
9.728995283720485165e-01
9.707405443775339871e-01
9.684170482597247442e-01
9.659219179740251571e-01
9.632479961455352457e-01
9.603881167357780635e-01
9.573351348293129837e-01
9.540819595873173409e-01
9.506215903782336829e-01
9.469471560561659729e-01
9.430519573163832492e-01
9.389295120145365603e-01
9.345736032925154868e-01
9.299783303097487464e-01
9.251381613346636446e-01
9.200479889074463236e-01
9.147031867426730356e-01
9.090996679993081919e-01
9.032339445065336037e-01
8.971031864973950665e-01
8.907052823689424192e-01
8.840388979579580919e-01
8.771035347961433359e-01
8.698995867883606570e-01
8.624283947428099673e-01
8.546922981734124125e-01
8.466946837926825342e-01
8.384400301184378179e-01
8.299339476301159646e-01
8.211832139304873213e-01
8.121958033961517165e-01
8.029809108353224145e-01
7.935489687136674242e-01
7.839116575578868318e-01
7.740819092015709391e-01
7.640739025977391075e-01
7.539030519862953694e-01
7.435859872711847451e-01
7.331405265300374730e-01
7.225856406471681259e-01
7.119414101276582141e-01
7.012289742146511351e-01
6.904704724928141246e-01
6.796889792172999822e-01
6.689084306587942397e-01
6.581535458009626360e-01
6.474497407667325621e-01
6.368230373845027437e-01
6.262999663349712032e-01
6.159074653445066883e-01
6.056727729125717108e-01
5.956233180796062232e-01
5.857866067588646253e-01
5.761901051718983924e-01
5.668611209434302189e-01
5.578266824279047853e-01
5.491134168574544061e-01
5.407474279194814937e-01
5.327541733915115429e-01
5.251583434810125350e-01
5.179837405379070780e-01
5.112531608267565364e-01
5.049882790630287888e-01
4.992095364324933282e-01
4.939360328233485253e-01
4.891854240061642711e-01
4.849738244960118960e-01
4.813157168233140881e-01
4.782238679242676316e-01
4.757092533375955057e-01
4.737809898616290871e-01
4.724462772841853120e-01
4.717103497476656804e-01
4.715764372536416227e-01
4.720457377455413717e-01
4.731174001357506542e-01
4.747885185653346607e-01
4.770541381017441296e-01
4.799072719932629960e-01
4.833389305096126298e-01
4.873381613070459917e-01
4.918921011643312413e-01
4.969860388440850985e-01
5.026034887427284215e-01
5.087262749025898145e-01
5.153346248719928857e-01
5.224072728141766486e-01
5.299215711841663845e-01
5.378536102149109599e-01
5.461783443808029270e-01
5.548697249388165886e-01
5.639008375858360900e-01
5.732440442161430560e-01
5.828711277165219418e-01
5.927534386990168658e-01
6.028620430440851941e-01
6.131678691107336210e-01
6.236418534661247737e-01
6.342550839958474018e-01
6.449789392782259156e-01
6.557852231419452060e-01
6.666462933760857190e-01
6.775351836250436133e-01
6.884257175773200732e-01
6.992926146457679737e-01
7.101115864365183938e-01
7.208594234128080647e-01
7.315140712766764475e-01
7.420546967138712535e-01
7.524617422732825522e-01
7.627169702794937001e-01
7.728034958033975776e-01
7.827058088390065338e-01
7.924097859524898979e-01
8.019026917800771148e-01
8.111731708530134366e-01
8.202112303186656073e-01
8.290082142058684544e-01
8.375567699487056483e-01
8.458508079353932452e-01
8.538854548874604822e-01
8.616570018989027080e-01
8.691628479756634551e-01
8.764014399132203925e-01
8.833722093349879456e-01
8.900755076877265859e-01
8.965125399534021877e-01
9.026852977913215614e-01
9.085964927714199613e-01
9.142494903008127061e-01
9.196482447827768469e-01
9.247972364817554913e-01
9.297014105012810781e-01
9.343661182153322198e-01
9.387970614288175808e-01
9.430002394807773802e-01
9.469818994454249905e-01
9.507484895321068885e-01
9.543066157361782542e-01
9.576630017490765923e-01
9.608244520977182734e-01
9.637978184507645096e-01
9.665899690022135005e-01
9.692077608209045403e-01
9.716580150375430103e-01
9.739474947283295325e-01
9.760828853457296228e-01
9.780707775418358008e-01
9.799176522276213941e-01
9.816298677116628291e-01
9.832136487641246481e-01
9.846750774555217411e-01
9.860200856246104095e-01
9.872544488353957037e-01
9.883837816894148753e-01
9.894135343659726800e-01
9.903489902697287794e-01
9.911952646718766857e-01
9.919573042380627204e-01
9.926398873431315772e-01
9.932476250797523942e-01
9.937849628749287900e-01
9.942561826353226717e-01
9.946654053491428282e-01
9.950165940790108854e-01
9.953135572866127490e-01
9.955599524359527441e-01
9.957592898275504645e-01
9.959149366208190912e-01
9.960301210060613641e-01
9.961079364909337652e-01
9.961513462688451614e-01
9.961631876385818041e-01
9.961461764455664669e-01
9.961029115156748714e-01
9.960358790526163686e-01
9.959474569697195356e-01
9.958399191267666151e-01
9.957154394425021815e-01
9.955760958537950289e-01
9.954238740933405438e-01
9.952606712593727867e-01
9.950882991532017385e-01
9.949084873635176685e-01
9.947228860802976858e-01
9.945330686257092268e-01
9.943405336945242423e-01
9.941467073020614498e-01
9.939529444433786720e-01
9.937605304731547129e-01
9.935706822212112543e-01
9.933845488637664811e-01
9.932032125750914764e-01
9.930276889881360924e-01
9.928589274957834165e-01
9.926978114266117315e-01
9.925451581303630366e-01
9.924017190087320861e-01
9.922681795266429239e-01
9.921451592379435525e-01
9.920332118575142522e-01
9.919328254092761865e-01
9.918444224766269635e-01
9.917683605785632128e-01
9.917049326913072171e-01
9.916543679317639803e-01
9.916168324157058622e-01
9.915924303003059714e-01
9.915812050175781822e-01
9.915831407024777722e-01
9.915981638168732681e-01
9.916261449683158036e-01
9.916669009204711616e-01
9.917201967901990711e-01
9.917857484245246047e-01
9.918632249490881847e-01
9.919522514780600986e-01
9.920524119739299040e-01
9.921632522440285706e-01
9.922842830591204200e-01
9.924149833779416507e-01
9.925548036602058755e-01
9.927031692493935022e-01
9.928594838056413741e-01
9.930231327683070042e-01
9.931934868273285533e-01
9.933699053823750180e-01
9.935517399689722806e-01
9.937383376313124739e-01
9.939290442222533661e-01
9.941232076120782857e-01
9.943201807888417676e-01
9.945193248345287618e-01
9.947200117627507110e-01
9.949216272052280319e-01
9.951235729358414162e-01
9.953252692225260656e-01
9.955261569987288173e-01
9.957256998475333409e-01
9.959233857928943001e-01
9.961187288937177753e-01
9.963112706377985628e-01
9.965005811339039399e-01
9.966862601015817891e-01
9.968679376596004671e-01
9.970452749152898253e-01
9.972179643584561104e-01
9.973857300649746627e-01
9.975483277165957396e-01
9.977055444449139943e-01
9.978571985087939522e-01
9.980031388157796224e-01
9.981432442990868514e-01
9.982774231626327932e-01
9.984056120071418405e-01
9.985277748506469209e-01
9.986439020566317826e-01
9.987540091826303534e-01
9.988581357613054434e-01
9.989563440249020765e-01
9.990487175825640831e-01
9.991353600583852135e-01
9.992163936963532889e-01
9.992919579366367211e-01
9.993622079661121926e-01
9.994273132447467622e-01
9.994874560085718063e-01
9.995428297496116166e-01
9.995936376733274287e-01
9.996400911349461182e-01
9.996824080574371330e-01
9.997208113358203585e-01
9.997555272348158661e-01
9.997867837894266474e-01
