9.997990912955700971e-01
9.997698455471316636e-01
9.997374066795861047e-01
9.997015709805858741e-01
9.996621369293381409e-01
9.996189064767300181e-01
9.995716862752054288e-01
9.995202888481149461e-01
9.994645336917952205e-01
9.994042483069859317e-01
9.993392691591793664e-01
9.992694425699885086e-01
9.991946255435167901e-01
9.991146865329820770e-01
9.990295061534874010e-01
9.989389778469018877e-01
9.988430085043921158e-01
9.987415190513391217e-01
9.986344449983103333e-01
9.985217369605406956e-01
9.984033611471460068e-01
9.982792998201216461e-01
9.981495517221704583e-01
9.980141324715962048e-01
9.978730749219455465e-01
9.977264294837767666e-01
9.975742644058910313e-01
9.974166660135542761e-01
9.972537389016316034e-01
9.970856060811271737e-01
9.969124090783125780e-01
9.967343079864080524e-01
9.965514814705923596e-01
9.963641267279266245e-01
9.961724594045350267e-01
9.959767134730426186e-01
9.957771410738007756e-01
9.955740123237784012e-01
9.953676150971356718e-01
9.951582547814016300e-01
9.949462540128100052e-01
9.947319523937065977e-01
9.945157061940155252e-01
9.942978880375447082e-01
9.940788865724433654e-01
9.938591061234239854e-01
9.936389663214658663e-01
9.934189017046866077e-01
9.931993612819542960e-01
9.929808080486978161e-01
9.927637184423189209e-01
9.925485817227047702e-01
9.923358992616596597e-01
9.921261837236849956e-01
9.919199581195142779e-01
9.917177547131968973e-01
9.915201137633666839e-01
9.913275820796487725e-01
9.911407113759503895e-01
9.909600564036418202e-01
9.907861728493232434e-01
9.906196149839520126e-01
9.904609330525150357e-01
9.903106703961231938e-01
9.901693603013036471e-01
9.900375225743451857e-01
9.899156598417452324e-01
9.898042535811015785e-01
9.897037598901662347e-01
9.896146050052148091e-01
9.895371805833952372e-01
9.894718387672796212e-01
9.894188870534581515e-01
9.893785829906286411e-01
9.893511287362209972e-01
9.893366655040504165e-01
9.893352679387208415e-01
9.893469384553630341e-01
9.893716015856441892e-01
9.894090983726574473e-01
9.894591808581523207e-01
9.895215067054440317e-01
9.895956340001516027e-01
9.896810162685869550e-01
9.897769977501454930e-01
9.898828089554778664e-01
9.899975625366584930e-01
9.901202494891722106e-01
9.902497356985155985e-01
9.903847588367988841e-01
9.905239256071951548e-01
9.906657093266786340e-01
9.908084478304711729e-01
9.909503416752136751e-01
9.910894526122782100e-01
9.912237022980000534e-01
9.913508712040367543e-01
9.914685976886276064e-01
9.915743771882450375e-01
9.916655614889989812e-01
9.917393580381366203e-01
9.917928292580224792e-01
9.918228918280244111e-01
9.918263159037111754e-01
9.917997242476362940e-01
9.917395912516927536e-01
9.916422418375646641e-01
9.915038502291587674e-01
9.913204385990972423e-01
9.910878756004168899e-01
9.908018748045964719e-01
9.904579930779582320e-01
9.900516289403946679e-01
9.895780209632659696e-01
9.890322462771615752e-01
9.884092192749284189e-01
9.877036906108001002e-01
9.869102466123625961e-01
9.860233092381647246e-01
9.850371367296125724e-01
9.839458251209166617e-01
9.827433107847295402e-01
9.814233742031693852e-01
9.799796451635559569e-01
9.784056095848332468e-01
9.766946181837820040e-01
9.748398971892953124e-01
9.728345613078501763e-01
9.706716291336476843e-01
9.683440411826164107e-01
9.658446807106304544e-01
9.631663974530617622e-01
9.603020343954432603e-01
9.572444576539532735e-01
9.539865895100766435e-01
9.505214446066427847e-01
9.468421692729974692e-01
9.429420839058307857e-01
9.388147282896643908e-01
9.344539096976740566e-01
9.298537535698570000e-01
9.250087565219929919e-01
9.199138413958564131e-01
9.145644140191598881e-01
9.089564213032350626e-01
9.030864102679722061e-01
8.969515875475952971e-01
8.905498788979895330e-01
8.838799881971257655e-01
8.769414554052480382e-01
8.697347129315116110e-01
8.622611398392951987e-01
8.545231133140183122e-01
8.465240568154949186e-01
8.382684843420733500e-01
8.297620402463843359e-01
8.210115340626233937e-01
8.120249698329815580e-01
8.028115694559528892e-01
7.933817896214666598e-01
7.837473319465745325e-01
7.739211459800301451e-01
7.639174248036142423e-01
7.537515930213893878e-01
7.434402869939804592e-01
7.330013272422213344e-01
7.224536830116516928e-01
7.118174290552186090e-01
7.011136947548197718e-01
6.903646057620291820e-01
6.795932183936097548e-01
6.688234470676459598e-01
6.580799851109986331e-01
6.473882193082601821e-01
6.367741385967180534e-01
6.262642373414430974e-01
6.158854136502778243e-01
6.056648632109308261e-01
5.956299691525416273e-01
5.858081884528201222e-01
5.762269354300735280e-01
5.669134628776884011e-01
5.578947414175807751e-01
5.491973376689146535e-01
5.408472918490894177e-01
5.328699954453782750e-01
5.252900696171242112e-01
5.181312450093418231e-01
5.114162436780946841e-01
5.051666638449496816e-01
4.994028682111616435e-01
4.941438765708043857e-01
4.894072634647905762e-01
4.852090616136721657e-01
4.815636718554738849e-01
4.784837802950158148e-01
4.759802833428673496e-01
4.740622212851742789e-01
4.727367209802394443e-01
4.720089482243210455e-01
4.718820702682464674e-01
4.723572288988436840e-01
4.734335244258566222e-01
4.751080108367666810e-01
4.773757022999437494e-01
4.802295911116664096e-01
4.836606770957934121e-01
4.876580083770741814e-01
4.922087333610369875e-01
4.972981636657655136e-01
5.029098476642408500e-01
5.090256542108404503e-01
5.156258660424415385e-01
5.226892822639150893e-01
5.301933292500133899e-01
5.381141792212935648e-01
5.464268756813825956e-01
5.551054648372553135e-01
5.641231320640585079e-01
5.734523424222948140e-01
5.830649841888669860e-01
5.929325143256252151e-01
6.030261047807803365e-01
6.133167885008825593e-01
6.237756040250435063e-01
6.343737375395465117e-01
6.450826612906539470e-01
6.558742672866645362e-01
6.667209952673673889e-01
6.775959539796772013e-01
6.884730348720673465e-01
6.993270174064807332e-01
7.101336652836383045e-01
7.208698129845081404e-01
7.315134421454703162e-01
7.420437474054162319e-01
7.524411914875455132e-01
7.626875494047318238e-01
7.727659418027876814e-01
7.826608575784980149e-01
7.923581660268095295e-01
8.018451188820372444e-01
8.111103427195829330e-01
8.201438222758797858e-01
8.289368753237728038e-01
8.374821198073071349e-01
8.457734339931926026e-01
8.538059104356523488e-01
8.615758045768540097e-01
8.690804788168642325e-01
8.763183428855531032e-01
8.832887913349020126e-01
8.899921389446737718e-01
8.964295547986628199e-01
9.026029957440576679e-01
9.085151398943498435e-01
9.141693207782584096e-01
9.195694626748889267e-01
9.247200176104166669e-01
9.296259044254485682e-01
9.342924502563351163e-01
9.387253347093222899e-01
9.429305369446936425e-01
9.469142858299022247e-01
9.506830132668737665e-01
9.542433107497452216e-01
9.576018891656666865e-01
9.607655418131115788e-01
9.637411105794599919e-01
9.665354551923109883e-01
9.691554254368065502e-01
9.716078362138739211e-01
9.738994453012963515e-01
9.760369336704436405e-01
9.780268882058352764e-01
9.798757866719767229e-01
9.815899847716078597e-01
9.831757051411794679e-01
9.846390281326090621e-01
9.859858842347907215e-01
9.872220479936412163e-01
9.883531332954037518e-01
9.893845898843086628e-01
9.903217009923638292e-01
9.911695819659277484e-01
9.919331797807350304e-01
9.926172733441556151e-01
9.932264744906471599e-01
9.937652295835620597e-01
9.942378216436503768e-01
9.946483729316896172e-01
9.950008479195818767e-01
9.952990565908835796e-01
9.955466580179398450e-01
9.957471641684779717e-01
9.959039438995276328e-01
9.960202271008024022e-01
9.960991089531150422e-01
9.961435542699912382e-01
9.961564018924111696e-01
9.961403691076308187e-01
9.960980560634320469e-01
9.960319501491027294e-01
9.959444303141485877e-01
9.958377712954213923e-01
9.957141477232137605e-01
9.955756380771535463e-01
9.954242284635779203e-01
9.952618161876309877e-01
9.950902130956781333e-01
9.949111486667825410e-01
9.947262728359219652e-01
9.945371585362253741e-01
9.943453039526606307e-01
9.941521344851276254e-01
9.939590044246123801e-01
9.937671983517364360e-01
9.935779322724951346e-01
9.933923545110285858e-01
9.932115463837568603e-01
9.930365226829989123e-01
9.928682320011884554e-01
9.927075569289489643e-01
9.925553141615562902e-01
9.924122545487262803e-01
9.922790631222565549e-01
9.921563591348938616e-01
9.920446961419897569e-01
9.919445621551520320e-01
9.918563798943236254e-01
9.917805071616411228e-01
9.917172373571696564e-01
9.916668001532819021e-01
9.916293623411605029e-01
9.916050288597171303e-01
9.915938440142123556e-01
9.915957928890557493e-01
9.916108029566810256e-01
9.916387458820281608e-01
9.916794395199858281e-01
9.917326501011450857e-01
9.917980945993249975e-01
9.918754432725431780e-01
9.919643223673704213e-01
9.920643169749301382e-01
9.921749740251627481e-01
9.922958054044005438e-01
9.924262911798080733e-01
9.925658829128836125e-01
9.927140070430332530e-01
9.928700683212647871e-01
9.930334532733561259e-01
9.932035336714590823e-01
9.933796699930267371e-01
9.935612148462061866e-01
9.937475163414030144e-01
9.939379213895721543e-01
9.941317789088762735e-01
9.943284429226303400e-01
9.945272755328588010e-01
9.947276497552820507e-01
9.949289522030633215e-01
9.951305856081600343e-01
9.953319711705866935e-01
9.955325507273199426e-01
9.957317887339308671e-01
9.959291740533463555e-01
9.961242215474136463e-01
9.963164734682153911e-01
9.965055006473475530e-01
9.966909034826819669e-01
9.968723127234720982e-01
9.970493900560574163e-01
9.972218284938548782e-01
9.973893525767989487e-01
9.975517183868697346e-01
9.977087133877999836e-01
9.978601560984411423e-01
9.980058956105321011e-01
9.981458109627096009e-01
9.982798103834641390e-01
9.984078304163264139e-01
9.985298349408220364e-01
9.986458141026264279e-01
9.987557831658605556e-01
9.988597812996090619e-01
9.989578703095349788e-01
9.990501333239696358e-01
9.991366734421556206e-01
9.992176123505208674e-01
9.992930889110850368e-01
9.993632577244865312e-01
9.994282876688014294e-01
9.994883604144342293e-01
9.995436689149971299e-01
9.995944158743353958e-01
9.996408121907210953e-01
9.996830753807163239e-01
9.997214279872268516e-01
9.997560959786944146e-01
9.997873071490699370e-01
