9.997967888927453695e-01
9.997672196780379439e-01
9.997344259669169730e-01
9.996982030700594102e-01
9.996583487296617498e-01
9.996146644254043645e-01
9.995669566263729600e-01
9.995150379779877969e-01
9.994587284166414065e-01
9.993978562082366235e-01
9.993322589099586928e-01
9.992617842572759645e-01
9.991862909802310400e-01
9.991056495545245220e-01
9.990197428936978818e-01
9.989284669889360035e-01
9.988317315027198662e-01
9.987294603218545008e-01
9.986215920744067054e-01
9.985080806139214893e-01
9.983888954730635312e-01
9.982640222876479896e-01
9.981334631909666300e-01
9.979972371774393780e-01
9.978553804339662658e-01
9.977079466369395133e-01
9.975550072127045143e-01
9.973966515593066795e-01
9.972329872276204377e-01
9.970641400603776905e-01
9.968902542881746820e-01
9.967114925821826121e-01
9.965280360639928725e-01
9.963400842737345497e-01
9.961478550982825197e-01
9.959515846619737545e-01
9.957515271827401815e-01
9.955479547968951737e-01
9.953411573559579617e-01
9.951314421988183279e-01
9.949191339022217528e-01
9.947045740119626611e-01
9.944881207563138759e-01
9.942701487420847473e-01
9.940510486323114181e-01
9.938312268029606544e-01
9.936111049742165635e-01
9.933911198099594220e-01
9.931717224770088004e-01
9.929533781536433734e-01
9.927365654749144008e-01
9.925217759004063556e-01
9.923095129884450527e-01
9.921002915593876148e-01
9.918946367296058719e-01
9.916930827971591755e-01
9.914961719599697521e-01
9.913044528476050443e-01
9.911184788485206676e-01
9.909388062158349664e-01
9.907659919363466239e-01
9.906005913495404824e-01
9.904431555057021663e-01
9.902942282549248576e-01
9.901543430616897012e-01
9.900240195427912893e-01
9.899037597296165281e-01
9.897940440591509459e-01
9.896953271015523912e-01
9.896080330356959998e-01
9.895325508877468312e-01
9.894692295515440383e-01
9.894183726133652934e-01
9.893802330074387141e-01
9.893550075323277460e-01
9.893428312619291232e-01
9.893437718881959997e-01
9.893578240356659670e-01
9.893849035902984035e-01
9.894248420868191340e-01
9.894773811995880575e-01
9.895421673817853536e-01
9.896187466963589641e-01
9.897065598796070951e-01
9.898049376744837424e-01
9.899130964657559817e-01
9.900301342431171436e-01
9.901550269114485214e-01
9.902866249598288872e-01
9.904236504928833895e-01
9.905646946199214709e-01
9.907082151893169542e-01
9.908525348480219375e-01
9.909958393992290837e-01
9.911361764252299977e-01
9.912714541376328459e-01
9.913994404134396365e-01
9.915177619731124770e-01
9.916239036557205067e-01
9.917152077465434257e-01
9.917888733140756141e-01
9.918419555161576140e-01
9.918713648388761683e-01
9.918738662368400405e-01
9.918460781493571021e-01
9.917844713738439566e-01
9.916853677854235993e-01
9.915449389000698943e-01
9.913592042878156541e-01
9.911240298524489623e-01
9.908351260047882914e-01
9.904880457680733663e-01
9.900781828662321704e-01
9.896007698588041857e-01
9.890508764000536246e-01
9.884234077142375341e-01
9.877131033939529070e-01
9.869145366437613864e-01
9.860221141066076722e-01
9.850300764255351949e-01
9.839324997074270218e-01
9.827232980684661445e-01
9.813962274521816909e-01
9.799448909197614466e-01
9.783627456182327764e-01
9.766431116346289132e-01
9.747791829429346411e-01
9.727640406450975830e-01
9.705906686974710151e-01
9.682519722996124623e-01
9.657407991034248074e-01
9.630499633773291768e-01
9.601722732327666598e-01
9.571005609891735100e-01
9.538277167190880590e-01
9.503467249776886838e-01
9.466507046813231741e-01
9.427329520579786903e-01
9.385869865496581088e-01
9.342065995027633019e-01
9.295859054383343034e-01
9.247193956498166445e-01
9.196019938324242471e-01
9.142291134056086399e-01
9.085967161491435018e-01
9.027013717344308796e-01
8.965403176963657739e-01
8.901115193580780849e-01
8.834137291916789314e-01
8.764465450734330032e-01
8.692104668721474248e-01
8.617069507956478525e-01
8.539384609125457715e-01
8.459085172656169993e-01
8.376217399994035917e-01
8.290838889384540833e-01
8.203018980740781618e-01
8.112839044466344518e-01
8.020392709470136605e-01
7.925786026047729749e-01
7.829137559807302083e-01
7.730578413380002623e-01
7.630252173264679971e-01
7.528314779804354817e-01
7.424934318964087065e-01
7.320290735263503823e-01
7.214575465898744877e-01
7.107990996754520729e-01
7.000750341644983443e-01
6.893076446721475570e-01
6.785201522536906671e-01
6.677366306754897174e-01
6.569819260932709959e-01
6.462815705190836368e-01
6.356616894910600557e-01
6.251489043879756569e-01
6.147702298541866117e-01
6.045529668207099139e-01
5.945245916259636054e-01
5.847126417560390976e-01
5.751445987402141746e-01
5.658477687535946599e-01
5.568491614959283353e-01
5.481753679341054841e-01
5.398524375158357813e-01
5.319057554832928858e-01
5.243599209376803572e-01
5.172386263280682739e-01
5.105645390594504285e-01
5.043591859348368622e-01
4.986428411629372226e-01
4.934344186754926476e-01
4.887513695052527751e-01
4.846095849758411678e-01
4.810233064472952957e-01
4.780050423450669106e-01
4.755654931751795989e-01
4.737134851937270241e-01
4.724559133548991152e-01
4.717976941085254561e-01
4.717417285561330553e-01
4.722888764045209964e-01
4.734379410786752063e-01
4.751856662725549851e-01
4.775267441280239833e-01
4.804538351400736707e-01
4.839575997917677785e-01
4.880267418260685330e-01
4.926480629650438203e-01
4.978065287908401970e-01
5.034853454082006685e-01
5.096660464159744608e-01
5.163285896258560381e-01
5.234514628810831294e-01
5.310117982468092190e-01
5.389854937679120495e-01
5.473473419198353618e-01
5.560711638143651658e-01
5.651299481657725554e-01
5.744959939743055077e-01
5.841410558443878021e-01
5.940364908249474718e-01
6.041534056398851771e-01
6.144628031685499536e-01
6.249357270399719111e-01
6.355434032210245388e-01
6.462573775080584504e-01
6.570496478740281976e-01
6.678927906786706892e-01
6.787600798174215910e-01
6.896255979649748014e-01
7.004643391605656078e-01
7.112523020830964215e-01
7.219665734735198903e-01
7.325854012777750501e-01
7.430882572040906631e-01
7.534558885116140470e-01
7.636703589709519235e-01
7.737150790592187688e-01
7.835748255704718668e-01
7.932357509350084213e-01
8.026853826460471630e-01
8.119126132881990809e-01
8.209076817473939247e-01
8.296621462554544246e-01
8.381688499833701567e-01
8.464218799449679809e-01
8.544165200067573851e-01
8.621491988202958368e-01
8.696174335007058609e-01
8.768197698695531228e-01
8.837557200629657661e-01
8.904256982776319607e-01
8.968309553893938357e-01
9.029735131328923137e-01
9.088560984775807539e-01
9.144820787769661896e-01
9.198553982056691947e-01
9.249805159343972294e-01
9.298623464276307704e-01
9.345062021841098465e-01
9.389177391773240178e-01
9.431029051931980600e-01
9.470678912059625754e-01
9.508190858814744573e-01
9.543630332505518288e-01
9.577063935535266026e-01
9.608559072213391783e-01
9.638183619281105452e-01
9.666005626250498972e-01
9.692093044455241113e-01
9.716513483557608355e-01
9.739333994145166207e-01
9.760620874976470018e-01
9.780439503393281164e-01
9.798854187401957461e-01
9.815928037933875361e-01
9.831722859819177485e-01
9.846299060045804463e-01
9.859715571922921251e-01
9.872029793821470722e-01
9.883297541222431093e-01
9.893573010863571104e-01
9.902908755836974386e-01
9.911355670551598163e-01
9.918962984537352812e-01
9.925778264129473394e-01
9.931847421134308851e-01
9.937214727640036882e-01
9.941922836198097135e-01
9.946012804662843765e-01
9.949524125037609856e-01
9.952494755734042631e-01
9.954961156707368142e-01
9.956958326981902863e-01
9.958519844127660114e-01
9.959677905289292532e-01
9.960463369402128286e-01
9.960905800256382170e-01
9.961033510089829512e-01
9.960873603401882992e-01
9.960452020689154473e-01
9.959793581805659324e-01
9.958922028651671088e-01
9.957860066895733997e-01
9.956629406436626750e-01
9.955250800317959614e-01
9.953744081819263512e-01
9.952128199465183345e-01
9.950421249719331174e-01
9.948640507161986557e-01
9.946802451990474081e-01
9.944922794727226734e-01
9.943016498071671760e-01
9.941097795886703059e-01
9.939180209366700325e-01
9.937276560489858301e-01
9.935398982911038956e-01
9.933558930500683282e-01
9.931767183778859032e-01
9.930033854530003756e-01
9.928368388912437448e-01
9.926779569396539937e-01
9.925275515876621490e-01
9.923863686303812104e-01
9.922550877181544049e-01
9.921343224251852888e-01
9.920246203680994634e-01
9.919264634027745720e-01
9.918402679248600196e-01
9.917663852962130822e-01
9.917051024161278594e-01
9.916566424528523438e-01
9.916211657475736407e-01
9.915987708998796890e-01
9.915894960407497516e-01
9.915933202964086757e-01
9.916101654439191115e-01
9.916398977571738715e-01
9.916823300399568719e-01
9.917372238409293272e-01
9.918042918437258715e-01
9.918832004237648770e-01
9.919735723618606782e-01
9.920749897032381526e-01
9.921869967490891673e-01
9.923091031663833217e-01
9.924407872002676267e-01
9.925814989721070125e-01
9.927306638450623666e-01
9.928876858381370241e-01
9.930519510688778917e-01
9.932228312044422136e-01
9.933996869005602415e-01
9.935818712080436432e-01
9.937687329269127012e-01
9.939596198889173451e-01
9.941538821501750833e-01
9.943508750767997562e-01
9.945499623076993201e-01
9.947505185801287508e-01
9.949519324050477564e-01
9.951536085808134757e-01
9.953549705352087162e-01
9.955554624872380298e-01
9.957545514215252469e-01
9.959517288695026727e-01
9.961465124929141934e-01
9.963384474664742640e-01
9.965271076578471332e-01
9.967120966044568098e-01
9.968930482880085098e-01
9.970696277090198567e-01
9.972415312651048414e-01
9.974084869382210394e-01
9.975702542975656284e-01
9.977266243262415957e-01
9.978774190811861011e-01
9.980224911971042889e-01
9.981617232462313138e-01
9.982950269666058807e-01
9.984223423721146906e-01
9.985436367578384154e-01
9.986589036141283460e-01
9.987681614623925563e-01
9.988714526247348680e-01
9.989688419384296081e-01
9.990604154247645363e-01
9.991462789201281947e-01
9.992265566754671147e-01
9.993013899285007051e-01
9.993709354515067922e-01
9.994353640761957092e-01
9.994948591963154216e-01
9.995496152482652441e-01
9.995998361702176371e-01
9.996457338410851268e-01
9.996875265020968016e-01
9.997254371657064986e-01
9.997596920189101288e-01
9.997905188306537294e-01
