9.997971544100894281e-01
9.997676306052585282e-01
9.997348853310479289e-01
9.996987136753628933e-01
9.996589130786278643e-01
9.996152846362289512e-01
9.995676343485030424e-01
9.995157743075235857e-01
9.994595238135330906e-01
9.993987104173092106e-01
9.993331708878313568e-01
9.992627521072070529e-01
9.991873118968097600e-01
9.991067197799508026e-01
9.990208576871419943e-01
9.989296206101616615e-01
9.988329172107899279e-01
9.987306703893389370e-01
9.986228178170893921e-01
9.985093124355690630e-01
9.983901229244021014e-01
9.982652341382962646e-01
9.981346475127270690e-01
9.979983814370534390e-01
9.978564715932158879e-01
9.977089712578286473e-01
9.975559515653843468e-01
9.973975017304238522e-01
9.972337292268542708e-01
9.970647599230993974e-01
9.968907381723816075e-01
9.967118268581386387e-01
9.965282073953177777e-01
9.963400796890226063e-01
9.961476620526762416e-01
9.959511910884658592e-01
9.957509215333006924e-01
9.955471260738298911e-01
9.953400951341712100e-01
9.951301366398841441e-01
9.949175757613556437e-01
9.947027546391272734e-01
9.944860320927862984e-01
9.942677833138662269e-01
9.940483995417694896e-01
9.938282877200651511e-01
9.936078701286701342e-01
9.933875839854316991e-01
9.931678810085688980e-01
9.929492269293516138e-01
9.927321009423848430e-01
9.925169950789947126e-01
9.923044134875539379e-01
9.920948716032181869e-01
9.918888951885278527e-01
9.916870192257203342e-01
9.914897866414326133e-01
9.912977468447773388e-01
9.911114540605463485e-01
9.909314654405350087e-01
9.907583389376407590e-01
9.905926309294499355e-01
9.904348935804180298e-01
9.902856719344330649e-01
9.901455007324624358e-01
9.900149009530851973e-01
9.898943760769539635e-01
9.897844080795917820e-01
9.896854531603958005e-01
9.895979372192663659e-01
9.895222510959190698e-01
9.894587455906418416e-01
9.894077262890181856e-01
9.893694482169096416e-01
9.893441103557113481e-01
9.893318500514828306e-01
9.893327373548906900e-01
9.893467693318415135e-01
9.893738643870815253e-01
9.894138566447188143e-01
9.894664904304373287e-01
9.895314148999638793e-01
9.896081788570223470e-01
9.896962258014934122e-01
9.897948892447759883e-01
9.899033883244817700e-01
9.900208237446751491e-01
9.901461740610809636e-01
9.902782923232261725e-01
9.904159030776072958e-01
9.905575997279737477e-01
9.907018422409422653e-01
9.908469551777099316e-01
9.909911260258452703e-01
9.911324037992251812e-01
9.912686978693382445e-01
9.913977769874958712e-01
9.915172684550820348e-01
9.916246573978454437e-01
9.917172861003999973e-01
9.917923533584955820e-01
9.918469138092029791e-01
9.918778772028251645e-01
9.918820075850385276e-01
9.918559223633791611e-01
9.917960912386739603e-01
9.916988349892998933e-01
9.915603241042267868e-01
9.913765772696336853e-01
9.911434597235073696e-01
9.908566815030538377e-01
9.905117956210147678e-01
9.901041962191035051e-01
9.896291167597708327e-01
9.890816283313497159e-01
9.884566381562366333e-01
9.877488884069970387e-01
9.869529554509320901e-01
9.860632496593948471e-01
9.850740159336350832e-01
9.839793351137071653e-01
9.827731264504911968e-01
9.814491513325735994e-01
9.800010184690424175e-01
9.784221907356027703e-01
9.767059938942799224e-01
9.748456273959188456e-01
9.728341774693333166e-01
9.706646326911061440e-01
9.683299022155584801e-01
9.658228368253524154e-01
9.631362529397046179e-01
9.602629596895498887e-01
9.571957891375728611e-01
9.539276296862437832e-01
9.504514626793660881e-01
9.467604021626468969e-01
9.428477377269870452e-01
9.387069803150536185e-01
9.343319108277492457e-01
9.297166313229283663e-01
9.248556185545873110e-01
9.197437795572699359e-01
9.143765089380353484e-01
9.087497474975354539e-01
9.028600417630469055e-01
8.967046039802342161e-01
8.902813720775477613e-01
8.835890690880663367e-01
8.766272614888841463e-01
8.693964158984257562e-01
8.618979535579338602e-01
8.541343020154015253e-01
8.461089434288950883e-01
8.378264589120055783e-01
8.292925683573701967e-01
8.205141651950388360e-01
8.114993455709575976e-01
8.022574314668531326e-01
7.927989873260128384e-01
7.831358297992858652e-01
7.732810302813740710e-01
7.632489099681709632e-01
7.530550272304095127e-01
7.427161571660010342e-01
7.322502632617751139e-01
7.216764611635555493e-01
7.110149746202398813e-01
7.002870837315648966e-01
6.895150656894415420e-01
6.787221282582340809e-01
6.679323362895313032e-01
6.571705316114571094e-01
6.464622466713592086e-01
6.358336123440365695e-01
6.253112603460040386e-01
6.149222207204165791e-01
6.046938148780116595e-01
5.946535446977654349e-01
5.848289782079139076e-01
5.752476323844492034e-01
5.659368536209609113e-01
5.569236964414285840e-01
5.482348010465381005e-01
5.398962703045275813e-01
5.319335468191455085e-01
5.243712907296930181e-01
5.172332589204817754e-01
5.105421863385292136e-01
5.043196701377474778e-01
4.985860573841033316e-01
4.933603370679181532e-01
4.886600371755197569e-01
4.845011275715686017e-01
4.808979294347994760e-01
4.778630319726866471e-01
4.754072171143106651e-01
4.735393928451582246e-01
4.722665358027878790e-01
4.715936436985505020e-01
4.715236980684469614e-01
4.720576377864460493e-01
4.731943436971880468e-01
4.749306346429219561e-01
4.772612750729535724e-01
4.801789943339263012e-01
4.836745176469798846e-01
4.877366086843459847e-01
4.923521235641334926e-01
4.975060759888277895e-01
5.031817131611182603e-01
5.093606020207663843e-01
5.160227252589267843e-01
5.231465864822140155e-01
5.307093238184594775e-01
5.386868311800431242e-01
5.470538863296515730e-01
5.557842848279174186e-01
5.648509788834874534e-01
5.742262200744827627e-01
5.838817048670315035e-01
5.937887218224811026e-01
6.039182993611200700e-01
6.142413529376363757e-01
6.247288304830000971e-01
6.353518549797724235e-01
6.460818630634308501e-01
6.568907385815855315e-01
6.677509400958865360e-01
6.786356213777093860e-01
6.895187440277541491e-01
7.003751814405532183e-01
7.111808134362609390e-01
7.219126109925027013e-01
7.325487106266284076e-01
7.430684781015022278e-01
7.534525612537774641e-01
7.636829318702698099e-01
7.737429166632885380e-01
7.836172175174360710e-01
7.932919212963364108e-01
8.027544996060990146e-01
8.119937990112906512e-01
8.210000222873536924e-01
8.297647013694779972e-01
8.382806627210553918e-01
8.465419858943546982e-01
8.545439560916399113e-01
8.622830115566463283e-01
8.697566866343670045e-01
8.769635513320973574e-01
8.839031481974299886e-01
8.905759273004537624e-01
8.969831800690154511e-01
9.031269726789452612e-01
9.090100796471353162e-01
9.146359182158373402e-01
9.200084840531294050e-01
9.251322887287231067e-01
9.300122993576660502e-01
9.346538807384121572e-01
9.390627402474661656e-01
9.432448756914438848e-01
9.472065262598511337e-01
9.509541266689118810e-01
9.544942645388895253e-01
9.578336410049086425e-01
9.609790345244491050e-01
9.639372678134515704e-01
9.667151778171978460e-01
9.693195886015293361e-01
9.717572870341708580e-01
9.740350011144821574e-01
9.761593808023674157e-01
9.781369811928022351e-01
9.799742478809627677e-01
9.816775043637533393e-01
9.832529413261347218e-01
9.847066076646548982e-01
9.860444031055710656e-01
9.872720722806578308e-01
9.883952001299481926e-01
9.894192085070990794e-01
9.903493538696754861e-01
9.911907259433395678e-01
9.919482472556674368e-01
9.926266734420826632e-01
9.932305942331779436e-01
9.937644350394705395e-01
9.942324590563854647e-01
9.946387698189134152e-01
9.949873141418851263e-01
9.952818853880354144e-01
9.955261270118811456e-01
9.957235363327994193e-01
9.958774684954366796e-01
9.959911405796206818e-01
9.960676358252135154e-01
9.961099079398091360e-01
9.961207854588738364e-01
9.961029761289141859e-01
9.960590712846641992e-01
9.959915501912752767e-01
9.959027843222598708e-01
9.957950415437007985e-01
9.956704901752043702e-01
9.955312028984460992e-01
9.953791604851077723e-01
9.952162553176570059e-01
9.950442946788549126e-01
9.948650037891112463e-01
9.946800285748090831e-01
9.944909381553949101e-01
9.942992270422427170e-01
9.941063170478874333e-01
9.939135589099761248e-01
9.937222336400117761e-01
9.935335536124577649e-01
9.933486634148339656e-01
9.931686404839165094e-01
9.929944955569004472e-01
9.928271729693092240e-01
9.926675508334714682e-01
9.925164411325132496e-01
9.923745897650464443e-01
9.922426765751294342e-01
9.921213154007006985e-01
9.920110541716677943e-01
9.919123750862656186e-01
9.918256948913437565e-01
9.917513652890075360e-01
9.916896734886759823e-01
9.916408429202312469e-01
9.916050341206367191e-01
9.915823458032509974e-01
9.915728161161431187e-01
9.915764240930229345e-01
9.915930912979642464e-01
9.916226836628838637e-01
9.916650135147302425e-01
9.917198417874748539e-01
9.917868804122542681e-01
9.918657948773311750e-01
9.919562069479068711e-01
9.920576975342003667e-01
9.921698096946183210e-01
9.922920517592869194e-01
9.924239005577411010e-01
9.925648047332044088e-01
9.927141881247074640e-01
9.928714531973197310e-01
9.930359845000752417e-01
9.932071521307709316e-01
9.933843151867456367e-01
9.935668251810003682e-01
9.937540294035854815e-01
9.939452742090251203e-01
9.941399082116327834e-01
9.943372853718380755e-01
9.945367679580401354e-01
9.947377293699668499e-01
9.949395568110174226e-01
9.951416537985402488e-01
9.953434425024371146e-01
9.955443659038717419e-01
9.957438897671875289e-01
9.959415044194226407e-01
9.961367263330646038e-01
9.963290995089301161e-01
9.965181966573134487e-01
9.967036201768352255e-01
9.968850029317618544e-01
9.970620088299508854e-01
9.972343332050181974e-01
9.974017030077922952e-01
9.975638768136091405e-01
9.977206446534551132e-01
9.978718276783673513e-01
9.980172776677685986e-01
9.981568763935239064e-01
9.982905348523782862e-01
9.984181923800309333e-01
9.985398156603639830e-01
9.986553976432536173e-01
9.987649563839169353e-01
9.988685338159019045e-01
9.989661944686449857e-01
9.990580241390435434e-01
9.991441285248165993e-01
9.992246318256513549e-01
9.992996753163889689e-01
9.993694158949176787e-01
9.994340246061557131e-01
9.994936851426461377e-01
9.995485923219470381e-01
9.995989505412626874e-01
9.996449722106408586e-01
9.996868761675434811e-01
9.997248860776061230e-01
9.997592288288124074e-01
9.997901329289616834e-01
