9.997969359252659727e-01
9.997673826448658652e-01
9.997346053112056152e-01
9.996983990007194398e-01
9.996585611771162672e-01
9.996148929972586972e-01
9.995672005641260682e-01
9.995152961159889937e-01
9.994589991445382848e-01
9.993981374381544214e-01
9.993325480496042523e-01
9.992620781900604099e-01
9.991865860533603039e-01
9.991059415758201112e-01
9.990200271376814545e-01
9.989287382124584225e-01
9.988319839701370606e-01
9.987296878394689159e-01
9.986217880336111241e-01
9.985082380422164450e-01
9.983890070918797210e-01
9.982640805757047042e-01
9.981334604517396736e-01
9.979971656092101462e-01
9.978552322008741315e-01
9.977077139394734395e-01
9.975546823561290966e-01
9.973962270186400580e-01
9.972324557079371710e-01
9.970634945514110781e-01
9.968894881124138463e-01
9.967105994359032328e-01
9.965270100509046047e-01
9.963389199311758482e-01
9.961465474161210754e-01
9.959501290945855789e-01
9.957499196546237830e-01
9.955461917026331431e-01
9.953392355553588589e-01
9.951293590081594642e-01
9.949168870825639832e-01
9.947021617555300566e-01
9.944855416719186048e-01
9.942674018405394110e-01
9.940481333127093588e-01
9.938281428406242624e-01
9.936078525110139115e-01
9.933876993475835304e-01
9.931681348736925985e-01
9.929496246246646285e-01
9.927326475971192110e-01
9.925176956208583423e-01
9.923052726371913712e-01
9.920958938662230997e-01
9.918900848446189356e-01
9.916883803147579224e-01
9.914913229460167177e-01
9.912994618692364535e-01
9.911133510061914675e-01
9.909335471771131276e-01
9.907606079709814217e-01
9.905950893653447942e-01
9.904375430848195716e-01
9.902885136900888563e-01
9.901485353921316568e-01
9.900181285894985583e-01
9.898977961296919759e-01
9.897880192990639037e-01
9.896892535491035314e-01
9.896019239705392545e-01
9.895264205303150318e-01
9.894630930902107435e-01
9.894122462296427445e-01
9.893741338989580081e-01
9.893489539332703808e-01
9.893368424604841449e-01
9.893378682404991853e-01
9.893520269755491370e-01
9.893792356340329608e-01
9.894193268318980383e-01
9.894720433164508888e-01
9.895370325972778769e-01
9.896138417676316745e-01
9.897019125571189235e-01
9.898005766527964155e-01
9.899090513208924635e-01
9.900264353554287799e-01
9.901517053731854201e-01
9.902837124669476854e-01
9.904211792210494414e-01
9.905626970851548752e-01
9.907067240942905029e-01
9.908515829156208099e-01
9.909954591956098291e-01
9.911364001752455133e-01
9.912723135361022342e-01
9.914009664363051533e-01
9.915199846930217165e-01
9.916268520669719866e-01
9.917189096046158392e-01
9.917933549951014616e-01
9.918472419016810537e-01
9.918774792310331989e-01
9.918808303087028877e-01
9.918539119345848309e-01
9.917931932989726418e-01
9.916949947471224158e-01
9.915554863884895598e-01
9.913706865557969650e-01
9.911364601288724652e-01
9.908485167487764977e-01
9.905024089591609737e-01
9.900935303240622209e-01
9.896171135844488154e-01
9.890682289297703100e-01
9.884417824754165860e-01
9.877325150522404673e-01
9.869350014299067553e-01
9.860436501115068531e-01
9.850527038522363110e-01
9.839562410695239514e-01
9.827481783253102510e-01
9.814222740726371574e-01
9.799721338677754856e-01
9.783912172552081676e-01
9.766728465354062028e-01
9.748102176240397432e-01
9.727964132057096425e-01
9.706244183752564814e-01
9.682871389450919963e-01
9.657774225778533728e-01
9.630880828801419158e-01
9.602119265654702751e-01
9.571417837631394088e-01
9.538705415150575684e-01
9.503911804649517459e-01
9.466968147045371484e-01
9.427807346994849791e-01
9.386364531750043261e-01
9.342577537969876111e-01
9.296387424404760624e-01
9.247739007931299327e-01
9.196581419979169558e-01
9.142868679968338963e-01
9.086560281966431507e-01
9.027621790388408174e-01
8.966025440199352214e-01
8.901750736751521398e-01
8.834785050095137482e-01
8.765124198354498075e-01
8.692773014563477396e-01
8.617745891212882370e-01
8.540067296682797293e-01
8.459772257720660216e-01
8.376906802184979073e-01
8.291528356408678357e-01
8.203706091746721940e-01
8.113521215160413025e-01
8.021067199054094932e-01
7.926449946015216019e-01
7.829787884610470705e-01
7.731211992951321221e-01
7.630865747351980310e-01
7.528904994050763522e-01
7.425497742638897947e-01
7.320823880526121652e-01
7.215074808455641531e-01
7.108452997749297175e-01
7.001171470603975155e-01
6.893453205362387592e-01
6.785530469235494522e-01
6.677644081454875424e-01
6.570042610277119222e-01
6.462981507648852819e-01
6.356722185672523118e-01
6.251531039294798697e-01
6.147678419878459533e-01
6.045437564523898910e-01
5.945083486187299204e-01
5.846891829809537366e-01
5.751137699831657679e-01
5.658094464637564158e-01
5.568032543638858911e-01
5.481218182903708769e-01
5.397912225432587308e-01
5.318368882397246367e-01
5.242834511880296589e-01
5.171546411874361482e-01
5.104731634513296479e-01
5.042605828700965631e-01
4.985372118465385416e-01
4.933220024483623289e-01
4.886324436284498196e-01
4.844844642630283804e-01
4.808923427495432890e-01
4.778686238892813076e-01
4.754240437539961617e-01
4.735674632007569329e-01
4.723058106549652413e-01
4.716440347282282453e-01
4.715850671760858370e-01
4.721297966311637229e-01
4.732770534710906141e-01
4.750236060984541764e-01
4.773641688233212221e-01
4.802914214484449440e-01
4.837960405644237127e-01
4.878667424677136655e-01
4.924903375195790467e-01
4.976517956696454581e-01
5.033343227745178394e-01
5.095194472506812122e-01
5.161871165122839944e-01
5.233158025590316509e-01
5.308826159979946890e-01
5.388634277062016587e-01
5.472329972692637767e-01
5.559651072656182080e-01
5.650327024071375437e-01
5.744080324957447914e-01
5.840627981131771840e-01
5.939682979281504238e-01
6.040955764828668251e-01
6.144155713098976568e-01
6.248992582319148337e-01
6.355177937110167985e-01
6.462426531421406883e-01
6.570457640263304144e-01
6.678996330145430260e-01
6.787774658807000927e-01
6.896532795633020241e-01
7.005020055070252383e-01
7.112995836380583414e-01
7.220230464179402396e-01
7.326505925385143891e-01
7.431616499433281176e-01
7.535369279862571545e-01
7.637584586641288364e-01
7.738096269844521036e-01
7.836751906498825582e-01
7.933412893557161283e-01
8.027954441036319055e-01
8.120265470324040669e-01
8.210248423529507011e-01
8.297818990496717007e-01
8.382905760717194177e-01
8.465449807859894982e-01
8.545404214979802626e-01
8.622733548672464332e-01
8.697413290512527873e-01
8.769429234056247413e-01
8.838776855508955199e-01
8.905460665869204817e-01
8.969493551974069279e-01
9.030896113398630964e-01
9.089696001622059596e-01
9.145927267278279871e-01
9.199629720676860689e-01
9.250848310124959450e-01
9.299632521918624883e-01
9.346035805215564540e-01
9.390115024363739904e-01
9.431929940652208355e-01
9.471542724881023556e-01
9.509017501623435731e-01
9.544419925580910347e-01
9.577816790013251591e-01
9.609275666863686949e-01
9.638864577892151120e-01
9.666651695877507278e-01
9.692705074748295679e-01
9.717092407347944771e-01
9.739880809429698472e-01
9.761136628403725979e-01
9.780925275318816947e-01
9.799311078548285092e-01
9.816357157659325594e-01
9.832125315972148893e-01
9.846675950355698870e-01
9.860067976856834449e-01
9.872358770816606066e-01
9.883604120188284048e-01
9.893858190835337352e-01
9.903173502652418136e-01
9.911600915417930757e-01
9.919189623352424601e-01
9.925987157422814233e-01
9.932039394498094476e-01
9.937390572527687871e-01
9.942083310978580002e-01
9.946158635831459094e-01
9.949656008498485305e-01
9.952613358085206086e-01
9.955067116475402322e-01
9.957052255769199833e-01
9.958602327650515340e-01
9.959749504298958112e-01
9.960524620492986481e-01
9.960957216575272444e-01
9.961075581968006354e-01
9.960906798936027817e-01
9.960476786300352936e-01
9.959810342805466288e-01
9.958931189842538112e-01
9.957862013229552556e-01
9.956624503750325372e-01
9.955239396159354381e-01
9.953726506370166316e-01
9.952104766562412941e-01
9.950392257968254661e-01
9.948606241131604522e-01
9.946763183474365277e-01
9.944878784050825704e-01
9.942967995423650507e-01
9.941045042650641372e-01
9.939123439428778628e-01
9.937216001498914153e-01
9.935334857468910430e-01
9.933491457263147195e-01
9.931696578450430746e-01
9.929960330739273644e-01
9.928292158958146318e-01
9.926700844858145079e-01
9.925194508086352396e-01
9.923780606680194794e-01
9.922465937426770966e-01
9.921256636417356001e-01
9.920158180106998236e-01
9.919175387163640112e-01
9.918312421361684672e-01
9.917572795742850555e-01
9.916959378233626277e-01
9.916474398874975948e-01
9.916119458786954999e-01
9.915895540959506205e-01
9.915803022931375388e-01
9.915841691392084378e-01
9.916010758717367368e-01
9.916308881426219024e-01
9.916734180527416731e-01
9.917284263704762015e-01
9.917956249272833480e-01
9.918746791818388031e-01
9.919652109426471132e-01
9.920668012374531664e-01
9.921789933162391550e-01
9.923012957731027761e-01
9.924331857708947879e-01
9.925741123511965247e-01
9.927234998110846531e-01
9.928807511272066399e-01
9.930452514070223780e-01
9.932163713466841681e-01
9.933934706749494303e-01
9.935759015627521062e-01
9.937630119785881844e-01
9.939541489706633648e-01
9.941486618577787260e-01
9.943459053121316282e-01
9.945452423185455748e-01
9.947460469960498486e-01
9.949477072691811363e-01
9.951496273778178692e-01
9.953512302157763170e-01
9.955519594897728197e-01
9.957512816916900267e-01
9.959486878783803121e-01
9.961436952545190682e-01
9.963358485552904487e-01
9.965247212269803256e-01
9.967099164048731641e-01
9.968910676892126510e-01
9.970678397214056687e-01
9.972399285641043720e-01
9.974070618902902696e-01
9.975689989879766850e-01
9.977255305886122416e-01
9.978764785286539096e-01
9.980216952550570175e-01
9.981610631865139860e-01
9.982944939431490639e-01
9.984219274579483328e-01
9.985433309834690352e-01
9.986586980072605924e-01
9.987680470889556128e-01
9.988714206311380961e-01
9.989688835949088741e-01
9.990605221695949556e-01
9.991464424043797754e-01
9.992267688078629861e-01
9.993016429198194883e-01
9.993712218578534312e-01
9.994356768403658275e-01
9.994951916863982211e-01
9.995499612925871080e-01
9.996001900877213853e-01
9.996460904662790581e-01
9.996878812037950368e-01
9.997257858589112534e-01
9.997600311693597419e-01
9.997908454517672183e-01
