-1.0209
-1.0209
-1.0209
-1.0209
-1.0209
-1.0209
-1.0209
-1.0209
-1.0209
-1.0209
-1.0209
-1.0209
-1.0209
-1.0209
-1.0209
-1.0209
-1.0209
-1.0209
-1.0209
-1.0209
-1.0209
-1.0209
-1.0209
-1.0209
-1.0196
-0.99774
-0.94147
-0.8351
-0.68373
-0.51491
-0.28952
-0.025694
0.25003
0.56934
0.88285
1.2195
1.5769
1.895
2.1748
2.4456
2.7119
2.9226
3.046
3.1822
3.2566
3.2746
3.2594
3.1962
3.0741
2.9448
2.7672
2.5664
2.3527
2.1349
1.8858
1.6345
1.3883
1.1444
0.90302
0.70535
0.50627
0.32186
0.17291
0.051616
-0.057095
-0.1596
-0.23993
-0.3069
-0.37908
-0.44446
-0.52669
-0.61229
-0.69012
-0.80015
-0.90897
-0.98297
-1.0184
-1.0209
-1.0209
-1.0209
-1.0209
-1.0209
-1.0209
-1.0209
-1.0209
-1.0209
-1.0209
-1.0209
-1.0209
-1.0209
-1.0209
-1.0209
-1.0209
-1.0209
-1.0209
-1.0209
-1.0209
-1.0209
-1.0209
-1.0209
