-1.0305
-1.0305
-1.0305
-1.0305
-1.0305
-1.0305
-1.0305
-1.0305
-1.0305
-1.0305
-1.0305
-1.0305
-1.0305
-1.0305
-1.0305
-1.0305
-1.0305
-1.0305
-1.0305
-1.0305
-1.0305
-1.0305
-1.0305
-1.0305
-1.0292
-1.0076
-0.95171
-0.84606
-0.69556
-0.52755
-0.30314
-0.040293
0.2346
0.55312
0.8661
1.2024
1.5599
1.8785
2.1593
2.4316
2.7001
2.9134
3.0401
3.1802
3.2588
3.2815
3.2712
3.2131
3.0959
2.9715
2.7983
2.6017
2.3915
2.1768
1.9299
1.6798
1.4341
1.1897
0.94697
0.74791
0.54622
0.35844
0.2061
0.081353
-0.031251
-0.13813
-0.22248
-0.29319
-0.36926
-0.43803
-0.52381
-0.61248
-0.69281
-0.80553
-0.91658
-0.99195
-1.028
-1.0305
-1.0305
-1.0305
-1.0305
-1.0305
-1.0305
-1.0305
-1.0305
-1.0305
-1.0305
-1.0305
-1.0305
-1.0305
-1.0305
-1.0305
-1.0305
-1.0305
-1.0305
-1.0305
-1.0305
-1.0305
-1.0305
-1.0305
