9.997973049705028981e-01
9.997678055917895712e-01
9.997350879068855889e-01
9.996989472775271723e-01
9.996591814197262060e-01
9.996155917021770643e-01
9.995679843916752683e-01
9.995161718348434254e-01
9.994599735690919973e-01
9.993992173591993433e-01
9.993337401590053348e-01
9.992633890003203012e-01
9.991880218131696800e-01
9.991075081828727500e-01
9.990217300501966768e-01
9.989305823609798685e-01
9.988339736712659178e-01
9.987318267132275773e-01
9.986240789261225936e-01
9.985106829553146435e-01
9.983916071211457188e-01
9.982668358582447166e-01
9.981363701248016085e-01
9.980002277804679300e-01
9.978584439309199361e-01
9.977110712367404100e-01
9.975581801841514329e-01
9.973998593152390013e-01
9.972362154156264591e-01
9.970673736580453195e-01
9.968934777008721104e-01
9.967146897414150830e-01
9.965311905244919055e-01
9.963431793075997467e-01
9.961508737847011297e-01
9.959545099712813210e-01
9.957543420538425005e-01
9.955506422073491235e-01
9.953437003842803277e-01
9.951338240788648593e-01
9.949213380697340403e-01
9.947065841436202316e-01
9.944899208018405101e-01
9.942717229501452092e-01
9.940523815710879951e-01
9.938323033764238090e-01
9.936119104351933684e-01
9.933916397711645141e-01
9.931719429212308992e-01
9.929532854442809642e-01
9.927361463680297593e-01
9.925210175594142425e-01
9.923084030024866831e-01
9.920988179663465800e-01
9.918927880446266609e-01
9.916908480474101450e-01
9.914935407262788214e-01
9.913014153134718232e-01
9.911150258568914850e-01
9.909349293339098086e-01
9.907616835285840695e-01
9.905958446589282484e-01
9.904379647432787204e-01
9.902885886974662766e-01
9.901482511574170031e-01
9.900174730249086119e-01
9.898967577374505611e-01
9.897865872666332665e-01
9.896874178527570454e-01
9.895996754871173584e-01
9.895237511569699995e-01
9.894599958719167976e-01
9.894087154942243778e-01
9.893701653993709488e-01
9.893445449968467642e-01
9.893319921448281429e-01
9.893325774956822638e-01
9.893462988122029289e-01
9.893730752968690201e-01
9.894127419780852639e-01
9.894650441981619471e-01
9.895296322475601869e-01
9.896060561885746676e-01
9.896937609090736832e-01
9.897920814431643288e-01
9.899002385907420543e-01
9.900173348619331071e-01
9.901423507656142986e-01
9.902741414537107323e-01
9.904114337250835565e-01
9.905528233848082120e-01
9.906967729467801576e-01
9.908416096601557754e-01
9.909855238333864502e-01
9.911265674237457191e-01
9.912626528554637773e-01
9.913915520259902747e-01
9.915108954575796441e-01
9.916181715503717964e-01
9.917107258934022562e-01
9.917857605914887076e-01
9.918403335686241107e-01
9.918713578122881902e-01
9.918756005278718257e-01
9.918496821781120909e-01
9.917900753889828946e-01
9.916931037108223101e-01
9.915549402315609884e-01
9.913716060477438807e-01
9.911389686085978479e-01
9.908527399587343520e-01
9.905084749162036406e-01
9.901015692345664920e-01
9.896272578104378104e-01
9.890806130115551431e-01
9.884565432147663921e-01
9.877497916582933524e-01
9.869549357279934210e-01
9.860663868128376475e-01
9.850783908800739841e-01
9.839850299351092788e-01
9.827802245445100837e-01
9.814577376121366159e-01
9.800111796077106696e-01
9.784340154535172696e-01
9.767195732779140327e-01
9.748610552434328058e-01
9.728515506521331346e-01
9.706840515212720177e-01
9.683514708081679689e-01
9.658466634443841903e-01
9.631624503161742012e-01
9.602916453007785957e-01
9.572270854370009685e-01
9.539616642739323638e-01
9.504883684042348957e-01
9.468003171485273040e-01
9.428908053156758173e-01
9.387533489206745241e-01
9.343817336978393895e-01
9.297700662027047480e-01
9.249128272518081229e-01
9.198049274059544311e-01
9.144417641600476321e-01
9.088192804616824771e-01
9.029340241419041568e-01
8.967832078054297495e-01
8.903647686947449014e-01
8.836774280134284121e-01
8.767207491694285482e-01
8.694951943794145821e-01
8.620021790613437984e-01
8.542441234345754530e-01
8.462245007457308565e-01
8.379478815444463269e-01
8.294199734465286245e-01
8.206476558429576240e-01
8.116390090417343606e-01
8.024033373655811152e-01
7.929511857716365908e-01
7.832943496089819213e-01
7.734458771853749415e-01
7.634200648749964735e-01
7.532324445632215815e-01
7.428997632912031079e-01
7.324399550310434215e-01
7.218721045901808075e-01
7.112164037100199288e-01
7.004940994875008542e-01
6.897274353082054610e-01
6.789395845348076275e-01
6.681545772446045861e-01
6.573972203541555981e-01
6.466930115076465757e-01
6.360680471387833990e-01
6.255489251442131193e-01
6.151626426304930284e-01
6.049364892172721664e-01
5.948979363976472090e-01
5.850745234735672540e-01
5.754937406006154221e-01
5.661829094933328310e-01
5.571690623600279446e-01
5.484788196551754202e-01
5.401382672581007682e-01
5.321728337085351868e-01
5.246071681523185593e-01
5.174650196733305840e-01
5.107691187096647933e-01
5.045410612720269139e-01
4.988011966991261481e-01
4.935685196970839295e-01
4.888605674164935300e-01
4.846933223204025198e-01
4.810811215883425973e-01
4.780365737846514751e-01
4.755704834932993341e-01
4.736917845859082155e-01
4.724074827447238833e-01
4.717226078081857565e-01
4.716401764441007227e-01
4.721611655849380362e-01
4.732844969824634429e-01
4.750070331558674530e-01
4.773235849198875780e-01
4.802269305883966055e-01
4.837078468556391675e-01
4.877551512629272334e-01
4.923557560641275144e-01
4.974947332096012476e-01
5.031553900762737452e-01
5.093193554818150615e-01
5.159666754342508987e-01
5.230759179851667273e-01
5.306242864756214317e-01
5.385877403894947513e-01
5.469411229597551660e-01
5.556582946098058695e-01
5.647122712552310464e-01
5.740753664417572733e-01
5.837193362538952712e-01
5.936155258963977666e-01
6.037350168283269758e-01
6.140487733179571528e-01
6.245277872868590929e-01
6.351432203239701924e-01
6.458665417757497584e-01
6.566696618570335708e-01
6.675250587789005596e-01
6.784058989545667107e-01
6.892861494214367335e-01
7.001406817061055499e-01
7.109453664581564247e-01
7.216771582865447732e-01
7.323141703475062325e-01
7.428357383533465974e-01
7.532224737951147553e-01
7.634563062968328095e-01
7.735205151425190717e-01
7.833997501374936334e-01
7.930800420803741924e-01
8.025488032298017105e-01
8.117948182485793529e-01
8.208082261960406578e-01
8.295804942158635509e-01
8.381043836302455308e-01
8.463739092017139587e-01
8.543842923604821893e-01
8.621319092181550792e-01
8.696142341979766766e-01
8.768297801082017839e-01
8.837780354693748341e-01
8.904593998793037812e-01
8.968751181625320701e-01
9.030272140055097818e-01
9.089184237259144705e-01
9.145521307662107802e-01
9.199323014391650455e-01
9.250634223881667451e-01
9.299504401593626790e-01
9.345987032171740871e-01
9.390139066709867199e-01
9.432020399198006722e-01
9.471693373643080838e-01
9.509222322829795626e-01
9.544673139208282864e-01
9.578112877969291450e-01
9.609609391996950523e-01
9.639230998073402557e-01
9.667046173447737534e-01
9.693123281671003344e-01
9.717530326435933619e-01
9.740334732040221155e-01
9.761603149010652514e-01
9.781401283377200162e-01
9.799793748065961374e-01
9.816843934882670819e-01
9.832613905579693503e-01
9.847164300534614334e-01
9.860554263614259574e-01
9.872841381850969711e-01
9.884081638616004639e-01
9.894329379036148620e-01
9.903637286462823042e-01
9.912056368867462330e-01
9.919635954102248299e-01
9.926423693031316553e-01
9.932465569604127520e-01
9.937805917009769896e-01
9.942487439118110615e-01
9.946551236480575264e-01
9.950036836229005921e-01
9.952982225274646932e-01
9.955423886269570977e-01
9.957396835848614236e-01
9.958934664719808483e-01
9.960069579214450020e-01
9.960832443943420378e-01
9.961252825233940511e-01
9.961359035040562304e-01
9.961178175036684568e-01
9.960736180599134570e-01
9.960057864400152505e-01
9.959166959320218115e-01
9.958086160393730957e-01
9.956837165499725639e-01
9.955440714513631439e-01
9.953916626645210597e-01
9.952283835703749082e-01
9.950560423054947146e-01
9.948763648065231946e-01
9.946909975867972431e-01
9.945015102331536960e-01
9.943093976160040093e-01
9.941160818112247943e-01
9.939229137380637402e-01
9.937311745229000515e-01
9.935420766041179741e-01
9.933567645983787386e-01
9.931763159530258012e-01
9.930017414131097064e-01
9.928339853344619881e-01
9.926739258763167539e-01
9.925223751081586610e-01
9.923800790657643089e-01
9.922477177908584078e-01
9.921259053874958989e-01
9.920151901263081218e-01
9.919160546252392407e-01
9.918289161324682635e-01
9.917541269340076626e-01
9.916919749051137378e-01
9.916426842212620052e-01
9.916064162411294403e-01
9.915832705708828021e-01
9.915732863161278443e-01
9.915764435251960274e-01
9.915926648250070752e-01
9.916218172485545823e-01
9.916637142510780212e-01
9.917181179101614008e-01
9.917847413032960802e-01
9.918632510548156533e-01
9.919532700425109928e-01
9.920543802526605726e-01
9.921661257706333448e-01
9.922880158926857819e-01
9.924195283430744530e-01
9.925601125792209434e-01
9.927091931664202562e-01
9.928661732025485520e-01
9.930304377724438192e-01
9.932013574111533405e-01
9.933782915550732895e-01
9.935605919601856462e-01
9.937476060670857869e-01
9.939386802932890230e-01
9.941331632343528568e-01
9.943304087566029459e-01
9.945297789656551979e-01
9.947306470364190023e-01
9.949323998918024881e-01
9.951344407188731367e-01
9.953361913127271032e-01
9.955370942397658851e-01
9.957366148134690897e-01
9.959342428770852074e-01
9.961294943889579256e-01
9.963219128074793929e-01
9.965110702739332638e-01
9.966965685927863250e-01
9.968780400103114392e-01
9.970551477937984464e-01
9.972275866150186463e-01
9.973950827430554389e-01
9.975573940530678696e-01
9.977143098589834613e-01
9.978656505794941678e-01
9.980112672479837244e-01
9.981510408781160137e-01
9.982848816976892525e-01
9.984127282639675416e-01
9.985345464739852073e-01
9.986503284832555227e-01
9.987600915458691997e-01
9.988638767881619085e-01
9.989617479269727873e-01
9.990537899420711687e-01
9.991401077106722983e-01
9.992208246102002311e-01
9.992960810937058236e-01
9.993660332407484637e-01
9.994308512852355664e-01
9.994907181208044777e-01
9.995458277839468497e-01
9.995963839152648411e-01
9.996425982000700650e-01
9.996846887909461854e-01
9.997228787168467301e-01
9.997573942856595730e-01
9.997884634897866718e-01
