9.997977736177231511e-01
9.997683480428108949e-01
9.997357125751327178e-01
9.996996630144816542e-01
9.996599974646068754e-01
9.996165176222309157e-01
9.995690300138095896e-01
9.995173471696018330e-01
9.994612887282160463e-01
9.994006824682272194e-01
9.993353652665174502e-01
9.992651839855515306e-01
9.991899962937591528e-01
9.991096714245124577e-01
9.990240908798720953e-01
9.989331490853732287e-01
9.988367540017153434e-01
9.987348276984208129e-01
9.986273068934514718e-01
9.985141434615437683e-01
9.983953049127630708e-01
9.982707748415772242e-01
9.981405533456993995e-01
9.980046574131070658e-01
9.978631212750400659e-01
9.977159967224394910e-01
9.975633533832006794e-01
9.974052789577635414e-01
9.972418794109244589e-01
9.970732791182840282e-01
9.968996209664091612e-01
9.967210664065373482e-01
9.965377954624431434e-01
9.963500066938774102e-01
9.961579171177343817e-01
9.959617620897515122e-01
9.957617951500755682e-01
9.955582878363798960e-01
9.953515294683654702e-01
9.951418269073963874e-01
9.949295042946743051e-01
9.947149027707342661e-01
9.944983801781481780e-01
9.942803107481357205e-01
9.940610847703483799e-01
9.938411082434107646e-01
9.936208025019369616e-01
9.934006038137254135e-01
9.931809629387420291e-01
9.929623446393940345e-01
9.927452271295528208e-01
9.925301014478826733e-01
9.923174707393441762e-01
9.921078494273485315e-01
9.919017622580017512e-01
9.916997431972460753e-01
9.915023341615294417e-01
9.913100835629260477e-01
9.911235446503999791e-01
9.909432736301381217e-01
9.907698275495511187e-01
9.906037619316035991e-01
9.904456281485413127e-01
9.902959705267814217e-01
9.901553231776568653e-01
9.900242065518174428e-01
9.899031237183457677e-01
9.897925563730098908e-01
9.896929605835340649e-01
9.896047622833095136e-01
9.895283525285762938e-01
9.894640825377826188e-01
9.894122585355435984e-01
9.893731364273364859e-01
9.893469163347324846e-01
9.893337370244880136e-01
9.893336702680803896e-01
9.893467151711503593e-01
9.893727925146446056e-01
9.894117391510768300e-01
9.894633025000870719e-01
9.895271351872432231e-01
9.896027898686791113e-01
9.896897142816529769e-01
9.897872465574113487e-01
9.898946108279254030e-01
9.900109131522263350e-01
9.901351377813778498e-01
9.902661437737999561e-01
9.904026619649503038e-01
9.905432922875472279e-01
9.906865014308641193e-01
9.908306208204025189e-01
9.909738448927006838e-01
9.911142296343710134e-01
9.912496913498369810e-01
9.913780056187806444e-01
9.914968064020753813e-01
9.916035852539949458e-01
9.916956905987306392e-01
9.917703270306759133e-01
9.918245546004699209e-01
9.918552880523592297e-01
9.918592959829410916e-01
9.918331998967319096e-01
9.917734731401838255e-01
9.916764397027180156e-01
9.915382728810309132e-01
9.913549938113649374e-01
9.911224698836409441e-01
9.908364130613670495e-01
9.904923781421097750e-01
9.900857610050818325e-01
9.896117969050776120e-01
9.890655588855639113e-01
9.884419563981337031e-01
9.877357342306214427e-01
9.869414718617478544e-01
9.860535833759094260e-01
9.850663180872739622e-01
9.839737620372215332e-01
9.827698405428622053e-01
9.814483219862807362e-01
9.800028230437349830e-01
9.784268155606690165e-01
9.767136352815759537e-01
9.748564926429876820e-01
9.728484858328260154e-01
9.706826163097705962e-01
9.683518069620912216e-01
9.658489230665624481e-01
9.631667961848083825e-01
9.602982511069603211e-01
9.572361359212476772e-01
9.539733552535087924e-01
9.505029066830996687e-01
9.468179203018246559e-01
9.429117013408282455e-01
9.387777757473991791e-01
9.344099385498572108e-01
9.298023048045944705e-01
9.249493628754226204e-01
9.198460297520845153e-01
9.144877080726077079e-01
9.088703444735852788e-01
9.029904888539710406e-01
8.968453541020974251e-01
8.904328758029218527e-01
8.837517714135620928e-01
8.768015983705832461e-01
8.695828105728631297e-01
8.620968126697616807e-01
8.543460115763297225e-01
8.463338646359209738e-01
8.380649238562249970e-01
8.295448756577727956e-01
8.207805755945530857e-01
8.117800775345471731e-01
8.025526568236339697e-01
7.931088269990481665e-01
7.834603496679034551e-01
7.736202372214444623e-01
7.636027481157465768e-01
7.534233745134250038e-01
7.430988221473288080e-01
7.326469823348359389e-01
7.220868961388844376e-01
7.114387107379516184e-01
7.007236281306026271e-01
6.899638463598565252e-01
6.791824934976808947e-01
6.684035546797079119e-01
6.576517925245557450e-01
6.469526613107938751e-01
6.363322153179749030e-01
6.258170117666700394e-01
6.154340088169117928e-01
6.052104591056758354e-01
5.951737993230045154e-01
5.853515363440944252e-01
5.757711304519481654e-01
5.664598762029185997e-01
5.574447815061115419e-01
5.487524455075479812e-01
5.404089358912503860e-01
5.324396662317909534e-01
5.248692740557954206e-01
5.177215002926645049e-01
5.110190708164299433e-01
5.047835807999822011e-01
4.990353826187495789e-01
4.937934780519680489e-01
4.890754155347536436e-01
4.848971932122194684e-01
4.812731685369030510e-01
4.782159751320912422e-01
4.757364476158900679e-01
4.738435550437714028e-01
4.725443435811527149e-01
4.718438889625298227e-01
4.717452592305936276e-01
4.722494881782958176e-01
4.733555598401372189e-01
4.750604042969942542e-01
4.773589049728094169e-01
4.802439175125565729e-01
4.837063002401557066e-01
4.877349561034646230e-01
4.923168859220500293e-01
4.974372526628870750e-01
5.030794563802043484e-01
5.092252193689006390e-01
5.158546809968620472e-01
5.229465016005627742e-01
5.304779747509708043e-01
5.384251471235271813e-01
5.467629451372992833e-01
5.554653074650179878e-01
5.645053224582183837e-01
5.738553694809982453e-01
5.834872631028293899e-01
5.933723990664002690e-01
6.034819009215811603e-01
6.137867662023395177e-01
6.242580110205966371e-01
6.348668119605305193e-01
6.455846441791772694e-01
6.563834146549110127e-01
6.672355895744392917e-01
6.781143149113360025e-01
6.889935293241848946e-01
6.998480685894254982e-01
7.106537608816851925e-01
7.213875123214334995e-01
7.320273823243657052e-01
7.425526484071571787e-01
7.529438602280060788e-01
7.631828827655138259e-01
7.732529286637215282e-01
7.831385798923276020e-01
7.928257989871591027e-01
8.023019302448821666e-01
8.115556913459665012e-01
8.205771559695034245e-01
8.293577280413563235e-01
8.378901083223062596e-01
8.461682540946585673e-01
8.541873327438025409e-01
8.619436700554279351e-01
8.694346940596883178e-01
8.766588752510972027e-01
8.836156639981077587e-01
8.903054259301590445e-01
8.967293760536854119e-01
9.028895123035204362e-01
9.087885491837771612e-01
9.144298520942008013e-01
9.198173728757350620e-01
9.249555870441987793e-01
9.298494331150253256e-01
9.345042543563814030e-01
9.389257432439370721e-01
9.431198888291989491e-01
9.470929271756121093e-01
9.508512949633068922e-01
9.544015863149812873e-01
9.577505128523358113e-01
9.609048669548923005e-01
9.638714881609511398e-01
9.666572326237456991e-01
9.692689455142805555e-01
9.717134362455381869e-01
9.739974563802712426e-01
9.761276800759985939e-01
9.781106869155616890e-01
9.799529469691922179e-01
9.816608079339698145e-01
9.832404841983652943e-01
9.846980476828507411e-01
9.860394203119429157e-01
9.872703679782453001e-01
9.883964958648159271e-01
9.894232449983437760e-01
9.903558899120369352e-01
9.911995373037340018e-01
9.919591255814935726e-01
9.926394251957719739e-01
9.932450396642360513e-01
9.937804072022623503e-01
9.942498028791818543e-01
9.946573412272997627e-01
9.950069792375461075e-01
9.953025196822017362e-01
9.955476147113524465e-01
9.957457696754441479e-01
9.959003471313966349e-01
9.960145709940936287e-01
9.960915307986188960e-01
9.961341860413212013e-01
9.961453705696864391e-01
9.961277969921366049e-01
9.960840610793850747e-01
9.960166461290245188e-01
9.959279272647972858e-01
9.958201756417273121e-01
9.956955625281888045e-01
9.955561632362637248e-01
9.954039608725754329e-01
9.952408498833127393e-01
9.950686393694675447e-01
9.948890561514193154e-01
9.947037475658871974e-01
9.945142839828422510e-01
9.943221610351022921e-01
9.941288015588417570e-01
9.939355572489527724e-01
9.937437100388782918e-01
9.935544732200067841e-01
9.933689923207710271e-01
9.931883457700755313e-01
9.930135453734403317e-01
9.928455366332019638e-01
9.926851989461888959e-01
9.925333457134699611e-01
9.923907243970752079e-01
9.922580165580561218e-01
9.921358379089710855e-01
9.920247384119486034e-01
9.919252024510166743e-01
9.918376491045242105e-01
9.917624325403411323e-01
9.916998425532439487e-01
9.916501052605787292e-01
9.916133839690506324e-01
9.915897802223828661e-01
9.915793350366843839e-01
9.915820303276835501e-01
9.915977905315308538e-01
9.916264844186412075e-01
9.916679270979914529e-01
9.917218822073865514e-01
9.917880642834040472e-01
9.918661413029945528e-01
9.919557373870122596e-01
9.920564356542797002e-01
9.921677812131300955e-01
9.922892842757667919e-01
9.924204233792367491e-01
9.925606486954046126e-01
9.927093854110699001e-01
9.928660371583510891e-01
9.930299894747208755e-01
9.932006132716376667e-01
9.933772682906195639e-01
9.935593065258386813e-01
9.937460755928702039e-01
9.939369220240779068e-01
9.941311944722159843e-01
9.943282468051137801e-01
9.945274410757426464e-01
9.947281503534686209e-01
9.949297614038347115e-01
9.951316772057413607e-01
9.953333192963779164e-01
9.955341299356842422e-01
9.957335740834881710e-01
9.959311411837709072e-01
9.961263467517899040e-01
9.963187337610360794e-01
9.965078738282653337e-01
9.966933681961248626e-01
9.968748485142170379e-01
9.970519774208180808e-01
9.972244489288830671e-01
9.973919886214295261e-01
9.975543536628530550e-01
9.977113326341821020e-01
9.978627452016630706e-01
9.980084416293407701e-01
9.981483021474109041e-01
9.982822361890023588e-01
9.984101815086597886e-01
9.985321031960756599e-01
9.986479925985495276e-01
9.987578661651956846e-01
9.988617642250920969e-01
9.989597497103854806e-01
9.990519068338972186e-01
9.991383397290932722e-01
9.992191710584885644e-01
9.992945405947842863e-01
9.993646037774162050e-01
9.994295302458579000e-01
9.994895023501103593e-01
9.995447136384124631e-01
9.995953673224131641e-01
9.996416747208707321e-01
9.996838536843820622e-01
9.997221270056200204e-01
9.997567208219503287e-01
9.997878630199523720e-01
