9.997975519276391942e-01
9.997680836897806511e-01
9.997353994512863107e-01
9.996992945057155966e-01
9.996595664632360601e-01
9.996160165477034898e-01
9.995684508415104697e-01
9.995166814675519040e-01
9.994605277012637012e-01
9.993998170091242805e-01
9.993343860130868839e-01
9.992640813829958280e-01
9.991887606610291295e-01
9.991082930235666293e-01
9.990225599866063844e-01
9.989314560609877658e-01
9.988348893633172132e-01
9.987327821877254319e-01
9.986250715425480928e-01
9.985117096548173921e-01
9.983926644442175924e-01
9.982679199669706183e-01
9.981374768290797173e-01
9.980013525675172081e-01
9.978595819973348213e-01
9.977122175223281930e-01
9.975593294067798267e-01
9.974010060059439464e-01
9.972373539532710662e-01
9.970684983028820225e-01
9.968945826264382637e-01
9.967157690642821644e-01
9.965322383314882959e-01
9.963441896802321951e-01
9.961518408206053721e-01
9.959554278026376828e-01
9.957552048627923424e-01
9.955514442385383633e-01
9.953444359547405362e-01
9.951344875855123728e-01
9.949219239948261517e-01
9.947070870585537072e-01
9.944903353697093218e-01
9.942720439274927990e-01
9.940526038092994954e-01
9.938324218231947560e-01
9.936119201364996822e-01
9.933915358741342017e-01
9.931717206782847418e-01
9.929529402188748133e-01
9.927356736422872086e-01
9.925204129438975897e-01
9.923076622483062437e-01
9.920979369797693348e-01
9.918917629043015882e-01
9.916896750242925052e-01
9.914922163063060179e-01
9.912999362230143774e-01
9.911133890909881172e-01
9.909331321872795195e-01
9.907597236294013454e-01
9.905937200053446245e-01
9.904356737426716073e-01
9.902861302083977302e-01
9.901456245342841189e-01
9.900146781652596761e-01
9.898937951319366491e-01
9.897834580515404435e-01
9.896841238650422312e-01
9.895962193218288405e-01
9.895201362268807310e-01
9.894562264691357800e-01
9.894047968534681603e-01
9.893661037624853494e-01
9.893403476780600059e-01
9.893276675961006905e-01
9.893281353713919701e-01
9.893417500322764235e-01
9.893684321073406007e-01
9.894080180079478648e-01
9.894602545112700653e-01
9.895247933882637126e-01
9.896011862197151565e-01
9.896888794409637313e-01
9.897872096522102314e-01
9.898953992264587498e-01
9.900125522412489554e-01
9.901376507535727400e-01
9.902695514299396651e-01
9.904069825357315615e-01
9.905485412800189016e-01
9.906926915041961434e-01
9.908377616953937261e-01
9.909819432988951071e-01
9.911232892979320308e-01
9.912597130244359400e-01
9.913889871606973436e-01
9.915087428895144051e-01
9.916164691493239980e-01
9.917095119509883316e-01
9.917850737143261153e-01
9.918402125850506179e-01
9.918718416964351636e-01
9.918767283446845440e-01
9.918514930525588191e-01
9.917926085022156224e-01
9.916963983254473147e-01
9.915590357474654004e-01
9.913765420891090807e-01
9.911447851418510036e-01
9.908594774402548211e-01
9.905161744676509450e-01
9.901102728427573219e-01
9.896370085478040091e-01
9.890914552723911735e-01
9.884685229617545810e-01
9.877629566731997990e-01
9.869693358599730404e-01
9.860820742174927211e-01
9.850954202422750328e-01
9.840034586686119411e-01
9.828001129615820952e-01
9.814791490567241761e-01
9.800341805461142419e-01
9.784586755170828765e-01
9.767459652528595049e-01
9.748892550035955784e-01
9.728816370311174078e-01
9.707161061211766473e-01
9.683855777427700096e-01
9.658829090153249197e-01
9.632009226213340547e-01
9.603324337746402817e-01
9.572702803233719138e-01
9.540073560319516366e-01
9.505366470491217745e-01
9.468512715290579029e-01
9.429445223309093072e-01
9.388099126790118154e-01
9.344412246220907825e-01
9.298325600854838724e-01
9.249783942662648251e-01
9.198736310776076675e-01
9.145136603062855585e-01
9.088944161063440275e-01
9.030124364132318115e-01
8.968649228265755946e-01
8.904498004768721664e-01
8.837657773622804580e-01
8.768124026169750174e-01
8.695901231528163633e-01
8.621003381019640699e-01
8.543454504800812588e-01
8.463289154884474641e-01
8.380552848790344678e-01
8.295302468197376378e-01
8.207606607176618496e-01
8.117545864866957395e-01
8.025213077813926343e-01
7.930713487621252611e-01
7.834164840059864021e-01
7.735697412333031320e-01
7.635453965799205989e-01
7.533589622095306915e-01
7.430271661270164696e-01
7.325679241217359916e-01
7.220003038375104598e-01
7.113444810324994760e-01
7.006216881558708920e-01
6.898541554281599764e-01
6.790650446675303709e-01
6.682783761542406831e-01
6.575189488700654561e-01
6.468122544882479730e-01
6.361843855229427636e-01
6.256619380755823467e-01
6.152719096398699961e-01
6.050415924480244678e-01
5.949984628594718883e-01
5.851700673103304995e-01
5.755839053587583631e-01
5.662673103782196460e-01
5.572473284687105011e-01
5.485505961751931947e-01
5.402032176231496008e-01
5.322306417029898373e-01
5.246575399576488552e-01
5.175076858502963839e-01
5.108038361107751779e-01
5.045676148790181337e-01
4.988194013800942850e-01
4.935782218774061869e-01
4.888616466567032859e-01
4.846856927928541170e-01
4.810647334427440303e-01
4.780114143905159763e-01
4.755365785451036720e-01
4.736491990543824082e-01
4.723563216553677835e-01
4.716630168259888789e-01
4.715723422416446819e-01
4.720853159698106261e-01
4.732009007593092065e-01
4.749159996986335175e-01
4.772254634309502919e-01
4.801221090234135680e-01
4.835967504961572461e-01
4.876382409230225479e-01
4.922335259225550930e-01
4.973677082650840298e-01
5.030241232304026866e-01
5.091844242614866900e-01
5.158286783733505576e-01
5.229354706931026442e-01
5.304820174280835410e-01
5.384442864841227916e-01
5.467971248861230871e-01
5.555143920888917508e-01
5.645690982082366416e-01
5.739335461515521208e-01
5.835794765843735910e-01
5.934782146355793708e-01
6.036008172200424404e-01
6.139182198445168881e-01
6.244013817612321660e-01
6.350214283448143426e-01
6.457497895923313136e-01
6.565583336837739203e-01
6.674194945912659271e-01
6.783063927894248391e-01
6.891929481961345250e-01
7.000539845615685319e-01
7.108653246224873046e-01
7.216038754471338912e-01
7.322477035117237465e-01
7.427760991706364724e-01
7.531696303068682319e-01
7.634101850749077656e-01
7.734810037727406495e-01
7.833667000009822967e-01
7.930532713830920066e-01
8.025281002292976584e-01
8.117799446264847285e-01
8.207989205253942711e-01
8.295764754737203761e-01
8.381053547081943611e-01
8.463795603697701342e-01
8.543943046432457278e-01
8.621459576460297480e-01
8.696319909005023607e-01
8.768509172210823266e-01
8.838022278314672242e-01
8.904863275005838741e-01
8.969044684487721408e-01
9.030586837300234038e-01
9.089517207431487833e-01
9.145869754661630768e-01
9.199684279454821700e-01
9.251005795063276249e-01
9.299883920845029017e-01
9.346372300138597877e-01
9.390528045395707402e-01
9.432411212658829980e-01
9.472084306892842864e-01
9.509611819146984724e-01
9.545059796040084032e-01
9.578495441632385310e-01
9.609986751372880942e-01
9.639602177492203605e-01
9.667410324946347222e-01
9.693479676803340439e-01
9.717878347799747685e-01
9.740673864672311222e-01
9.761932971787190549e-01
9.781721460540037105e-01
9.800104020979304442e-01
9.817144114107766439e-01
9.832903863338390282e-01
9.847443963616346885e-01
9.860823606765236615e-01
9.873100421669561699e-01
9.884330427964684862e-01
9.894568001968104820e-01
9.903865853650645201e-01
9.912275013512364952e-01
9.919844828295071304e-01
9.926622964531218729e-01
9.932655418997331509e-01
9.937986535208922501e-01
9.942659025162633446e-01
9.946713995599629765e-01
9.950190978131138175e-01
9.953127962631611592e-01
9.955561433365952562e-01
9.957526407373383792e-01
9.959056474680691995e-01
9.960183839960563557e-01
9.960939365285995661e-01
9.961352613658760458e-01
9.961451893009040104e-01
9.961264300375016756e-01
9.960815765976851477e-01
9.960131096900453063e-01
9.959234020104912322e-01
9.958147224465395686e-01
9.956892401562946748e-01
9.955490284936004963e-01
9.953960687517311445e-01
9.952322536995554803e-01
9.950593908864433512e-01
9.948792056953060792e-01
9.946933441270533471e-01
9.945033753043110991e-01
9.943107936873577524e-01
9.941170210007301833e-01
9.939234078746324030e-01
9.937312352109485269e-01
9.935417152891167225e-01
9.933559926321705591e-01
9.931751446577309350e-01
9.930001821425035180e-01
9.928320495317953798e-01
9.926716251276468395e-01
9.925197211903598049e-01
9.923770839885016626e-01
9.922443938319170931e-01
9.921222651209724575e-01
9.920112464432905286e-01
9.919118207467162440e-01
9.918244056143337151e-01
9.917493536641504015e-01
9.916869530927163723e-01
9.916374283785649446e-01
9.916009411580594124e-01
9.915775912830792072e-01
9.915674180670389637e-01
9.915704017230402290e-01
9.915864649955045129e-01
9.916154749844229288e-01
9.916572451593455018e-01
9.917115375583775982e-01
9.917780651657118751e-01
9.918564944595552602e-01
9.919464481206768935e-01
9.920475078901919153e-01
9.921592175635951527e-01
9.922810861064965682e-01
9.924125908760064174e-01
9.925531809303230757e-01
9.927022804078448059e-01
9.928592919561057828e-01
9.930236001900797360e-01
9.931945751589413840e-01
9.933715758002474860e-01
9.935539533607047336e-01
9.937410547632199442e-01
9.939322259007494775e-01
9.941268148385374870e-01
9.943241749076048297e-01
9.945236676737643222e-01
9.947246657679368331e-01
9.949265555650786963e-01
9.951287397005547097e-01
9.953306394142831248e-01
9.955316967144067775e-01
9.957313763536246309e-01
9.959291676126303949e-01
9.961245858863897462e-01
9.963171740702451151e-01
9.965065037441004359e-01
9.966921761542224534e-01
9.968738229935178996e-01
9.970511069825114259e-01
9.972237222546619373e-01
9.973913945511011514e-01
9.975538812313338166e-01
9.977109711078747667e-01
9.978624841141764401e-01
9.980082708164608185e-01
9.981482117811721899e-01
9.982822168106454397e-01
9.984102240601931966e-01
9.985321990500984901e-01
9.986481335859326292e-01
9.987580446001759205e-01
9.988619729273033876e-01
9.989599820233406868e-01
9.990521566394493513e-01
9.991386014574372698e-01
9.992194396933281597e-01
9.992948116733725294e-01
9.993648733852797950e-01
9.994297950061409308e-01
9.994897594076047609e-01
9.995449606384826380e-01
9.995956023851625405e-01
9.996418964110290739e-01
9.996840609775132780e-01
9.997223192513480239e-01
9.997568977049766659e-01
9.997880245196866245e-01
