9.997974627516711399e-01
9.997679826364688216e-01
9.997352854587849835e-01
9.996991664874593786e-01
9.996594233153994757e-01
9.996158571571084339e-01
9.995682740938475197e-01
9.995164862557746055e-01
9.994603129340162706e-01
9.993995816190642811e-01
9.993341289649740888e-01
9.992638016814293644e-01
9.991884573577306528e-01
9.991079652241240394e-01
9.990222068566118052e-01
9.989310768315239342e-01
9.988344833357654107e-01
9.987323487378897413e-01
9.986246101241064155e-01
9.985112198021292018e-01
9.983921457745297268e-01
9.982673721820778390e-01
9.981368997165039891e-01
9.980007460012778608e-01
9.978589459383856441e-01
9.977115520187391784e-01
9.975586345937413890e-01
9.974002821056687784e-01
9.972366012748627995e-01
9.970677172422354184e-01
9.968937736662267790e-01
9.967149327740795206e-01
9.965313753680613562e-01
9.963433007880322378e-01
9.961509268324735267e-01
9.959544896407288572e-01
9.957542435397135350e-01
9.955504608586847048e-01
9.953434317158057487e-01
9.951334637801390048e-01
9.949208820123570662e-01
9.947060283868383035e-01
9.944892615969133098e-01
9.942709567438593465e-01
9.940515050088032378e-01
9.938313133050342696e-01
9.936108039063699104e-01
9.933904140452232134e-01
9.931705954719405316e-01
9.929518139648888519e-01
9.927345487787441192e-01
9.925192920165425425e-01
9.923065479093811092e-01
9.920968319862724094e-01
9.918906701156231520e-01
9.916885973991791392e-01
9.914911568991030544e-01
9.912988981791353016e-01
9.911123756415521902e-01
9.909321466428581138e-01
9.907587693728052702e-01
9.905928004833826073e-01
9.904347924568061012e-01
9.902852907042218877e-01
9.901448303897458780e-01
9.900139329775627939e-01
9.898931025030573982e-01
9.897828215723132317e-01
9.896835470977846105e-01
9.895957057815021329e-01
9.895196893608129152e-01
9.894558496353660360e-01
9.894044932978151019e-01
9.893658765944816080e-01
9.893401998459441238e-01
9.893276018611028011e-01
9.893281542815973717e-01
9.893418558963961162e-01
9.893686269687590462e-01
9.894083036194544212e-01
9.894606323109068624e-01
9.895252644767442707e-01
9.896017513398720489e-01
9.896895389596808146e-01
9.897879635452726532e-01
9.898962470667199698e-01
9.900134931904627233e-01
9.901386835581691415e-01
9.902706744209429646e-01
9.904081936329212077e-01
9.905498380003250336e-01
9.906940709742053652e-01
9.908392206677183456e-01
9.909834781720338048e-01
9.911248961391311285e-01
9.912613875949474185e-01
9.913907249427303947e-01
9.915105391140938140e-01
9.916183188242080337e-01
9.917114098877586326e-01
9.917870145537520665e-01
9.918421908198423731e-01
9.918738516905432068e-01
9.918787643483681915e-01
9.918535492125363229e-01
9.917946788663184465e-01
9.916984768413267259e-01
9.915611162550359570e-01
9.913786183065586011e-01
9.911468506451930338e-01
9.908615256365440604e-01
9.905181985621176466e-01
9.901122658002486920e-01
9.896389630490324274e-01
9.890933636655913075e-01
9.884703772104379560e-01
9.877647483007623297e-01
9.869710558919692067e-01
9.860837131224282626e-01
9.850969678718008993e-01
9.840049041980233335e-01
9.828014448315370855e-01
9.814803549171107200e-01
9.800352472029973949e-01
9.784595888836733479e-01
9.767467103054552346e-01
9.748898157434507938e-01
9.728819964532103848e-01
9.707162461908490636e-01
9.683854793812176620e-01
9.658825520949153587e-01
9.632002859717128107e-01
9.603314952005592708e-01
9.572690166351305319e-01
9.540057430892724399e-01
9.505346598191986018e-01
9.468488841594022709e-01
9.429417082374864645e-01
9.388066446500040740e-01
9.344374749374468880e-01
9.298283006522226612e-01
9.249735967692929162e-01
9.198682671455978843e-01
9.145077016919417323e-01
9.088878348801554541e-01
9.030052051696130233e-01
8.968570149010691717e-01
8.904411901729089029e-01
8.837564401858041263e-01
8.768023155170800997e-01
8.695792647664096764e-01
8.620886890003405245e-01
8.543329934152127381e-01
8.463156356367161903e-01
8.380411700801055908e-01
8.295152878082535652e-01
8.207448513454638217e-01
8.117379239333272212e-01
8.025037927507288060e-01
7.930529856630779140e-01
7.833972811153930849e-01
7.735497108392774823e-01
7.635245551041538459e-01
7.533373303072580240e-01
7.430047687636229803e-01
7.325447906252331443e-01
7.219764679264020213e-01
7.113199808188146456e-01
7.005965661234266895e-01
6.898284583863495412e-01
6.790388236811604195e-01
6.682516864501191201e-01
6.574918497211812429e-01
6.467848090764585223e-01
6.361566607811145468e-01
6.256340045100950986e-01
6.152438411342762148e-01
6.050134660485319005e-01
5.949703585426936447e-01
5.851420677335210652e-01
5.755560955924963196e-01
5.662397776212483302e-01
5.572201617443992561e-01
5.485238860089054480e-01
5.401770556996580153e-01
5.322051205030393639e-01
5.246327523728167019e-01
5.174837247754673353e-01
5.107807940138344716e-01
5.045455833477875407e-01
4.987984706470560692e-01
4.935584803234205342e-01
4.888431802956495487e-01
4.846685847399415659e-01
4.810490633700857943e-01
4.779972579744233840e-01
4.755240069103806588e-01
4.736382782216916887e-01
4.723471119984098410e-01
4.716555725457853843e-01
4.715667108656195206e-01
4.720815378835767628e-01
4.731990087790898247e-01
4.749160186920572402e-01
4.772274099935766012e-01
4.801259912177378020e-01
4.836025676590672839e-01
4.876459835467084059e-01
4.922431756127898517e-01
4.973792377795482889e-01
5.030374965984392155e-01
5.091995969853078119e-01
5.158455977093567846e-01
5.229540760106283770e-01
5.305022406415885738e-01
5.384660525536660858e-01
5.468203523798426113e-01
5.555389938002951444e-01
5.645949818202884440e-01
5.739606149389466783e-01
5.836076301449180104e-01
5.935073496413645344e-01
6.036308281789926067e-01
6.139489998630027756e-01
6.244328232986895433e-01
6.350534239517187096e-01
6.457822326234252674e-01
6.565911189791092673e-01
6.674525191183697803e-01
6.783395562407554813e-01
6.892261535368733316e-01
7.000871385237323885e-01
7.108983381422948611e-01
7.216366640435080138e-01
7.322801876047376757e-01
7.428082043396107004e-01
7.532012874886688802e-01
7.634413307037815066e-01
7.735115798637391960e-01
7.833966541796620886e-01
7.930825568647278390e-01
8.025566757513086236e-01
8.118077743381458822e-01
8.208259738391804339e-01
8.296027268828283230e-01
8.381307835748867952e-01
8.464041506892134858e-01
8.544180447874623052e-01
8.621688400924659712e-01
8.696540119495357324e-01
8.768720767065637522e-01
8.838225288281185144e-01
8.905057760317638405e-01
8.969230731977946292e-01
9.030764557578500051e-01
9.089686732149234727e-01
9.146031233886828815e-01
9.199837879173310418e-01
9.251151694820424209e-01
9.300022311537932129e-01
9.346503381965717283e-01
9.390652025967750616e-01
9.432528305271867808e-01
9.472194728962026744e-01
9.509715790797023116e-01
9.545157538846666956e-01
9.578587177507139616e-01
9.610072701583216581e-01
9.639682561806466321e-01
9.667485360894145785e-01
9.693549579040645625e-01
9.717943327568394629e-01
9.740734129343835423e-01
9.761988724481430735e-01
9.781772899809623167e-01
9.800151340551972456e-01
9.817187502679310951e-01
9.832943504410028845e-01
9.847480035371164453e-01
9.860856281979263338e-01
9.873129867653870351e-01
9.884356806535565809e-01
9.894591469442990395e-01
9.903886560867938282e-01
9.912293105873642984e-01
9.919860445828402318e-01
9.926636241974406971e-01
9.932666485899953601e-01
9.937995516051937317e-01
9.942666039494235664e-01
9.946719158185826082e-01
9.950194399119374200e-01
9.953129747725535381e-01
9.955561684009253121e-01
9.957525220940479649e-01
9.959053944671910630e-01
9.960180056199425813e-01
9.960934414116163760e-01
9.961346578138283725e-01
9.961444853099614694e-01
9.961256333124132167e-01
9.960806945690867664e-01
9.960121495306897277e-01
9.959223706502517981e-01
9.958136265860663139e-01
9.956880862792267806e-01
9.955478228772668414e-01
9.953948174762946577e-01
9.952309626555803090e-01
9.950580657808891782e-01
9.948778520559742322e-01
9.946919673055305555e-01
9.945019804774766214e-01
9.943093858575419164e-01
9.941156049946294759e-01
9.939219883411084533e-01
9.937298166178560876e-01
9.935403019193245200e-01
9.933545885789553109e-01
9.931737538197383808e-01
9.929988082184807441e-01
9.928306960153030492e-01
9.926702953019607145e-01
9.925184181237655112e-01
9.923758105301717647e-01
9.922431526085424558e-01
9.921210585342964405e-01
9.920100766686619220e-01
9.919106897327483185e-01
9.918233150837193479e-01
9.917483051156490426e-01
9.916859478042956422e-01
9.916364674116475708e-01
9.916000253628015626e-01
9.915767213045825201e-01
9.915665943523852555e-01
9.915696245290269717e-01
9.915857343969559645e-01
9.916147908829537894e-01
9.916566072924604125e-01
9.917109455087992353e-01
9.917775183708438247e-01
9.918559922209994051e-01
9.919459896137390320e-01
9.920470921733240965e-01
9.921588435877353174e-01
9.922807527242770709e-01
9.924122968508111153e-01
9.925529249451797709e-01
9.927020610741450479e-01
9.928591078221438160e-01
9.930234497494071499e-01
9.931944568585290289e-01
9.933714880484496579e-01
9.935538945350153028e-01
9.937410232178113256e-01
9.939322199737814501e-01
9.941268328592248738e-01
9.943242152030297154e-01
9.945237285754217060e-01
9.947247456180018377e-01
9.949266527223864509e-01
9.951288525462855805e-01
9.953307663573475184e-01
9.955318361965286300e-01
9.957315268541216957e-01
9.959293276528937700e-01
9.961247540340650852e-01
9.963173489431180752e-01
9.965066840136901360e-01
9.966923605490841664e-01
9.968740103022539767e-01
9.970512960564891225e-01
9.972239120104323673e-01
9.973915839725099319e-01
9.975540693713125240e-01
9.977111570898999915e-01
9.978626671333787890e-01
9.980084501403684305e-01
9.981483867500713369e-01
9.982823868375424459e-01
9.984103886303652420e-01
9.985323577202239731e-01
9.986482859827973124e-01
9.987581904189566373e-01
9.988621119294368578e-01
9.989601140339957608e-01
9.990522815446221117e-01
9.991387192007010754e-01
9.992195502722731604e-01
9.992949151357761739e-01
9.993649698250544056e-01
9.994298845591066405e-01
9.994898422471378829e-01
9.995450369710919825e-01
9.995956724460427489e-01
9.996419604596412656e-01
9.996841192932384157e-01
9.997223721292572973e-01
9.997569454517573062e-01
9.997880674497603426e-01
