9.997973029032081183e-01
9.997678115805577193e-01
9.997351043166284867e-01
9.996989768235727825e-01
9.996592271807345220e-01
9.996156571278429492e-01
9.995680733046126143e-01
9.995162884261857839e-01
9.994601223875094753e-01
9.993994032932195237e-01
9.993339684127193756e-01
9.992636650627554351e-01
9.991883514218017348e-01
9.991078972819309456e-01
9.990221847445682757e-01
9.989311088666507077e-01
9.988345782633235581e-01
9.987325156725108677e-01
9.986248584856158850e-01
9.985115592473622348e-01
9.983925861265008361e-01
9.982679233578761746e-01
9.981375716552572941e-01
9.980015485934529140e-01
9.978598889575867048e-01
9.977126450570232841e-01
9.975598870013070441e-01
9.974017029355908281e-01
9.972381992333593237e-01
9.970695006447537478e-01
9.968957503994497760e-01
9.967171102637705227e-01
9.965337605525016462e-01
9.963459000966571333e-01
9.961537461691879480e-01
9.959575343712838702e-01
9.957575184824470904e-01
9.955539702778820610e-01
9.953471793169086368e-01
9.951374527060337094e-01
9.949251148399937961e-01
9.947105071234753071e-01
9.944939876753440267e-01
9.942759310160537156e-01
9.940567277374845467e-01
9.938367841528084057e-01
9.936165219221270162e-01
9.933963776476325558e-01
9.931768024299610920e-01
9.929582613753127340e-01
9.927412330408754704e-01
9.925262088041884034e-01
9.923136921403936661e-01
9.921041977899281994e-01
9.918982507981549679e-01
9.916963854077978091e-01
9.914991437848477140e-01
9.913070745588844490e-01
9.911207311595118252e-01
9.909406699318223932e-01
9.907674480154566865e-01
9.906016209738781608e-01
9.904437401628707338e-01
9.902943498299601188e-01
9.901539839393758147e-01
9.900231627202901175e-01
9.899023889393291364e-01
9.897921439017383083e-01
9.896928831890687839e-01
9.896050321448284226e-01
9.895289811232014232e-01
9.894650805196614218e-01
9.894136356060834192e-01
9.893749011967304385e-01
9.893490761752180562e-01
9.893362979161273163e-01
9.893366366382517763e-01
9.893500897293642238e-01
9.893765760847393897e-01
9.894159305032856899e-01
9.894678981858794353e-01
9.895321293802115115e-01
9.896081742150444338e-01
9.896954777641785439e-01
9.897933753766277043e-01
9.899010883045670228e-01
9.900177196546393610e-01
9.901422506813801760e-01
9.902735374340396746e-01
9.904103077602258720e-01
9.905511586618105380e-01
9.906945539907476839e-01
9.908388224650956921e-01
9.909821559788766221e-01
9.911226081736641547e-01
9.912580932351247043e-01
9.913863848742806573e-01
9.915051154510804432e-01
9.916117751969860672e-01
9.917037114936941844e-01
9.917781281667515936e-01
9.918320847556291175e-01
9.918624957256902963e-01
9.918661295923356658e-01
9.918396079333291482e-01
9.917794042718376391e-01
9.916818428199863922e-01
9.915430970807000977e-01
9.913591883142711669e-01
9.911259838854590276e-01
9.908391955170363641e-01
9.904943774865709871e-01
9.900869248149317681e-01
9.896120715075347185e-01
9.890648889227080520e-01
9.884402843556878704e-01
9.877329999415396244e-01
9.869376119955456383e-01
9.860485309250094366e-01
9.850600018616604281e-01
9.839661061784249485e-01
9.827607640677736844e-01
9.814377383705773505e-01
9.799906398538363872e-01
9.784129341422092008e-01
9.766979505114189442e-01
9.748388927508991886e-01
9.728288522980841346e-01
9.706608238372941289e-01
9.683277235421027251e-01
9.658224101214012425e-01
9.631377088062392788e-01
9.602664383871821752e-01
9.572014413807317101e-01
9.539356173687442153e-01
9.504619595172369984e-01
9.467735942410123728e-01
9.428638239386771813e-01
9.387261726794353667e-01
9.343544346789817157e-01
9.297427253574547246e-01
9.248855347281901285e-01
9.197777828224645846e-01
9.144148768130034854e-01
9.087927694582668137e-01
9.029080184509182816e-01
8.967578462179892629e-01
8.903401996875937030e-01
8.836538095082483446e-01
8.766982481824584506e-01
8.694739865568585913e-01
8.619824480974122016e-01
8.542260603705242872e-01
8.462083031499003649e-01
8.379337525750081284e-01
8.294081208003689643e-01
8.206382905958308216e-01
8.116323443864603693e-01
8.023995872566038745e-01
7.929505634856931495e-01
7.832970662329256095e-01
7.734521400433429505e-01
7.634300759081023013e-01
7.532463986757835794e-01
7.429178466781750645e-01
7.324623435018042805e-01
7.218989619041418226e-01
7.112478799396031448e-01
7.005303294239557665e-01
6.897685369253974130e-01
6.789856575255593940e-01
6.682057016433757823e-01
6.574534552587901759e-01
6.467543939116360274e-01
6.361345908839626251e-01
6.256206200020799635e-01
6.152394535184344537e-01
6.050183555539766500e-01
5.949847715999039277e-01
5.851662145946179283e-01
5.755901481083139926e-01
5.662838671846530669e-01
5.572743774070801903e-01
5.485882727769058054e-01
5.402516130113605985e-01
5.322898008922657409e-01
5.247274603192676468e-01
5.175883157449661098e-01
5.108950736917903246e-01
5.046693070709503681e-01
4.989313430409462180e-01
4.937001551556581269e-01
4.889932605586648773e-01
4.848266229799705895e-01
4.812145622827679325e-01
4.781696712903906743e-01
4.757027405967690914e-01
4.738226920271323417e-01
4.725365213696279820e-01
4.718492509431277959e-01
4.717638925025290364e-01
4.722814209110982597e-01
4.734007589308959485e-01
4.751187733982538131e-01
4.774302829628428446e-01
4.803280774773269757e-01
4.838029490311905878e-01
4.878437345281446680e-01
4.924373696126058686e-01
4.975689536580648609e-01
5.032218254393828749e-01
5.093776490229867671e-01
5.160165093240156597e-01
5.231170166982797021e-01
5.306564198598688886e-01
5.386107263428516756e-01
5.469548296581997482e-01
5.556626422355219752e-01
5.647072331838399739e-01
5.740609698574270503e-01
5.836956621722446670e-01
5.935827085867944053e-01
6.036932426390078099e-01
6.139982789191185120e-01
6.244688573580566837e-01
6.350761847225638856e-01
6.457917722324657550e-01
6.565875682527491097e-01
6.674360850633518361e-01
6.783105187727020979e-01
6.891848615165412362e-01
7.000340051706176459e-01
7.108338359032932985e-01
7.215613190005726318e-01
7.321945735098360775e-01
7.427129363677680285e-01
7.530970158005512172e-01
7.633287339082278633e-01
7.733913584680038866e-01
7.832695241110563256e-01
7.929492431420152032e-01
8.024179063778227317e-01
8.116642744813319377e-01
8.206784603533436862e-01
8.294519032234861644e-01
8.379773351444559371e-01
8.462487406450031058e-01
8.542613103342628911e-01
8.620113892735492556e-01
8.694964209417839207e-01
8.767148876178065819e-01
8.836662479877099852e-01
8.903508727590254690e-01
8.967699790272839477e-01
9.029255640954988449e-01
9.088203393949765285e-01
9.144576650980568155e-01
9.198414859515003927e-01
9.249762687948213102e-01
9.298669421623910747e-01
9.345188383030010870e-01
9.389376378870374351e-01
9.431293176105848275e-01
9.471001008485688821e-01
9.508564114562131353e-01
9.544048307701706868e-01
9.577520578180661603e-01
9.609048727080181651e-01
9.638701031380361162e-01
9.666545939388589970e-01
9.692651795425790695e-01
9.717086592529079470e-01
9.739917751807641855e-01
9.761211927005091216e-01
9.781034832771116072e-01
9.799451095122745370e-01
9.816524122575933653e-01
9.832315996446882034e-01
9.846887378855161410e-01
9.860297437003883170e-01
9.872603782362731062e-01
9.883862423435338940e-01
9.894127730851663971e-01
9.903452413587378045e-01
9.911887505175350777e-01
9.919482358838541680e-01
9.926284650539083376e-01
9.932340389004771231e-01
9.937693931861497632e-01
9.942388007068085898e-01
9.946463738917822317e-01
9.949960677938017861e-01
9.952916834083970210e-01
9.955368712685623844e-01
9.957351352662502375e-01
9.958898366574000516e-01
9.960041982116595305e-01
9.960813084716237942e-01
9.961241260892654825e-01
9.961354842092642325e-01
9.961180948702279547e-01
9.960745533954450392e-01
9.960073427449772643e-01
9.959188378007813869e-01
9.958113095563632111e-01
9.956869291824222978e-01
9.955477719402584524e-01
9.953958209155532311e-01
9.952329705466524956e-01
9.950610299237488965e-01
9.948817258384221596e-01
9.946967055668148872e-01
9.945075393742321967e-01
9.943157227340100324e-01
9.941226782589507316e-01
9.939297573492776872e-01
9.937382415667120883e-01
9.935493437497220359e-01
9.933642088900462852e-01
9.931839147950802804e-01
9.930094725644955655e-01
9.928418269124289486e-01
9.926818563686748975e-01
9.925303733934972561e-01
9.923881244409719082e-01
9.922557900052192403e-01
9.921339846825598663e-01
9.920232572806448879e-01
9.919240910030797664e-01
9.918369037351290052e-01
9.917620484528778535e-01
9.916998137748894715e-01
9.916504246720347915e-01
9.916140433479018190e-01
9.915907702990943706e-01
9.915806455618467741e-01
9.915836501487617083e-01
9.915997076771009278e-01
9.916286861879225478e-01
9.916704001534146773e-01
9.917246126679827301e-01
9.917910378169507712e-01
9.918693432150982314e-01
9.919591527056246250e-01
9.920600492085140942e-01
9.921715777056360208e-01
9.922932483483100086e-01
9.924245396714967971e-01
9.925649018973176085e-01
9.927137603092968110e-01
9.928705186776360936e-01
9.930345627150075627e-01
9.932052635418463504e-01
9.933819811399542399e-01
9.935640677734061121e-01
9.937508713562623885e-01
9.939417387474157595e-01
9.941360189539836245e-01
9.943330662259476371e-01
9.945322430261874791e-01
9.947329228615834351e-01
9.949344929624300837e-01
9.951363567989585102e-01
9.953379364252847861e-01
9.955386746425539668e-01
9.957380369744436299e-01
9.959355134495188056e-01
9.961306201862192289e-01
9.963229007775180612e-01
9.965119274735528831e-01
9.966973021618070749e-01
9.968786571457317613e-01
9.970556557240611850e-01
9.972279925744703677e-01
9.973953939466698726e-01
9.975576176714781029e-01
9.977144529938479778e-01
9.978657202392023917e-01
9.980112703236962979e-01
9.981509841201332556e-01
9.982847716921507963e-01
9.984125714099051363e-01
9.985343489607830803e-01
9.986500962686105654e-01
9.987598303343909745e-01
9.988635920108024369e-01
9.989614447215261483e-01
9.990534731350304565e-01
9.991397818007695664e-01
9.992204937539835852e-01
9.992957490935211462e-01
9.993657035354875928e-01
9.994305269441917661e-01
9.994904018409332958e-01
9.995455218907666195e-01
9.995960903675578102e-01
9.996423185984474324e-01
9.996844243902421878e-01
9.997226304421953369e-01
9.997571627520011051e-01
9.997882490244458520e-01
