9.997974029316800681e-01
9.997679151357041771e-01
9.997352096892607731e-01
9.996990818771348541e-01
9.996593293184901086e-01
9.996157532649835309e-01
9.995681598463269646e-01
9.995163612526185570e-01
9.994601768463783342e-01
9.993994342006715659e-01
9.993339700627892341e-01
9.992636312455532854e-01
9.991882754503140784e-01
9.991077720270742368e-01
9.990220026779047524e-01
9.989308621099640684e-01
9.988342586440714932e-01
9.987321147840259039e-01
9.986243677508215288e-01
9.985109699847127818e-01
9.983918896168366697e-01
9.982671109109166885e-01
9.981366346745239593e-01
9.980004786385201498e-01
9.978586778026985460e-01
9.977112847452711542e-01
9.975583698937460220e-01
9.974000217548569802e-01
9.972363471015401881e-01
9.970674711154506875e-01
9.968935374841446651e-01
9.967147084527703260e-01
9.965311648308722292e-01
9.963431059556786540e-01
9.961507496139559992e-01
9.959543319251502602e-01
9.957541071890360085e-01
9.955503477014375768e-01
9.953433435417228248e-01
9.951334023356794845e-01
9.949208489970374769e-01
9.947060254502844145e-01
9.944892903365244452e-01
9.942710187029629720e-01
9.940516016751719253e-01
9.938314461096301455e-01
9.936109742221806984e-01
9.933906231860579750e-01
9.931708446910554322e-01
9.929521044533244911e-01
9.927348816632621809e-01
9.925196683570643996e-01
9.923069686958426727e-01
9.920972981348228359e-01
9.918911824641093444e-01
9.916891567018730758e-01
9.914917638206399708e-01
9.912995532876445193e-01
9.911130794009740397e-01
9.909328994044469541e-01
9.907595713658309267e-01
9.905936518050442174e-01
9.904356930613810173e-01
9.902862403914729494e-01
9.901458287926148127e-01
9.900149795491791638e-01
9.898941965030927381e-01
9.897839620527144611e-01
9.896847328879216921e-01
9.895969354727703893e-01
9.895209612907363006e-01
9.894571618712557637e-01
9.894058436200496853e-01
9.893672624794884740e-01
9.893416184489818299e-01
9.893290499989627618e-01
9.893296284153700881e-01
9.893433521144736620e-01
9.893701409702758687e-01
9.894098306983989399e-01
9.894621673411669871e-01
9.895268018983778280e-01
9.896032851469173108e-01
9.896910626898399732e-01
9.897894702718093018e-01
9.898977293929107635e-01
9.900149432469281807e-01
9.901400930033794623e-01
9.902720344451518830e-01
9.904094949657203939e-01
9.905510709219369492e-01
9.906952253305434386e-01
9.908402858891399712e-01
9.909844432956013138e-01
9.911257498340733108e-01
9.912621181908911616e-01
9.913913204601456641e-01
9.915109872962780679e-01
9.916186071700173743e-01
9.917115256842023996e-01
9.917869449074770971e-01
9.918419226864833016e-01
9.918733719008774319e-01
9.918780596302171348e-01
9.918526062073880212e-01
9.917934841397176848e-01
9.916970168861881652e-01
9.915593774871831467e-01
9.913765870519765100e-01
9.911445131186988888e-01
9.908588679118268683e-01
9.905152065333679978e-01
9.901089251358787813e-01
9.896352591382782116e-01
9.890892815590719422e-01
9.884659015560158801e-01
9.877598632762961683e-01
9.869657451367623846e-01
9.860779596693518556e-01
9.850907540821950414e-01
9.839982117015563245e-01
9.827942544732274355e-01
9.814726467136862809e-01
9.800270003106880123e-01
9.784507815794096786e-01
9.767373199832781738e-01
9.748798189277434467e-01
9.728713688301368068e-01
9.707049626591456315e-01
9.683735141232341359e-01
9.658698786685486759e-01
9.631868774236302944e-01
9.603173242008701260e-01
9.572540556334356854e-01
9.539899644918145016e-01
9.505180361866351069e-01
9.468313884245411760e-01
9.429233139421537846e-01
9.387873262000429042e-01
9.344172078746877386e-01
9.298070619420958360e-01
9.249513651025823568e-01
9.198450232526480530e-01
9.144834286674319301e-01
9.088625185163394793e-01
9.029788342956881486e-01
8.968295817261000558e-01
8.904126906294749233e-01
8.837268742712878211e-01
8.767716876292703798e-01
8.695475840298635406e-01
8.620559695797471722e-01
8.542992548118467644e-01
8.462809029639500880e-01
8.380054743139015994e-01
8.294786660085634589e-01
8.207073468445471587e-01
8.116995864871490163e-01
8.024646786498254025e-01
7.930131577995706005e-01
7.833568090031859388e-01
7.735086705849028021e-01
7.634830293261768430e-01
7.532954080026871280e-01
7.429625451202910291e-01
7.325023667796985993e-01
7.219339506674840035e-01
7.112774822374781092e-01
7.005542032102964889e-01
6.897863525787151229e-01
6.789971003618744394e-01
6.682104744013122044e-01
6.574512805362038304e-01
6.467450165338872736e-01
6.361177801850641522e-01
6.255961720013862859e-01
6.152071929772955361e-01
6.049781378987957314e-01
5.949364847002542867e-01
5.851097803874092396e-01
5.755255240613378342e-01
5.662110475951085409e-01
5.571933945327128823e-01
5.484991977991151568e-01
5.401545568308887546e-01
5.321849147587931483e-01
5.246149362963218321e-01
5.174683870109400008e-01
5.107680146765656293e-01
5.045354334256473283e-01
4.987910114357498870e-01
4.935537628976455204e-01
4.888412450182091362e-01
4.846694608108855773e-01
4.810527684180726515e-01
4.780037976927374865e-01
4.755333747403843736e-01
4.736504550869203856e-01
4.723620660930240023e-01
4.716732591816321651e-01
4.715870723826881550e-01
4.721045036291164898e-01
4.732244951610676820e-01
4.749439293128755457e-01
4.772576358700468813e-01
4.801584110931458316e-01
4.836370484127429092e-01
4.876823807058092708e-01
4.922813339699928514e-01
4.974189921190472763e-01
5.030786725310469887e-01
5.092420118916312077e-01
5.158890617879502427e-01
5.229983934258332079e-01
5.305472107634758849e-01
5.385114712801888359e-01
5.468660135290788205e-01
5.555846905585481998e-01
5.646405082299709166e-01
5.740057674085664585e-01
5.836522089622759868e-01
5.935511604702519151e-01
6.036736835192817452e-01
6.139907204541168451e-01
6.244732394469589831e-01
6.350923767631380112e-01
6.458195751247310934e-01
6.566267171119060109e-01
6.674862525931664070e-01
6.783713192401884529e-01
6.892558552600083210e-01
7.001147035660872930e-01
7.109237067090481421e-01
7.216597919961583729e-01
7.323010463442194418e-01
7.428267805314530126e-01
7.532175826381959372e-01
7.634553605915034291e-01
7.735233738529659897e-01
7.834062544099476000e-01
7.930900173459990432e-01
8.025620613744514076e-01
8.118111598184054589e-01
8.208274426089818832e-01
8.296023699505767901e-01
8.381286983659603784e-01
8.464004398847516653e-01
8.544128151757155454e-01
8.621622014464274120e-01
8.696460759433657373e-01
8.768629558819729386e-01
8.838123356204327097e-01
8.904946218638871702e-01
8.969110676487412892e-01
9.030637058109726167e-01
9.089552825894419152e-01
9.145891919566442319e-01
9.199694112067333673e-01
9.251004382655406699e-01
9.299872311212089571e-01
9.346351497083422721e-01
9.390499005145325206e-01
9.432374841168418289e-01
9.472041457982416368e-01
9.509563293408739293e-01
9.545006340448517479e-01
9.578437749785169153e-01
9.609925464287973895e-01
9.639537884885751584e-01
9.667343566916354325e-01
9.693410945845890581e-01
9.717808091087409839e-01
9.740602486528292525e-01
9.761860836293468902e-01
9.781648894223101687e-01
9.800031315522953479e-01
9.817071529048619905e-01
9.832831628706136806e-01
9.847372282487120154e-01
9.860752657702831492e-01
9.873030361035273206e-01
9.884261392082263065e-01
9.894500109135634380e-01
9.903799205995940103e-01
9.912209698692650006e-01
9.919780921045289190e-01
9.926560528068190115e-01
9.932594506289192937e-01
9.937927190120819931e-01
9.942601283490517527e-01
9.946657886004297566e-01
9.950136522984411869e-01
9.953075178785854016e-01
9.955510332857026023e-01
9.957476998065838414e-01
9.959008760862445575e-01
9.960137822892747295e-01
9.960895043712071351e-01
9.961309984275532603e-01
9.961410950900866368e-01
9.961225039411414350e-01
9.960778179172806723e-01
9.960095176738158473e-01
9.959199758815272530e-01
9.958114614267569165e-01
9.956861434860294624e-01
9.955460954467149071e-01
9.953932986461503374e-01
9.952296459032143883e-01
9.950569448186958876e-01
9.948769208239233164e-01
9.946912199610130623e-01
9.945014113826595725e-01
9.943089895644938725e-01
9.941153762285279694e-01
9.939219219818715700e-01
9.937299076805710119e-01
9.935405455338567338e-01
9.933549799691291371e-01
9.931742882824733387e-01
9.929994811032539781e-01
9.928315027042848850e-01
9.926712311911453090e-01
9.925194786053846974e-01
9.923769909766488873e-01
9.922444483582077979e-01
9.921224648790523126e-01
9.920115888437534002e-01
9.919123029087615340e-01
9.918250243608996986e-01
9.917501055205998339e-01
9.916878342890841358e-01
9.916384348553120009e-01
9.916020685752161556e-01
9.915788350325982492e-01
9.915687732881238725e-01
9.915718633201623389e-01
9.915880276587752951e-01
9.916171332119523285e-01
9.916589932811851194e-01
9.917133697616314914e-01
9.917799755203877687e-01
9.918584769447361671e-01
9.919484966506085799e-01
9.920496163399127321e-01
9.921613797937742785e-01
9.922832959871972225e-01
9.924148423091466720e-01
9.925554678706705047e-01
9.927045968824412814e-01
9.928616320820815577e-01
9.930259581908714717e-01
9.931969453789786240e-01
9.933739527182094964e-01
9.935563316014823787e-01
9.937434291087307026e-01
9.939345912997639143e-01
9.941291664156688412e-01
9.943265079716022692e-01
9.945259777252289934e-01
9.947269485065574068e-01
9.949288068964521337e-01
9.951309557426326613e-01
9.953328165034535102e-01
9.955338314112007758e-01
9.957334654480133329e-01
9.959312081288620444e-01
9.961265750873075087e-01
9.963191094610174270e-01
9.965083830752947680e-01
9.966939974241554312e-01
9.968755844498183860e-01
9.970528071228398348e-01
9.972253598265408137e-01
9.973929685508154952e-01
9.975553909018742837e-01
9.977124159359033184e-01
9.978638638260024507e-01
9.980095853730249766e-01
9.981494613720411913e-01
9.982834018470281290e-01
9.984113451669945904e-01
9.985332570570342181e-01
9.986491295177325478e-01
9.987589796659112062e-01
9.988628485088796305e-01
9.989607996632058340e-01
9.990529180275725674e-01
9.991393084176252160e-01
9.992200941689526328e-01
9.992954157125939485e-01
9.993654291258605715e-01
9.994303046599533058e-01
9.994902252449453517e-01
9.995453849723183737e-01
9.995959875554378815e-01
9.996422447691734048e-01
9.996843748712909150e-01
9.997226010101977201e-01
9.997571496259876067e-01
9.997882488543545776e-01
