9.997976434467999995e-01
9.997681874790170786e-01
9.997355166212693600e-01
9.996994261950596927e-01
9.996597138308507269e-01
9.996161807646443132e-01
9.995686330824633536e-01
9.995168829020956158e-01
9.994607494850572538e-01
9.994000602751619278e-01
9.993346518631576192e-01
9.992643708794730628e-01
9.991890748191017968e-01
9.991086328040059694e-01
9.990229262891429096e-01
9.989318497183528045e-01
9.988353111359821179e-01
9.987332327593535508e-01
9.986255515161505114e-01
9.985122195495910180e-01
9.983932046930239501e-01
9.982684909144020624e-01
9.981380787300504487e-01
9.980019855863041522e-01
9.978602462069924295e-01
9.977129129043943445e-01
9.975600558511930060e-01
9.974017633110915382e-01
9.972381418260932717e-01
9.970693163589623431e-01
9.968954303900190439e-01
9.967166459681517932e-01
9.965331437166980999e-01
9.963451227956109379e-01
9.961528008220507102e-01
9.959564137521752514e-01
9.957562157274054693e-01
9.955524788887806231e-01
9.953454931631542379e-01
9.951355660248859536e-01
9.949230222363298903e-01
9.947082035698010527e-01
9.944914685127961285e-01
9.942731919570709787e-01
9.940537648707423735e-01
9.938335939509170824e-01
9.936131012524900274e-01
9.933927237867609117e-01
9.931729130814328510e-01
9.929541346914708688e-01
9.927368676482656307e-01
9.925216038326611923e-01
9.923088472557300976e-01
9.920991132297986015e-01
9.918929274111903949e-01
9.916908246955343786e-01
9.914933479463065025e-01
9.913010465375605706e-01
9.911144746925717453e-01
9.909341896013388329e-01
9.907607493015474498e-01
9.905947103096470752e-01
9.904366249910799835e-01
9.902870386613793485e-01
9.901464864127573762e-01
9.900154896639001834e-01
9.898945524339243240e-01
9.897841573448049601e-01
9.896847613600439075e-01
9.895967912708897307e-01
9.895206389450509343e-01
9.894566563565430073e-01
9.894051504190599644e-01
9.893663776490270179e-01
9.893405386882044850e-01
9.893277727192957283e-01
9.893281518113403727e-01
9.893416752346168019e-01
9.893682637871689112e-01
9.894077541767629658e-01
9.894598935028896536e-01
9.895243338832387936e-01
9.896006272677529969e-01
9.896882204808764572e-01
9.897864505289175607e-01
9.898945402046068764e-01
9.900115940150586713e-01
9.901365944525909457e-01
9.902683986204553479e-01
9.904057352177125795e-01
9.905472018795378197e-01
9.906912628614356064e-01
9.908362470484501916e-01
9.909803462637308824e-01
9.911216138449561175e-01
9.912579634523170924e-01
9.913871680681228815e-01
9.915068591457040226e-01
9.916145258641804183e-01
9.917075144458179503e-01
9.917830274940825364e-01
9.918381233130519892e-01
9.918697151724686911e-01
9.918745704873521696e-01
9.918493098866292268e-01
9.917904061516383818e-01
9.916941830125578505e-01
9.915568137987643693e-01
9.913743199478515233e-01
9.911425693875232090e-01
9.908572748148632980e-01
9.905139919085989009e-01
9.901081175219436092e-01
9.896348879164533763e-01
9.890893771110117472e-01
9.884664954345239174e-01
9.877609883859990170e-01
9.869674359212295967e-01
9.860802523009414289e-01
9.850936866507136180e-01
9.840018243977051160e-01
9.827985897627480316e-01
9.814777494981309358e-01
9.800329180708027277e-01
9.784575644972264286e-01
9.767450210391612764e-01
9.748884939688161611e-01
9.728810766067146343e-01
9.707157648260291705e-01
9.683854752029511515e-01
9.658830659738917301e-01
9.632013609371065099e-01
9.603331764089677591e-01
9.572713513139236019e-01
9.540087804526300452e-01
9.505384509552765593e-01
9.468534818872906822e-01
9.429471669328872707e-01
9.388130200388675739e-01
9.344448238571620990e-01
9.298366807803469802e-01
9.249830663202254222e-01
9.198788845360418298e-01
9.145195251764509647e-01
9.089009221585159226e-01
9.030196129682482864e-01
8.968727985310968043e-01
8.904584030678721618e-01
8.837751334224823729e-01
8.768225373231194331e-01
8.696010600188084361e-01
8.621120987190774576e-01
8.543580542565067937e-01
8.463423793905499037e-01
8.380696231767394977e-01
8.295454708384873976e-01
8.207767785993680398e-01
8.117716029620803964e-01
8.025392239560300567e-01
7.930901619183824414e-01
7.834361874229277545e-01
7.735903240264392355e-01
7.635668435624789474e-01
7.533812537766938489e-01
7.430502781643115728e-01
7.325918279384819876e-01
7.220249661259496854e-01
7.113698638529393214e-01
7.006477489478853959e-01
6.898808470476263111e-01
6.790923154490364766e-01
6.683061699981911463e-01
6.575472053536581818e-01
6.468409089993830685e-01
6.362133694160896358e-01
6.256911788486430037e-01
6.153013311311642530e-01
6.050711150526748572e-01
5.950280037646517028e-01
5.851995407490999668e-01
5.756132228824513142e-01
5.662963811476557918e-01
5.572760595647294757e-01
5.485788929292664262e-01
5.402309839689658499e-01
5.322577805500093850e-01
5.246839535875937877e-01
5.175332763374163036e-01
5.108285057664586626e-01
5.045912667209313529e-01
4.988419396254960558e-01
4.935995524596382689e-01
4.888816777631047605e-01
4.847043354215005984e-01
4.810819019745279368e-01
4.780270271721518416e-01
4.755505584777532935e-01
4.736614741817233298e-01
4.723668257441869800e-01
4.716716899317170419e-01
4.715791312507838784e-01
4.720901751108967925e-01
4.732037920739562420e-01
4.749168934643210882e-01
4.772243385275649619e-01
4.801189532361136436e-01
4.835915607478850076e-01
4.876310234309625402e-01
4.922242962739552530e-01
4.973564914091104239e-01
5.030109533840663172e-01
5.091693447291034680e-01
5.158117412804466007e-01
5.229167366371252346e-01
5.304615550496558640e-01
5.384221719639141757e-01
5.467734413735851895e-01
5.554892290701761715e-01
5.645425508215116128e-01
5.739057144586580117e-01
5.835504648082814327e-01
5.934481303734699953e-01
6.035697706419682618e-01
6.138863228875680589e-01
6.243687473289145640e-01
6.349881695209615984e-01
6.457160188783397370e-01
6.565241622672906008e-01
6.673850316536751315e-01
6.782717448586257358e-01
6.891582185501594626e-01
7.000192726876227622e-01
7.108307257349818498e-01
7.215694800672791676e-01
7.322135971102589069e-01
7.427423618743049794e-01
7.531363366683410110e-01
7.633774039049969762e-01
7.734487980329713963e-01
7.833351267538817275e-01
7.930223817969517253e-01
8.024979396336391346e-01
8.117505526140424976e-01
8.207703310960967613e-01
8.295487172159254907e-01
8.380784510122922804e-01
8.463535296692173970e-01
8.543691606781242953e-01
8.621217097443263366e-01
8.696086442724766385e-01
8.768284732623161659e-01
8.837806844304645360e-01
8.904656793471046328e-01
8.968847073394301539e-01
9.030397988680424204e-01
9.089336990295567853e-01
9.145698017800909518e-01
9.199520854116216562e-01
9.250850497479871093e-01
9.299736554610733563e-01
9.346232658418522909e-01
9.390395912967285375e-01
9.432286367781752556e-01
9.471966523008716887e-01
9.509500866412087250e-01
9.544955442696794190e-01
9.578397455226624890e-01
9.609894899826373349e-01
9.639516230039416600e-01
9.667330052946709884e-01
9.693404854439691132e-01
9.717808752674041983e-01
9.740609278309356744e-01
9.761873180056741539e-01
9.781666254006877725e-01
9.800053195190132627e-01
9.817097469822768652e-01
9.832861206714399449e-01
9.847405106347509873e-01
9.860788366186137299e-01
9.873068620824884123e-01
9.884301895648694991e-01
9.894542572736562125e-01
9.903843367807216858e-01
9.912255317071194671e-01
9.919827772920878362e-01
9.926608407458151762e-01
9.932643222927740601e-01
9.937976568193263027e-01
9.942651160461849491e-01
9.946708111531490371e-01
9.950186957902259488e-01
9.953125694157058945e-01
9.955560809078554119e-01
9.957527324025048365e-01
9.959058833138171307e-01
9.960187544998199138e-01
9.960944325377991682e-01
9.961358740773548215e-01
9.961459102408168897e-01
9.961272510418900383e-01
9.960824897939486444e-01
9.960141074795022531e-01
9.959244770521914480e-01
9.958158676424683220e-01
9.956904486380756536e-01
9.955502936107807344e-01
9.953973840617015290e-01
9.952336129591354830e-01
9.950607880451328713e-01
9.948806348901853003e-01
9.946947996792875335e-01
9.945048517171957148e-01
9.943122856458195269e-01
9.941185233721766545e-01
9.939249157110225941e-01
9.937327437519374307e-01
9.935432199661058394e-01
9.933574890730785256e-01
9.931766286922842912e-01
9.930016498078353404e-01
9.928334970781299562e-01
9.926730490238500071e-01
9.925211181291379026e-01
9.923784508910415969e-01
9.922457278517798906e-01
9.921235636470759900e-01
9.920125071018459639e-01
9.919130414020167485e-01
9.918255843683307926e-01
9.917504888547888919e-01
9.916880432910371024e-01
9.916384723846165539e-01
9.916019379956911850e-01
9.915785401937112775e-01
9.915683185025248036e-01
9.915712533377478710e-01
9.915872676377501804e-01
9.916162286873880793e-01
9.916579501316064027e-01
9.917121941741626756e-01
9.917786739549936392e-01
9.918570560980652928e-01
9.919469634199200581e-01
9.920479777875176319e-01
9.921596431123732573e-01
9.922814684664296170e-01
9.924129313036014199e-01
9.925534807695391981e-01
9.927025410809252604e-01
9.928595149546014520e-01
9.930237870660693078e-01
9.931947275164527689e-01
9.933716952868865135e-01
9.935540416594992319e-01
9.937411135846871968e-01
9.939322569752001568e-01
9.941268199086259472e-01
9.943241557211400794e-01
9.945236259767927800e-01
9.947246032981095221e-01
9.949264740453122036e-01
9.951286408329943489e-01
9.953305248745722977e-01
9.955315681462679755e-01
9.957312353637498559e-01
9.959290157658817755e-01
9.961244247013061326e-01
9.963170050148512091e-01
9.965063282320153482e-01
9.966919955410651344e-01
9.968736385736082228e-01
9.970509199858686999e-01
9.972235338443065089e-01
9.973912058206669817e-01
9.975536932030023562e-01
9.977107847306477817e-01
9.978623002625020000e-01
9.980080902892338734e-01
9.981480353011278339e-01
9.982820450241656207e-01
9.984100575375419728e-01
9.985320382861009314e-01
9.986479790011066893e-01
9.987578965423183908e-01
9.988618316735278224e-01
9.989598477825563094e-01
9.990520295552600682e-01
9.991384816114354805e-01
9.992193271087488338e-01
9.992947063190648072e-01
9.993647751799512591e-01
9.994297038228224794e-01
9.994896750782794603e-01
9.995448829588237105e-01
9.995955311193222004e-01
9.996418312964211461e-01
9.996840017295351988e-01
9.997222655679897096e-01
9.997568492712682886e-01
9.997879810119411070e-01
