9.997973551174788032e-01
9.997678727433664259e-01
9.997351755455140543e-01
9.996990593029698724e-01
9.996593221549937569e-01
9.996157658926663192e-01
9.995681971970008517e-01
9.995164288130478081e-01
9.994602806531318606e-01
9.993995808258319125e-01
9.993341665904291737e-01
9.992638852391477755e-01
9.991885949115134613e-01
9.991081653465113677e-01
9.990224785789282302e-01
9.989314295863827020e-01
9.988349268931437930e-01
9.987328931360373030e-01
9.986252655966477709e-01
9.985119967027795695e-01
9.983930545008481428e-01
9.982684230996423658e-01
9.981381030848122116e-01
9.980021119025564991e-01
9.978604842103426797e-01
9.977132721921156966e-01
9.975605458353311583e-01
9.974023931672693077e-01
9.972389204484236602e-01
9.970702523212671142e-01
9.968965319133512581e-01
9.967179208944297875e-01
9.965345994880898672e-01
9.963467664391584266e-01
9.961546389389015488e-01
9.959584525106927044e-01
9.957584608593567088e-01
9.955549356877644307e-01
9.953481664844133769e-01
9.951384602856603312e-01
9.949261414159449313e-01
9.947115512087382205e-01
9.944950477100711339e-01
9.942770053653334772e-01
9.940578146886132060e-01
9.938378819121855834e-01
9.936176286119083878e-01
9.933974913022792785e-01
9.931779209928264240e-01
9.929593826954035141e-01
9.927423548699196854e-01
9.925273287941306366e-01
9.923148078414275597e-01
9.921053066491603012e-01
9.918993501589805639e-01
9.916974725100524690e-01
9.915002157657848425e-01
9.913081284550158134e-01
9.911217639093370391e-01
9.909416783794647854e-01
9.907684289152198787e-01
9.906025709957332337e-01
9.904446558988893035e-01
9.902952278017109755e-01
9.901548206063165436e-01
9.900239544891933363e-01
9.899031321748037460e-01
9.897928349379185864e-01
9.896935183425663585e-01
9.896056077290592556e-01
9.895294934642118179e-01
9.894655259735918307e-01
9.894140105784070549e-01
9.893752021634013571e-01
9.893492997058423999e-01
9.893364406992448679e-01
9.893366955087657955e-01
9.893500616981052431e-01
9.893764583700733750e-01
9.894157205645971453e-01
9.894675937586666636e-01
9.895317285124360929e-01
9.896076753042756247e-01
9.896948795949774835e-01
9.897926771575233929e-01
9.899002897038962079e-01
9.900168208344560794e-01
9.901412523285919587e-01
9.902724407879043289e-01
9.904091146353393160e-01
9.905498714657490211e-01
9.906931757355851298e-01
9.908373567721098230e-01
9.909806070758863106e-01
9.911209808845985458e-01
9.912563929616197145e-01
9.913846175693188378e-01
9.915032875849394411e-01
9.916098937160224835e-01
9.917017837727651886e-01
9.917761619563469910e-01
9.918300881250463608e-01
9.918604770038176310e-01
9.918640973078043377e-01
9.918375707559382581e-01
9.917773709572446084e-01
9.916798221596669904e-01
9.915410978591318036e-01
9.913572192751577417e-01
9.911240537086162261e-01
9.908373128072885949e-01
9.904925507756873193e-01
9.900851625772633113e-01
9.896103821896233832e-01
9.890632809867305753e-01
9.884387663362035337e-01
9.877315805146311689e-01
9.869363000591026003e-01
9.860473356886135798e-01
9.850589329442923647e-01
9.839651737120457264e-01
9.827599788047224338e-01
9.814371117926853350e-01
9.799901842811743480e-01
9.784126628394490544e-01
9.766978777899021358e-01
9.748390340646438945e-01
9.728292243321183808e-01
9.706614445868664287e-01
9.683286123814773827e-01
9.658235878610831326e-01
9.631391977375876046e-01
9.602682623134528583e-01
9.572036256336363680e-01
9.539381888096279960e-01
9.504649465219665583e-01
9.467770266676296398e-01
9.428677330768386877e-01
9.387305911806156367e-01
9.343593964664090867e-01
9.297482655147598640e-01
9.248916893658157834e-01
9.197845889210037873e-01
9.144223720428190649e-01
9.088009919749947541e-01
9.029170066667698835e-01
8.967676385491409885e-01
8.903508342783648111e-01
8.836653239332173948e-01
8.767106791281320533e-01
8.694873694849653001e-01
8.619968168923393126e-01
8.542414469738245364e-01
8.462247371851593369e-01
8.379512609666722733e-01
8.294267273903834781e-01
8.206580157621152782e-01
8.116532046673721190e-01
8.024215949855901808e-01
7.929737264403273755e-01
7.833213873024582607e-01
7.734776169187825845e-01
7.634567007986676757e-01
7.532741580553576899e-01
7.429467210651251596e-01
7.324923072752179687e-01
7.219299831591721173e-01
7.112799203842177231e-01
7.005633443189251963e-01
6.898024750688707130e-01
6.790204612830413877e-01
6.682413070233534924e-01
6.574897920336659762e-01
6.467913857830318580e-01
6.361721556908597197e-01
6.256586699696906617e-01
6.152778955451911891e-01
6.050570915335500288e-01
5.950236987748334094e-01
5.852052259378710541e-01
5.756291327290083970e-01
5.663227107542120331e-01
5.573129626023236582e-01
5.486264797369351243e-01
5.402893198056561985e-01
5.323268839980699330e-01
5.247637951071127960e-01
5.176237769720533066e-01
5.109295360037930944e-01
5.047026455136254253e-01
4.989634335836860002e-01
4.937308752296510894e-01
4.890224896126909027e-01
4.848542430569253714e-01
4.812404586197552847e-01
4.781937329446586116e-01
4.757248610988212834e-01
4.738427700611115290e-01
4.725544614794929821e-01
4.718649642613541584e-01
4.717772974960936505e-01
4.722924441374279914e-01
4.734093357944267888e-01
4.751248488963056849e-01
4.774338124077801560e-01
4.803290271805972234e-01
4.838012969338167935e-01
4.878394707617398351e-01
4.924304969749870864e-01
4.975594879881092281e-01
5.032097958769088386e-01
5.093630981411152447e-01
5.159994931236289162e-01
5.230976044568061978e-01
5.306346938295571913e-01
5.385867812968725410e-01
5.469287722862543610e-01
5.556345903939419184e-01
5.646773150084426485e-01
5.740293227504102980e-01
5.836624316771936716e-01
5.935480471682313963e-01
6.036573083848829624e-01
6.139612341860956057e-01
6.244308673803986576e-01
6.350374162058601835e-01
6.457523919533512125e-01
6.565477416851992487e-01
6.673959750511216926e-01
6.782702842660439657e-01
6.891446563895911037e-01
6.999939771337908567e-01
7.107941255227903099e-01
7.215220588347122099e-01
7.321558873694726799e-01
7.426749387055885387e-01
7.530598112316281290e-01
7.632924168618905325e-01
7.733560129689173168e-01
7.832352236854082106e-01
7.929160508429318188e-01
8.023858749225722953e-01
8.116334464915776481e-01
8.206488686886370676e-01
8.294235713973816537e-01
8.379502778120613282e-01
8.462229641504495081e-01
8.542368133064679458e-01
8.619881632587528264e-01
8.694744510616245758e-01
8.766941532421738126e-01
8.836467234122187264e-01
8.903325278777043383e-01
8.967527799919096099e-01
9.029094739539381687e-01
9.088053187018777512e-01
9.144436724922446746e-01
9.198284786954520342e-01
9.249642032726170804e-01
9.298557743335083003e-01
9.345085241102641938e-01
9.389281336179094994e-01
9.431205802117947901e-01
9.470920881948009518e-01
9.508490825742337282e-01
9.543981460203353473e-01
9.577459790356326330e-01
9.608993633070930240e-01
9.638651281813011007e-01
9.666501201764691187e-01
9.692611754237892008e-01
9.717050949140796368e-01
9.739886224134266524e-01
9.761184249031020776e-01
9.781010753939278768e-01
9.799430379629413546e-01
9.816506548602033089e-01
9.832301355354011729e-01
9.846875474371288295e-01
9.860288084420025800e-01
9.872596807758055037e-01
9.883857662944166567e-01
9.894125029981889474e-01
9.903451626596020407e-01
9.911888494503436897e-01
9.919484994604422790e-01
9.926288810086624226e-01
9.932345956500778783e-01
9.937700797935276054e-01
9.942396068485078731e-01
9.946472898279005159e-01
9.949970843396868103e-01
9.952927919073523144e-01
9.955380635649105914e-01
9.957364036782346828e-01
9.958911739495489579e-01
9.960055975663925087e-01
9.960827634600313285e-01
9.961256306411352401e-01
9.961370325825562588e-01
9.961196816203055082e-01
9.960761733444513100e-01
9.960089909518016205e-01
9.959205095320876611e-01
9.958130002591530916e-01
9.956886344585835769e-01
9.955494875235013641e-01
9.953975426510766056e-01
9.952346943738046292e-01
9.950627518618632150e-01
9.948834419759208236e-01
9.946984120535892204e-01
9.945092324172303266e-01
9.943173985958928540e-01
9.941243332596233495e-01
9.939313878700619664e-01
9.937398440568970814e-01
9.935509147352148407e-01
9.933657449838396714e-01
9.931854127092566431e-01
9.930109291234887614e-01
9.928432390672711216e-01
9.926832212119570675e-01
9.925316881747674458e-01
9.923893865822871474e-01
9.922569971165506875e-01
9.921351345767372987e-01
9.920243479875064940e-01
9.919251207824840710e-01
9.918378710884800942e-01
9.917629521328235054e-01
9.917006527928772242e-01
9.916511983034486111e-01
9.916147511345640986e-01
9.915914120489870420e-01
9.915812213459963553e-01
9.915841602953233691e-01
9.916001527627756884e-01
9.916290670269337637e-01
9.916707177843517851e-01
9.917248683388876218e-01
9.917912329690693474e-01
9.918694794657427760e-01
9.919592318305949785e-01
9.920600731245001747e-01
9.921715484529822771e-01
9.922931680744628835e-01
9.924244106153834455e-01
9.925647263748266225e-01
9.927135406999538780e-01
9.928702574124925739e-01
9.930342622656963547e-01
9.932049264107060127e-01
9.933816098510845904e-01
9.935636648644954327e-01
9.937504393710179240e-01
9.939412802284347537e-01
9.941355364359166780e-01
9.943325622288328169e-01
9.945317200488612563e-01
9.947323833751071653e-01
9.949339394035019435e-01
9.951357915633117779e-01
9.953373618610942275e-01
9.955380930438950671e-01
9.957374505748589621e-01
9.959349244157548187e-01
9.961300306121951831e-01
9.963223126785867301e-01
9.965113427811020941e-01
9.966967227182417233e-01
9.968780846998637202e-01
9.970550919269188794e-01
9.972274389755336754e-01
9.973948519905205812e-01
9.975570886948549321e-01
9.977139382230896247e-01
9.978652207880623903e-01
9.980107871915193662e-01
9.981505181903893575e-01
9.982843237313328011e-01
9.984121420668097269e-01
9.985339387662047761e-01
9.986497056354918245e-01
9.987594595584829982e-01
9.988632412718981834e-01
9.989611140853312810e-01
9.990531625557389495e-01
9.991394911244056987e-01
9.992202227225610578e-01
9.992954973500558502e-01
9.993654706298806811e-01
9.994303123399753686e-01
9.994902049228441276e-01
9.995453419730868649e-01
9.995959267031302442e-01
9.996421703882476528e-01
9.996842907933645161e-01
9.997225105860892969e-01
9.997570557427811755e-01
9.997881539570880882e-01
