9.997974190160627828e-01
9.997679332640200256e-01
9.997352300126770563e-01
9.996991045412689791e-01
9.996593544605318904e-01
9.996157810106710562e-01
9.995681903068290852e-01
9.995163945213834111e-01
9.994602129960137304e-01
9.993994732799224012e-01
9.993340120936808901e-01
9.992636762207679491e-01
9.991883233308632706e-01
9.991078227403243917e-01
9.990220561160078061e-01
9.989309181287322481e-01
9.988343170623282807e-01
9.987321753834501603e-01
9.986244302762926628e-01
9.985110341451485239e-01
9.983919550865064663e-01
9.982671773311988517e-01
9.981367016560659389e-01
9.980005457637528554e-01
9.978587446286455442e-01
9.977113508065923453e-01
9.975584347059484047e-01
9.974000848176070022e-01
9.972364079020111793e-01
9.970675291316443145e-01
9.968935921881273421e-01
9.967147593137738459e-01
9.965312113182154263e-01
9.963431475414734617e-01
9.961507857755733664e-01
9.959543621474261643e-01
9.957541309662114593e-01
9.955503645388321665e-01
9.953433529571503735e-01
9.951334038606211019e-01
9.949208421775955768e-01
9.947060098479433288e-01
9.944892655287508321e-01
9.942709842836794376e-01
9.940515572551416046e-01
9.938313913167882152e-01
9.936109087019533437e-01
9.933905466017013408e-01
9.931707567240527501e-01
9.929520048038709135e-01
9.927347700508692974e-01
9.925195445213068624e-01
9.923068323972719096e-01
9.920971491560632849e-01
9.918910206111530847e-01
9.916889818055814043e-01
9.914915757384594741e-01
9.912993519055403047e-01
9.911128646355796823e-01
9.909326712054302710e-01
9.907593297184693615e-01
9.905933967330055046e-01
9.904354246297010222e-01
9.902859587097236904e-01
9.901455340182532261e-01
9.900146718910685095e-01
9.898938762251879853e-01
9.897836294779006616e-01
9.896843884019971282e-01
9.895965795285615041e-01
9.895205944123319775e-01
9.894567846583460780e-01
9.894054567523502541e-01
9.893668667212283108e-01
9.893412146534267260e-01
9.893286391129416657e-01
9.893292114837631823e-01
9.893429302846148410e-01
9.893697154962132201e-01
9.894094029449480576e-01
9.894617387876850634e-01
9.895263741421770343e-01
9.896028599062313136e-01
9.896906418062522137e-01
9.897890557120504473e-01
9.898973232499334030e-01
9.900145477401721683e-01
9.901397104781504144e-01
9.902716673710483253e-01
9.904091459340614856e-01
9.905507426421670258e-01
9.906949206256121521e-01
9.908400076898881137e-01
9.909841946342123897e-01
9.911255338366857792e-01
9.912619380695001370e-01
9.913911795039574981e-01
9.915108888627127692e-01
9.916185546755865721e-01
9.917115225955134283e-01
9.917869947326383162e-01
9.918420289671959766e-01
9.918735382055097194e-01
9.918782895481492723e-01
9.918529033449088317e-01
9.917938521177274147e-01
9.916974593399292548e-01
9.915598980681774588e-01
9.913771894322928047e-01
9.911452009976102762e-01
9.908596450248490228e-01
9.905160766635909830e-01
9.901098921274279485e-01
9.896363269116578154e-01
9.890904541280678419e-01
9.884671830457613106e-01
9.877612579420376182e-01
9.869672573828095485e-01
9.860795940676490012e-01
9.850925153899232622e-01
9.840001048771599423e-01
9.827962846902577043e-01
9.814748193718668690e-01
9.800293210436372693e-01
9.784532562584919990e-01
9.767399547171075058e-01
9.748826200569213896e-01
9.728743429168701384e-01
9.707081164714598254e-01
9.683768546135660404e-01
9.658734129465739171e-01
9.631906127232493509e-01
9.603212678413388659e-01
9.572582149746889923e-01
9.539943468840891283e-01
9.505226489145461866e-01
9.468362386458186730e-01
9.429284086212876836e-01
9.387926720371327916e-01
9.344228112298316180e-01
9.298129287557016509e-01
9.249575008120308750e-01
9.198514327057851769e-01
9.144901160334271140e-01
9.088694871945015574e-01
9.029860868228991588e-01
8.968371196835915882e-01
8.904205145497390284e-01
8.837349835459893388e-01
8.767800804190880593e-01
8.695562571772483818e-01
8.620649185256429314e-01
8.543084735174502065e-01
8.462903838386209854e-01
8.380152081503375872e-01
8.294886419263471922e-01
8.207175522431435777e-01
8.117100070093843378e-01
8.024752981568045174e-01
7.930239583579130613e-01
7.833677708853458155e-01
7.735197722832225509e-01
7.634942475811975493e-01
7.533067178460819413e-01
7.429739199326502730e-01
7.325137783632282851e-01
7.219453693335249334e-01
7.112888769085876639e-01
7.005655415364846483e-01
6.897976010672577374e-01
6.790082245199940969e-01
6.682214388908642722e-01
6.574620493393821263e-01
6.467555531288500248e-01
6.361280477302675429e-01
6.256061335273410684e-01
6.152168115843854590e-01
6.049873769597540196e-01
5.949453080658637649e-01
5.851181525939875838e-01
5.755334105385937482e-01
5.662184148729717537e-01
5.572002104458233518e-01
5.485054316877060465e-01
5.401601797369063318e-01
5.321898996161799067e-01
5.246192581145016076e-01
5.174720230506449914e-01
5.107709446172512546e-01
5.045376395238095890e-01
4.987924786735579152e-01
4.935544791213251070e-01
4.888412010656421058e-01
4.846686506278840012e-01
4.810511891627419212e-01
4.780014498272587842e-01
4.755302621094587012e-01
4.736465849819798679e-01
4.723574493011747366e-01
4.716679100181330186e-01
4.715810087056409028e-01
4.720977468348845907e-01
4.732170701588603867e-01
4.749358644768596482e-01
4.772489629673533074e-01
4.801491651861924392e-01
4.836272677344440885e-01
4.876721065064484328e-01
4.922706103348479800e-01
4.974078657562465144e-01
5.030671925295845393e-01
5.092302294500163917e-01
5.158770299145351013e-01
5.229861666125007469e-01
5.305348446349905656e-01
5.384990222221675005e-01
5.468535382981363213e-01
5.555722458787413220e-01
5.646281503801542367e-01
5.739935518056817898e-01
5.836401897459082555e-01
5.935393900939478495e-01
6.036622123542207952e-01
6.139795964106260495e-01
6.244625076191893109e-01
6.350820791018916278e-01
6.458097501429933551e-01
6.566173996270985302e-01
6.674774735095181377e-01
6.783631053739218597e-01
6.892482292092891871e-01
7.001076836269253256e-01
7.109173068375342908e-01
7.216540218166584975e-01
7.322959112023950112e-01
7.428222815902769671e-01
7.532137170144852512e-01
7.634521215299195918e-01
7.735207509339524501e-01
7.834042337876512274e-01
7.930885820119323304e-01
8.025611914424199966e-01
8.118108328261066653e-01
8.208276338316455867e-01
8.296030527220605855e-01
8.381298444028504324e-01
8.464020196092059134e-01
8.544147980330533132e-01
8.621645562137758567e-01
8.696487710260302206e-01
8.768659595945846874e-01
8.838156164503411238e-01
8.904981487146859109e-01
8.969148100622525988e-01
9.030676341664416462e-01
9.089593682791143880e-01
9.145934075373038930e-01
9.199737305271548093e-01
9.251048365701701748e-01
9.299916851307048482e-01
9.346396376778942638e-01
9.390544022711304617e-01
9.432419810768704060e-01
9.472086209669534629e-01
9.509607672954207835e-01
9.545050209026472166e-01
9.578480983527587478e-01
9.609967953729998680e-01
9.639579534319469012e-01
9.667384293671027473e-01
9.693450679511912416e-01
9.717846772700425850e-01
9.740640067728799645e-01
9.761897278476026063e-01
9.781684167687872966e-01
9.800065398640918080e-01
9.817104407450241155e-01
9.832863294501777984e-01
9.847402733525959517e-01
9.860781896875523422e-01
9.873058395624139116e-01
9.884288233161451220e-01
9.894525771022367744e-01
9.903823705752844431e-01
9.912233055680099714e-01
9.919803156521855847e-01
9.926581664836532370e-01
9.932614568384208198e-01
9.937946202536447338e-01
9.942619271941404158e-01
9.946674876718425429e-01
9.950152542522882060e-01
9.953090253886186511e-01
9.955524490296630002e-01
9.957490264542678826e-01
9.959021162890309142e-01
9.960149386708997410e-01
9.960905795196164370e-01
9.961319948877049857e-01
9.961420153576141523e-01
9.961233504568223207e-01
9.960785930622833018e-01
9.960102237657175728e-01
9.959206151711119670e-01
9.958120360956076444e-01
9.956866556449348593e-01
9.955465471349027595e-01
9.953936918313546212e-01
9.952299824825716623e-01
9.950572266204503746e-01
9.948771496099062528e-01
9.946913974298474681e-01
9.945015391736238275e-01
9.943090692619656057e-01
9.941154093669187786e-01
9.939219100509527616e-01
9.937298521310853339e-01
9.935404477833095216e-01
9.933548414076491806e-01
9.931741102786405540e-01
9.929992650097914098e-01
9.928312498635246675e-01
9.926709429401818774e-01
9.925191562808400869e-01
9.923766359189840625e-01
9.922440619155228347e-01
9.921220484103283610e-01
9.920111437214962358e-01
9.919118305210190556e-01
9.918245261126293899e-01
9.917495828343754205e-01
9.916872886051348868e-01
9.916378676309034468e-01
9.916014812833848779e-01
9.915782291602700527e-01
9.915681503336516434e-01
9.915712247903347709e-01
9.915873750653585450e-01
9.916164680678358767e-01
9.916583170962149918e-01
9.917126840382198827e-01
9.917792817489927693e-01
9.918577765993071838e-01
9.919477911840913764e-01
9.920489071799004632e-01
9.921606683383843439e-01
9.922825836012406642e-01
9.924141303206410747e-01
9.925547575677342582e-01
9.927038895105874117e-01
9.928609288419156798e-01
9.930252602361815395e-01
9.931962538151906106e-01
9.933732686011756963e-01
9.935556559365567031e-01
9.937427628500856702e-01
9.939339353499002661e-01
9.941285216250711487e-01
9.943258751384993488e-01
9.945253575954235981e-01
9.947263417732965518e-01
9.949282142003204044e-01
9.951303776714572891e-01
9.953322535922199954e-01
9.955332841419827217e-01
9.957329342499288138e-01
9.959306933780718296e-01
9.961260771070739040e-01
9.963186285218437188e-01
9.965079193951654757e-01
9.966935511688969074e-01
9.968751557335954194e-01
9.970523960088044646e-01
9.972249663276414600e-01
9.973925926307770640e-01
9.975550324763503562e-01
9.977120748738033118e-01
9.978635399509918624e-01
9.980092784651931614e-01
9.981491711697324520e-01
9.982831280488291270e-01
9.984110874338680830e-01
9.985330150145924621e-01
9.986489027586411549e-01
9.987587677524137897e-01
9.988626509754344740e-01
9.989606160192250339e-01
9.990527477602546558e-01
9.991391509948691629e-01
9.992199490423430142e-01
9.992952823204434010e-01
9.993653068962951025e-01
9.994301930140236934e-01
9.994901235997457611e-01
9.995452927440904300e-01
9.995959041626369945e-01
9.996421696354715891e-01
9.996843074284885722e-01
9.997225407010156273e-01
9.997570959067094698e-01
9.997882011972918370e-01
