9.997978925966340968e-01
9.997684721165465138e-01
9.997358403123804971e-01
9.996997926489450403e-01
9.996601268795383133e-01
9.996166443400572588e-01
9.995691511913472604e-01
9.995174595992012412e-01
9.994613888450063488e-01
9.994007663634527638e-01
9.993354287067771624e-01
9.992652224375827563e-01
9.991900049542447038e-01
9.991096452542571615e-01
9.990240246415809100e-01
9.989330373841815991e-01
9.988365913275728536e-01
9.987346084694136428e-01
9.986270254991596040e-01
9.985137943055777399e-01
9.983948824536914568e-01
9.982702736315496317e-01
9.981399680661802165e-01
9.980039829072544499e-01
9.978623525763953284e-01
9.977151290797229288e-01
9.975623822811366948e-01
9.974042001339835650e-01
9.972406888691079940e-01
9.970719731377988282e-01
9.968981961088000388e-01
9.967195195192837254e-01
9.965361236804602951e-01
9.963482074392748800e-01
9.961559880983638093e-01
9.959597012970821117e-01
9.957596008569209456e-01
9.955559585949730339e-01
9.953490641092369584e-01
9.951392245394586888e-01
9.949267643068491207e-01
9.947120248353934491e-01
9.944953642565601548e-01
9.942771570980373230e-01
9.940577939556833886e-01
9.938376811462082960e-01
9.936172403362395489e-01
9.933969081414205649e-01
9.931771356871089695e-01
9.929583881201425877e-01
9.927411440591150660e-01
9.925258949687056909e-01
9.923131444419385216e-01
9.921034073728624003e-01
9.918972090011081155e-01
9.916950838091677101e-01
9.914975742530547365e-01
9.913052293073103538e-01
9.911186028060794406e-01
9.909382515632192412e-01
9.907647332560577391e-01
9.905986040594785269e-01
9.904404160193946982e-01
9.902907141573543681e-01
9.901500333009234378e-01
9.900188946375828580e-01
9.898978019931026218e-01
9.897872378387054804e-01
9.896876590347685188e-01
9.895994923223402351e-01
9.895231295773603275e-01
9.894589228461392327e-01
9.894071791843915831e-01
9.893681553258515393e-01
9.893420522101972203e-01
9.893290094035726012e-01
9.893290994483119327e-01
9.893423221813995028e-01
9.893685990635936456e-01
9.894077675628265567e-01
9.894595756363178118e-01
9.895236763556618520e-01
9.895996227178588400e-01
9.896868626827932669e-01
9.897847344740111630e-01
9.898924621748567132e-01
9.900091516462049546e-01
9.901337867853408081e-01
9.902652261381880150e-01
9.904021998693474105e-01
9.905433070865127254e-01
9.906870135080959594e-01
9.908316494555501341e-01
9.909754081452032404e-01
9.911163442485884101e-01
9.912523726854759465e-01
9.913812676101704247e-01
9.915006615492337749e-01
9.916080446476439603e-01
9.917007639805012209e-01
9.917760228887022578e-01
9.918308802994636464e-01
9.918622499961020633e-01
9.918668998059979591e-01
9.918414506811110698e-01
9.917823756516941369e-01
9.916859986409543026e-01
9.915484931362731347e-01
9.913658807212477608e-01
9.911340294822442720e-01
9.908486523134000246e-01
9.905053051551137022e-01
9.900993852130302031e-01
9.896261292173911261e-01
9.890806117963453215e-01
9.884577440513209190e-01
9.877522724377213459e-01
9.869587780697987034e-01
9.860716765842900688e-01
9.850852187128922299e-01
9.839934917284448579e-01
9.827904219432705979e-01
9.814697784499183397e-01
9.800251783039982678e-01
9.784500933553061941e-01
9.767378589364972274e-01
9.748816846177195128e-01
9.728746672305133014e-01
9.707098063546802935e-01
9.683800224476234453e-01
9.658781777768772336e-01
9.631971002933492620e-01
9.603296105554331996e-01
9.572685517830011870e-01
9.540068230857647880e-01
9.505374158730985901e-01
9.468534534126462621e-01
9.429482334634022855e-01
9.388152738659902852e-01
9.344483609290450410e-01
9.298416004064338214e-01
9.249894708160086854e-01
9.198868788071292713e-01
9.145292162418227067e-01
9.089124186136430250e-01
9.030330243895707820e-01
8.968882348241922209e-01
8.904759737624844407e-01
8.837949469183932205e-01
8.768447000916264056e-01
8.696256757653062497e-01
8.621392675129131433e-01
8.543878716348842772e-01
8.463749354437934969e-01
8.381050016226645472e-01
8.295837480939890485e-01
8.208180228576011928e-01
8.118158732837541525e-01
8.025865693834005610e-01
7.931406206204696385e-01
7.834897858802940540e-01
7.736470762635829779e-01
7.636267504354693481e-01
7.534443023231327530e-01
7.431164410220492123e-01
7.326610628387453250e-01
7.220972154656680742e-01
7.114450543501058544e-01
7.007257913827839024e-01
6.899616360917140145e-01
6.791757295822407059e-01
6.683920715143809588e-01
6.576354404531475906e-01
6.469313079665244270e-01
6.363057468793964500e-01
6.257853341204564490e-01
6.153970486236663984e-01
6.051681647671107722e-01
5.951261418509130596e-01
5.852985101333701978e-01
5.757127539613848821e-01
5.663961925485051507e-01
5.573758589719196577e-01
5.486783779790427307e-01
5.403298432148573305e-01
5.323556945028444787e-01
5.247805958345985733e-01
5.176283147454157074e-01
5.109216037743292693e-01
5.046820847261206389e-01
4.989301364685895246e-01
4.936847870096132684e-01
4.889636106040237129e-01
4.847826306390017326e-01
4.811562290376405482e-01
4.780970629027548879e-01
4.756159890965163672e-01
4.737219974157576008e-01
4.724221529780107121e-01
4.717215483796703968e-01
4.716232661258441539e-01
4.721283517620938897e-01
4.732357980624267713e-01
4.749425405465120820e-01
4.772434645133858400e-01
4.801314236898968080e-01
4.835972705009866646e-01
4.876298978765959413e-01
4.922162924174828813e-01
4.973415986503764152e-01
5.029891940123834004e-01
5.091407741161040335e-01
5.157764477610191634e-01
5.228748410739627595e-01
5.304132100824066054e-01
5.383675609493445702e-01
5.467127770284955224e-01
5.554227518338057390e-01
5.644705269588059515e-01
5.738284339298818093e-01
5.834682389339943542e-01
5.933612893267532495e-01
6.034786608019750975e-01
6.137913040899258821e-01
6.242701900492380052e-01
6.348864520277699430e-01
6.456115243910216517e-01
6.564172761534914358e-01
6.672761386986334475e-01
6.781612266366576769e-01
6.890464509257282488e-01
6.999066234703237299e-01
7.107175525094180379e-01
7.214561282152612831e-01
7.321003980391194155e-01
7.426296314614559968e-01
7.530243739285802373e-01
7.632664898835642697e-01
7.733391949240018270e-01
7.832270772407869952e-01
7.929161086083851284e-01
8.023936453061266683e-01
8.116484194500999116e-01
8.206705213047444936e-01
8.294513732209263246e-01
8.379836959122255458e-01
8.462614678326202400e-01
8.542798784563894188e-01
8.620352762848235706e-01
8.695251124144283139e-01
8.767478804983002139e-01
8.837030539169958843e-01
8.903910209485260685e-01
8.968130186903104928e-01
9.029710664403782783e-01
9.088678991922938266e-01
9.145069018397722349e-01
9.198920446243272764e-01
9.250278202941020211e-01
9.299191833758048142e-01
9.345714918957853667e-01
9.389904518220314467e-01
9.431820644373462015e-01
9.471525767961184172e-01
9.509084353636751974e-01
9.544562428887509720e-01
9.578027185164993407e-01
9.609546611118752191e-01
9.639189157311707223e-01
9.667023431528398714e-01
9.693117923572655004e-01
9.717540758284373137e-01
9.740359475381941134e-01
9.761640834652565157e-01
9.781450644962272900e-01
9.799853615535432105e-01
9.816913227955308408e-01
9.832691627357765807e-01
9.847249531325370508e-01
9.860646155035320826e-01
9.872939151268591562e-01
9.884184563947101543e-01
9.894436793928659268e-01
9.903748575854759428e-01
9.912170964913010751e-01
9.919753332443771443e-01
9.926543369389014826e-01
9.932587096650512537e-01
9.937928881493772737e-01
9.942611459203473112e-01
9.946675959264807965e-01
9.950161935412431546e-01
9.953107398953411344e-01
9.955548854831738348e-01
9.957521339958095297e-01
9.959058463378658299e-01
9.960192447899555157e-01
9.960954172818637931e-01
9.961373217442996975e-01
9.961477905089459739e-01
9.961295347276699630e-01
9.960851487822928174e-01
9.960171146563876476e-01
9.959278062403975618e-01
9.958194935411417426e-01
9.956943467667299652e-01
9.955544402582359176e-01
9.954017562403617569e-01
9.952381883649001892e-01
9.950655450231353782e-01
9.948855524064580402e-01
9.946998572983658526e-01
9.945100295855897610e-01
9.943175644812060066e-01
9.941238844580907452e-01
9.939303408967568032e-01
9.937382154572824700e-01
9.935487211904974192e-01
9.933630034086419203e-01
9.931821403401950299e-01
9.930071435973504279e-01
9.928389584875809692e-01
9.926784642028420036e-01
9.925264739211627774e-01
9.923837348557027482e-01
9.922509282858318347e-01
9.921286696035177544e-01
9.920175084063660442e-01
9.919179286661711226e-01
9.918303489989431787e-01
9.917551230591835632e-01
9.916925400778502375e-01
9.916428255600729935e-01
9.916061421553703514e-01
9.915825907099565795e-01
9.915722115077655330e-01
9.915749857040979665e-01
9.915908369533215083e-01
9.916196332298037319e-01
9.916611888392202756e-01
9.917152666154955831e-01
9.917815802968685812e-01
9.918597970728919577e-01
9.919495402925226912e-01
9.920503923218444431e-01
9.921618975383604822e-01
9.922835654472331735e-01
9.924148739033507027e-01
9.925552724217150402e-01
9.927041855574250118e-01
9.928610163355189311e-01
9.930251497101943992e-01
9.931959560324833403e-01
9.933727945053372199e-01
9.935550166052927734e-01
9.937419694504201484e-01
9.939329990950791505e-01
9.941274537330849759e-01
9.943246867921518017e-01
9.945240599038995821e-01
9.947249457352005386e-01
9.949267306681764955e-01
9.951288173176786600e-01
9.953306268765672593e-01
9.955316012805397463e-01
9.957312051856270774e-01
9.959289277527975104e-01
9.961242842353865701e-01
9.963168173663352611e-01
9.965060985434848195e-01
9.966917288124613750e-01
9.968733396480159437e-01
9.970505935360500782e-01
9.972231843599812517e-01
9.973908375965448991e-01
9.975533103275942004e-01
9.977103910758967631e-01
9.978618994743001513e-01
9.980076857789057510e-01
9.981476302379836962e-01
9.982816423292395491e-01
9.984096598786441623e-01
9.985316480743151590e-01
9.986475983888642993e-01
9.987575274231728084e-01
9.988614756837339570e-01
9.989595063045388912e-01
9.990517037230232100e-01
9.991381723179284524e-01
9.992190350151630707e-01
9.992944318659929825e-01
9.993645186002928504e-01
9.994294651562757315e-01
9.994894541872199056e-01
9.995446795453292177e-01
9.995953447430750982e-01
9.996416613931965456e-01
9.996838476299682030e-01
9.997221265163112047e-01
9.997567244437051137e-01
9.997878695344892819e-01
