9.997973877482436711e-01
9.997678980489761447e-01
9.997351905646314485e-01
9.996990605865752055e-01
9.996593057433472707e-01
9.996157272988968057e-01
9.995681313982101024e-01
9.995163302496485880e-01
9.994601432369281113e-01
9.993993979571200725e-01
9.993339311841441530e-01
9.992635897598229899e-01
9.991882314165693169e-01
9.991077255371466626e-01
9.990219538576780023e-01
9.989308111202211959e-01
9.988342056808748870e-01
9.987320600786173674e-01
9.986243115690416339e-01
9.985109126259513745e-01
9.983918314125383997e-01
9.982670522226759768e-01
9.981365758918118170e-01
9.980004201760975802e-01
9.978586200977715981e-01
9.977112282544523536e-01
9.975583150898846840e-01
9.973999691238034648e-01
9.972362971389059361e-01
9.970674243234233236e-01
9.968934943684105709e-01
9.967146695195900907e-01
9.965311305843498335e-01
9.963430768952520333e-01
9.961507262321325218e-01
9.959543147054973344e-01
9.957540966044331476e-01
9.955503442125833713e-01
9.953433475958864962e-01
9.951334143656780373e-01
9.949208694204147996e-01
9.947060546686630200e-01
9.944893287350985434e-01
9.942710666500979011e-01
9.940516595220743046e-01
9.938315141900514460e-01
9.936110528521209240e-01
9.933907126634323737e-01
9.931709452952947048e-01
9.929522164448766341e-01
9.927350052829733151e-01
9.925198038254120503e-01
9.923071162120064015e-01
9.920974578755753504e-01
9.918913545825180922e-01
9.916893413258049961e-01
9.914919610510652959e-01
9.912997631967394030e-01
9.911133020300229024e-01
9.909331347615502050e-01
9.907598194234215061e-01
9.905939124972213961e-01
9.904359662810685583e-01
9.902865259874104042e-01
9.901461265661889444e-01
9.900152892511057123e-01
9.898945178299568548e-01
9.897842946433789146e-01
9.896850763198125067e-01
9.895972892580521263e-01
9.895213248723879751e-01
9.894575346190639387e-01
9.894062248265369508e-01
9.893676513557992935e-01
9.893420141207538432e-01
9.893294515022174052e-01
9.893300346924628341e-01
9.893437620101523944e-01
9.893705532279037929e-01
9.894102439564051998e-01
9.894625801297990408e-01
9.895272126368327426e-01
9.896036921409366860e-01
9.896914641298566462e-01
9.897898642317327633e-01
9.898981138296377713e-01
9.900153160006570641e-01
9.901404517987981713e-01
9.902723768935536297e-01
9.904098185680833000e-01
9.905513730729822441e-01
9.906955033237592190e-01
9.908405369227305526e-01
9.909846644792885684e-01
9.911259381966455173e-01
9.912622706883612578e-01
9.913914339843478141e-01
9.915110586837004858e-01
9.916186332106443624e-01
9.917115031301104722e-01
9.917868704809196245e-01
9.918417930871802346e-01
9.918731838122298861e-01
9.918778097241709446e-01
9.918522911476864712e-01
9.917931005833106051e-01
9.916965614826028785e-01
9.915588468757067231e-01
9.913759778565582881e-01
9.911438219405428462e-01
9.908580913197175821e-01
9.905143410518452152e-01
9.901079672314553326e-01
9.896342052039708292e-01
9.890881278975862667e-01
9.884646443619963252e-01
9.877584986181079385e-01
9.869642689383210099e-01
9.860763676925518029e-01
9.850890419105091667e-01
9.839963747253892556e-01
9.827922878775955384e-01
9.814705454687793207e-01
9.800247591658353130e-01
9.784483950609285108e-01
9.767347823966312514e-01
9.748771243643720164e-01
9.728685111792715334e-01
9.707019356248319797e-01
9.683703112467400009e-01
9.658664933562568500e-01
9.631833029804561797e-01
9.603135538691829343e-01
9.572500826374082949e-01
9.539857820870762950e-01
9.505136377150528171e-01
9.468267673739138024e-01
9.429184640105612303e-01
9.387822413645526831e-01
9.344118824640820220e-01
9.298014907132372553e-01
9.249455433199955667e-01
9.198389467708423251e-01
9.144770940154375305e-01
9.088559229838739650e-01
9.029719760203048784e-01
8.968224597806088161e-01
8.904053051088569593e-01
8.837192263782647217e-01
8.767637797576255387e-01
8.695394198445601797e-01
8.620475540928415059e-01
8.542905944531651308e-01
8.462720056454779982e-01
8.379963494868343243e-01
8.294693247119806490e-01
8.206978017447174034e-01
8.116898519065142148e-01
8.024547705847959733e-01
7.930030939263508216e-01
7.833466086709536258e-01
7.734983547957818839e-01
7.634726207015865018e-01
7.532849307357724067e-01
7.429520249143010124e-01
7.324918307723211619e-01
7.219234273413002168e-01
7.112670013168513883e-01
7.005437955451625509e-01
6.897760500158787167e-01
6.789869356045621362e-01
6.682004808578558830e-01
6.574414921588433991e-01
6.467354676487981902e-01
6.361085053147900181e-01
6.255872056809421711e-01
6.151985695652558706e-01
6.049698913847203485e-01
5.949286485098206345e-01
5.851023871866080084e-01
5.755186055610764795e-01
5.662046343575075635e-01
5.571875157803227729e-01
5.484938812282023068e-01
5.401498284298482666e-01
5.321807986326455575e-01
5.246114544981430594e-01
5.174655593809877052e-01
5.107658586897596553e-01
5.045339640479840071e-01
4.987902409901835421e-01
4.935537009399203479e-01
4.888418982231278465e-01
4.846708328695226164e-01
4.810548599464951058e-01
4.780066061528865928e-01
4.755368943738736975e-01
4.736546768626522796e-01
4.723669776696663991e-01
4.716788448861413130e-01
4.715933132062157807e-01
4.721113772417502297e-01
4.732319759469448828e-01
4.749519884272381809e-01
4.772662413198023312e-01
4.801675278423902515e-01
4.836466385145540281e-01
4.876924034613602243e-01
4.922917461157133578e-01
4.974297480421588924e-01
5.030897245133220119e-01
5.092533103806834438e-01
5.159005556947948712e-01
5.230100304468443539e-01
5.305589377242453386e-01
5.385232344982018304e-01
5.468777591915365832e-01
5.555963651111773816e-01
5.646520587721950424e-01
5.740171420900878063e-01
5.836633573758754912e-01
5.935620340354772484e-01
6.036842358517090501e-01
6.140009077149811700e-01
6.244830206682042695e-01
6.351017141432946378e-01
6.458284342914926146e-01
6.566350673478391631e-01
6.674940670216267247e-01
6.783785749691999545e-01
6.892625334825992489e-01
7.001207896163356148e-01
7.109291900738297088e-01
7.216646662833329229e-01
7.323053092086865279e-01
7.428304335611612963e-01
7.532206312027677209e-01
7.634578136566567697e-01
7.735252437643425072e-01
7.834075566502951560e-01
7.930907702699186990e-01
8.025622859250747254e-01
8.118108792304497001e-01
8.208266821026209970e-01
8.296011564204774924e-01
8.381270600696768547e-01
8.463984061344537180e-01
8.544104160369422329e-01
8.621594674472408126e-01
8.696430377969195380e-01
8.768596442251230805e-01
8.838087807706167531e-01
8.904908535960794902e-01
8.969071149938809828e-01
9.030595968768491133e-01
9.089510444046251525e-01
9.145848503376725613e-01
9.199649906484125284e-01
9.250959618538894258e-01
9.299827204682872273e-01
9.346306249079447959e-01
9.390453801175072668e-01
9.432329851246115116e-01
9.471996836729603686e-01
9.509519180305462394e-01
9.544962860216693601e-01
9.578395012886320448e-01
9.609883567517509828e-01
9.639496912046201516e-01
9.667303589552538323e-01
9.693372024025680433e-01
9.717770274212790271e-01
9.740565814162461811e-01
9.761825338991050316e-01
9.781614594351807357e-01
9.799998228066546524e-01
9.817039662382432974e-01
9.832800985337893929e-01
9.847342859757306499e-01
9.860724448440240097e-01
9.873003354164766598e-01
9.884235573183051127e-01
9.894475460949562207e-01
9.903775708886339846e-01
9.912187331055228867e-01
9.919759659673316188e-01
9.926540348474830466e-01
9.932575382990342927e-01
9.937909096882036053e-01
9.942584193541834647e-01
9.946641772226678668e-01
9.950121358071503108e-01
9.953060935384440144e-01
9.955496983689295920e-01
9.957464516036188540e-01
9.958997119151123956e-01
9.960126995038225406e-01
9.960885003683601635e-01
9.961300706536967420e-01
9.961402410466434487e-01
9.961217211893885759e-01
9.960771040824214495e-01
9.960088704483069932e-01
9.959193930276510898e-01
9.958109407784216938e-01
9.956856829497831018e-01
9.955456930019626061e-01
9.953929523445754768e-01
9.952293538674151785e-01
9.950567052400639545e-01
9.948767319598047498e-01
9.946910801312092154e-01
9.945013189653357788e-01
9.943089429915791255e-01
9.941153739806956047e-01
9.939219625832013127e-01
9.937299896929923104e-01
9.935406675514798502e-01
9.933551406125645800e-01
9.931744861932384483e-01
9.929997149383591459e-01
9.928317711310847837e-01
9.926715328825302942e-01
9.925198122353818819e-01
9.923773552164888434e-01
9.922448418729085118e-01
9.921228863245591389e-01
9.920120368646677678e-01
9.919127761366827167e-01
9.918255214133955278e-01
9.917506250008134572e-01
9.916883747859758236e-01
9.916389949445261198e-01
9.916026468205519917e-01
9.915794299880540397e-01
9.915693835004707468e-01
9.915724873319948784e-01
9.915886640119747630e-01
9.916177804514860750e-01
9.916596499591625591e-01
9.917140344415241726e-01
9.917806467813261584e-01
9.918591533857882281e-01
9.919491768949552091e-01
9.920502990388373465e-01
9.921620636303971619e-01
9.922839796798974543e-01
9.924155246146278975e-01
9.925561475866438998e-01
9.927052728499156098e-01
9.928623031872643168e-01
9.930266233667001119e-01
9.931976036063108193e-01
9.933746030267140981e-01
9.935569730702721314e-01
9.937440608667879038e-01
9.939352125262032045e-01
9.941297763398829757e-01
9.943271058733279544e-01
9.945265629345656500e-01
9.947275204039613961e-01
9.949293649127218808e-01
9.951314993588912250e-01
9.953333452511283763e-01
9.955343448719924382e-01
9.957339632538398932e-01
9.959316899617647323e-01
9.961270406792970267e-01
9.963195585938414700e-01
9.965088155801088421e-01
9.966944131810780982e-01
9.968759833873558351e-01
9.970531892171677901e-01
9.972257251006340084e-01
9.973933170734189391e-01
9.975557227863124377e-01
9.977127313387285090e-01
9.978641629454828577e-01
9.980098684474772996e-01
9.981497286780132150e-01
9.982836536973384023e-01
9.984115819086355481e-01
9.985334790689471829e-01
9.986493372084630504e-01
9.987591734711527280e-01
9.988630288889138731e-01
9.989609671002501745e-01
9.990530730230434697e-01
9.991394514893290335e-01
9.992202258482169031e-01
9.992955365413510593e-01
9.993655396537023394e-01
9.994304054411722316e-01
9.994903168355835366e-01
9.995454679272460785e-01
9.995960624254858207e-01
9.996423120983441990e-01
9.996844351940775697e-01
9.997226548490349973e-01
9.997571974888652679e-01
9.997882912326186977e-01
