9.997975944227616152e-01
9.997681318551296936e-01
9.997354537955334131e-01
9.996993555496406225e-01
9.996596347361740298e-01
9.996160925837720423e-01
9.995685351756830039e-01
9.995167746316415691e-01
9.994606302198871806e-01
9.993999293957099850e-01
9.993345087659900594e-01
9.992642149817769770e-01
9.991889055629458172e-01
9.991084496603198639e-01
9.990227287613738794e-01
9.989316373457671761e-01
9.988350834965924463e-01
9.987329894724603641e-01
9.986252922445018054e-01
9.985119440011698266e-01
9.983929126224836414e-01
9.982681821241783382e-01
9.981377530711812440e-01
9.980016429589984028e-01
9.978598865609886737e-01
9.977125362391520147e-01
9.975596622159623728e-01
9.974013528049038291e-01
9.972377145977143753e-01
9.970688726068471786e-01
9.968949703623019021e-01
9.967161699627019589e-01
9.965326520812652911e-01
9.963446159280794356e-01
9.961522791708139479e-01
9.959558778166377468e-01
9.957556660586115438e-01
9.955519160901641351e-01
9.953449178913976736e-01
9.951349789908715548e-01
9.949224242061627255e-01
9.947075953658778280e-01
9.944908510148917635e-01
9.942725661034129692e-01
9.940531316590409672e-01
9.938329544393172954e-01
9.936124565604141923e-01
9.933920750956076740e-01
9.931722616351016386e-01
9.929534817966799709e-01
9.927362146746359084e-01
9.925209522125344463e-01
9.923081984836980007e-01
9.920984688619124414e-01
9.918922890638269818e-01
9.916901940438919150e-01
9.914927267225014385e-01
9.913004365282982455e-01
9.911138777363585062e-01
9.909336075852023251e-01
9.907601841572288848e-01
9.905941640092257305e-01
9.904360995419875247e-01
9.902865361007611167e-01
9.901460088011357907e-01
9.900150390780980691e-01
9.898941309592083071e-01
9.897837670662167353e-01
9.896844043528949530e-01
9.895964695904088115e-01
9.895203546151888352e-01
9.894564113579565889e-01
9.894049466763225054e-01
9.893662170171320103e-01
9.893404229384586968e-01
9.893277035247244333e-01
9.893281307317539630e-01
9.893417037015158622e-01
9.893683430886909269e-01
9.894078854428940417e-01
9.894600776911882667e-01
9.895245717653258222e-01
9.896009194168381429e-01
9.896885672605854056e-01
9.897868520836816675e-01
9.898949964518596323e-01
9.900121046394589897e-01
9.901371589024582365e-01
9.902690161065598184e-01
9.904064047145103578e-01
9.905479221288812086e-01
9.906920323787238303e-01
9.908370641311146088e-01
9.909812090018773612e-01
9.911225201339153301e-01
9.912589110067842046e-01
9.913881544375062749e-01
9.915078817302492853e-01
9.916155819313912101e-01
9.917086011466655915e-01
9.917841418784830720e-01
9.918392623440853706e-01
9.918708757388347008e-01
9.918757494135848063e-01
9.918505039406396717e-01
9.917916120492134002e-01
9.916953974185082066e-01
9.915580333244975453e-01
9.913755411452221944e-01
9.911437887389016321e-01
9.908584887194473723e-01
9.905151966650755924e-01
9.901093093076873686e-01
9.896360627635152341e-01
9.890905308792193873e-01
9.884676237820659850e-01
9.877620867379112157e-01
9.869684994362371011e-01
9.860812758371376718e-01
9.850946647305773851e-01
9.840027511729702026e-01
9.827994589796494873e-01
9.814785544635578063e-01
9.800336516198915326e-01
9.784582189629338345e-01
9.767455882243593068e-01
9.748889651214571739e-01
9.728814423986203996e-01
9.707160153358640464e-01
9.683855999039430174e-01
9.658830537268667804e-01
9.632011999894010135e-01
9.603328543997684541e-01
9.572708552865718534e-01
9.540080968743913648e-01
9.505375657450394478e-01
9.468523804515981412e-01
9.429458342106405988e-01
9.388114405549549124e-01
9.344429817851717113e-01
9.298345600144188872e-01
9.249806505559794445e-01
9.198761573603992936e-01
9.145164701660406514e-01
9.088975229862272798e-01
9.030158535173716805e-01
8.968686630163633655e-01
8.904538761625936383e-01
8.837702003908799453e-01
8.768171841568332958e-01
8.695952735764894692e-01
8.621058668678907022e-01
8.543513660143093880e-01
8.463352250674652799e-01
8.380619945148104488e-01
8.295373611480805209e-01
8.207681828910036170e-01
8.117625180723740952e-01
8.025296486664781348e-01
7.930800970657734261e-01
7.834256360002380681e-01
7.735792912731616067e-01
7.635553370434444709e-01
7.533692834485674616e-01
7.430378564290851529e-01
7.325789696834352771e-01
7.220116887497048941e-01
7.113561872773936923e-01
7.006336956159657792e-01
6.898664419069543419e-01
6.790775859217345056e-01
6.682911459371689844e-01
6.575319189858204183e-01
6.468253948562550093e-01
6.361976642523899939e-01
6.256753215493318088e-01
6.152853626074517024e-01
6.050550781273976719e-01
5.950119430473258531e-01
5.851835025008216284e-01
5.755972548706882463e-01
5.662805324907878024e-01
5.572603805660886200e-01
5.485634349002653787e-01
5.402157990408220645e-01
5.322429214735069358e-01
5.246694735203285553e-01
5.175192286180221313e-01
5.108149436754498840e-01
5.045782432279926066e-01
4.988295071233319611e-01
4.935877624848366008e-01
4.888705807048709939e-01
4.846939802195836533e-01
4.810723358081289147e-01
4.780182951421420023e-01
4.755427032849870450e-01
4.736545358047612453e-01
4.723608411201239976e-01
4.716666926442276697e-01
4.715751512297455816e-01
4.720872383481619083e-01
4.732019203599155954e-01
4.749161041498574098e-01
4.772246443158407736e-01
4.801203620083425161e-01
4.835940754268595043e-01
4.876346418855733722e-01
4.922290112673719520e-01
4.973622905925851878e-01
5.030178193376069196e-01
5.091772550494747529e-01
5.158206687161643877e-01
5.229266492693129820e-01
5.304724165168690497e-01
5.384339417282982820e-01
5.467860750250670421e-01
5.555026786647976333e-01
5.645567652494938304e-01
5.739206398373741802e-01
5.835660448950041879e-01
5.934643069925524816e-01
6.035864841210072385e-01
6.139035124971167212e-01
6.243863517203926961e-01
6.350061271576216138e-01
6.457342684544178368e-01
6.565426431108201122e-01
6.674036841088568650e-01
6.782905106441157184e-01
6.891770410901383315e-01
7.000380974130380185e-01
7.108495003529107237e-01
7.215881547969029697e-01
7.322321248844874120e-01
7.427606985066215195e-01
7.531544409849437738e-01
7.633952378427804053e-01
7.734663267043336843e-01
7.833523184797304140e-01
7.930392081096251378e-01
8.025143752517545082e-01
8.117665753915190852e-01
8.207859219477950941e-01
8.295638600224745085e-01
8.380931325067639825e-01
8.463677393083418599e-01
8.543828905007324614e-01
8.621349542196559135e-01
8.696214001408894001e-01
8.768407393708581576e-01
8.837924615655526894e-01
8.904769700664542098e-01
8.968955158051548082e-01
9.030501306826550501e-01
9.089435610763965112e-01
9.145792020694857305e-01
9.199610329338870907e-01
9.250935543341494149e-01
9.299817276519992681e-01
9.346309167662800732e-01
9.390468325584967468e-01
9.432354803527887022e-01
9.472031104413753955e-01
9.509561717932113467e-01
9.545012689952364626e-01
9.578451224326365310e-01
9.609945316770631685e-01
9.639563420198662413e-01
9.667374140608944177e-01
9.693445962420880191e-01
9.717847001985536748e-01
9.740644787876379107e-01
9.761906066482225475e-01
9.781696631375321749e-01
9.800081174906579706e-01
9.817123160482492672e-01
9.832884713999454629e-01
9.847426532946810251e-01
9.860807811736290729e-01
9.873086181869478173e-01
9.884317665614191784e-01
9.894556641923326623e-01
9.903855823394527302e-01
9.912266243135309240e-01
9.919837250465419753e-01
9.926616514456124696e-01
9.932650034374597148e-01
9.937982156170347414e-01
9.942655594209535153e-01
9.946711457531223211e-01
9.950189279966599187e-01
9.953127053526706902e-01
9.955561264525227827e-01
9.957526931958970984e-01
9.959057647718853046e-01
9.960185618247129336e-01
9.960941707291852687e-01
9.961355479436541094e-01
9.961455244102100925e-01
9.961268099729755354e-01
9.960819977859284302e-01
9.960135686817908063e-01
9.959238954733543592e-01
9.958152471584131860e-01
9.956897929994324992e-01
9.955496064494248065e-01
9.953966688963864495e-01
9.952328732002190259e-01
9.950600269983910229e-01
9.948798557597235970e-01
9.946940055695715488e-01
9.945040456342322255e-01
9.943114704975344331e-01
9.941177019680450533e-01
9.939240907610189524e-01
9.937319178648836848e-01
9.935423956475077922e-01
9.933566687225497960e-01
9.931758146006661736e-01
9.930008441541270381e-01
9.928327019263498698e-01
9.926722663199495367e-01
9.925203496980865570e-01
9.923776984341982077e-01
9.922449929446555128e-01
9.921228477375808597e-01
9.920118115090971189e-01
9.919123673157662635e-01
9.918249328490532646e-01
9.917498608344479383e-01
9.916874395745285398e-01
9.916378936518688292e-01
9.916013848043871981e-01
9.915780129825788602e-01
9.915678175951357920e-01
9.915707789467559374e-01
9.915868198694944846e-01
9.916158075467912392e-01
9.916575555272937326e-01
9.917118259237390765e-01
9.917783317904184104e-01
9.918567396710741280e-01
9.919466723074515935e-01
9.920477114971113508e-01
9.921594010875117720e-01
9.922812500918071210e-01
9.924127359103045443e-01
9.925533076401321653e-01
9.927023894544332316e-01
9.928593840313898466e-01
9.930236760126154305e-01
9.931946354700083024e-01
9.933716213600282119e-01
9.935539849445632621e-01
9.937410731580844647e-01
9.939322319016041796e-01
9.941268092450303850e-01
9.943241585207763800e-01
9.945236412929029379e-01
9.947246301875674046e-01
9.949265115720873354e-01
9.951286880714548255e-01
9.953305809126230530e-01
9.955316320883225156e-01
9.957313063335362369e-01
9.959290929090822697e-01
9.961245071880329149e-01
9.963170920419605059e-01
9.965064190252612697e-01
9.966920893570959672e-01
9.968737347018045147e-01
9.970510177500244708e-01
9.972236326041492571e-01
9.973913049732130442e-01
9.975537921837418498e-01
9.977108830145504648e-01
9.978623973648342860e-01
9.980081857661763367e-01
9.981481287501821065e-01
9.982821360843382452e-01
9.984101458892959968e-01
9.985321236510652509e-01
9.986480611415368136e-01
9.987579752603058525e-01
9.988619068099577891e-01
9.989599192158178376e-01
9.990520971997182142e-01
9.991385454156782586e-01
9.992193870536264511e-01
9.992947624155431585e-01
9.993648274668054388e-01
9.994297523641972880e-01
9.994897199611489924e-01
9.995449242903814424e-01
9.995955690243339964e-01
9.996418659145752672e-01
9.996840332128195117e-01
9.997222940781287370e-01
9.997568749772470786e-01
9.997880040876429009e-01
