9.997974696873748179e-01
9.997680047828538807e-01
9.997353268992856812e-01
9.996992318790279830e-01
9.996595179080692839e-01
9.996159868057055142e-01
9.995684452610476001e-01
9.995167060059120256e-01
9.994605889172835100e-01
9.993999220459958144e-01
9.993345425713723307e-01
9.992642976841494828e-01
9.991890454019919376e-01
9.991086553232414458e-01
9.990230093252361332e-01
9.989320022136355393e-01
9.988355423287789137e-01
9.987335521142927108e-01
9.986259686520713164e-01
9.985127441665072601e-01
9.983938464995631978e-01
9.982692595570505922e-01
9.981389837254053266e-01
9.980030362573797387e-01
9.978614516244432853e-01
9.977142818333195606e-01
9.975615967039795917e-01
9.974034841065473334e-01
9.972400501549177898e-01
9.970714193554136573e-01
9.968977347094624131e-01
9.967191577700221794e-01
9.965358686522808318e-01
9.963480659999429667e-01
9.961559669091678559e-01
9.959598068128852066e-01
9.957598393287434568e-01
9.955563360743127088e-01
9.953495864533214998e-01
9.951398974166368872e-01
9.949275932013600388e-01
9.947130150508076696e-01
9.944965209172581533e-01
9.942784851481744068e-01
9.940592981551863438e-01
9.938393660634512461e-01
9.936191103371477817e-01
9.933989673748535587e-01
9.931793880664659957e-01
9.929608373012213107e-01
9.927437934143195086e-01
9.925287475577597718e-01
9.923162029792965688e-01
9.921066741920279153e-01
9.919006860160771710e-01
9.916987724731954890e-01
9.915014755149184067e-01
9.913093435651955110e-01
9.911229298591717196e-01
9.909427905610205256e-01
9.907694826453968817e-01
9.906035615291314267e-01
9.904455784421918318e-01
9.902960775296334450e-01
9.901555926791896223e-01
9.900246440722749730e-01
9.899037344594380228e-01
9.897933451646879766e-01
9.896939318266033681e-01
9.896059198876963059e-01
9.895296998471549976e-01
9.894656222957916025e-01
9.894139927557760172e-01
9.893750663514807586e-01
9.893490423414568191e-01
9.893360585450956535e-01
9.893361857008114990e-01
9.893494217954519332e-01
9.893756864069639390e-01
9.894148151039434680e-01
9.894665539464230219e-01
9.895305541319676657e-01
9.896063668297440108e-01
9.896934382426496590e-01
9.897911049338175005e-01
9.898985894489152892e-01
9.900149962597308839e-01
9.901393080477663977e-01
9.902703823391513227e-01
9.904069484943957002e-01
9.905476050486087258e-01
9.906908173900903503e-01
9.908349157579295907e-01
9.909780935326685247e-01
9.911184057884202536e-01
9.912537680702333542e-01
9.913819553570890619e-01
9.915006011687745868e-01
9.916071967740087700e-01
9.916990904575926358e-01
9.917734868059592257e-01
9.918274459732264736e-01
9.918578828936278624e-01
9.918615664109065033e-01
9.918351183008295990e-01
9.917750121693326149e-01
9.916775722158901463e-01
9.915389718594944668e-01
9.913552322331170563e-01
9.911222205617397085e-01
9.908356484490130622e-01
9.904910701083875502e-01
9.900838805861944536e-01
9.896093140366701846e-01
9.890624421223064289e-01
9.884381726271014301e-01
9.877312483851808933e-01
9.869362466426209179e-01
9.860475789858785811e-01
9.850594919856219267e-01
9.839660687195077582e-01
9.827612313510578623e-01
9.814387449536566832e-01
9.799922227782542627e-01
9.784151331700214893e-01
9.767008083424305598e-01
9.748424552165591006e-01
9.728331685284665742e-01
9.706659463980207292e-01
9.683337085384396969e-01
9.658293172670766591e-01
9.631456014547616906e-01
9.602753835235883217e-01
9.572115095717602662e-01
9.539468826694361692e-01
9.504744993319185209e-01
9.467874891365538614e-01
9.428791574078828619e-01
9.387430308524219447e-01
9.343729059805032655e-01
9.297629001083406175e-01
9.249075046894211782e-01
9.198016406809207401e-01
9.144407156085901933e-01
9.088206819529479619e-01
9.029380964411446442e-01
8.967901797930677432e-01
8.903748764376763214e-01
8.836909136867711068e-01
8.767378598290020975e-01
8.695161805874791483e-01
8.620272933704771212e-01
8.542736187369427414e-01
8.462586284973483419e-01
8.379868898762864449e-01
8.294641051764060080e-01
8.206971464040393460e-01
8.116940843451885268e-01
8.024642116162969963e-01
7.930180592571018927e-01
7.833674064822921945e-01
7.735252832639489817e-01
7.635059654769027482e-01
7.533249624030698977e-01
7.429989964573213701e-01
7.325459750651424073e-01
7.219849546898996495e-01
7.113360970736301025e-01
7.006206178186382694e-01
6.898607274967776259e-01
6.790795655282042542e-01
6.683011271210461679e-01
6.575501836074411077e-01
6.468521965498195136e-01
6.362332260242998805e-01
6.257198335162157399e-01
6.153389798868318383e-01
6.051179188910837947e-01
5.950840867447264593e-01
5.852649882565718054e-01
5.756880800584553981e-01
5.663806514830254102e-01
5.573697036579451369e-01
5.486818274050286881e-01
5.403430805542613902e-01
5.323788653053100894e-01
5.248138062925763458e-01
5.176716300332582232e-01
5.109750464602487163e-01
5.047456332619230102e-01
4.990037237675706283e-01
4.937682991292099421e-01
4.890568855564514372e-01
4.848854573598315731e-01
4.812683465486513601e-01
4.782181597110496396e-01
4.757457028763852902e-01
4.738599150227688073e-01
4.725678108459027138e-01
4.718744333496680543e-01
4.717828167547430951e-01
4.722939601498953310e-01
4.734068122324374128e-01
4.751182674008694873e-01
4.774231733751584938e-01
4.803143504296185640e-01
4.837826222311958357e-01
4.878168581830824024e-01
4.924040270811361752e-01
4.975292617992214117e-01
5.031759346302095981e-01
5.093257428224323702e-01
5.159588037675149064e-01
5.230537592150810156e-01
5.305878878133257759e-01
5.385372252022860851e-01
5.468766908192965737e-01
5.555802205142155170e-01
5.646209040160921067e-01
5.739711262438824679e-01
5.836027114123438775e-01
5.934870688513169679e-01
6.035953394331765587e-01
6.138985414901847459e-01
6.243677151017623661e-01
6.349740636420477813e-01
6.456890915011237464e-01
6.564847369293922430e-01
6.673334990038686243e-01
6.782085577774757956e-01
6.890838867472917073e-01
6.999343568642668600e-01
7.107358314041360980e-01
7.214652511255790213e-01
7.321007092555187334e-01
7.426215159608560157e-01
7.530082520888401465e-01
7.632428120825315299e-01
7.733084361012225738e-01
7.831897314960312162e-01
7.928726839061442933e-01
8.023446583493429873e-01
8.115943907798017776e-01
8.206119706751149323e-01
8.293888152918676981e-01
8.379176362937839073e-01
8.461923995079208005e-01
8.542082786021194529e-01
8.619616035009225463e-01
8.694498043676253118e-01
8.766713519775828356e-01
8.836256952930704456e-01
8.903131970239354098e-01
8.967350679221253174e-01
9.028933005133326084e-01
9.087906029168905109e-01
9.144303333472466599e-01
9.198164358283978936e-01
9.249533775881473296e-01
9.298460885334145498e-01
9.344999031425302860e-01
9.389205050466975511e-01
9.431138745117578770e-01
9.470862389739566067e-01
9.508440267303502891e-01
9.543938238363466331e-01
9.577423342200248602e-01
9.608963429855067462e-01
9.638626828457599327e-01
9.666482035986995180e-01
9.692597445390341848e-01
9.717041096816411150e-01
9.739880456598999370e-01
9.761182221539042025e-01
9.781012146982699385e-01
9.799434897168702863e-01
9.816513916317518573e-01
9.832311318952488000e-01
9.846887797975122369e-01
9.860302549059379862e-01
9.872613209980227733e-01
9.883875813547672307e-01
9.894144752877100935e-01
9.903472757789016923e-01
9.911910881195388212e-01
9.919508494395419262e-01
9.926313290270448730e-01
9.932371293435690029e-01
9.937726876475372340e-01
9.942422781457211922e-01
9.946500145991351571e-01
9.949998533166999337e-01
9.952955964766025954e-01
9.955408957215280408e-01
9.957392559797110243e-01
9.958940394689204112e-01
9.960084698449283014e-01
9.960856364596578638e-01
9.961284986970075916e-01
9.961398903563267737e-01
9.961225240547381121e-01
9.960789956200788442e-01
9.960117884463312032e-01
9.959232777832252026e-01
9.958157349314488149e-01
9.956913313148001432e-01
9.955521424008875186e-01
9.954001514427925912e-01
9.952372530156072816e-01
9.950652563240220960e-01
9.948858882602084064e-01
9.947007961950807831e-01
9.945115504905560622e-01
9.943196467255202009e-01
9.941265076337043594e-01
9.939334847573542131e-01
9.937418598262665048e-01
9.935528458772333593e-01
9.933675881340057190e-01
9.931871646723829938e-01
9.930125868988135540e-01
9.928447998738554325e-01
9.926846825139247210e-01
9.925330477059364220e-01
9.923906423697198553e-01
9.922581475025353814e-01
9.921361782386965977e-01
9.920252839553277413e-01
9.919259484527789272e-01
9.918385902353165084e-01
9.917635629145367115e-01
9.917011557546495659e-01
9.916515943754643514e-01
9.916150416256731548e-01
9.915915986359586931e-01
9.915813060585911831e-01
9.915841454975581337e-01
9.916000411308822926e-01
9.916288615246210414e-01
9.916704216360527901e-01
9.917244850017128410e-01
9.917907661041898137e-01
9.918689329098874241e-01
9.919586095682797477e-01
9.920593792615081119e-01
9.921707871914988708e-01
9.922923436901408545e-01
9.924235274364848758e-01
9.925637887634676249e-01
9.927125530353676508e-01
9.928692240761415322e-01
9.930331876279958614e-01
9.932038148190857063e-01
9.933804656190976523e-01
9.935624922616916876e-01
9.937492426133265333e-01
9.939400634688393410e-01
9.941343037552577977e-01
9.943313176266269648e-01
9.945304674340791351e-01
9.947311265569057648e-01
9.949326820819462958e-01
9.951345373201576638e-01
9.953361141507265364e-01
9.955368551845281688e-01
9.957362257401110028e-01
9.959337156266991897e-01
9.961288407299814240e-01
9.963211443977051385e-01
9.965101986233450004e-01
9.966956050273935164e-01
9.968769956371305030e-01
9.970540334670945359e-01
9.972264129038815872e-01
9.973938599003485672e-01
9.975561319857537690e-01
9.977130180998136089e-01
9.978643382600379530e-01
9.980099430729804100e-01
9.981497131011564106e-01
9.982835580982698520e-01
9.984114161260099207e-01
9.985332525659736946e-01
9.986490590402069545e-01
9.987588522534170954e-01
9.988626727690920193e-01
9.989605837305982616e-01
9.990526695368648902e-01
9.991390344805893831e-01
9.992198013551082392e-01
9.992951100343070436e-01
9.993651160283114621e-01
9.994299890163659272e-01
9.994899113573740834e-01
9.995450765781668245e-01
9.995956878397487255e-01
9.996419563825793553e-01
9.996840999533652683e-01
9.997223412177911328e-01
9.997569061659971057e-01
9.997880225202492310e-01
