9.997977412440518519e-01
9.997682986504419222e-01
9.997356424217297421e-01
9.996995679176330363e-01
9.996598727986836241e-01
9.996163583221314708e-01
9.995688305858939637e-01
9.995171017099219180e-01
9.994609909479448273e-01
9.994003257259838069e-01
9.993349426070925468e-01
9.992646881843567641e-01
9.991894199061694959e-01
9.991090068391473844e-01
9.990233303747722005e-01
9.989322848859732984e-01
9.988357783395055423e-01
9.987337328692069693e-01
9.986260853141852856e-01
9.985127877247839123e-01
9.983938078379417380e-01
9.982691295223843353e-01
9.981387531930472345e-01
9.980026961932967344e-01
9.978609931429132107e-01
9.977136962494566053e-01
9.975608755805381866e-01
9.974026192946602309e-01
9.972390338286298839e-01
9.970702440400659450e-01
9.968963933041614656e-01
9.967176435645926924e-01
9.965341753392360502e-01
9.963461876821230190e-01
9.961538981037845186e-01
9.959575424527712384e-01
9.957573747616412785e-01
9.955536670610409811e-01
9.953467091656456045e-01
9.951368084356229105e-01
9.949242895169351231e-01
9.947094940631671101e-01
9.944927804406663574e-01
9.942745234176016966e-01
9.940551138361151118e-01
9.938349582650680691e-01
9.936144786290304065e-01
9.933941118071565324e-01
9.931743091935141265e-01
9.929555362083383185e-01
9.927382717476573859e-01
9.925230075568414190e-01
9.923102475119599530e-01
9.921005067914425712e-01
9.918943109195158536e-01
9.916921946622571093e-01
9.914947007569381299e-01
9.913023784556153073e-01
9.911157818646953999e-01
9.909354680634254731e-01
9.907619949859188813e-01
9.905959190533741854e-01
9.904377925455338794e-01
9.902881607031038813e-01
9.901475585557597547e-01
9.900165074734564863e-01
9.898955114419918377e-01
9.897850530671253866e-01
9.896855893150063865e-01
9.895975470001994179e-01
9.895213180362218974e-01
9.894572544671970116e-01
9.894056633029700842e-01
9.893668011837968290e-01
9.893408689044181914e-01
9.893280058309200653e-01
9.893282842470952909e-01
9.893417036699756473e-01
9.893681851765888657e-01
9.894075657856923334e-01
9.894595929390536115e-01
9.895239191266617107e-01
9.896000966989544345e-01
9.896875729066587635e-01
9.897856852051684085e-01
9.898936568555600779e-01
9.900105928484947970e-01
9.901354761705193352e-01
9.902671644249004812e-01
9.904043868113271420e-01
9.905457414608817013e-01
9.906896931148971852e-01
9.908345711289312518e-01
9.909785677763713885e-01
9.911197368203343849e-01
9.912559923177127752e-01
9.913851076155802966e-01
9.915047144977617855e-01
9.916123024382459406e-01
9.917052179182491711e-01
9.917806637650987689e-01
9.918356984736140802e-01
9.918672354742629205e-01
9.918720423169641309e-01
9.918467397449175493e-01
9.917878006392097934e-01
9.916915488221114128e-01
9.915541577149152852e-01
9.913716488548752759e-01
9.911398902852777137e-01
9.908545948429634542e-01
9.905113183787312980e-01
9.901054579580390591e-01
9.896322501022656315e-01
9.890867691445076604e-01
9.884639257883581775e-01
9.877584659732404626e-01
9.869649701654145124e-01
9.860778532094620630e-01
9.850913648904985331e-01
9.839995913721107934e-01
9.827964576885585002e-01
9.814757314815455436e-01
9.800310281812832924e-01
9.784558178380644566e-01
9.767434338136204985e-01
9.748870835406910906e-01
9.728798615541356387e-01
9.707147649873282269e-01
9.683847117133868032e-01
9.658825612920213244e-01
9.632011388595866919e-01
9.603332620725733015e-01
9.572717711835948551e-01
9.540095622944035902e-01
9.505396237930220371e-01
9.468550759422706964e-01
9.429492135452836044e-01
9.388155515705700616e-01
9.344478735753015686e-01
9.298402827212607358e-01
9.249872551337808835e-01
9.198836953104890801e-01
9.145249932442436336e-01
9.089070828838083926e-01
9.030265015170503284e-01
8.968804496253359737e-01
8.904668507248735265e-01
8.837844106816208356e-01
8.768326759616280608e-01
8.696120902589327128e-01
8.621240489289470066e-01
8.543709506472501047e-01
8.463562457123063876e-01
8.380844804163130046e-01
8.295613369214480670e-01
8.207936680994396550e-01
8.117895268206296588e-01
8.025581892144360019e-01
7.931101714659738455e-01
7.834572397630439333e-01
7.736124130630134266e-01
7.635899584093304160e-01
7.534053785914799350e-01
7.430753920088113418e-01
7.326179046665933781e-01
7.220519743004423230e-01
7.113977666916868614e-01
7.006765042999512083e-01
6.899104073992473607e-01
6.791226279592410542e-01
6.683371765635037764e-01
6.575788427011123316e-01
6.468731088068830903e-01
6.362460584590505785e-01
6.257242791718014008e-01
6.153347602444898534e-01
6.051047861504315062e-01
5.950618259668383203e-01
5.852334193647655836e-01
5.756470596946793306e-01
5.663300747203250385e-01
5.573095055715264756e-01
5.486119845057164657e-01
5.402636120885360160e-01
5.322898344255299063e-01
5.247153210993309447e-01
5.175638444891135226e-01
5.108581611704721137e-01
5.046198961132662975e-01
4.988694304110514732e-01
4.936257932873114873e-01
4.889065591296205548e-01
4.847277503018859734e-01
4.811037464761374061e-01
4.780472012080627664e-01
4.755689664542167572e-01
4.736780256932865418e-01
4.723814362690559321e-01
4.716842815190229743e-01
4.715896331906458405e-01
4.720985245776102568e-01
4.732099347322844540e-01
4.749207840287619220e-01
4.772259412646460142e-01
4.801182424001605442e-01
4.835885209414447772e-01
4.876256498819616647e-01
4.922165950228616360e-01
4.973464794007126377e-01
5.029986584600105726e-01
5.091548055189591970e-01
5.157950069907732971e-01
5.228978667397500280e-01
5.304406188720873772e-01
5.383992481864594559e-01
5.467486174392821585e-01
5.554626005150811174e-01
5.645142205340860642e-01
5.738757918780654776e-01
5.835190650722240635e-01
5.934153734267988423e-01
6.035357803176730762e-01
6.138512259719051123e-01
6.243326726223408230e-01
6.349512469062664755e-01
6.456783784068863552e-01
6.564859332736046049e-01
6.673463419078347059e-01
6.782327197649571371e-01
6.891189803997128660e-01
6.999799399707904435e-01
7.107914125194608745e-01
7.215302954453959305e-01
7.321746447184873663e-01
7.427037394866494724e-01
7.530981358641242185e-01
7.633397098105384471e-01
7.734116891356458412e-01
7.832986747861490073e-01
7.929866516871455495e-01
8.024629895195993790e-01
8.117164339150937380e-01
8.207370886383962283e-01
8.295163894058450449e-01
8.380470700522519856e-01
8.463231218102369446e-01
8.543397465033301108e-01
8.620933044776948329e-01
8.695812581072375202e-01
8.768021117036494116e-01
8.837553486474059028e-01
8.904413665289014901e-01
8.968614110519720350e-01
9.030175094063933594e-01
9.089124037630553765e-01
9.145494854869284929e-01
9.199327306002659244e-01
9.250666369632716268e-01
9.299561635732153109e-01
9.346066723170994850e-01
9.390238724487371957e-01
9.432137679996148716e-01
9.471826082751029219e-01
9.509368415342075442e-01
9.544830719026599075e-01
9.578280195261020813e-01
9.609784839326077632e-01
9.639413105418114247e-01
9.667233602313627383e-01
9.693314818500314844e-01
9.717724875501910775e-01
9.740531308001902921e-01
9.761800869287751148e-01
9.781599360487556183e-01
9.799991482049915659e-01
9.817040705919958254e-01
9.832809166885644325e-01
9.847357571603894133e-01
9.860745123862521000e-01
9.873029464687973489e-01
9.884266625968304298e-01
9.894510996323592211e-01
9.903815298021126923e-01
9.912230573799091227e-01
9.919806182529951055e-01
9.926589802722806111e-01
9.932627442932709938e-01
9.937963458213898704e-01
9.942640571822897178e-01
9.946699901445832381e-01
9.950180989291321776e-01
9.953121835454847854e-01
9.955558934021556672e-01
9.957527311430487416e-01
9.959060566673324510e-01
9.960190912943658326e-01
9.960949220387861347e-01
9.961365059635591823e-01
9.961466745806902834e-01
9.961281382704505472e-01
9.960834906905235986e-01
9.960152131465697112e-01
9.959256788955394013e-01
9.958171573528584730e-01
9.956918181745678664e-01
9.955517351858380604e-01
9.953988901281651813e-01
9.952351761991243828e-01
9.950624013608939666e-01
9.948822913968922155e-01
9.946964926997556855e-01
9.945065747784604948e-01
9.943140324774945027e-01
9.941202879064884312e-01
9.939266920843927711e-01
9.937345263079581104e-01
9.935450032597318293e-01
9.933592678758381700e-01
9.931783979982873323e-01
9.930034048403399982e-01
9.928352332964198723e-01
9.926747621301597047e-01
9.925228040753669712e-01
9.923801058850050261e-01
9.922473483627517465e-01
9.921251464104121620e-01
9.920140491224944679e-01
9.919145399567659283e-01
9.918270370066822883e-01
9.917518933983873186e-01
9.916893978316330127e-01
9.916397752805807819e-01
9.916031878671400790e-01
9.915797359163350810e-01
9.915694592002411989e-01
9.915723383743219044e-01
9.915882966075344473e-01
9.916172014053463712e-01
9.916588666227743598e-01
9.917130546627006549e-01
9.917794788529655792e-01
9.918578059940678093e-01
9.919476590676631345e-01
9.920486200944420574e-01
9.921602331283699838e-01
9.922820073727101065e-01
9.924134204017535099e-01
9.925539214707891356e-01
9.927029348956211141e-01
9.928598634819228996e-01
9.930240919839679048e-01
9.931949905718244764e-01
9.933719182859781505e-01
9.935542264585529582e-01
9.937412620808290242e-01
9.939323710975798143e-01
9.941269016098196465e-01
9.943242069688266183e-01
9.945236487457171926e-01
9.947245995623451575e-01
9.949264457708340004e-01
9.951285899705719640e-01
9.953304533529910847e-01
9.955314778658809205e-01
9.957311281903635791e-01
9.959288935249734909e-01
9.961242891725692328e-01
9.963168579270634817e-01
9.965061712582248266e-01
9.966918302940875884e-01
9.968734666018334023e-01
9.970507427693741098e-01
9.972233527912817141e-01
9.973910222641544365e-01
9.975535083979688578e-01
9.977105998514010921e-01
9.978621164004757293e-01
9.980079084511653820e-01
9.981478564076576854e-01
9.982818699088888970e-01
9.984098869465410919e-01
9.985318728779891684e-01
9.986478193476047149e-01
9.987577431293860331e-01
9.988616849030602651e-01
9.989597079746480590e-01
9.990518969510309155e-01
9.991383563764000275e-01
9.992192093366997208e-01
9.992945960364316704e-01
9.993646723505847929e-01
9.994296083531419850e-01
9.994895868227196001e-01
9.995448017255039730e-01
9.995954566758612492e-01
9.996417633758158949e-01
9.996839400360231220e-01
9.997222097828150078e-01
9.997567990582769681e-01
9.997879360229350310e-01
