-0.9527
-0.9527
-0.9527
-0.9527
-0.9527
-0.9527
-0.9527
-0.9527
-0.9527
-0.9527
-0.9527
-0.9527
-0.9527
-0.9527
-0.9527
-0.9527
-0.9527
-0.9527
-0.9527
-0.9527
-0.9527
-0.9527
-0.9527
-0.9527
-0.94979
-0.9264
-0.86639
-0.77045
-0.64472
-0.46124
-0.27364
-0.031695
0.22032
0.50545
0.78961
1.0873
1.3608
1.66
1.9462
2.1814
2.4288
2.6058
2.7335
2.8702
2.9035
2.9777
2.963
2.9183
2.8231
2.7264
2.5482
2.4131
2.207
2.0135
1.7963
1.5837
1.3413
1.1488
0.93111
0.75062
0.5792
0.41339
0.27294
0.14323
0.029437
-0.056172
-0.14228
-0.21735
-0.29918
-0.3729
-0.46143
-0.53914
-0.64777
-0.74017
-0.83639
-0.91178
-0.94765
-0.9527
-0.9527
-0.9527
-0.9527
-0.9527
-0.9527
-0.9527
-0.9527
-0.9527
-0.9527
-0.9527
-0.9527
-0.9527
-0.9527
-0.9527
-0.9527
-0.9527
-0.9527
-0.9527
-0.9527
-0.9527
-0.9527
-0.9527
