0.077427
0.077427
0.077427
0.077427
0.077427
0.077427
0.077427
0.077427
0.077427
0.077427
0.077427
0.077427
0.077427
0.077427
0.077427
0.077427
0.077427
0.077427
0.077427
0.077427
0.077427
0.077427
0.077427
0.077427
0.081285
0.10979
0.17444
0.26553
0.3662
0.49751
0.61105
0.74569
0.86876
0.99957
1.1123
1.2213
1.3022
1.3862
1.4485
1.4762
1.4922
1.4643
1.4025
1.3278
1.2019
1.0737
0.90483
0.711
0.49627
0.26798
0.028085
-0.2184
-0.46278
-0.70466
-0.93409
-1.1451
-1.3167
-1.4947
-1.6156
-1.7254
-1.7949
-1.8145
-1.8029
-1.7493
-1.6609
-1.5728
-1.4377
-1.292
-1.1122
-0.93879
-0.74233
-0.57298
-0.37261
-0.2172
-0.074914
0.026475
0.071338
0.077427
0.077427
0.077427
0.077427
0.077427
0.077427
0.077427
0.077427
0.077427
0.077427
0.077427
0.077427
0.077427
0.077427
0.077427
0.077427
0.077427
0.077427
0.077427
0.077427
0.077427
0.077427
0.077427
